1.479848469816278703e+04
2.144827500487899670e+04
2.314734188429851929e+04
1.782286452577911405e+04
2.187662662125213683e+04
3.171399650055715028e+04
1.853046760058593645e+04
2.436262543614834431e+04
2.629801171387306022e+04
2.463997227507966454e+04
2.197293711899810296e+04
2.162858776643288365e+04
2.449143917447311833e+04
2.087221579726646814e+04
2.282782970716614000e+04
1.963642467264303923e+04
2.520329329273035546e+04
1.730001595551129867e+04
2.263856724262392527e+04
1.979899181393099934e+04
1.976804630546135741e+04
2.528238338067651785e+04
2.330264584532262961e+04
2.602811051465669880e+04
2.759531147333317858e+04
2.125960807395004304e+04
2.625590667869260506e+04
2.006686276386476675e+04
2.355619602307724563e+04
1.776348896946246532e+04
2.451155512758564873e+04
2.830134457717122132e+04
1.976747912974513747e+04
2.471152887856760572e+04
1.839025861171497309e+04
2.688794964932580478e+04
2.534428309348308903e+04
2.338354176944563369e+04
2.163959568534086429e+04
1.837960074416780844e+04
2.373065082349498334e+04
2.021717510246962411e+04
2.333806236455949329e+04
3.101508710170564154e+04
2.159923286378139164e+04
1.964197439470537574e+04
1.834427886165420568e+04
2.279572847462241771e+04
1.904341138635583775e+04
2.228241794772400681e+04
2.271948789585761187e+04
2.363830081787225208e+04
2.392086497669885284e+04
2.707901776140392758e+04
2.601707318858187864e+04
2.631194201944022643e+04
1.847349880982389368e+04
2.525274404460377627e+04
1.835656235651111274e+04
2.701899369612734154e+04
