9.268715158453196054e+05
1.158782896004880546e+06
1.192497550755088218e+06
1.238339185219533043e+06
1.186799921968963929e+06
1.385253506925593829e+06
1.079478224487076513e+06
1.165348067530767992e+06
1.240245751229857095e+06
1.228310719962404575e+06
1.188278945089511340e+06
1.018364932720063487e+06
1.222416624297520611e+06
1.170421639368474251e+06
1.168569576711164787e+06
1.274544703693186166e+06
1.121486540913780686e+06
1.122138361759596504e+06
1.254046808626648271e+06
1.015221623679442680e+06
1.196150908676708117e+06
1.108486042887096060e+06
1.225132157730776817e+06
1.184259961082006572e+06
1.248906636004228611e+06
1.060342932647183305e+06
1.148844631175914779e+06
1.233156486290395493e+06
1.138918398586966563e+06
1.235574944346545730e+06
1.288116335494961357e+06
1.142076128959373804e+06
1.224444145643012365e+06
1.109844218576088781e+06
1.240531618981402833e+06
1.118013676223720657e+06
1.300686664853423368e+06
1.202178577060079901e+06
1.122810113465813454e+06
1.289394560231539188e+06
1.163698944518865319e+06
1.198753941716236528e+06
1.269299942661491456e+06
1.298113282040056773e+06
1.104811326491082320e+06
1.154529927906360012e+06
1.023305168845016975e+06
1.175687890809179284e+06
1.042260579316341318e+06
1.251757137265681522e+06
1.160016758050259203e+06
1.168624108352059498e+06
1.296629097605661256e+06
1.233171778306636726e+06
1.211069098023720784e+06
1.257235932095994940e+06
1.133837220641819062e+06
1.305762083325716201e+06
1.137722743338835891e+06
1.232755825744719943e+06
