2.255625488281250000e+03
4.021655273437500000e+03
7.490775390625000000e+03
8.310758789062500000e+03
9.068284179687500000e+03
1.358055957031250000e+04
1.351604492187500000e+04
1.338461132812500000e+04
1.336471386718750000e+04
1.454082421875000000e+04
1.429897753906250000e+04
1.894744726562500000e+04
1.848412890625000000e+04
1.769691210937500000e+04
1.825639453125000000e+04
1.702079492187500000e+04
2.214732421875000000e+04
1.970170898437500000e+04
1.725065820312500000e+04
2.441219531250000000e+04
2.348247656250000000e+04
2.873645703125000000e+04
2.320283007812500000e+04
2.512302734375000000e+04
2.447732617187500000e+04
2.356607031250000000e+04
2.512762695312500000e+04
3.010341210937500000e+04
3.141521679687500000e+04
2.452947460937500000e+04
2.881470507812500000e+04
2.440621093750000000e+04
2.714629687500000000e+04
2.580472460937500000e+04
2.598702148437500000e+04
2.586024609375000000e+04
2.970882812500000000e+04
2.462284960937500000e+04
2.555674804687500000e+04
3.005288476562500000e+04
2.786434570312500000e+04
2.835378906250000000e+04
3.012522265625000000e+04
2.521250000000000000e+04
2.667244531250000000e+04
2.517384960937500000e+04
2.682859765625000000e+04
2.492518750000000000e+04
2.768143359375000000e+04
2.799077734375000000e+04
2.762526171875000000e+04
3.032466406250000000e+04
2.704998828125000000e+04
2.979282617187500000e+04
3.175024414062500000e+04
3.011953710937500000e+04
2.741674414062500000e+04
2.974857031250000000e+04
2.607664453125000000e+04
2.725790625000000000e+04
2.496516796875000000e+04
3.506390625000000000e+04
2.679175390625000000e+04
2.608742968750000000e+04
2.927599023437500000e+04
2.774695312500000000e+04
2.978152148437500000e+04
2.519839453125000000e+04
2.866434570312500000e+04
3.095285156250000000e+04
3.240077148437500000e+04
2.860361328125000000e+04
2.942251562500000000e+04
2.897826171875000000e+04
3.040865039062500000e+04
3.116522656250000000e+04
2.554921875000000000e+04
2.990429882812500000e+04
3.036956250000000000e+04
2.818258593750000000e+04
2.884154296875000000e+04
3.242244921875000000e+04
2.594569140625000000e+04
3.120638085937500000e+04
2.761247265625000000e+04
2.989052539062500000e+04
2.782788281250000000e+04
3.278527734375000000e+04
3.228703906250000000e+04
3.119653515625000000e+04
3.046039062500000000e+04
3.187651171875000000e+04
3.190391210937500000e+04
2.926961718750000000e+04
2.923453515625000000e+04
3.014789453125000000e+04
2.758224609375000000e+04
2.671481640625000000e+04
2.926706640625000000e+04
2.566712500000000000e+04
3.104750585937500000e+04
2.718338085937500000e+04
2.912545703125000000e+04
2.977510937500000000e+04
3.103996484375000000e+04
3.076548242187500000e+04
3.309579687500000000e+04
3.216109375000000000e+04
2.916286718750000000e+04
2.873060937500000000e+04
2.793451757812500000e+04
2.936772656250000000e+04
3.064489062500000000e+04
2.608510156250000000e+04
3.041107812500000000e+04
2.940308593750000000e+04
2.773074218750000000e+04
2.988315039062500000e+04
2.654600000000000000e+04
2.490468554687500000e+04
3.283217578125000000e+04
3.160177343750000000e+04
2.831303906250000000e+04
3.120800000000000000e+04
2.934556054687500000e+04
3.012166406250000000e+04
2.857541796875000000e+04
3.064849414062500000e+04
2.884428515625000000e+04
2.945328125000000000e+04
3.077010937500000000e+04
2.821051757812500000e+04
2.536247460937500000e+04
3.044712890625000000e+04
3.048642578125000000e+04
2.831626367187500000e+04
3.431633593750000000e+04
3.031326562500000000e+04
2.911911328125000000e+04
2.810655859375000000e+04
3.217433984375000000e+04
2.800124218750000000e+04
2.897139257812500000e+04
3.079356250000000000e+04
3.277183984375000000e+04
2.680636718750000000e+04
3.064957226562500000e+04
2.772360742187500000e+04
2.780211914062500000e+04
2.884054296875000000e+04
2.866805664062500000e+04
2.844724609375000000e+04
3.170095898437500000e+04
2.900223828125000000e+04
3.179255273437500000e+04
2.738037890625000000e+04
3.041862304687500000e+04
2.966057812500000000e+04
3.047416796875000000e+04
3.586825000000000000e+04
2.707794140625000000e+04
3.501907812500000000e+04
3.824723828125000000e+04
3.557829687500000000e+04
3.373977343750000000e+04
2.857781640625000000e+04
3.196967968750000000e+04
2.907983593750000000e+04
2.808383984375000000e+04
3.275553125000000000e+04
3.271642187500000000e+04
3.329769531250000000e+04
2.998616796875000000e+04
3.329175781250000000e+04
2.989130468750000000e+04
3.272378906250000000e+04
3.423727734375000000e+04
3.016317187500000000e+04
3.145935156250000000e+04
3.310939843750000000e+04
3.190309960937500000e+04
3.049587500000000000e+04
3.584629687500000000e+04
3.349365625000000000e+04
3.039230468750000000e+04
2.994588281250000000e+04
3.123791796875000000e+04
3.607215625000000000e+04
2.995823632812500000e+04
2.943602734375000000e+04
3.442153125000000000e+04
3.180589843750000000e+04
2.852930468750000000e+04
2.896910156250000000e+04
3.134480273437500000e+04
3.060476757812500000e+04
2.982488085937500000e+04
3.119821875000000000e+04
3.110227734375000000e+04
3.089889453125000000e+04
3.162708203125000000e+04
3.311699218750000000e+04
3.319942578125000000e+04
3.346720312500000000e+04
3.148473437500000000e+04
3.278689843750000000e+04
3.363573437500000000e+04
3.061626953125000000e+04
3.875852343750000000e+04
2.926293359375000000e+04
3.134112890625000000e+04
3.357123828125000000e+04
2.964925000000000000e+04
3.432088281250000000e+04
3.305934765625000000e+04
2.751250000000000000e+04
2.868835546875000000e+04
2.840773242187500000e+04
3.055001757812500000e+04
3.676516406250000000e+04
3.493992187500000000e+04
2.780003515625000000e+04
3.647272265625000000e+04
3.220659765625000000e+04
2.689970507812500000e+04
3.092423242187500000e+04
3.203592773437500000e+04
3.213978710937500000e+04
3.229508007812500000e+04
3.180001562500000000e+04
2.874436523437500000e+04
2.900006445312500000e+04
3.321799218750000000e+04
3.417663671875000000e+04
3.255878125000000000e+04
3.486476562500000000e+04
3.257141406250000000e+04
3.296472656250000000e+04
3.570357031250000000e+04
3.005206445312500000e+04
3.702300000000000000e+04
3.214324414062500000e+04
2.852587109375000000e+04
2.951274414062500000e+04
3.746570312500000000e+04
2.923230078125000000e+04
3.345366406250000000e+04
3.120035351562500000e+04
2.812309570312500000e+04
2.921988671875000000e+04
3.092993945312500000e+04
3.276641601562500000e+04
3.037628515625000000e+04
3.071266406250000000e+04
2.825866992187500000e+04
3.168692578125000000e+04
2.867120703125000000e+04
3.087947265625000000e+04
3.178483203125000000e+04
3.280483203125000000e+04
3.407774609375000000e+04
3.104999804687500000e+04
3.426608593750000000e+04
3.318154687500000000e+04
2.862142187500000000e+04
3.379800000000000000e+04
3.398657031250000000e+04
3.176052148437500000e+04
3.455133984375000000e+04
3.181021875000000000e+04
2.873195703125000000e+04
3.109325390625000000e+04
3.048932812500000000e+04
3.090911523437500000e+04
3.191762304687500000e+04
3.186703906250000000e+04
3.162348437500000000e+04
3.075526562500000000e+04
3.024028320312500000e+04
3.063593750000000000e+04
3.431633984375000000e+04
2.933114453125000000e+04
3.054131835937500000e+04
2.661851757812500000e+04
3.130775976562500000e+04
3.719398046875000000e+04
3.762385937500000000e+04
2.996555468750000000e+04
3.004745898437500000e+04
3.048177343750000000e+04
2.877268750000000000e+04
3.255078125000000000e+04
3.602119531250000000e+04
2.956050390625000000e+04
3.129790234375000000e+04
3.101847460937500000e+04
2.678835546875000000e+04
3.040107031250000000e+04
2.914757226562500000e+04
3.134223046875000000e+04
3.178121093750000000e+04
3.563304687500000000e+04
3.096125781250000000e+04
3.050920703125000000e+04
3.798086718750000000e+04
3.344317187500000000e+04
3.418493359375000000e+04
3.594655078125000000e+04
3.181971093750000000e+04
3.060603125000000000e+04
2.925542187500000000e+04
3.370707031250000000e+04
2.692546484375000000e+04
3.396615625000000000e+04
2.979536523437500000e+04
3.062449218750000000e+04
3.085092578125000000e+04
3.780728125000000000e+04
3.349000000000000000e+04
3.005360546875000000e+04
2.944185156250000000e+04
3.175737890625000000e+04
3.248699609375000000e+04
4.096296484375000000e+04
3.243222265625000000e+04
3.291440625000000000e+04
3.383202343750000000e+04
3.437227343750000000e+04
3.170114453125000000e+04
3.488699218750000000e+04
3.267438085937500000e+04
2.758118750000000000e+04
2.921875390625000000e+04
3.307550000000000000e+04
3.300096093750000000e+04
3.021221484375000000e+04
3.308789062500000000e+04
2.955162109375000000e+04
3.036266406250000000e+04
3.422803906250000000e+04
3.316214062500000000e+04
3.630623437500000000e+04
3.095662304687500000e+04
2.976087109375000000e+04
3.012273828125000000e+04
3.393330078125000000e+04
3.348458203125000000e+04
2.843022265625000000e+04
3.232302929687500000e+04
3.031361718750000000e+04
3.308291406250000000e+04
3.900995703125000000e+04
3.173532812500000000e+04
3.469887109375000000e+04
3.307668359375000000e+04
3.311701562500000000e+04
3.240852343750000000e+04
3.222962109375000000e+04
2.892931640625000000e+04
3.176579101562500000e+04
3.451083593750000000e+04
3.355728125000000000e+04
2.974076953125000000e+04
3.521666015625000000e+04
3.329984765625000000e+04
3.487790234375000000e+04
3.399445703125000000e+04
3.343863281250000000e+04
3.129078906250000000e+04
3.229044335937500000e+04
2.673707421875000000e+04
3.236892968750000000e+04
3.134957031250000000e+04
3.637769531250000000e+04
3.041789453125000000e+04
2.942504882812500000e+04
3.065810156250000000e+04
3.574619140625000000e+04
3.250330664062500000e+04
3.121253515625000000e+04
3.014141796875000000e+04
2.900989843750000000e+04
3.323246875000000000e+04
3.049569140625000000e+04
3.778975390625000000e+04
3.562631250000000000e+04
3.192609765625000000e+04
3.491335156250000000e+04
3.177345703125000000e+04
2.872587695312500000e+04
3.301383593750000000e+04
3.239908593750000000e+04
3.531570312500000000e+04
3.173398437500000000e+04
3.441247265625000000e+04
2.992225000000000000e+04
3.410290234375000000e+04
3.351964453125000000e+04
3.243453515625000000e+04
3.356492578125000000e+04
2.699785937500000000e+04
3.497771093750000000e+04
3.248219921875000000e+04
2.811510742187500000e+04
3.045011718750000000e+04
3.100757421875000000e+04
2.972051562500000000e+04
2.889155468750000000e+04
3.483583593750000000e+04
2.967300390625000000e+04
2.890974804687500000e+04
3.429855078125000000e+04
3.509833593750000000e+04
3.366751171875000000e+04
3.501335156250000000e+04
3.203615820312500000e+04
3.133363281250000000e+04
2.731708203125000000e+04
3.432498046875000000e+04
3.234543554687500000e+04
3.569595312500000000e+04
3.014725585937500000e+04
3.364060156250000000e+04
2.757861132812500000e+04
3.369520312500000000e+04
3.038799804687500000e+04
2.975106250000000000e+04
3.196426562500000000e+04
3.196125000000000000e+04
3.472142187500000000e+04
2.923227929687500000e+04
3.257016796875000000e+04
3.315019531250000000e+04
2.835166406250000000e+04
3.347768750000000000e+04
3.329775781250000000e+04
3.058244140625000000e+04
3.106710351562500000e+04
3.260650781250000000e+04
3.141404882812500000e+04
3.572261718750000000e+04
3.194986914062500000e+04
3.059328906250000000e+04
2.749885742187500000e+04
3.126853710937500000e+04
3.243139453125000000e+04
2.857946484375000000e+04
2.958264453125000000e+04
3.143948437500000000e+04
3.491991406250000000e+04
3.742068750000000000e+04
2.927950390625000000e+04
2.955497460937500000e+04
3.502412890625000000e+04
3.159950781250000000e+04
3.500521875000000000e+04
2.683038867187500000e+04
3.529708984375000000e+04
3.295885546875000000e+04
3.749408203125000000e+04
2.770056250000000000e+04
3.322849609375000000e+04
3.169008398437500000e+04
3.236501171875000000e+04
3.322106640625000000e+04
2.597050195312500000e+04
3.200870703125000000e+04
3.444400000000000000e+04
3.384267578125000000e+04
3.165696484375000000e+04
3.179704492187500000e+04
2.989515429687500000e+04
2.982765820312500000e+04
3.377975781250000000e+04
3.165686328125000000e+04
3.191614257812500000e+04
3.455421484375000000e+04
3.164578125000000000e+04
2.800087500000000000e+04
3.175378515625000000e+04
3.667635156250000000e+04
3.105508984375000000e+04
3.234067578125000000e+04
3.748876562500000000e+04
3.562557812500000000e+04
3.485772656250000000e+04
3.482957812500000000e+04
3.233912695312500000e+04
3.336199609375000000e+04
3.121019531250000000e+04
3.171398828125000000e+04
2.898233203125000000e+04
3.599175781250000000e+04
3.230855859375000000e+04
3.588170703125000000e+04
3.625649218750000000e+04
3.855593750000000000e+04
3.153675000000000000e+04
2.909755078125000000e+04
3.411395703125000000e+04
3.102380273437500000e+04
3.080482421875000000e+04
3.038497851562500000e+04
3.408214062500000000e+04
3.078470703125000000e+04
3.359673437500000000e+04
2.685473632812500000e+04
2.967476171875000000e+04
3.058049804687500000e+04
3.168678906250000000e+04
3.064290234375000000e+04
3.364128906250000000e+04
2.881634375000000000e+04
2.783363671875000000e+04
3.618746093750000000e+04
3.199795898437500000e+04
2.917539062500000000e+04
3.188360156250000000e+04
3.109002539062500000e+04
2.679630273437500000e+04
2.915492773437500000e+04
3.038059960937500000e+04
3.023055078125000000e+04
3.012257421875000000e+04
3.081035937500000000e+04
2.921668359375000000e+04
3.112154882812500000e+04
3.187180078125000000e+04
2.676624218750000000e+04
3.340530859375000000e+04
3.428325781250000000e+04
2.947333984375000000e+04
3.799697265625000000e+04
3.678128125000000000e+04
3.153807812500000000e+04
3.874353515625000000e+04
2.867323437500000000e+04
2.889807031250000000e+04
3.140071875000000000e+04
2.954787500000000000e+04
3.171310742187500000e+04
3.194541015625000000e+04
3.323462890625000000e+04
3.470803906250000000e+04
2.864251367187500000e+04
3.302962500000000000e+04
3.242941015625000000e+04
3.272633593750000000e+04
3.253693750000000000e+04
2.906078515625000000e+04
3.133723046875000000e+04
3.248055664062500000e+04
3.408539843750000000e+04
3.350389843750000000e+04
2.935219726562500000e+04
3.428324218750000000e+04
3.490177343750000000e+04
3.265319140625000000e+04
3.000428710937500000e+04
3.035922265625000000e+04
3.127570898437500000e+04
3.377992578125000000e+04
3.128946093750000000e+04
3.065392187500000000e+04
3.331094140625000000e+04
3.856671875000000000e+04
2.976398046875000000e+04
3.425606250000000000e+04
3.554601953125000000e+04
3.302016796875000000e+04
2.731899804687500000e+04
3.578045312500000000e+04
3.325978125000000000e+04
3.228074414062500000e+04
3.393214843750000000e+04
3.386552343750000000e+04
3.179819531250000000e+04
3.003894531250000000e+04
3.293851171875000000e+04
3.177742578125000000e+04
3.023117578125000000e+04
3.092030859375000000e+04
2.808690625000000000e+04
2.951818750000000000e+04
3.789396093750000000e+04
3.211593750000000000e+04
3.162816015625000000e+04
3.432444921875000000e+04
2.961749804687500000e+04
3.465048437500000000e+04
3.153078906250000000e+04
2.904948437500000000e+04
3.448272656250000000e+04
3.459683984375000000e+04
3.497147656250000000e+04
3.528939062500000000e+04
2.906818359375000000e+04
3.507151562500000000e+04
3.311690625000000000e+04
3.215642382812500000e+04
3.149465429687500000e+04
2.937499218750000000e+04
3.566712500000000000e+04
3.257386328125000000e+04
3.345253125000000000e+04
3.029430468750000000e+04
2.770742187500000000e+04
3.334616406250000000e+04
3.750404687500000000e+04
2.607435546875000000e+04
3.544867187500000000e+04
2.731111328125000000e+04
2.789253125000000000e+04
3.459716406250000000e+04
3.015939062500000000e+04
3.127783984375000000e+04
2.795098437500000000e+04
3.212357812500000000e+04
3.468405078125000000e+04
3.328649218750000000e+04
3.435125000000000000e+04
2.927420703125000000e+04
3.300803125000000000e+04
2.795850781250000000e+04
3.157313281250000000e+04
3.353383593750000000e+04
2.904114843750000000e+04
3.074497656250000000e+04
3.240807617187500000e+04
3.476315234375000000e+04
3.094943945312500000e+04
3.167936523437500000e+04
3.026207031250000000e+04
2.758229296875000000e+04
2.951786328125000000e+04
3.047545898437500000e+04
3.022051562500000000e+04
3.485504687500000000e+04
3.837157421875000000e+04
3.050876953125000000e+04
3.459374218750000000e+04
3.242575585937500000e+04
3.286598437500000000e+04
3.291078906250000000e+04
3.125236914062500000e+04
3.330223046875000000e+04
3.270472656250000000e+04
3.601431250000000000e+04
3.141194921875000000e+04
3.420242187500000000e+04
2.863845898437500000e+04
3.273734765625000000e+04
2.829456054687500000e+04
3.286734375000000000e+04
3.099529687500000000e+04
3.016156445312500000e+04
3.705832031250000000e+04
3.310142187500000000e+04
3.099722656250000000e+04
3.056706640625000000e+04
2.888969921875000000e+04
3.350188281250000000e+04
3.274564453125000000e+04
3.055056835937500000e+04
3.850248046875000000e+04
2.901220312500000000e+04
2.938504492187500000e+04
3.184670312500000000e+04
3.317715234375000000e+04
3.201992187500000000e+04
3.155523437500000000e+04
3.425521875000000000e+04
3.130517578125000000e+04
3.449145703125000000e+04
3.621434375000000000e+04
3.106518750000000000e+04
3.017529882812500000e+04
2.892637109375000000e+04
3.075657226562500000e+04
3.426097265625000000e+04
2.720569140625000000e+04
2.928664062500000000e+04
3.074329687500000000e+04
3.209334375000000000e+04
3.223614843750000000e+04
2.908742773437500000e+04
3.243355078125000000e+04
3.242204296875000000e+04
3.039766406250000000e+04
3.371156640625000000e+04
3.076348437500000000e+04
3.387855468750000000e+04
3.316406250000000000e+04
3.071112109375000000e+04
2.842745312500000000e+04
2.767143164062500000e+04
3.119952929687500000e+04
3.493567187500000000e+04
3.188999609375000000e+04
3.500817968750000000e+04
3.368053515625000000e+04
3.303598437500000000e+04
3.610462109375000000e+04
3.073100976562500000e+04
2.987991406250000000e+04
3.423509375000000000e+04
3.303318359375000000e+04
3.125875390625000000e+04
3.451773437500000000e+04
3.404218750000000000e+04
2.961251562500000000e+04
3.491052734375000000e+04
2.937059960937500000e+04
3.351935156250000000e+04
3.343210546875000000e+04
3.205552929687500000e+04
3.053197656250000000e+04
2.791995312500000000e+04
3.051784375000000000e+04
3.160329101562500000e+04
3.144882617187500000e+04
2.770185742187500000e+04
3.045430273437500000e+04
3.040829492187500000e+04
2.884087304687500000e+04
3.116390429687500000e+04
3.122717578125000000e+04
3.076009375000000000e+04
3.045681054687500000e+04
3.491581250000000000e+04
3.441678125000000000e+04
3.358700781250000000e+04
3.864611718750000000e+04
3.148421875000000000e+04
2.881713867187500000e+04
3.282155078125000000e+04
3.141528710937500000e+04
2.853981250000000000e+04
3.322993750000000000e+04
3.421815234375000000e+04
3.615929296875000000e+04
3.307335156250000000e+04
3.366989843750000000e+04
2.966185546875000000e+04
3.163047851562500000e+04
3.062471093750000000e+04
3.245095507812500000e+04
2.779036328125000000e+04
3.605206640625000000e+04
3.361720312500000000e+04
3.121481054687500000e+04
3.573967187500000000e+04
3.396078906250000000e+04
3.434857421875000000e+04
3.066725390625000000e+04
3.499795312500000000e+04
2.958759765625000000e+04
3.013458593750000000e+04
2.970150390625000000e+04
3.283864062500000000e+04
3.087337500000000000e+04
3.189276171875000000e+04
2.864145703125000000e+04
2.823650195312500000e+04
2.879561132812500000e+04
3.306919921875000000e+04
3.312647656250000000e+04
2.942589062500000000e+04
3.150808593750000000e+04
3.197012500000000000e+04
3.096364453125000000e+04
2.777345312500000000e+04
3.078848828125000000e+04
3.126545898437500000e+04
2.850172460937500000e+04
3.132644921875000000e+04
2.864953710937500000e+04
3.197090039062500000e+04
2.975058984375000000e+04
3.318154687500000000e+04
3.470817187500000000e+04
3.232920703125000000e+04
2.940505859375000000e+04
3.089879296875000000e+04
3.298559375000000000e+04
2.823684179687500000e+04
3.166103515625000000e+04
3.307021093750000000e+04
2.878978710937500000e+04
3.349726562500000000e+04
3.265447070312500000e+04
3.525332812500000000e+04
2.752770117187500000e+04
3.005545507812500000e+04
3.251323828125000000e+04
2.917058984375000000e+04
3.209025195312500000e+04
3.484815625000000000e+04
3.509478125000000000e+04
3.320782031250000000e+04
3.118347851562500000e+04
3.332422656250000000e+04
3.100633593750000000e+04
3.613057421875000000e+04
2.777966601562500000e+04
3.282099218750000000e+04
3.414234765625000000e+04
2.876378125000000000e+04
3.347464062500000000e+04
2.792092187500000000e+04
3.908386718750000000e+04
3.257200976562500000e+04
3.144691796875000000e+04
3.084111328125000000e+04
3.426778125000000000e+04
3.096903906250000000e+04
2.841132617187500000e+04
2.893545117187500000e+04
3.485446093750000000e+04
2.613877734375000000e+04
2.755188476562500000e+04
3.134080664062500000e+04
3.219172460937500000e+04
3.380460156250000000e+04
3.814372265625000000e+04
2.826086718750000000e+04
3.110723828125000000e+04
3.030368359375000000e+04
3.371270703125000000e+04
2.796204687500000000e+04
3.003291015625000000e+04
3.067004296875000000e+04
3.232504296875000000e+04
2.913526953125000000e+04
3.513922265625000000e+04
3.070050585937500000e+04
3.709890234375000000e+04
2.777264062500000000e+04
3.648914062500000000e+04
3.165325390625000000e+04
2.740117187500000000e+04
3.021591015625000000e+04
3.419280468750000000e+04
3.044925976562500000e+04
3.010004101562500000e+04
2.972606640625000000e+04
3.451928906250000000e+04
3.318506640625000000e+04
2.837221484375000000e+04
3.645506250000000000e+04
3.654605859375000000e+04
3.335818359375000000e+04
3.292834375000000000e+04
3.413889843750000000e+04
2.931470703125000000e+04
3.299644921875000000e+04
3.207760546875000000e+04
3.167497656250000000e+04
3.586328125000000000e+04
2.958663671875000000e+04
3.375547656250000000e+04
2.874098046875000000e+04
2.929304296875000000e+04
2.952753515625000000e+04
3.392942578125000000e+04
3.038108593750000000e+04
3.372650781250000000e+04
3.601776953125000000e+04
2.432048828125000000e+04
3.224796875000000000e+04
2.510447460937500000e+04
3.042194921875000000e+04
3.035906250000000000e+04
3.291718359375000000e+04
3.173996484375000000e+04
3.116989843750000000e+04
3.248375390625000000e+04
3.385847656250000000e+04
3.356442968750000000e+04
3.058151562500000000e+04
3.426192968750000000e+04
2.938414648437500000e+04
3.118023828125000000e+04
3.041734765625000000e+04
2.899021093750000000e+04
3.241107421875000000e+04
3.127669531250000000e+04
2.938032421875000000e+04
3.329398046875000000e+04
3.027057812500000000e+04
3.063009375000000000e+04
3.126647265625000000e+04
3.367346093750000000e+04
3.102459375000000000e+04
2.816374218750000000e+04
3.181298046875000000e+04
3.466728906250000000e+04
2.782962109375000000e+04
2.978222265625000000e+04
2.954994531250000000e+04
3.373524218750000000e+04
3.197076757812500000e+04
3.311253906250000000e+04
2.807783789062500000e+04
3.356633203125000000e+04
3.210402539062500000e+04
3.053191796875000000e+04
3.128072265625000000e+04
2.936095117187500000e+04
3.197577734375000000e+04
3.239564453125000000e+04
3.031528515625000000e+04
3.481633203125000000e+04
3.139648437500000000e+04
3.184825976562500000e+04
3.160587890625000000e+04
3.079258789062500000e+04
2.512781250000000000e+04
3.049527734375000000e+04
3.795800781250000000e+04
3.416717578125000000e+04
3.085719921875000000e+04
3.541934375000000000e+04
3.370608593750000000e+04
3.520825781250000000e+04
3.399793359375000000e+04
3.595314062500000000e+04
3.089255859375000000e+04
3.114305078125000000e+04
3.055705468750000000e+04
3.075028320312500000e+04
3.485300000000000000e+04
3.172523828125000000e+04
3.505739062500000000e+04
3.026050585937500000e+04
3.213034179687500000e+04
3.326400390625000000e+04
3.247269140625000000e+04
3.583521093750000000e+04
3.758235937500000000e+04
3.383752343750000000e+04
3.241054882812500000e+04
3.076795312500000000e+04
2.723651953125000000e+04
3.023840820312500000e+04
3.246299609375000000e+04
3.519260156250000000e+04
3.331612890625000000e+04
3.653175000000000000e+04
3.140068164062500000e+04
3.346599609375000000e+04
2.921737304687500000e+04
3.045344921875000000e+04
3.378835937500000000e+04
3.360068359375000000e+04
2.984126171875000000e+04
3.007408203125000000e+04
2.938048437500000000e+04
3.093795117187500000e+04
3.223408203125000000e+04
3.172343750000000000e+04
3.727971484375000000e+04
2.866285546875000000e+04
3.206146484375000000e+04
3.235935156250000000e+04
2.670586132812500000e+04
3.247643945312500000e+04
2.973866601562500000e+04
2.968883984375000000e+04
3.373958203125000000e+04
3.176916796875000000e+04
3.736990234375000000e+04
3.393752734375000000e+04
2.861870703125000000e+04
3.111780859375000000e+04
3.200498828125000000e+04
3.394321484375000000e+04
3.043106640625000000e+04
3.083384375000000000e+04
3.128441992187500000e+04
2.756686132812500000e+04
3.237567382812500000e+04
3.082846289062500000e+04
3.309568359375000000e+04
2.728824218750000000e+04
3.564296484375000000e+04
3.477687109375000000e+04
3.664008984375000000e+04
3.187842382812500000e+04
3.370699609375000000e+04
3.236566406250000000e+04
3.505422656250000000e+04
3.610096875000000000e+04
2.866133593750000000e+04
3.097948632812500000e+04
3.059060742187500000e+04
3.155294140625000000e+04
3.190461328125000000e+04
2.906009960937500000e+04
3.312092968750000000e+04
3.053432031250000000e+04
3.003607421875000000e+04
2.646865234375000000e+04
3.258708203125000000e+04
3.307465234375000000e+04
3.436887109375000000e+04
3.024313281250000000e+04
2.897840429687500000e+04
3.362528906250000000e+04
2.746810937500000000e+04
3.247650000000000000e+04
3.142320703125000000e+04
3.225277539062500000e+04
3.472800000000000000e+04
3.645142968750000000e+04
3.231132812500000000e+04
2.799967382812500000e+04
2.993356640625000000e+04
3.233395703125000000e+04
3.166589257812500000e+04
3.211773046875000000e+04
3.093364453125000000e+04
3.133360937500000000e+04
2.944750976562500000e+04
3.104901562500000000e+04
3.149015234375000000e+04
3.065350000000000000e+04
3.031233593750000000e+04
2.857974609375000000e+04
2.962625000000000000e+04
3.298152343750000000e+04
3.079317187500000000e+04
3.583563281250000000e+04
3.427725000000000000e+04
3.346047656250000000e+04
3.401944140625000000e+04
3.151788867187500000e+04
3.317839453125000000e+04
2.698690234375000000e+04
3.218510156250000000e+04
3.275639062500000000e+04
3.566360937500000000e+04
2.526491015625000000e+04
2.891105859375000000e+04
3.289473046875000000e+04
3.323207031250000000e+04
3.433898437500000000e+04
3.244759765625000000e+04
3.258748632812500000e+04
3.035964843750000000e+04
2.968815234375000000e+04
3.002810937500000000e+04
2.719278515625000000e+04
3.085112500000000000e+04
2.849067187500000000e+04
3.092526953125000000e+04
2.982316015625000000e+04
3.223739257812500000e+04
2.789746679687500000e+04
2.940045507812500000e+04
3.201645507812500000e+04
3.134205468750000000e+04
3.611389453125000000e+04
3.194387500000000000e+04
2.767426171875000000e+04
3.340443750000000000e+04
3.520422656250000000e+04
3.000608203125000000e+04
3.060610937500000000e+04
3.474193750000000000e+04
3.385214062500000000e+04
3.053246875000000000e+04
2.625502148437500000e+04
3.290166406250000000e+04
3.009567187500000000e+04
2.790655273437500000e+04
3.387502343750000000e+04
3.107944531250000000e+04
3.402682812500000000e+04
3.400174609375000000e+04
3.104606054687500000e+04
3.394628515625000000e+04
3.449280078125000000e+04
3.060326953125000000e+04
3.413712890625000000e+04
3.131604492187500000e+04
2.988584375000000000e+04
3.491851171875000000e+04
2.982620312500000000e+04
2.960335937500000000e+04
3.401543750000000000e+04
3.185268750000000000e+04
2.855748242187500000e+04
3.322062890625000000e+04
3.275815234375000000e+04
2.944663085937500000e+04
3.343437500000000000e+04
2.601434765625000000e+04
3.605789843750000000e+04
3.054798242187500000e+04
3.370017968750000000e+04
2.994476562500000000e+04
2.925928125000000000e+04
3.587990625000000000e+04
3.414458984375000000e+04
2.876906445312500000e+04
3.690976562500000000e+04
2.847499414062500000e+04
2.925402929687500000e+04
3.227941406250000000e+04
3.153477929687500000e+04
3.467860546875000000e+04
3.405868750000000000e+04
2.998430664062500000e+04
2.968242187500000000e+04
3.304830078125000000e+04
3.182959570312500000e+04
3.450800781250000000e+04
3.286632421875000000e+04
3.278661328125000000e+04
2.846559570312500000e+04
3.633561718750000000e+04
3.111379101562500000e+04
3.115008789062500000e+04
3.246896289062500000e+04
3.725961718750000000e+04
3.336099218750000000e+04
2.853358984375000000e+04
3.069269726562500000e+04
3.404207421875000000e+04
3.631067578125000000e+04
3.216296484375000000e+04
2.972470117187500000e+04
3.640785937500000000e+04
2.885078125000000000e+04
3.855927734375000000e+04
3.233995312500000000e+04
2.829398437500000000e+04
3.214593359375000000e+04
3.356280468750000000e+04
2.799615234375000000e+04
3.296994921875000000e+04
3.329850781250000000e+04
3.012383593750000000e+04
3.377544531250000000e+04
2.931690039062500000e+04
3.824377343750000000e+04
3.006793359375000000e+04
3.182268554687500000e+04
3.164155468750000000e+04
3.116687500000000000e+04
2.994315625000000000e+04
3.160630468750000000e+04
3.092212695312500000e+04
3.339418750000000000e+04
3.477962500000000000e+04
2.696224414062500000e+04
2.857330468750000000e+04
2.682962500000000000e+04
2.712286328125000000e+04
3.075275976562500000e+04
2.790530468750000000e+04
3.456827343750000000e+04
2.767999609375000000e+04
2.983128906250000000e+04
3.025307226562500000e+04
2.790598437500000000e+04
3.257887695312500000e+04
2.983707812500000000e+04
3.317629296875000000e+04
3.155025781250000000e+04
3.269525000000000000e+04
3.521862109375000000e+04
2.945065234375000000e+04
2.892323046875000000e+04
3.476245312500000000e+04
2.890543164062500000e+04
2.825991796875000000e+04
3.095145312500000000e+04
2.772638281250000000e+04
3.161761914062500000e+04
2.811105273437500000e+04
3.299605078125000000e+04
3.478887109375000000e+04
3.138594140625000000e+04
3.391150000000000000e+04
3.299361718750000000e+04
3.395457031250000000e+04
3.164101953125000000e+04
3.100490234375000000e+04
2.920901367187500000e+04
3.347378906250000000e+04
2.637923437500000000e+04
3.058502734375000000e+04
3.138001171875000000e+04
3.331858593750000000e+04
3.172068554687500000e+04
3.260889062500000000e+04
2.852515234375000000e+04
3.533055468750000000e+04
3.401627343750000000e+04
3.078188867187500000e+04
3.016464843750000000e+04
2.966708593750000000e+04
3.350391796875000000e+04
3.870344531250000000e+04
3.633187890625000000e+04
3.320026953125000000e+04
3.208498046875000000e+04
3.072658007812500000e+04
2.999990234375000000e+04
3.257749804687500000e+04
3.307152734375000000e+04
2.882762109375000000e+04
3.661117187500000000e+04
3.250760351562500000e+04
3.138242382812500000e+04
2.969244531250000000e+04
3.195332031250000000e+04
2.548220117187500000e+04
3.074372460937500000e+04
3.209478515625000000e+04
3.262448828125000000e+04
3.172025390625000000e+04
3.001825390625000000e+04
2.938374609375000000e+04
3.411531250000000000e+04
3.299538281250000000e+04
2.699846875000000000e+04
3.593210937500000000e+04
3.599239843750000000e+04
2.906655078125000000e+04
3.315517968750000000e+04
3.123364257812500000e+04
3.036534765625000000e+04
2.658959179687500000e+04
2.994052343750000000e+04
2.919832812500000000e+04
3.122887500000000000e+04
3.211235156250000000e+04
3.064283984375000000e+04
3.069591601562500000e+04
3.276424609375000000e+04
3.089852539062500000e+04
3.581437890625000000e+04
3.028806640625000000e+04
2.868140234375000000e+04
3.215563281250000000e+04
2.966990625000000000e+04
3.053694921875000000e+04
3.603830468750000000e+04
3.168528125000000000e+04
3.067825390625000000e+04
3.435498437500000000e+04
3.546596093750000000e+04
3.255005468750000000e+04
3.225510546875000000e+04
3.450089843750000000e+04
3.628598437500000000e+04
2.808389453125000000e+04
2.949604296875000000e+04
3.087556250000000000e+04
3.604021093750000000e+04
3.664624609375000000e+04
3.327957812500000000e+04
3.312555078125000000e+04
3.055749804687500000e+04
3.548565625000000000e+04
3.003348437500000000e+04
3.652265234375000000e+04
2.835525390625000000e+04
3.186275000000000000e+04
2.720008593750000000e+04
3.319692187500000000e+04
2.678371484375000000e+04
3.406944531250000000e+04
2.992948437500000000e+04
3.295633593750000000e+04
3.307621875000000000e+04
3.272595507812500000e+04
3.271595312500000000e+04
2.672387304687500000e+04
3.065121289062500000e+04
2.896569921875000000e+04
3.124824414062500000e+04
2.984449609375000000e+04
2.923151171875000000e+04
2.946547656250000000e+04
2.780239062500000000e+04
3.214606835937500000e+04
3.440262109375000000e+04
3.304035156250000000e+04
3.152108007812500000e+04
3.402000000000000000e+04
3.261629296875000000e+04
3.143989843750000000e+04
2.986875585937500000e+04
3.469805078125000000e+04
3.311024609375000000e+04
2.886251562500000000e+04
3.077290234375000000e+04
3.630826562500000000e+04
3.307917187500000000e+04
2.840520312500000000e+04
3.474144140625000000e+04
3.344950781250000000e+04
3.531507812500000000e+04
3.120363085937500000e+04
3.405262109375000000e+04
3.104985937500000000e+04
2.839612890625000000e+04
3.147311914062500000e+04
2.826550781250000000e+04
3.280064453125000000e+04
3.447908593750000000e+04
3.174145703125000000e+04
3.087487500000000000e+04
3.104438671875000000e+04
2.928517968750000000e+04
3.084777734375000000e+04
3.341687109375000000e+04
3.596591015625000000e+04
3.872903125000000000e+04
3.055787890625000000e+04
2.789372070312500000e+04
2.940962109375000000e+04
3.309367187500000000e+04
3.400279296875000000e+04
3.119748437500000000e+04
2.906902343750000000e+04
3.186970117187500000e+04
2.623041015625000000e+04
3.182460156250000000e+04
3.599786718750000000e+04
3.012428710937500000e+04
3.451423437500000000e+04
2.890388671875000000e+04
3.293121093750000000e+04
2.990870703125000000e+04
3.667054296875000000e+04
3.971112109375000000e+04
3.108317578125000000e+04
2.797471875000000000e+04
2.939614453125000000e+04
3.317096875000000000e+04
3.841709375000000000e+04
3.206426367187500000e+04
3.305406640625000000e+04
3.241937890625000000e+04
3.565439843750000000e+04
2.991003125000000000e+04
2.794927343750000000e+04
2.865128320312500000e+04
3.221467187500000000e+04
2.998796875000000000e+04
2.672700390625000000e+04
3.101705078125000000e+04
3.121966992187500000e+04
3.387850390625000000e+04
3.360503125000000000e+04
3.128731250000000000e+04
3.540844140625000000e+04
3.613589062500000000e+04
2.963422851562500000e+04
3.183783789062500000e+04
2.584496289062500000e+04
3.108081445312500000e+04
3.550941796875000000e+04
3.262525781250000000e+04
3.244002539062500000e+04
3.003565820312500000e+04
3.337732421875000000e+04
3.047388867187500000e+04
2.816771875000000000e+04
2.998300000000000000e+04
3.283609375000000000e+04
2.799845507812500000e+04
2.977152734375000000e+04
3.294500000000000000e+04
3.162887304687500000e+04
3.111894921875000000e+04
3.101921875000000000e+04
2.904110937500000000e+04
3.721016406250000000e+04
3.146835546875000000e+04
3.500633203125000000e+04
2.720690820312500000e+04
3.549008593750000000e+04
3.503652343750000000e+04
3.132291015625000000e+04
3.316495703125000000e+04
3.126932226562500000e+04
3.756542578125000000e+04
3.313097656250000000e+04
2.675688867187500000e+04
3.255244531250000000e+04
3.399987500000000000e+04
3.255216992187500000e+04
3.154844921875000000e+04
3.172127539062500000e+04
2.887256054687500000e+04
3.307818750000000000e+04
3.041913867187500000e+04
2.790154492187500000e+04
3.259444140625000000e+04
3.314920312500000000e+04
3.460737890625000000e+04
3.295888281250000000e+04
3.142506445312500000e+04
3.285994140625000000e+04
2.750962500000000000e+04
3.218527148437500000e+04
2.922272265625000000e+04
2.816566992187500000e+04
3.295175390625000000e+04
3.309448046875000000e+04
3.271054687500000000e+04
3.258556445312500000e+04
2.969185742187500000e+04
2.798750000000000000e+04
3.239884375000000000e+04
3.075279492187500000e+04
3.554078515625000000e+04
2.959614648437500000e+04
3.133729296875000000e+04
3.011233984375000000e+04
3.032505468750000000e+04
3.008152929687500000e+04
3.362358593750000000e+04
3.486762109375000000e+04
3.195611718750000000e+04
3.263383984375000000e+04
3.257424414062500000e+04
3.225589062500000000e+04
3.380668359375000000e+04
3.189504492187500000e+04
3.490464843750000000e+04
3.190826757812500000e+04
3.165855859375000000e+04
3.290338281250000000e+04
3.258641015625000000e+04
3.143148046875000000e+04
2.765742968750000000e+04
3.117537695312500000e+04
3.474874218750000000e+04
2.987271484375000000e+04
3.524180078125000000e+04
2.900683007812500000e+04
3.003515234375000000e+04
3.099824609375000000e+04
2.529912500000000000e+04
3.371365625000000000e+04
3.177504296875000000e+04
3.059891992187500000e+04
3.253648828125000000e+04
3.519563281250000000e+04
3.422650000000000000e+04
3.026298046875000000e+04
2.694100195312500000e+04
2.834773046875000000e+04
3.386132812500000000e+04
3.310014453125000000e+04
3.415951562500000000e+04
2.827370117187500000e+04
3.062576171875000000e+04
3.234221093750000000e+04
3.079965625000000000e+04
2.892800585937500000e+04
3.291733593750000000e+04
2.902771484375000000e+04
3.346421875000000000e+04
3.450812890625000000e+04
3.061926171875000000e+04
3.169623046875000000e+04
2.996136132812500000e+04
2.960885156250000000e+04
3.445575390625000000e+04
3.067157226562500000e+04
3.041404687500000000e+04
2.879812304687500000e+04
3.437640625000000000e+04
3.076585937500000000e+04
3.176485156250000000e+04
3.055219726562500000e+04
3.590450000000000000e+04
3.079066796875000000e+04
3.681792187500000000e+04
3.444788281250000000e+04
3.504932812500000000e+04
3.237937500000000000e+04
3.341055468750000000e+04
3.290203125000000000e+04
3.492440234375000000e+04
3.039685351562500000e+04
3.204943164062500000e+04
3.696284375000000000e+04
2.988495703125000000e+04
3.324153125000000000e+04
3.025443554687500000e+04
2.961610351562500000e+04
3.071547265625000000e+04
3.651108593750000000e+04
2.946594531250000000e+04
3.200909960937500000e+04
3.430328125000000000e+04
3.230406835937500000e+04
2.958269531250000000e+04
3.003953125000000000e+04
3.652205468750000000e+04
3.231230273437500000e+04
2.979530664062500000e+04
3.350053906250000000e+04
3.316134375000000000e+04
3.156962500000000000e+04
3.353124218750000000e+04
3.062764453125000000e+04
3.407408593750000000e+04
3.208905664062500000e+04
2.990026171875000000e+04
3.645244921875000000e+04
3.184338085937500000e+04
2.856771484375000000e+04
3.031291210937500000e+04
3.472118359375000000e+04
2.889820898437500000e+04
3.114015820312500000e+04
3.206817773437500000e+04
3.561734375000000000e+04
3.234232226562500000e+04
3.625605468750000000e+04
3.183538671875000000e+04
3.107930664062500000e+04
3.144758984375000000e+04
3.144706250000000000e+04
3.091014843750000000e+04
3.366818750000000000e+04
3.302576171875000000e+04
3.008541015625000000e+04
2.649700000000000000e+04
3.105707617187500000e+04
3.422583593750000000e+04
3.153812304687500000e+04
3.169246484375000000e+04
2.925177734375000000e+04
3.507373828125000000e+04
3.440704296875000000e+04
3.450634375000000000e+04
3.254322070312500000e+04
3.090685546875000000e+04
3.051162304687500000e+04
3.004184179687500000e+04
3.584948437500000000e+04
3.540566015625000000e+04
3.545598828125000000e+04
3.264435937500000000e+04
3.220599023437500000e+04
2.894106640625000000e+04
3.582174218750000000e+04
3.323052343750000000e+04
3.562957812500000000e+04
3.179940039062500000e+04
3.263970898437500000e+04
3.218381640625000000e+04
2.967182031250000000e+04
2.889471875000000000e+04
3.552930468750000000e+04
3.184574804687500000e+04
3.455358984375000000e+04
3.478426171875000000e+04
3.050276171875000000e+04
3.123110546875000000e+04
3.402049609375000000e+04
3.256987109375000000e+04
3.705468359375000000e+04
2.987335546875000000e+04
2.857617968750000000e+04
3.413165625000000000e+04
3.104553906250000000e+04
3.281415625000000000e+04
3.102503906250000000e+04
3.029686328125000000e+04
2.912471875000000000e+04
2.952630078125000000e+04
3.164523828125000000e+04
3.401133593750000000e+04
2.968973437500000000e+04
3.016636718750000000e+04
3.286021875000000000e+04
2.825960742187500000e+04
3.164515039062500000e+04
2.988225781250000000e+04
3.156695703125000000e+04
2.817143554687500000e+04
3.229771875000000000e+04
3.265513281250000000e+04
3.693594921875000000e+04
2.803537500000000000e+04
3.488629687500000000e+04
3.509550000000000000e+04
3.242299609375000000e+04
2.843389062500000000e+04
3.321254687500000000e+04
3.182270312500000000e+04
3.135208398437500000e+04
3.203956640625000000e+04
2.857530859375000000e+04
3.295106250000000000e+04
3.149527734375000000e+04
3.331803906250000000e+04
3.006003906250000000e+04
3.695019921875000000e+04
3.353613671875000000e+04
3.154943750000000000e+04
3.500294140625000000e+04
2.785061718750000000e+04
3.192013671875000000e+04
3.207396875000000000e+04
3.011886132812500000e+04
3.012870898437500000e+04
3.133479687500000000e+04
2.928978906250000000e+04
2.754594921875000000e+04
3.401873437500000000e+04
3.280755859375000000e+04
3.047430664062500000e+04
3.151547656250000000e+04
3.239871289062500000e+04
3.557509765625000000e+04
2.735037500000000000e+04
3.073426562500000000e+04
3.007868945312500000e+04
2.791218945312500000e+04
3.272630078125000000e+04
3.574266406250000000e+04
2.434831640625000000e+04
2.994475585937500000e+04
3.336616406250000000e+04
3.157054687500000000e+04
3.028121679687500000e+04
2.946730078125000000e+04
3.014874218750000000e+04
2.724536718750000000e+04
3.381928125000000000e+04
3.447571484375000000e+04
3.342210937500000000e+04
3.012034375000000000e+04
2.922827539062500000e+04
3.705380859375000000e+04
3.567214062500000000e+04
2.980890429687500000e+04
3.035325976562500000e+04
2.958270703125000000e+04
3.359398437500000000e+04
2.847198828125000000e+04
3.234350976562500000e+04
3.212993554687500000e+04
3.565521484375000000e+04
2.945437304687500000e+04
3.717323437500000000e+04
2.978323046875000000e+04
2.891729296875000000e+04
3.576291406250000000e+04
3.007497265625000000e+04
3.400733593750000000e+04
3.036883398437500000e+04
2.993548046875000000e+04
2.971828125000000000e+04
3.579749609375000000e+04
3.753582031250000000e+04
3.259479101562500000e+04
3.150604687500000000e+04
3.003167187500000000e+04
3.331462890625000000e+04
2.895537500000000000e+04
2.728106640625000000e+04
2.998496679687500000e+04
3.230297656250000000e+04
3.228237500000000000e+04
2.856039453125000000e+04
3.085133203125000000e+04
3.460831640625000000e+04
3.063926367187500000e+04
2.864287109375000000e+04
2.944447656250000000e+04
3.156586914062500000e+04
3.770017187500000000e+04
3.042393359375000000e+04
2.866832812500000000e+04
2.874714062500000000e+04
3.167399804687500000e+04
3.110191796875000000e+04
3.370315625000000000e+04
3.183274218750000000e+04
3.286832812500000000e+04
3.134307812500000000e+04
3.137109960937500000e+04
3.206774218750000000e+04
3.263499609375000000e+04
3.241261328125000000e+04
3.424503906250000000e+04
3.449620312500000000e+04
3.563464453125000000e+04
2.988629882812500000e+04
2.837374218750000000e+04
2.928723632812500000e+04
2.680311718750000000e+04
3.022180273437500000e+04
3.025021875000000000e+04
3.269768750000000000e+04
3.324927734375000000e+04
3.345995312500000000e+04
3.022539648437500000e+04
2.740705273437500000e+04
3.029622070312500000e+04
3.523586718750000000e+04
2.717045312500000000e+04
3.403798437500000000e+04
3.230114843750000000e+04
3.098208007812500000e+04
3.834382031250000000e+04
3.102658984375000000e+04
3.031633007812500000e+04
2.925046289062500000e+04
2.978586718750000000e+04
3.030401953125000000e+04
3.803919531250000000e+04
2.988285546875000000e+04
3.523262109375000000e+04
3.324510156250000000e+04
3.150654882812500000e+04
3.304149218750000000e+04
3.447985937500000000e+04
3.140725585937500000e+04
2.987127343750000000e+04
3.148785546875000000e+04
3.462006250000000000e+04
3.140336718750000000e+04
2.669737890625000000e+04
3.160755859375000000e+04
2.732627929687500000e+04
3.130342382812500000e+04
3.215026562500000000e+04
3.082858789062500000e+04
3.613538671875000000e+04
3.007134570312500000e+04
3.114610156250000000e+04
3.217048828125000000e+04
3.082833593750000000e+04
3.184445703125000000e+04
2.872577734375000000e+04
3.331308203125000000e+04
3.643877343750000000e+04
3.136362695312500000e+04
3.289103906250000000e+04
3.235819921875000000e+04
3.148078515625000000e+04
3.353573046875000000e+04
3.359292187500000000e+04
2.918648828125000000e+04
3.126903125000000000e+04
3.107515625000000000e+04
3.387039062500000000e+04
2.934305859375000000e+04
3.420768359375000000e+04
3.246636523437500000e+04
2.816627929687500000e+04
3.142511328125000000e+04
3.505463281250000000e+04
3.420063671875000000e+04
2.789883593750000000e+04
3.615446093750000000e+04
3.209299218750000000e+04
3.013588671875000000e+04
2.915436132812500000e+04
3.127886718750000000e+04
2.744027343750000000e+04
3.322783203125000000e+04
3.480269140625000000e+04
3.655151171875000000e+04
3.176213671875000000e+04
3.199311523437500000e+04
3.022487109375000000e+04
3.097627148437500000e+04
2.917357421875000000e+04
3.131087500000000000e+04
2.886128710937500000e+04
3.235558398437500000e+04
3.468025000000000000e+04
3.277776953125000000e+04
2.804389062500000000e+04
2.793522656250000000e+04
3.147201171875000000e+04
3.324108203125000000e+04
3.001567187500000000e+04
2.832189843750000000e+04
2.683540234375000000e+04
3.295846875000000000e+04
3.172259570312500000e+04
2.917521093750000000e+04
3.363756250000000000e+04
3.356517968750000000e+04
3.280311328125000000e+04
2.837055078125000000e+04
3.099893554687500000e+04
3.163517187500000000e+04
3.420585546875000000e+04
3.109371484375000000e+04
3.166927343750000000e+04
3.451361718750000000e+04
3.263072656250000000e+04
2.989338281250000000e+04
3.927407812500000000e+04
3.265879882812500000e+04
3.099830468750000000e+04
3.228157812500000000e+04
3.050498046875000000e+04
2.888484765625000000e+04
3.134809375000000000e+04
3.055860156250000000e+04
3.298404687500000000e+04
3.170732031250000000e+04
3.214112890625000000e+04
3.307198046875000000e+04
2.920208203125000000e+04
3.007940429687500000e+04
3.199481640625000000e+04
3.252306835937500000e+04
3.224827343750000000e+04
2.954731054687500000e+04
3.457377343750000000e+04
3.287103906250000000e+04
3.138315625000000000e+04
3.149209179687500000e+04
3.362312109375000000e+04
2.977060937500000000e+04
3.010344140625000000e+04
3.097598828125000000e+04
3.489950000000000000e+04
3.038252929687500000e+04
2.679256640625000000e+04
3.328394140625000000e+04
2.965665234375000000e+04
2.890365234375000000e+04
2.993850781250000000e+04
3.626006250000000000e+04
3.104953710937500000e+04
3.100942578125000000e+04
3.280160937500000000e+04
3.123734765625000000e+04
2.846576171875000000e+04
2.974175390625000000e+04
2.863375390625000000e+04
3.191035937500000000e+04
3.306774218750000000e+04
3.207157812500000000e+04
2.586911132812500000e+04
3.511880859375000000e+04
3.106308203125000000e+04
3.064271875000000000e+04
2.744281835937500000e+04
3.294910156250000000e+04
2.938279687500000000e+04
3.416582031250000000e+04
3.382501171875000000e+04
3.705100390625000000e+04
3.010808984375000000e+04
3.085588281250000000e+04
3.210330468750000000e+04
3.429551171875000000e+04
2.924807031250000000e+04
2.878833984375000000e+04
2.922306640625000000e+04
3.125845703125000000e+04
3.134520703125000000e+04
3.234554882812500000e+04
3.428037890625000000e+04
3.078088281250000000e+04
3.141431250000000000e+04
3.072563281250000000e+04
3.720503906250000000e+04
3.387326562500000000e+04
3.283667968750000000e+04
3.237768359375000000e+04
3.521268359375000000e+04
3.067067578125000000e+04
3.485594531250000000e+04
3.551565625000000000e+04
2.932453125000000000e+04
2.980299023437500000e+04
3.931068359375000000e+04
3.233805273437500000e+04
3.376878125000000000e+04
3.301548828125000000e+04
2.958186328125000000e+04
3.112641992187500000e+04
2.966011523437500000e+04
3.287628515625000000e+04
4.019944921875000000e+04
3.177798828125000000e+04
3.010996484375000000e+04
3.785017187500000000e+04
2.971863476562500000e+04
3.168244140625000000e+04
3.104958789062500000e+04
3.289043359375000000e+04
3.394365234375000000e+04
3.131839062500000000e+04
3.085450000000000000e+04
3.145140625000000000e+04
3.054416992187500000e+04
3.545066406250000000e+04
3.655816796875000000e+04
3.264882031250000000e+04
3.579132812500000000e+04
3.111862304687500000e+04
3.046131640625000000e+04
3.429479687500000000e+04
3.155278125000000000e+04
3.592032812500000000e+04
3.245354882812500000e+04
3.151378515625000000e+04
3.098619921875000000e+04
3.273666796875000000e+04
3.358341796875000000e+04
2.921075195312500000e+04
2.661787500000000000e+04
3.604868750000000000e+04
3.012226562500000000e+04
3.472383593750000000e+04
3.532276171875000000e+04
2.970607421875000000e+04
3.321577734375000000e+04
3.235606054687500000e+04
3.298177343750000000e+04
2.986756054687500000e+04
2.985517187500000000e+04
2.809234960937500000e+04
3.211163867187500000e+04
3.013287695312500000e+04
3.077436328125000000e+04
2.799391992187500000e+04
3.152262500000000000e+04
2.906237890625000000e+04
3.290911718750000000e+04
3.163678125000000000e+04
3.604139843750000000e+04
3.418779296875000000e+04
3.015444531250000000e+04
3.603117187500000000e+04
3.471136328125000000e+04
3.292757421875000000e+04
3.347176953125000000e+04
3.360377343750000000e+04
3.080656835937500000e+04
3.554446484375000000e+04
3.344242968750000000e+04
3.016910156250000000e+04
3.015164453125000000e+04
3.297652343750000000e+04
3.194500781250000000e+04
2.930135546875000000e+04
2.942897265625000000e+04
3.423812890625000000e+04
2.963107226562500000e+04
3.054307617187500000e+04
3.208376367187500000e+04
3.138498046875000000e+04
2.851739843750000000e+04
3.182249218750000000e+04
2.916534765625000000e+04
3.228896289062500000e+04
3.041496484375000000e+04
3.406485546875000000e+04
3.145681640625000000e+04
3.289462500000000000e+04
2.976102929687500000e+04
2.950787890625000000e+04
3.094074023437500000e+04
3.458945312500000000e+04
2.946772460937500000e+04
3.688898828125000000e+04
2.934447460937500000e+04
2.721832617187500000e+04
3.041390820312500000e+04
3.172433203125000000e+04
3.002669140625000000e+04
3.182869335937500000e+04
3.493040234375000000e+04
3.351639843750000000e+04
3.195183984375000000e+04
2.865027734375000000e+04
3.896716406250000000e+04
3.195747656250000000e+04
3.120633203125000000e+04
3.123917382812500000e+04
3.257911718750000000e+04
3.097065234375000000e+04
2.698943750000000000e+04
3.055330273437500000e+04
3.327442578125000000e+04
3.118811718750000000e+04
3.006820703125000000e+04
3.320349609375000000e+04
3.468784765625000000e+04
3.416625000000000000e+04
3.476545312500000000e+04
3.281263281250000000e+04
3.310742968750000000e+04
2.730912304687500000e+04
3.580752343750000000e+04
3.731830859375000000e+04
2.998444140625000000e+04
3.602358593750000000e+04
3.132969726562500000e+04
3.404465234375000000e+04
3.081686718750000000e+04
3.221160546875000000e+04
3.180568945312500000e+04
3.276474609375000000e+04
3.505232812500000000e+04
2.818230273437500000e+04
2.692681250000000000e+04
3.518436328125000000e+04
3.248117578125000000e+04
3.123513281250000000e+04
3.093141210937500000e+04
3.339924218750000000e+04
3.312937500000000000e+04
3.089111718750000000e+04
3.013722851562500000e+04
2.904654882812500000e+04
3.529527343750000000e+04
3.714317968750000000e+04
3.157000195312500000e+04
3.325112500000000000e+04
3.000653515625000000e+04
3.391454687500000000e+04
2.794554882812500000e+04
3.310671875000000000e+04
3.116942773437500000e+04
3.047665625000000000e+04
3.685700000000000000e+04
3.277075781250000000e+04
3.285896093750000000e+04
2.983642382812500000e+04
4.042162500000000000e+04
3.340200781250000000e+04
3.277135937500000000e+04
3.500719531250000000e+04
2.966640429687500000e+04
3.129205273437500000e+04
3.191234375000000000e+04
3.170411523437500000e+04
3.528650000000000000e+04
3.255611328125000000e+04
2.794144140625000000e+04
2.966303515625000000e+04
3.276411328125000000e+04
3.524712890625000000e+04
3.175380859375000000e+04
3.014222070312500000e+04
3.475424218750000000e+04
3.154873632812500000e+04
2.808232617187500000e+04
3.321167968750000000e+04
3.090612890625000000e+04
3.243975390625000000e+04
3.297180468750000000e+04
3.356365625000000000e+04
2.885841406250000000e+04
3.214560937500000000e+04
3.255384765625000000e+04
3.573528906250000000e+04
3.290857421875000000e+04
3.476210156250000000e+04
3.129032812500000000e+04
3.225322265625000000e+04
3.100595312500000000e+04
3.138920703125000000e+04
3.029664843750000000e+04
3.459603125000000000e+04
3.225119921875000000e+04
3.512160937500000000e+04
2.882861328125000000e+04
3.010403125000000000e+04
3.356539453125000000e+04
2.670044726562500000e+04
2.963256054687500000e+04
3.025548828125000000e+04
3.136668359375000000e+04
3.223257226562500000e+04
3.352511718750000000e+04
3.706484765625000000e+04
3.161506835937500000e+04
3.228845312500000000e+04
2.915327929687500000e+04
3.200524218750000000e+04
3.640057031250000000e+04
3.019101757812500000e+04
3.790070703125000000e+04
3.335325781250000000e+04
3.119718164062500000e+04
2.764242578125000000e+04
3.319608593750000000e+04
3.441047265625000000e+04
3.219509765625000000e+04
2.876926562500000000e+04
2.998389062500000000e+04
3.542013671875000000e+04
3.125738281250000000e+04
3.063317968750000000e+04
3.601661718750000000e+04
3.282348437500000000e+04
3.519932812500000000e+04
3.230731640625000000e+04
3.427410156250000000e+04
3.012660742187500000e+04
2.850473242187500000e+04
3.191187890625000000e+04
3.190602929687500000e+04
3.404556640625000000e+04
3.055363671875000000e+04
3.263007226562500000e+04
3.349117187500000000e+04
3.409125000000000000e+04
3.064130468750000000e+04
3.279027734375000000e+04
3.114056640625000000e+04
2.901910937500000000e+04
2.807703906250000000e+04
2.934742382812500000e+04
3.019901562500000000e+04
3.055945312500000000e+04
3.000968164062500000e+04
2.865741992187500000e+04
2.942401562500000000e+04
3.043174609375000000e+04
3.058453320312500000e+04
3.370623437500000000e+04
3.076448437500000000e+04
3.281218359375000000e+04
3.416812500000000000e+04
3.411780078125000000e+04
3.149069335937500000e+04
2.809164843750000000e+04
3.172427734375000000e+04
3.276033593750000000e+04
3.087743750000000000e+04
3.147193945312500000e+04
2.829251171875000000e+04
3.353785937500000000e+04
2.959157812500000000e+04
3.183917187500000000e+04
3.034669726562500000e+04
3.313491406250000000e+04
3.239315039062500000e+04
3.208125976562500000e+04
2.929045507812500000e+04
3.291358593750000000e+04
3.518707031250000000e+04
3.278778125000000000e+04
3.450543750000000000e+04
2.844874609375000000e+04
3.041686718750000000e+04
3.046842968750000000e+04
3.390181640625000000e+04
3.406277343750000000e+04
3.024876953125000000e+04
3.560685156250000000e+04
2.835724218750000000e+04
3.429187109375000000e+04
3.076352929687500000e+04
3.523936718750000000e+04
2.974967382812500000e+04
3.441188281250000000e+04
3.158244726562500000e+04
3.596491406250000000e+04
2.533232421875000000e+04
3.841146093750000000e+04
3.350467187500000000e+04
3.473257031250000000e+04
2.848979296875000000e+04
3.080174023437500000e+04
3.637969140625000000e+04
3.041647070312500000e+04
3.342598828125000000e+04
2.912816015625000000e+04
3.373745312500000000e+04
3.019927539062500000e+04
3.168557812500000000e+04
3.495752343750000000e+04
3.480250000000000000e+04
3.582694140625000000e+04
3.121146093750000000e+04
3.048503710937500000e+04
3.060510546875000000e+04
3.152768945312500000e+04
3.396378125000000000e+04
3.121086523437500000e+04
3.475027343750000000e+04
3.222824609375000000e+04
3.688787890625000000e+04
3.092975390625000000e+04
3.312885937500000000e+04
3.291979296875000000e+04
2.981771289062500000e+04
3.595241406250000000e+04
2.961780859375000000e+04
2.889553710937500000e+04
2.927052343750000000e+04
3.041128125000000000e+04
3.048956640625000000e+04
3.232090625000000000e+04
3.139666992187500000e+04
2.914949414062500000e+04
3.075218945312500000e+04
3.457542187500000000e+04
3.013074414062500000e+04
2.964485546875000000e+04
3.412631640625000000e+04
3.285614843750000000e+04
3.023281250000000000e+04
2.759755859375000000e+04
3.227889257812500000e+04
3.110781250000000000e+04
3.281670312500000000e+04
3.628615625000000000e+04
3.330885546875000000e+04
2.904575781250000000e+04
3.451035937500000000e+04
3.001493750000000000e+04
2.890073437500000000e+04
2.965502148437500000e+04
3.258591210937500000e+04
3.790574218750000000e+04
3.303573046875000000e+04
2.964298632812500000e+04
2.927428906250000000e+04
3.259885351562500000e+04
3.167389843750000000e+04
3.034180859375000000e+04
3.503979687500000000e+04
3.352606640625000000e+04
3.425769531250000000e+04
3.604914062500000000e+04
2.996095117187500000e+04
3.300477734375000000e+04
3.165686328125000000e+04
3.333560546875000000e+04
3.619972656250000000e+04
3.190743359375000000e+04
2.894039648437500000e+04
3.490435156250000000e+04
3.048606640625000000e+04
3.315039062500000000e+04
3.352295312500000000e+04
3.369072265625000000e+04
2.949230273437500000e+04
3.042850781250000000e+04
3.120576562500000000e+04
3.427160546875000000e+04
3.076277734375000000e+04
3.307203125000000000e+04
3.809366406250000000e+04
3.439645312500000000e+04
3.230829882812500000e+04
2.966024804687500000e+04
3.266847265625000000e+04
2.956934765625000000e+04
3.101896484375000000e+04
3.749872265625000000e+04
3.062980078125000000e+04
3.336658593750000000e+04
3.263623046875000000e+04
3.316310937500000000e+04
3.238787500000000000e+04
3.183643554687500000e+04
2.976170703125000000e+04
3.461207421875000000e+04
3.186282421875000000e+04
2.984094726562500000e+04
2.998455078125000000e+04
3.295144531250000000e+04
3.046841015625000000e+04
3.115879296875000000e+04
3.469188671875000000e+04
3.408721875000000000e+04
3.141392578125000000e+04
3.129746093750000000e+04
3.001041210937500000e+04
2.772962890625000000e+04
2.998468359375000000e+04
2.809921875000000000e+04
2.852546679687500000e+04
3.097636718750000000e+04
3.131516210937500000e+04
3.132200390625000000e+04
3.147616601562500000e+04
3.194173046875000000e+04
3.077557031250000000e+04
3.601998437500000000e+04
3.172776367187500000e+04
2.795944531250000000e+04
3.270211523437500000e+04
3.010247070312500000e+04
3.110365234375000000e+04
3.404528515625000000e+04
3.167735156250000000e+04
3.142997851562500000e+04
3.253978710937500000e+04
3.121566406250000000e+04
3.109369531250000000e+04
3.030519921875000000e+04
3.074244921875000000e+04
3.029616992187500000e+04
3.574475781250000000e+04
3.161755859375000000e+04
3.130905859375000000e+04
3.199108398437500000e+04
3.137144140625000000e+04
3.448563281250000000e+04
3.145587500000000000e+04
3.091565429687500000e+04
3.354567968750000000e+04
2.815712304687500000e+04
2.989836132812500000e+04
3.173408984375000000e+04
2.958500390625000000e+04
2.939779687500000000e+04
3.119318750000000000e+04
2.916839843750000000e+04
3.221053125000000000e+04
3.544654687500000000e+04
3.051074218750000000e+04
3.258108984375000000e+04
3.219120898437500000e+04
3.268307421875000000e+04
3.096999609375000000e+04
3.070117578125000000e+04
2.797551367187500000e+04
3.863021093750000000e+04
3.354070312500000000e+04
3.570782812500000000e+04
3.073959960937500000e+04
3.272758398437500000e+04
3.073631250000000000e+04
3.183787109375000000e+04
3.272706835937500000e+04
3.476783593750000000e+04
3.475967187500000000e+04
3.121799023437500000e+04
3.058464648437500000e+04
3.131335937500000000e+04
3.104564648437500000e+04
2.951684375000000000e+04
3.296332031250000000e+04
3.177991796875000000e+04
3.105012109375000000e+04
2.994677343750000000e+04
3.045806250000000000e+04
3.132540429687500000e+04
2.958466015625000000e+04
3.162446875000000000e+04
3.215683984375000000e+04
3.609456250000000000e+04
2.969080859375000000e+04
3.389554687500000000e+04
3.636732031250000000e+04
3.470867187500000000e+04
2.975689062500000000e+04
3.516953125000000000e+04
3.336696875000000000e+04
3.228358203125000000e+04
3.250022460937500000e+04
3.386153125000000000e+04
3.265376757812500000e+04
2.970609179687500000e+04
3.541856250000000000e+04
3.059854492187500000e+04
2.822565234375000000e+04
3.504158593750000000e+04
3.132399218750000000e+04
3.244164453125000000e+04
2.915655468750000000e+04
3.073996679687500000e+04
3.215510156250000000e+04
3.305883203125000000e+04
2.939884570312500000e+04
3.337564843750000000e+04
3.287327734375000000e+04
3.219127539062500000e+04
3.058756445312500000e+04
3.278268359375000000e+04
3.164209765625000000e+04
3.288245312500000000e+04
2.837005859375000000e+04
3.262010937500000000e+04
3.053924414062500000e+04
3.226355273437500000e+04
3.590100000000000000e+04
3.342334765625000000e+04
3.253756250000000000e+04
2.846984960937500000e+04
3.321459765625000000e+04
2.944295703125000000e+04
3.190185156250000000e+04
3.122820703125000000e+04
3.213093359375000000e+04
3.274215820312500000e+04
2.998467382812500000e+04
3.552066796875000000e+04
3.166703320312500000e+04
3.321378125000000000e+04
2.939419335937500000e+04
3.285154296875000000e+04
3.405685546875000000e+04
3.293893750000000000e+04
3.072494921875000000e+04
3.072574023437500000e+04
3.155857617187500000e+04
3.346713281250000000e+04
3.279474218750000000e+04
3.384372265625000000e+04
3.500621093750000000e+04
3.212255859375000000e+04
3.241921093750000000e+04
3.546696093750000000e+04
3.217821679687500000e+04
2.705372656250000000e+04
3.105102148437500000e+04
3.120007617187500000e+04
3.439684375000000000e+04
3.062004687500000000e+04
2.906121875000000000e+04
3.243723046875000000e+04
3.330362500000000000e+04
3.140928906250000000e+04
3.202041992187500000e+04
3.053175781250000000e+04
3.231612500000000000e+04
2.938786718750000000e+04
3.400214453125000000e+04
3.021663281250000000e+04
3.361561328125000000e+04
3.360692968750000000e+04
2.969611718750000000e+04
2.807498828125000000e+04
3.120749609375000000e+04
3.090500000000000000e+04
2.915507031250000000e+04
2.982403515625000000e+04
3.500130468750000000e+04
3.317176953125000000e+04
3.239613671875000000e+04
3.202114843750000000e+04
3.065931835937500000e+04
3.448833593750000000e+04
3.239184570312500000e+04
3.452989062500000000e+04
3.360944140625000000e+04
3.091771679687500000e+04
3.129503710937500000e+04
3.188520312500000000e+04
2.891966796875000000e+04
3.088406640625000000e+04
3.466943359375000000e+04
2.902816406250000000e+04
3.143843164062500000e+04
3.254519140625000000e+04
2.749365234375000000e+04
2.953433789062500000e+04
3.370166015625000000e+04
3.030003125000000000e+04
3.525157812500000000e+04
3.031183007812500000e+04
3.382514843750000000e+04
3.024514062500000000e+04
3.233672265625000000e+04
3.019482031250000000e+04
3.483436718750000000e+04
3.206320312500000000e+04
2.753900781250000000e+04
3.319672265625000000e+04
3.399605859375000000e+04
3.337660156250000000e+04
2.903169921875000000e+04
3.400747656250000000e+04
3.106650195312500000e+04
3.158384960937500000e+04
3.182755664062500000e+04
3.121763476562500000e+04
3.014588867187500000e+04
2.962087890625000000e+04
3.050632421875000000e+04
3.341916796875000000e+04
3.652226171875000000e+04
3.315663281250000000e+04
3.458383203125000000e+04
2.783791601562500000e+04
3.545651953125000000e+04
2.952743750000000000e+04
3.478734375000000000e+04
3.053457617187500000e+04
3.061277148437500000e+04
2.919567968750000000e+04
3.149730468750000000e+04
3.184139648437500000e+04
3.153613281250000000e+04
2.819420312500000000e+04
2.990854296875000000e+04
3.370241796875000000e+04
3.244564453125000000e+04
3.409778125000000000e+04
3.124298437500000000e+04
3.685403906250000000e+04
3.044918359375000000e+04
3.197250585937500000e+04
3.013632421875000000e+04
2.682706250000000000e+04
3.021564648437500000e+04
3.976935937500000000e+04
3.157508007812500000e+04
2.935185546875000000e+04
3.365940625000000000e+04
3.345347265625000000e+04
3.288163671875000000e+04
3.032819531250000000e+04
3.351872656250000000e+04
3.075085156250000000e+04
3.133530468750000000e+04
3.003146875000000000e+04
3.241080859375000000e+04
3.093502343750000000e+04
3.071160742187500000e+04
2.977539257812500000e+04
3.295130078125000000e+04
3.029847851562500000e+04
3.560748437500000000e+04
3.244293554687500000e+04
3.494296093750000000e+04
2.972309179687500000e+04
2.931634765625000000e+04
2.995427734375000000e+04
3.312246093750000000e+04
3.098866406250000000e+04
2.707370117187500000e+04
2.688093554687500000e+04
3.281497265625000000e+04
3.216963476562500000e+04
3.381951171875000000e+04
3.097995117187500000e+04
3.034301171875000000e+04
3.096334375000000000e+04
3.707445312500000000e+04
2.797955859375000000e+04
2.885289257812500000e+04
3.400455859375000000e+04
2.556911132812500000e+04
3.076575390625000000e+04
3.184948437500000000e+04
3.110272265625000000e+04
3.702754687500000000e+04
2.928072070312500000e+04
2.963205859375000000e+04
2.845592187500000000e+04
3.309026171875000000e+04
3.196597460937500000e+04
2.874987500000000000e+04
3.263986132812500000e+04
3.528555468750000000e+04
3.173616210937500000e+04
3.597475390625000000e+04
3.659441796875000000e+04
3.425014062500000000e+04
3.186711523437500000e+04
3.834266406250000000e+04
3.239933789062500000e+04
3.249898242187500000e+04
3.319587500000000000e+04
3.064762890625000000e+04
3.193257226562500000e+04
3.619753125000000000e+04
3.343915625000000000e+04
3.203644921875000000e+04
3.313339062500000000e+04
2.892756250000000000e+04
3.431860937500000000e+04
2.923808398437500000e+04
2.844336328125000000e+04
3.488380859375000000e+04
3.641522656250000000e+04
2.876513867187500000e+04
3.332764453125000000e+04
3.382907031250000000e+04
3.201055468750000000e+04
3.343185546875000000e+04
3.162473046875000000e+04
3.555779687500000000e+04
2.647718750000000000e+04
3.300832421875000000e+04
3.307890625000000000e+04
3.092099218750000000e+04
3.971499609375000000e+04
3.151401953125000000e+04
2.956000585937500000e+04
2.911084765625000000e+04
3.528870312500000000e+04
2.801276367187500000e+04
3.494484375000000000e+04
2.941599609375000000e+04
3.050526562500000000e+04
3.549079687500000000e+04
3.497433203125000000e+04
2.993908203125000000e+04
2.943708203125000000e+04
3.292383984375000000e+04
3.259901171875000000e+04
2.955904296875000000e+04
3.054055468750000000e+04
3.420140625000000000e+04
3.290499609375000000e+04
3.225053125000000000e+04
3.355316015625000000e+04
2.755577343750000000e+04
3.360864843750000000e+04
3.480938281250000000e+04
3.107008984375000000e+04
3.154069726562500000e+04
2.707399023437500000e+04
3.135992773437500000e+04
3.418121875000000000e+04
2.943276171875000000e+04
3.433137500000000000e+04
3.159208203125000000e+04
3.389753906250000000e+04
3.370984765625000000e+04
3.171555859375000000e+04
3.012499023437500000e+04
2.575311328125000000e+04
3.310189062500000000e+04
2.983732421875000000e+04
3.261767578125000000e+04
3.480390234375000000e+04
3.609567968750000000e+04
3.028256640625000000e+04
3.079938671875000000e+04
2.865232226562500000e+04
3.040078906250000000e+04
3.005397265625000000e+04
3.300552343750000000e+04
2.805275585937500000e+04
3.142015234375000000e+04
3.402101562500000000e+04
3.244669531250000000e+04
2.984518164062500000e+04
3.759931640625000000e+04
3.354988671875000000e+04
3.170531250000000000e+04
3.685584375000000000e+04
3.090334765625000000e+04
2.970946679687500000e+04
2.926498632812500000e+04
3.078233593750000000e+04
3.064030468750000000e+04
2.932920507812500000e+04
2.948774218750000000e+04
3.169789062500000000e+04
3.206213867187500000e+04
2.893791015625000000e+04
3.211327343750000000e+04
3.625198828125000000e+04
2.960132226562500000e+04
2.828929687500000000e+04
3.238653906250000000e+04
3.372781640625000000e+04
3.072507617187500000e+04
3.136371875000000000e+04
2.758491406250000000e+04
3.464443750000000000e+04
3.084928125000000000e+04
3.234732617187500000e+04
2.831268554687500000e+04
3.361212500000000000e+04
3.389798046875000000e+04
2.947141015625000000e+04
3.206053906250000000e+04
3.348615625000000000e+04
2.980568164062500000e+04
3.014583593750000000e+04
3.463840625000000000e+04
3.863622656250000000e+04
3.589431250000000000e+04
3.484462500000000000e+04
3.162309765625000000e+04
3.249157421875000000e+04
3.735499218750000000e+04
2.709773242187500000e+04
2.983547656250000000e+04
3.225932226562500000e+04
3.656310546875000000e+04
3.113045898437500000e+04
2.834075000000000000e+04
3.253044921875000000e+04
3.250245507812500000e+04
3.308292187500000000e+04
2.978177734375000000e+04
3.660091406250000000e+04
2.954975000000000000e+04
3.106030468750000000e+04
2.663971679687500000e+04
3.201240234375000000e+04
2.788948828125000000e+04
3.593001562500000000e+04
2.694997460937500000e+04
3.208142968750000000e+04
3.117828906250000000e+04
3.159340429687500000e+04
2.915357812500000000e+04
2.700948437500000000e+04
3.408197265625000000e+04
3.389144140625000000e+04
3.390153906250000000e+04
3.567540625000000000e+04
3.123594531250000000e+04
3.125572265625000000e+04
3.557755468750000000e+04
3.159255273437500000e+04
2.848520703125000000e+04
3.204160546875000000e+04
3.222100781250000000e+04
3.059698046875000000e+04
2.791572656250000000e+04
3.297625781250000000e+04
3.207916992187500000e+04
3.017960546875000000e+04
3.015981640625000000e+04
3.145625390625000000e+04
3.503026562500000000e+04
3.149511132812500000e+04
3.301318750000000000e+04
2.848211132812500000e+04
3.524092578125000000e+04
3.421108984375000000e+04
3.089511914062500000e+04
3.114307421875000000e+04
2.968895703125000000e+04
2.855187890625000000e+04
2.992502929687500000e+04
3.286432421875000000e+04
3.142251562500000000e+04
3.148708203125000000e+04
3.034677343750000000e+04
3.411391796875000000e+04
3.152798632812500000e+04
3.342891406250000000e+04
3.950813281250000000e+04
3.059338867187500000e+04
2.571500976562500000e+04
2.731878906250000000e+04
3.385414843750000000e+04
3.338232421875000000e+04
3.109933789062500000e+04
3.652706250000000000e+04
3.203983203125000000e+04
3.525390234375000000e+04
3.279825390625000000e+04
3.403089843750000000e+04
3.303115625000000000e+04
3.614341406250000000e+04
3.487263281250000000e+04
2.997641406250000000e+04
2.684766015625000000e+04
2.798747265625000000e+04
2.990381640625000000e+04
3.562385156250000000e+04
3.139005859375000000e+04
2.849456835937500000e+04
2.808903906250000000e+04
2.961227148437500000e+04
3.599334375000000000e+04
3.546781640625000000e+04
3.560874218750000000e+04
3.297217187500000000e+04
2.909220117187500000e+04
3.441758593750000000e+04
3.275111523437500000e+04
3.154709765625000000e+04
3.064282812500000000e+04
3.221733593750000000e+04
3.417568750000000000e+04
2.718422656250000000e+04
3.420015625000000000e+04
3.284935546875000000e+04
3.267846484375000000e+04
3.652108593750000000e+04
3.285970312500000000e+04
2.990098046875000000e+04
2.729138085937500000e+04
2.959984375000000000e+04
2.791258203125000000e+04
2.692198437500000000e+04
3.178516210937500000e+04
3.407425000000000000e+04
3.207310546875000000e+04
3.043896679687500000e+04
3.386789062500000000e+04
3.105513281250000000e+04
3.116731250000000000e+04
3.542214453125000000e+04
3.222994921875000000e+04
3.535071093750000000e+04
3.359383203125000000e+04
3.387201171875000000e+04
3.011562890625000000e+04
3.103601953125000000e+04
3.590398828125000000e+04
3.228008398437500000e+04
3.491311328125000000e+04
2.992395312500000000e+04
3.680228515625000000e+04
2.970451171875000000e+04
3.186953125000000000e+04
2.694876171875000000e+04
3.102567578125000000e+04
3.287392968750000000e+04
3.358607031250000000e+04
3.616511718750000000e+04
3.035648046875000000e+04
3.144644531250000000e+04
3.417693359375000000e+04
3.195720703125000000e+04
3.431762500000000000e+04
2.742305664062500000e+04
3.307840625000000000e+04
3.172564843750000000e+04
3.417054687500000000e+04
3.194861328125000000e+04
2.840217773437500000e+04
3.182845117187500000e+04
3.145568750000000000e+04
3.197034375000000000e+04
3.451908203125000000e+04
3.569421093750000000e+04
4.189097656250000000e+04
2.950479882812500000e+04
3.785905859375000000e+04
3.255275390625000000e+04
3.442380468750000000e+04
3.602523437500000000e+04
3.218596875000000000e+04
3.163327539062500000e+04
3.365492968750000000e+04
2.905360156250000000e+04
3.247815039062500000e+04
2.865547070312500000e+04
3.298883984375000000e+04
2.831505859375000000e+04
3.259933984375000000e+04
3.035686328125000000e+04
3.847505078125000000e+04
3.376322265625000000e+04
3.342508593750000000e+04
3.274838085937500000e+04
3.338703125000000000e+04
3.343684375000000000e+04
2.468339453125000000e+04
3.520473046875000000e+04
2.798894531250000000e+04
3.091347656250000000e+04
3.433643750000000000e+04
3.126158203125000000e+04
3.000914062500000000e+04
2.926241796875000000e+04
3.899367968750000000e+04
3.238587500000000000e+04
3.759132812500000000e+04
3.314881250000000000e+04
2.750562109375000000e+04
3.422435546875000000e+04
2.885640234375000000e+04
2.957041406250000000e+04
3.149004296875000000e+04
3.170455273437500000e+04
3.229032031250000000e+04
3.045075000000000000e+04
3.201304882812500000e+04
3.168658984375000000e+04
3.345345312500000000e+04
3.441169531250000000e+04
3.063581640625000000e+04
3.281196875000000000e+04
3.081010351562500000e+04
3.036108593750000000e+04
3.162035351562500000e+04
2.972941015625000000e+04
3.110109765625000000e+04
3.426330468750000000e+04
3.545776562500000000e+04
3.002117773437500000e+04
3.490367187500000000e+04
3.536148046875000000e+04
3.181700781250000000e+04
3.188945312500000000e+04
3.401952734375000000e+04
3.147399023437500000e+04
3.342169921875000000e+04
3.227495117187500000e+04
3.042930078125000000e+04
3.238314062500000000e+04
3.076527148437500000e+04
3.117592187500000000e+04
3.375105468750000000e+04
3.598957421875000000e+04
3.011953125000000000e+04
3.836376171875000000e+04
2.986312304687500000e+04
3.330034375000000000e+04
3.047178710937500000e+04
2.986461328125000000e+04
3.338328515625000000e+04
3.082367578125000000e+04
3.080352148437500000e+04
2.755959570312500000e+04
3.153138867187500000e+04
3.045885937500000000e+04
3.229038867187500000e+04
3.061489257812500000e+04
3.533158203125000000e+04
3.207572460937500000e+04
2.977944335937500000e+04
3.061331250000000000e+04
3.264492578125000000e+04
3.307146093750000000e+04
2.736994921875000000e+04
2.897466992187500000e+04
3.359373437500000000e+04
3.333612500000000000e+04
3.157927539062500000e+04
3.204614453125000000e+04
3.221698632812500000e+04
2.924161328125000000e+04
2.814581445312500000e+04
2.926664257812500000e+04
3.394964843750000000e+04
2.981428710937500000e+04
2.921431445312500000e+04
3.180567187500000000e+04
2.789065429687500000e+04
3.313200000000000000e+04
3.543549218750000000e+04
2.946354882812500000e+04
3.349417187500000000e+04
3.037870703125000000e+04
3.680517187500000000e+04
3.128548828125000000e+04
3.051134570312500000e+04
2.914218750000000000e+04
2.948026367187500000e+04
3.369502343750000000e+04
3.119170117187500000e+04
3.165442382812500000e+04
3.006107226562500000e+04
2.950808984375000000e+04
3.302625781250000000e+04
2.939213281250000000e+04
2.930215429687500000e+04
2.528879882812500000e+04
2.903209765625000000e+04
2.916123828125000000e+04
2.759383203125000000e+04
3.914568750000000000e+04
3.023953515625000000e+04
3.461683203125000000e+04
3.017870507812500000e+04
3.451962109375000000e+04
3.009883593750000000e+04
2.951953906250000000e+04
3.716458984375000000e+04
2.882138867187500000e+04
3.164982812500000000e+04
3.055433984375000000e+04
3.502858593750000000e+04
3.567593359375000000e+04
3.105974218750000000e+04
3.606481250000000000e+04
3.285420312500000000e+04
3.407407812500000000e+04
2.968029492187500000e+04
3.244505859375000000e+04
3.351054296875000000e+04
3.072528125000000000e+04
3.459628906250000000e+04
3.201366406250000000e+04
3.084985351562500000e+04
2.972616210937500000e+04
3.069489453125000000e+04
3.270442578125000000e+04
3.236242968750000000e+04
3.522699218750000000e+04
3.606538281250000000e+04
