-1.318994434917929757e+05
-1.492629990247280337e+06
-1.658323326356631238e+06
-2.262293110456531867e+06
-2.749559359469671268e+06
-8.773165704501187429e+05
-1.453739241164015140e+06
-8.493933388774991035e+05
-1.552387289859996177e+06
-1.000443185126275173e+06
-6.732682593960958766e+05
-4.194778624625328230e+05
-9.474116184995062649e+05
-5.145743965706804884e+05
-6.031899538250206970e+05
-5.019787341671871254e+05
-4.508297196380496025e+05
-9.543567106472922023e+05
-7.831578996648002649e+05
-7.303609206891502254e+05
-9.644341787205267465e+05
-5.821998145555451047e+05
-7.245358947577584768e+05
-8.608429612904958194e+05
-7.954296814718560781e+05
-1.844768101429421455e+06
-9.029032600924429426e+04
-1.216798096858807839e+06
-1.200460776154642459e+06
-2.422344214865163434e+06
-1.696825700976766646e+06
-1.621989657096369890e+06
-6.123750229126842460e+05
-1.141642614852251252e+06
-7.889806457552639768e+05
-8.533211516539206496e+05
-1.064093387210989837e+06
-1.148089905028513400e+06
-1.115306678771327250e+06
-1.606794500969883054e+06
-1.247624451782800257e+06
-7.730608540588270407e+05
-2.285090465603563003e+06
-9.360477643237104639e+05
-8.106993966340383049e+05
-8.741325141930939863e+05
-8.422986250234054169e+05
-6.892808161670528352e+05
-5.838580125504611060e+05
-1.209792505908007268e+06
-6.082460863482927671e+05
-1.402385684865279822e+06
-1.765362288024545182e+06
-6.752768260588513222e+05
-1.355063071556441952e+06
-1.099586691945726925e+05
-6.033536805514724692e+05
-5.512144450522272382e+05
-2.525404357327898499e+06
-5.176741747834396665e+05
-2.995846146194773610e+05
-8.761643218198011164e+05
-1.201383662383700255e+06
-5.044358272807487519e+05
-1.832345999387087999e+06
-1.466757998629311100e+06
-9.560199382728211349e+05
-8.649391464244838571e+05
-1.709719397907149512e+06
-2.886445666656172252e+05
-6.376068346240225947e+05
-6.549220430160588585e+05
-1.561363678750784602e+06
-1.605639446206397144e+06
-4.228455150740597164e+05
-1.151773999650303507e+06
-4.400725617167530581e+05
-1.017341874325465411e+06
-1.056926602069144603e+06
-5.141958736773533747e+05
-1.237878087891237577e+06
-1.243306943537299056e+06
-1.092585153789524222e+06
-1.120571136822682573e+06
-1.477716891999327112e+06
-2.786453909986021463e+05
-1.026068262085571652e+06
-2.675570370886081364e+05
-6.598455616647719871e+05
-8.164757627194451634e+05
-1.286654874761474086e+06
-2.934999215684243478e+06
-3.625268955526945181e+06
-1.422488916363931494e+05
-1.042078966262995033e+06
-7.781020066191251390e+05
-1.021418107368818484e+06
-9.022770146988583729e+05
-1.286117280926824082e+06
-2.823489457388479263e+06
-2.552425027147150598e+06
-1.908749688943948131e+06
-6.887901362486948492e+05
-8.586938175778519362e+05
-8.387156826520634349e+05
-9.753388649495996069e+05
-4.940766504224970704e+05
-1.006331674534461112e+06
-4.141860427379610483e+05
-7.771530597599059111e+05
-1.770006046068354743e+06
-1.573180942067229655e+06
-2.448446402940089349e+06
-2.430905837601718958e+06
-5.886156785509914625e+05
-8.106287365498022409e+05
-6.537469189298223937e+05
-5.898995163212001789e+05
-6.663868093258995796e+05
-4.635089715295872884e+05
-5.261190899440657813e+05
-5.739729593494676519e+05
-7.321357253163214773e+05
-2.279916458939231932e+06
-4.617234021583655849e+05
-1.248430357842750149e+06
-8.547059879090052564e+05
-1.363263152660815278e+06
-2.317905792467663996e+06
-1.104530670708240243e+06
-6.295064329311742913e+05
-7.510757819828210631e+05
-6.967284949925490655e+05
-8.800197912454617908e+05
-1.271213753695160383e+06
-9.992779906847539824e+05
-1.017832351013542153e+06
-3.925813186405462329e+05
-7.531317874242510879e+05
-1.550920165629775962e+06
-5.302452825651939493e+05
-1.902789868196161464e+06
-1.811274381561304210e+06
-1.386938634732170496e+06
-1.166310860267974436e+06
-1.931134154119202169e+06
-1.254796304467651295e+06
-7.145881468998944620e+05
-3.400315374173661694e+05
-7.562287749773449032e+05
-1.121593544153592084e+06
-1.724243854157494381e+06
-2.714813104031586554e+06
-2.530467958616313525e+06
-8.206879804313570494e+05
-6.518638348652914865e+05
-8.042997211421903921e+05
-1.128656328576131491e+06
-4.567824203624411603e+05
-1.162416262110938784e+06
-6.622567840850460343e+05
-1.155461879383091582e+06
-9.062743430808798876e+05
-9.508873516684308415e+05
-1.102173541878068354e+06
-9.113632961056351196e+05
-9.478873411019349005e+05
-8.828459439347476000e+05
-1.979406721224337118e+06
-1.538849179450155701e+06
-6.608974537810970796e+05
-1.198625960112501169e+06
-1.212151946852297522e+06
-3.303544786669985042e+05
-5.541522751931465464e+05
-6.592374889190623071e+05
-1.175215567622643430e+06
-5.573391085820631124e+05
-1.103891857052920852e+06
-9.082551710690634791e+05
-7.280010707420191029e+05
-7.501460012558000162e+05
-1.468566621360849123e+06
-2.610588740869851783e+06
-2.550298539386177436e+06
-1.764520044188593281e+06
-2.196332496971401386e+06
-6.283961566136993933e+05
-1.020733134662228054e+06
-1.774398833811511751e+06
-1.055237809644883266e+06
-1.011493978024491691e+06
-5.121122236543075414e+05
-1.015913241918500164e+06
-6.509174056982964976e+05
-5.308579271260730457e+05
-1.211604719905373640e+06
-1.035188355893288506e+06
-1.525125264296549372e+06
-9.234337587468611309e+05
-1.259317524220758583e+06
-1.416296568303110776e+06
-5.534572890975952614e+05
-1.217399369640342193e+05
-8.663072277396537829e+05
-3.569639163736103219e+05
-7.247691723915536422e+05
-1.535719769820690621e+06
-1.267230246634928277e+06
-1.875963368050005985e+06
-2.081250732349053724e+06
-7.514041480083076749e+05
-1.546269394234592095e+06
-3.602435566851721378e+05
-1.034036518961608177e+06
-2.215603855579762720e+06
-1.684333152253917186e+06
-8.461073821703356225e+05
-1.522787351261018543e+06
-1.005643616276280256e+06
-5.119620538590404904e+05
-6.059493710422517033e+05
-1.631810383988747373e+06
-8.276444209771655733e+05
-4.566293462166343816e+05
-9.611771201872890815e+05
-1.457911016271096189e+06
-7.161467471572009381e+05
-5.607642234501664061e+05
-8.739947612328331452e+05
-9.498158666205558693e+05
-8.191710445200267714e+05
-1.155990120774579700e+06
-2.935690394735086011e+05
-6.198201747480651829e+05
-9.486234254294820130e+05
-1.998283661214341177e+06
-1.758741832667655544e+06
-1.780568341641447274e+06
-8.221089195816705469e+05
-1.059353620427250396e+06
-7.804299234663575189e+05
-7.836263391533086542e+05
-1.695529886509421514e+06
-1.488785811683781212e+06
-1.097864966635424411e+06
-9.748287489897686755e+05
