4.159554603744902852e+04
4.767747293649987550e+05
8.469706697810285259e+05
1.044563766512565897e+06
1.132038710300630657e+06
1.064819018702293746e+06
1.078359124232792063e+06
1.093943598062413279e+06
1.263213927675366867e+06
1.419091322920738952e+06
1.556228837600543629e+06
1.517615060064859223e+06
1.457882449034420075e+06
1.412077959352994105e+06
1.455353849965219386e+06
1.422182627692734590e+06
1.431410161223059287e+06
1.440393829349006061e+06
1.452594230180502636e+06
1.453133356466779020e+06
1.391520131791782100e+06
1.369874197075101081e+06
1.370676887622605544e+06
1.356227963311385363e+06
1.351785686104716267e+06
1.376521732682473492e+06
1.393902539292342728e+06
1.481991772209850140e+06
1.596894063512600260e+06
1.533608568637100747e+06
1.542083262113156263e+06
1.524057862149167340e+06
1.470613212625540327e+06
1.499139288787298137e+06
1.468567032995559741e+06
1.460718785914490465e+06
1.547422296051870333e+06
1.529276928108486813e+06
1.454163504620538559e+06
1.474216252291315002e+06
1.465344513572693570e+06
1.497167465706800343e+06
1.506046380998607725e+06
1.550837573827089276e+06
1.534683691551463678e+06
1.501434501902506687e+06
1.469501126972236903e+06
1.446307927667984273e+06
1.440963204724223353e+06
1.436828562665376114e+06
1.428561723850698210e+06
1.446617113926901715e+06
1.468875710018621292e+06
1.480262363315934548e+06
1.450357548867226345e+06
1.455476212908068439e+06
1.452764562996075954e+06
1.395979789887116058e+06
1.427331285852404777e+06
1.408591390100878663e+06
1.412472742411734769e+06
1.385814544406804489e+06
1.399506235109842150e+06
1.399134613269602414e+06
1.429617805888766656e+06
1.423251438326990698e+06
1.408724086471909657e+06
1.378885241696745623e+06
1.380533231774082873e+06
1.422988289036827860e+06
1.443808743012574036e+06
1.442861917663875036e+06
1.416377225882292259e+06
1.398802433296361007e+06
1.422658895337834721e+06
1.386155542175203096e+06
1.378961028027562890e+06
1.374829344585819636e+06
1.328081569356131367e+06
1.375775163981906837e+06
1.361789993610021193e+06
1.392022881698054494e+06
1.390062012749133399e+06
1.355521273785814876e+06
1.352374110042159213e+06
1.340650675084138755e+06
1.361925636195753468e+06
1.370647279751623748e+06
1.363556949640974868e+06
1.363539003969939193e+06
1.353804496978563024e+06
1.378137091701115947e+06
1.348684500986903673e+06
1.356396625273078680e+06
1.361391695454255212e+06
1.384614749607789097e+06
1.369044602205684176e+06
1.320141035491933348e+06
1.333721217470666626e+06
1.344136328352162149e+06
1.386127389117656741e+06
1.352685779418569058e+06
1.352469930750533473e+06
1.339572081828443566e+06
1.350598441080640769e+06
1.334563527731940849e+06
1.340156167283852119e+06
1.345823725309498142e+06
1.361626002645218745e+06
1.334440490903323749e+06
1.371303994843530934e+06
1.351521431070705643e+06
1.355489870689935517e+06
1.366786354914695490e+06
1.361014897955856519e+06
1.366492215517086675e+06
1.379649637823005673e+06
1.304966040090189083e+06
1.337184928578155115e+06
1.347682865830699448e+06
1.315069116428223904e+06
1.339979962413174100e+06
1.323700446212721523e+06
1.328973119718744652e+06
1.321198357361169066e+06
1.304986517321438761e+06
1.296032538677403471e+06
1.335015216441050172e+06
1.369335381220411509e+06
1.337513947478101123e+06
1.371615119565205183e+06
1.339841433104043594e+06
1.315701508933213074e+06
1.336307160930044483e+06
1.335199767227791715e+06
1.311988034084513318e+06
1.289322568439044058e+06
1.316531695754021872e+06
1.303620253470809199e+06
1.312940654217993142e+06
1.290205993933430873e+06
1.347852180426242761e+06
1.307426835202433635e+06
1.305169320616536541e+06
1.305685022283199243e+06
1.336902605645467527e+06
1.285706048356543761e+06
1.317533695173626300e+06
1.318269066054556984e+06
1.332902751318816328e+06
1.317189509916544892e+06
1.339979417389318813e+06
1.337405779814825859e+06
1.292070937453577761e+06
1.314717835965795442e+06
1.325339486457417486e+06
1.352637621474433690e+06
1.365544871386601590e+06
1.336036906833546469e+06
1.323518469321536599e+06
1.342545770018313546e+06
1.365547002768212929e+06
1.353702171899424633e+06
1.388201110832733568e+06
1.365640522243829444e+06
1.383654601325633703e+06
1.383214738761026179e+06
1.395741820027517620e+06
1.409539130038593430e+06
1.445574889186401619e+06
1.429439230176322162e+06
1.493285452314912574e+06
1.486327361061396310e+06
1.470735607348582009e+06
1.491411766822228674e+06
1.495565893466682639e+06
1.474681888228756608e+06
1.479085031752206851e+06
1.500096246962450445e+06
1.459328201275961706e+06
1.459598129091623705e+06
1.487426264020848088e+06
1.482826670044691768e+06
1.482970024839927442e+06
1.451494163900072221e+06
1.544605751972963335e+06
1.497184905670800712e+06
1.510416070196750341e+06
1.492488946305066813e+06
1.485029152026577387e+06
1.500349286995164584e+06
1.499421777332140366e+06
1.507386374011329142e+06
1.533196984803385567e+06
1.490223622776970500e+06
1.509527449069699738e+06
1.541490467659043847e+06
1.483229814674007474e+06
1.506276963952525286e+06
1.485462064149305690e+06
1.454907226235653507e+06
1.476689391625459073e+06
1.437410368372562807e+06
1.515900810608247062e+06
1.495608709747878369e+06
1.490285276849861257e+06
1.462854851309200982e+06
1.461012620479642414e+06
1.430781513926801505e+06
1.496424690958926920e+06
1.458858496921891812e+06
1.502313035037206952e+06
1.482415795387876453e+06
1.472669030172192724e+06
1.458679565282218624e+06
1.425020419975402998e+06
1.482503453835549997e+06
1.479428460619105492e+06
1.469908298432044452e+06
1.468835538183099590e+06
1.450983118399554398e+06
1.490257719644010998e+06
1.431193582016002387e+06
1.441133738296621013e+06
1.439066607715676539e+06
1.445833102478147717e+06
1.488100105392022524e+06
1.416880572576700244e+06
1.427484821980714565e+06
1.433246593971575610e+06
1.493481536823748611e+06
1.439014332774250768e+06
1.489959965063086245e+06
1.462467079018210294e+06
1.443783685252268100e+06
1.436019276179727167e+06
1.415134734402163653e+06
1.435066946703595575e+06
1.466232141515210737e+06
1.401420826523204800e+06
1.451825898065949790e+06
1.448429808745416580e+06
1.479208118158070836e+06
1.444921879399633035e+06
1.462960053600019310e+06
1.445969309052153258e+06
1.468151323147994233e+06
1.451528514600740047e+06
1.469662803129052510e+06
1.449485049865626264e+06
1.440905064376773778e+06
1.409093112381892977e+06
1.444008585446846206e+06
1.434764658594495151e+06
1.438498077641817275e+06
1.421864780104988720e+06
1.476417315239236690e+06
1.440040348554506665e+06
1.420546009557887213e+06
1.427981449072952149e+06
1.515659927426747512e+06
1.487790302977708634e+06
1.474341618325043004e+06
1.473193221219226485e+06
1.441093499134453014e+06
1.413512889049664605e+06
1.452569882141919108e+06
1.370664530601025093e+06
1.423372874089400982e+06
1.427638586095402716e+06
1.455624063802916091e+06
1.473503534065285698e+06
1.491777206832765136e+06
1.470107690513179637e+06
1.475929915077943821e+06
1.497572317960137734e+06
1.452877297679831740e+06
1.463539183243732434e+06
1.473821561756230658e+06
1.483936221242861124e+06
1.485377074016893283e+06
1.462104194812746253e+06
1.437865746771990787e+06
1.470330423048171215e+06
1.470313844051842811e+06
1.431955102403702447e+06
1.420763320138426498e+06
1.484204925551891793e+06
1.437136299806795781e+06
1.441017290442621568e+06
1.438832989632184617e+06
1.447211008698308840e+06
1.433855527973920340e+06
1.451119083480063127e+06
1.453001978436151054e+06
1.444364893900176976e+06
1.455832961676152889e+06
1.448838384260208113e+06
1.438198307393584400e+06
1.455901955269579776e+06
1.409568188948630821e+06
1.475908887995716650e+06
1.476349732324931538e+06
1.448479690499886405e+06
1.432534781288543250e+06
1.433524552407761803e+06
1.435818500325613189e+06
1.428653036166746635e+06
1.431895468411010457e+06
1.408109298497327836e+06
1.454396718572328798e+06
1.394517866505659651e+06
1.431848742142126895e+06
1.376194454731560312e+06
1.426582969680636190e+06
1.391502455148597946e+06
1.425013063742458355e+06
1.410093893142197980e+06
1.425594549877250800e+06
1.413466381835638080e+06
1.422699159916582750e+06
1.351212004172856454e+06
1.440295389915060950e+06
1.447972191554812249e+06
1.407584620453642216e+06
1.447607098331331974e+06
1.393442384225751041e+06
1.414103632250499213e+06
1.405936481939815683e+06
1.389698598617951851e+06
1.382671275827288162e+06
1.399155492288537556e+06
1.413190236492862459e+06
1.398473731900614686e+06
1.364074229911220027e+06
1.372789419247993035e+06
1.386480074391306145e+06
1.387763996201426489e+06
1.410499200393403182e+06
1.399697304817695403e+06
1.377337366441086633e+06
1.417858577283135150e+06
1.389106184743783902e+06
1.472584926845207810e+06
1.338526696455852594e+06
1.450940486358459573e+06
1.370969632561323233e+06
1.398060821107586846e+06
1.383759437250028597e+06
1.385162297702336218e+06
1.418009616287821205e+06
1.357399727739017690e+06
1.392114005498438142e+06
1.400458246993740788e+06
1.410073491291103419e+06
1.366926855843528407e+06
1.420412594353316352e+06
1.365848614294558764e+06
1.376309561623356771e+06
1.407147075082768453e+06
1.374874569502968341e+06
1.354478825500516687e+06
1.400779933987664757e+06
1.392209247647780459e+06
1.377559538732570596e+06
1.384855102846044814e+06
1.383907588531262707e+06
1.393000142136088107e+06
1.386164137085670372e+06
1.400664618498620111e+06
1.391239581476179417e+06
1.409700181545671541e+06
1.405321183640175732e+06
1.412542490659663919e+06
1.382637777883989271e+06
1.378022307140153367e+06
1.417743563005652744e+06
1.382809730588307604e+06
1.376312848662854871e+06
1.447332498201764654e+06
1.395089497868886450e+06
1.375773898741862271e+06
1.409966734571266919e+06
1.346974274612180889e+06
1.341135521834574174e+06
1.332150038051704410e+06
1.364022403938635718e+06
1.351607436777281109e+06
1.340802929356899578e+06
1.408484141542392783e+06
1.415646750832056627e+06
1.391124960933979833e+06
1.335900859946809476e+06
1.344765632496419130e+06
1.360542673257657792e+06
1.410237943092481699e+06
1.360760820751996711e+06
1.348582501557925716e+06
1.396350205683313776e+06
1.396020312543220352e+06
1.384903451394955395e+06
1.395960949698131997e+06
1.423069874190040166e+06
1.344638943361074664e+06
1.403608068545643007e+06
1.388330049361474346e+06
1.334146440433183685e+06
1.384743436396855162e+06
1.386325002228330588e+06
1.377532033051457722e+06
1.382273988900213037e+06
1.388923754447655054e+06
1.349327638102701399e+06
1.368045488646745915e+06
1.382044874573733425e+06
1.371870788213221589e+06
1.319079609484130749e+06
1.362725464786183322e+06
1.361176841048272327e+06
1.366410094631963642e+06
1.381750396868224954e+06
1.346284008358753985e+06
1.338627190906404983e+06
1.359593414725223556e+06
1.339318422450763639e+06
1.331867227922693361e+06
1.376049901689274702e+06
1.368245116199290846e+06
1.356920628208780196e+06
1.352114195783397648e+06
1.364063102496757638e+06
1.380572683976498665e+06
1.338441301793028135e+06
1.383848104566062801e+06
1.370294871302350191e+06
1.372927842166394461e+06
1.366572355013483670e+06
1.394202885588144651e+06
1.347872649920324795e+06
1.357543332025910262e+06
1.391167585041502258e+06
1.342393599770517554e+06
1.385016991036750376e+06
1.369644425493043382e+06
1.363683965237416793e+06
1.328456609267531894e+06
1.373056454659980489e+06
1.328224892727283295e+06
1.309929339552611578e+06
1.338145530266741756e+06
1.334462226538192481e+06
1.358577667113115313e+06
1.396784714717190247e+06
1.335209119231446180e+06
1.374245979973926675e+06
1.382079461309639271e+06
1.368319575784089044e+06
1.371049594720233930e+06
1.340848960366888437e+06
1.366940992893370101e+06
1.335425766009500250e+06
1.348578858479896560e+06
1.367363539514717879e+06
1.353415965648332844e+06
1.337997510709175374e+06
1.373070651659930823e+06
1.383558189827621449e+06
1.353949058944508666e+06
1.349286606295144884e+06
1.371777251909998478e+06
1.372610044917651685e+06
1.352435495893893763e+06
1.351169897091552150e+06
1.342680060093393084e+06
1.385825819403528702e+06
1.356352432745416183e+06
1.356547000233926577e+06
1.396000188100571977e+06
1.415039935598173644e+06
1.362944809678188059e+06
1.375301063504225574e+06
1.350365892020264175e+06
1.389319045197285479e+06
1.350269206982763484e+06
1.346092986481611151e+06
1.351908877467112150e+06
1.339174718820435228e+06
1.344688470429502428e+06
1.368092034974837443e+06
1.330825584778063931e+06
1.370833207903148141e+06
1.351991062835127348e+06
1.362878501343344804e+06
1.357495263175915694e+06
1.342997910358397756e+06
1.359779600734652020e+06
1.373104886819992913e+06
1.352785796205808176e+06
1.360698670997080859e+06
1.351258776772972895e+06
