1.667943840467232076e+04
2.042012081411247709e+04
1.880732461625512224e+04
1.247940759356355920e+04
1.588311258219450792e+04
2.047292058226313384e+04
2.142514666554641735e+04
2.293531588611729239e+04
1.989968895296533083e+04
2.820437414097857982e+04
1.283268312636549308e+04
1.817090305481118776e+04
2.412767081190586396e+04
1.527887283036212102e+04
2.091690144540934853e+04
2.469076568330820737e+04
1.933607934449706590e+04
2.614450078453883179e+04
1.770192720937002377e+04
1.889718113308809552e+04
1.595132572534961582e+04
1.379679126461502710e+04
1.433337776486128496e+04
1.835608819323965508e+04
1.578218619023674364e+04
1.678059187456417931e+04
1.312740773896720202e+04
1.543231753039430259e+04
2.081956312522612643e+04
1.817631478530235108e+04
