-9.360000000000000000e+02
-1.603807945296789967e+03
-2.538952746950835262e+03
-1.648231980701692692e+03
8.850508135250998748e+03
-5.036715802203436851e+02
6.705706085849787996e+02
3.671213832899696172e+03
-5.823992981735502781e+02
3.509180625117855016e+03
6.459155216669154470e+03
1.088903488773949221e+03
1.173064887450230162e+04
1.164592388295342971e+04
3.829228569481212617e+03
1.902216420261705935e+04
3.187206115911573306e+03
3.438038308676268571e+03
4.925991284925102264e+03
-8.941416305255683028e+02
3.952581871594311451e+03
6.795679594433236161e+03
5.360269080123156527e+03
1.749124302727001850e+04
3.581879882873928182e+03
3.299671647920909891e+03
1.163725689709778817e+04
1.463794811305288931e+04
-1.158775597997025670e+02
-6.855761649743833459e+02
6.893632711279000432e+03
8.866639266335276261e+03
6.231701688766305551e+02
2.266635101205864885e+03
2.697599757555798988e+03
3.002182115142393741e+03
2.383258694620875758e+03
1.053753215843332691e+04
9.232379757700056871e+03
1.531321484736406273e+04
5.994331518964420411e+02
2.504682700591191860e+03
3.018106878232416420e+03
2.011390739430522444e+04
3.539281967445467671e+03
1.013898327669769060e+03
4.481876264575970708e+03
1.091742562179923334e+04
7.033343869503762107e+03
1.453327845499519935e+04
4.455041535711642609e+03
1.386687049875975390e+04
6.786320361089994549e+03
4.255300478315890359e+04
1.022504689314301868e+04
4.569599068319962498e+03
-2.839184984575660565e+03
6.024871069059962565e+02
1.601036325626557755e+02
-6.018881930742202258e+02
4.187530006079064151e+03
-8.423318610171158980e+02
3.849043170585398911e+03
4.769272400839166949e+03
-1.515949656606994722e+03
-7.432936071995012526e+02
6.710176697778762900e+03
1.728265364141107420e+04
1.508870698822103441e+04
1.674102224268080363e+03
3.370266747941996528e+03
1.988392123928526780e+04
1.381455929501204992e+04
2.235618660140635711e+03
-1.382529944591536378e+03
4.204647465896746326e+02
2.226955794464311566e+03
1.924096577500711646e+04
1.069505892429183405e+04
-9.533330223626591078e+02
7.802041213663172130e+03
8.909387635751216294e+03
1.416502780015482494e+04
2.716031537789923095e+04
1.718218031960563167e+03
9.937404966251306178e+03
1.590522362576806700e+03
-6.909657406638996235e+01
1.641979827865268362e+03
2.184599111097975310e+03
3.125502463002943841e+03
-1.051652694592039552e+02
6.710193292621311230e+03
-3.932698184553936471e+02
4.938501052279643773e+03
-2.637303015304062228e+02
1.673352780964425619e+04
4.398788441090620154e+02
1.421104258486260733e+03
2.037461121338594603e+04
8.280436881024981631e+03
2.360706304638358415e+04
5.629831283540736422e+02
4.305190823714837052e+02
2.880248351756494958e+04
2.011257673240013219e+03
3.789608462939700985e+03
3.865810761544556499e+03
1.299919145814294825e+04
2.634632226846809317e+03
9.898818847558139169e+03
7.678584293336130941e+03
-2.354711345927350521e+03
-7.565231362278973393e+02
5.209529371853418525e+02
3.193319055322574513e+03
1.450468160125339273e+04
3.070210697825107786e+02
8.320389775730263864e+03
2.236434135181743841e+03
-1.547915222380971954e+03
1.450857838921015900e+04
6.969934063915775369e+03
9.025417996650534405e+03
1.670097059091570486e+02
3.739815752957248151e+03
-2.981209404403956341e+03
1.855269198506961766e+04
-1.956177569249366343e+03
1.916323760848908023e+03
-1.123673757996971744e+03
-3.157577655231235440e+03
-3.816802668810556497e+03
1.579679040561671172e+03
-1.770860870245728620e+03
1.262587746408553357e+04
1.455258991825259363e+04
1.711816045391555690e+03
1.049000141728119843e+03
-2.367843390541051122e+03
1.280355802943699382e+04
-1.868186484409518698e+03
-6.185003752962882118e+02
-3.764328116498286363e+02
3.552963544734599282e+02
4.351970518121135683e+03
-2.458215523230011058e+03
2.218044957249649087e+02
5.338981105507509710e+02
4.015794974110405292e+03
-3.225521845083647349e+03
1.661551633704740652e+03
1.945694893328535181e+04
2.345715901889912402e+03
-1.812272181754855865e+03
-1.262116250529108811e+03
-4.180561879114345174e+03
3.613879683285523242e+03
-4.151319285120855966e+03
-1.981142167952001500e+03
-1.875128204223821740e+03
1.346072301742355194e+04
-3.695254518226172877e+03
-4.102409554828655928e+03
1.356949406729797556e+04
2.770987875132076078e+04
-3.617848734598278497e+03
1.074823700385552547e+04
9.406389026339999759e+01
5.817025011020963575e+03
2.018751898986118249e+04
-1.778246442840429154e+03
-2.452629446034214197e+03
1.355820079970163988e+03
4.878916995671386758e+03
4.470184807209599057e+03
-3.584648312018603519e+03
1.717748700808306239e+02
-2.105952261824959351e+03
-4.002770166569265257e+03
-4.050620549057143307e+03
-2.025127506733001155e+03
-4.584571643058220616e+03
5.671241894501972638e+03
-3.791738319869292354e+03
-7.752986048140121511e+02
-3.359319507971315943e+03
5.003665638470492922e+03
5.802064427126528244e+03
-3.694659487957987949e+03
-2.006637402626317225e+03
-3.690298538507263402e+03
-5.061376257618395357e+03
-3.580469802971885656e+03
-4.976603031080345318e+03
-2.440383070957695963e+03
-6.150039324000668785e+03
-3.417185587292230593e+03
7.277626617277055630e+03
-2.947292183252988707e+03
1.426976606918669131e+04
7.243925363561592349e+03
-3.767167979829886008e+03
-5.735232580009453159e+03
-3.849537575558503704e+03
-5.856087638746676021e+03
-1.880626848497694482e+03
-6.564014286875200924e+03
-5.603559873665528357e+03
-7.840978257996026514e+03
-2.704151444832935795e+03
-2.290262254051225682e+03
-6.849546154448754351e+03
-3.592131337136114780e+03
-4.158065515686153958e+03
4.555628554342256393e+03
-3.667848358139657194e+03
1.382390431274476578e+04
-3.405696105590703610e+03
6.412424704004239402e+02
-2.873996022078641545e+03
5.399969881436182732e+03
-3.611054233570303495e+03
1.891764994219338405e+03
1.254968648395658420e+04
-6.248987746248740223e+02
-2.882176192245531638e+03
-3.021655396648526676e+03
-6.220751397640204232e+03
-5.381102511458396293e+03
3.924971258199659133e+03
5.807924915857973247e+03
-5.953426559699491918e+03
4.841611567557786202e+02
-5.257523413793441250e+03
1.056400990321144491e+02
-4.673412879033657191e+03
-1.182274348442145765e+03
-4.558021919360470747e+03
-1.695033538588508691e+03
1.677041122703846213e+03
-3.769322359907265309e+03
-3.902577064516165592e+03
-3.980882028909688870e+03
-3.886652610624197223e+03
6.451846946140396540e+03
-2.586844407676334868e+03
6.814873855032606116e+03
-2.263274837758634931e+03
-3.937247143131200119e+03
-1.947812691133516182e+03
-2.981090344171271227e+03
-8.791368401673017843e+02
-3.644077548722093070e+03
-3.884560563690036361e+03
2.404916127081171737e+02
1.279219236472875673e+04
-4.431883683600965924e+03
-4.971365049090646608e+03
-5.718896156002417229e+03
-5.009970928973883929e+03
-5.768277588052179453e+03
-6.621742629695570031e+03
-2.772479647614838086e+03
-6.768059515347666093e+03
3.381295595358009905e+03
-4.992591075032271874e+03
8.788046562701440052e+03
-7.553100533997910134e+03
-7.444890236603879202e+03
1.075595438061366622e+04
4.890197900237776594e+03
-8.876451102493701910e+03
-7.366485486658547416e+03
-4.075603247540957000e+03
-4.077438522006611493e+03
1.315526587590773715e+03
-3.894242656848455226e+03
1.197682494030159887e+03
-8.476000839879854539e+03
-4.426520684403159066e+03
-8.867079208285495042e+03
-5.005511077751551056e+03
6.927687754834465522e+03
-7.846975435466549243e+03
-4.528523175686050308e+03
-5.390038596946707003e+03
-8.945693602188717705e+03
4.982200472012529644e+03
-1.569196809957147707e+03
2.193779844262285042e+04
-3.381031405209796958e+03
-4.603781289589356675e+03
5.952176027119989158e+03
-1.801542903104970719e+03
-4.682283029000066563e+03
-5.680886767741505537e+03
-7.246796177240461475e+03
-8.771029097809650921e+03
-6.862534715058332949e+03
-6.362023592525445565e+03
-9.841948313353992489e+03
-1.014234375749488754e+04
-1.061416770044874465e+04
-1.171199139781425220e+04
-9.830018998512634425e+03
-8.651372746843446293e+03
-1.254030981946495012e+04
-1.154114632096588502e+04
-4.947821763366360756e+03
-1.304059317877779358e+04
-1.315604760607781645e+04
-1.183667140727668811e+04
-1.332150442434292381e+04
-1.499038549478270761e+04
-1.529564740999061542e+04
-1.452513252117964839e+04
-1.656309816568879978e+04
-1.349658324579724649e+03
-1.542240960177261513e+04
-1.555536903919855467e+04
-1.439990271562592716e+04
-1.823498546039774010e+04
-1.752922281297749942e+04
-6.522374370788907981e+03
-1.350157662232605981e+04
-3.835940285235155898e+03
-1.112208956287570618e+04
-1.645296727315414319e+04
-1.324958469409898498e+04
-1.674046066056872223e+04
-1.026646110690329078e+04
-9.989714396294330072e+03
-1.505622667836604342e+04
-1.358592010109737566e+04
-1.686655910216712800e+04
-2.259356830326405998e+03
-9.629562702514103876e+03
-1.937900738915433612e+04
-1.906343556723299480e+04
-1.971513505858038843e+04
-2.056269239738447868e+04
-2.154458528138203837e+04
-2.252498623707579827e+04
-2.002806219429108023e+04
-2.368541842583842663e+04
-2.232313715134837184e+04
-2.343728587279591738e+04
-2.530148200757896120e+04
-2.162464474119363513e+04
-1.973876358235223961e+04
-2.326321160388980206e+04
-2.593621629236511581e+04
-2.694003317285792582e+04
-2.851840635145983833e+04
-2.489301501074594125e+04
-2.787084730608560494e+04
-2.252535767305848640e+04
-2.661548893212161056e+04
-2.129570426063233390e+04
-2.682208732996610706e+04
-2.063627717241267237e+04
-2.260247257310707209e+04
-1.014762931705788833e+04
-2.244441829062259785e+04
-2.422895906750028735e+04
-2.495897710703792836e+04
-2.614629757014530696e+04
-2.116173882214514379e+04
-2.725188173344840470e+04
-2.716881190026940749e+04
-2.617552010561190400e+04
-2.463330782829281088e+04
-2.490153563821535863e+04
-2.578045488110546648e+04
-1.732277752535469335e+04
-1.720131626950306963e+04
-1.083410199482437929e+04
-2.739143025113259500e+04
-2.002524170449159283e+04
-2.844635050819149546e+04
-2.824853118835136411e+04
-2.690883958953739057e+04
-2.405617919157490905e+04
-2.698092540865061528e+04
-2.431478100839536273e+04
-2.826224324828551835e+04
-2.199009688139950231e+04
-2.159990757656877395e+04
-2.838195706602230348e+04
-2.825564920650625572e+04
-2.898954023078725731e+04
-2.917293176166566627e+04
-2.988071517250916440e+04
-2.271751806807896355e+04
-2.388920036748494749e+04
-2.452892309526367171e+04
-3.131437772509218485e+04
-1.666961962713744288e+04
-3.065949912674296502e+04
-2.773657363519219507e+04
-3.013993748424389196e+04
-2.821252830941398497e+04
-2.863549388223596179e+04
-3.047899267049335322e+04
-2.920537963830725130e+04
-2.739132760602757116e+04
-3.241317725594158401e+04
-3.193149621347432185e+04
-2.325070986934749453e+04
-3.437927207194120274e+04
-3.043715689193063372e+04
-3.494317740980465169e+04
-3.005779711948435215e+04
-3.256656971867822358e+04
-2.599383166357946175e+04
-2.958036773068619368e+04
-3.072937636226406175e+04
-2.944695971623752848e+04
-3.109273138983095487e+04
-2.838970663935096309e+04
-3.060485322367857225e+04
-2.963617496819410007e+04
-2.959728837156255759e+04
-3.115257696982942070e+04
-2.803044744304422784e+04
-2.916529688136439290e+04
-2.609354014760005884e+04
-2.674704298495803232e+04
-2.679932435980080481e+04
-2.884721545591388349e+04
-2.842384108269476201e+04
-2.431161624430236043e+04
-1.774665612490437707e+04
-1.630200899872723312e+04
-5.837679426005290225e+03
-9.361102421606183270e+03
-1.727784233475459041e+04
-1.748906850504103204e+04
-1.525744533027406578e+04
-1.901853953754239774e+04
-1.770872845311895435e+04
-9.637310085763370807e+03
-1.942330926922227081e+04
-1.262492374956909771e+04
-1.357037591459526266e+04
-1.077141945248144657e+04
-1.318927172379217518e+04
-7.528657619746504679e+03
-5.699089072854493679e+03
-4.860178931845305669e+03
-4.410976897136499247e+03
-8.816108548730246184e+03
-9.123212773373667005e+03
-9.982423631318933985e+03
-1.170033520618981493e+04
-1.175373076383514490e+04
-9.739414535040106784e+03
-1.100766336191900336e+04
-6.744256418143608244e+03
2.995484453880280853e+03
-8.005265038399618788e+03
-4.928612624603891163e+03
-5.705800983427356186e+03
-2.501828660618431059e+03
-5.362542458057392651e+03
-4.614246302055234082e+03
2.789474128454367019e+02
-4.324581408007116806e+03
-4.322535490838383339e+03
-3.120277649981941067e+03
-1.470909339315659963e+03
-3.456158190949062828e+03
-3.734442993396408383e+03
-2.168323584543681591e+03
-3.551796500698260843e+03
-3.180214267608369482e+03
3.226775618434758144e+02
-3.245974111825985347e+03
-1.442737688783842259e+03
-1.363000941437614983e+03
-2.092415233085231648e+03
6.464382524903348894e+02
-4.815770810301019992e+03
-5.083024891319009839e+03
-2.388838369166248413e+03
4.911388827202963512e+03
-4.592605206760743386e+03
1.102401577451248886e+04
3.417916417094433200e+03
3.181551414729339740e+03
-7.507795956817697061e+02
-2.029748657094983400e+03
-2.744238156292256008e+03
-1.442616578169767081e+03
-2.100527364112929718e+03
-1.141964087658079734e+03
-2.662342953120577022e+03
6.710007972687315487e+03
-1.932188721548646527e+03
-1.136984664263295599e+02
1.102350764048806468e+03
8.017986299520307512e+03
-3.798098167656623900e+03
-3.527406816295054796e+03
3.059656571179279581e+03
-2.326794114741780504e+03
-7.186915345529822616e+02
-3.236278714506171127e+03
-4.629014975506597693e+03
-1.521483627620310699e+03
6.754088348939470961e+03
3.891333234479525345e+03
-3.509276887049534707e+03
-4.291256213459943865e+03
-4.608783609700492889e+03
-4.950480528821322878e+03
-2.950021012828316543e+03
1.175973274795353518e+03
-5.609018307543759875e+03
-4.447127125275265826e+03
-5.627439022927454062e+03
-6.781514810200459578e+03
-7.042070655124671248e+03
-2.931370232808222681e+03
-6.744550489678776103e+03
-5.902006103867742240e+03
-7.437513873490574952e+03
-8.588873210036774253e+03
-9.110605348214146943e+03
-7.728813056156506718e+03
-4.379895789175811842e+02
-5.945031034788348734e+03
-7.376005203336180784e+03
2.302645830780267261e+03
3.252038441856327609e+03
-1.479858294064375286e+03
-6.156343426329772228e+03
1.108794968776242968e+03
-3.342795952617033890e+03
-2.402743588063679908e+03
4.609393907575504272e+02
-2.113239325628790084e+03
1.278093634494335902e+03
-2.103517245646022275e+03
4.898648702697937551e+02
-1.391319898362404501e+03
-2.557317087527546391e+03
-4.990387453326448849e+03
2.492714708687054781e+01
1.344897027268320073e+02
-4.547793939489259174e+03
-2.303047593260771464e+03
3.645540038871044089e+03
-1.282426826500361585e+03
2.054811062894924908e+04
5.865891928416746850e+03
-1.790605499755982692e+03
-1.420057114365911275e+03
2.476431759018910270e+03
-4.319548163448529522e+03
-2.657052433515232678e+03
-5.494444824095633521e+03
1.244644677950758341e+04
-3.229193424856375259e+03
3.391164663195506819e+03
-6.301092172715717425e+03
-3.829343246488636396e+03
-3.652277982931919269e+03
-5.875705903639262033e+03
-7.082667745748508423e+03
-3.139716011510605767e+03
-6.456898537515723547e+03
-5.480233116104741384e+03
-6.251541584645880903e+03
-4.722778868838185190e+03
-8.192601052510312002e+03
-3.340901709879648024e+03
-8.402612338506496599e+03
-7.070235053910782881e+02
-3.460213929228520101e+03
-4.347601549584189343e+03
-4.368880800286529848e+03
-5.751922802191827031e+03
-6.781117932638237107e+03
5.344991666002227248e+03
-5.867607440057684471e+03
-6.742970457483858809e+03
-1.261357655298644659e+03
-2.441891887471881546e+03
-6.216114098792085315e+03
-5.680419267135974223e+03
-6.563545134541997868e+03
1.050842402505016253e+03
-5.896888790470917229e+03
-7.356396154034439860e+03
-6.329463541030609122e+03
4.095139120460488357e+03
-7.136523029252021843e+03
-8.073063772295886338e+03
-3.791979742972571785e+03
4.247361365865743210e+03
-2.655627859839285065e+03
-8.689412644586884198e+03
-5.963537482489946342e+03
-9.510592919989359871e+03
-8.439939298974031772e+03
-1.008822845412781317e+04
-8.578753707934714839e+03
-8.470242723139408554e+03
1.213055258358199535e+04
-4.229752118454567608e+03
-9.644334219637175920e+03
-7.591602575288926346e+03
-7.510474904713028991e+03
-9.947507811619359927e+03
-9.776578963920812384e+03
-9.890600804637231704e+03
-7.615393785722083521e+03
-9.718572855733829783e+03
-1.173694542272470244e+04
-1.043727820484276344e+04
-1.193396246758293273e+04
-1.032846413595512422e+04
-6.932089204616764619e+03
-1.378091918619694479e+04
-1.020032537615752153e+04
-1.200843950465527814e+04
-1.119468708953681380e+04
-1.479326961018185830e+04
-1.444065120845466663e+04
-1.160737158235147945e+04
-1.339615016416422077e+04
-7.635452698356586552e+03
-1.162776060911806235e+04
-7.168920450410394551e+03
-1.238198872332749306e+04
-2.995504949440606197e+03
-1.405305664277203141e+04
-1.183802136240304390e+04
-1.079589385067266448e+04
-1.636743450009397384e+04
-1.486778040035418235e+04
-1.746529965134239319e+04
-1.474899023246437355e+04
-1.509553156728785507e+04
-1.800810253226306668e+04
-1.939312065139472907e+04
-1.653224691356718540e+04
-8.166638166712970815e+03
-1.846719996118010022e+04
-1.306994780464737050e+04
-1.541635123198490874e+04
-1.419330276234222038e+04
-1.613506576126825530e+04
-1.898418491651768636e+04
-8.773140639668552467e+03
-1.577076657837473431e+04
-1.974056881056282873e+04
-1.898873448617066242e+04
-1.997725641500742495e+04
-2.043753630651778803e+04
-1.834140179038836141e+04
-1.596305995511471338e+04
-1.944098116165569081e+04
-2.011730913928672817e+04
-1.994019183714093015e+04
-2.084412034220321584e+04
-2.098043157000786960e+04
-2.090014240813743163e+04
-2.173455517596195568e+04
-1.995485875368380584e+04
-2.348013054495470351e+04
-2.284296842871221816e+04
-2.086824538190485691e+04
-2.272622909881873784e+04
-1.949712683561295489e+04
-2.500765378693393723e+04
-2.473202142022647604e+04
-2.373060717366465906e+04
-2.429637892690364242e+04
-2.577526220356967679e+04
-2.561596529940095206e+04
-2.532597801983166573e+04
-2.687855977823125795e+04
-2.603075672236743412e+04
-2.787633249354076906e+04
-2.763247996985107238e+04
-2.799620551460407660e+04
-2.827203356000493295e+04
-2.838595257308487999e+04
-2.331387487498966948e+04
-2.749163185224279368e+04
-2.880093639783187973e+04
-2.484749117851528717e+04
-2.949612402759179531e+04
-2.961320518440012165e+04
-2.759431763335017968e+04
-2.917695977614406002e+04
-2.870833906469612702e+04
-2.017953971006149368e+04
-2.635817984909204824e+04
-2.614376006738897195e+04
-2.592546995778741257e+04
-2.967324925295391949e+04
-3.065825451692742354e+04
-3.021876788306004892e+04
-2.344605613192457167e+04
-3.168853251124319286e+04
-2.519925695323817126e+04
-2.527071704129481441e+04
-3.174248695395869072e+04
-2.658377895740452732e+04
-2.148799146197420487e+04
-3.361401824094303447e+04
-1.664964068043605585e+04
-2.993898803689163833e+04
-1.536624929667929609e+04
-3.213821171584678450e+04
-3.340360638970654691e+04
-3.319746112908292707e+04
-3.226241885538327915e+04
-2.738778428496505876e+04
-3.370553082849093335e+04
-3.417408157979982207e+04
-3.439170929341857118e+04
-3.468668318115062721e+04
-1.482506214430527689e+04
-3.329363825759211613e+04
-3.551737452856740856e+04
-2.926072882064451915e+04
-3.334597082311083068e+04
-3.083020101880765651e+04
-3.635809950802060484e+04
-3.468775018469108181e+04
-3.388720854255833547e+04
-2.582060624123302478e+04
-3.191132305000597262e+04
-3.717935671726104920e+04
-3.497767293635196256e+04
-2.081898110847119460e+04
-3.661414642029503739e+04
-3.345999369271475734e+04
-2.389516790665137887e+04
-3.157518332201049998e+04
-3.120944270041731215e+04
-2.809002451200869109e+04
-2.740867718860705645e+04
-3.193099893750231422e+04
-1.892214882442607995e+04
-2.671312366574935368e+04
-2.930249634987677564e+04
-2.791687910832143098e+04
-2.534881766332451298e+04
-3.375398478763144522e+04
-3.190885888063576203e+04
-1.806618401332187568e+04
-3.118835686360217005e+04
-2.669180434132445953e+04
-2.222241798363461203e+04
-2.268000387091730590e+04
-2.286164088835097937e+04
-2.052408675181697254e+04
-2.197409173949408068e+04
-2.225213088343466734e+04
-2.381241527017451153e+04
-2.334888756331240802e+04
-1.931766417513492706e+04
-1.877861125333849486e+04
-2.028651707468205859e+04
-2.582219943074455296e+04
-2.582281713133605081e+04
-2.502539904847506114e+04
-2.241189648727610620e+04
-1.939160488311370864e+04
-1.495128195079429133e+04
-5.813156384929848173e+03
-2.015770269883421497e+04
-1.492681688430593204e+04
-2.072344231118831522e+04
-1.879164104709403910e+04
-1.917401200607340797e+04
-1.888387758545570614e+04
-1.789231832635075261e+04
-1.751612285083851748e+04
-1.981950564608609784e+04
-2.065556555032530741e+04
-2.210958470854399275e+04
-2.056153511652602174e+04
-2.142526101502980964e+04
-2.167154261382472032e+04
-1.319239532101368604e+04
-1.095397379490664389e+04
-1.943912986202382672e+04
-1.807504913222181858e+04
-1.667400034227706419e+04
-8.076508573380664529e+03
-7.130970244641905083e+03
-1.343889787003166748e+04
-1.136423021829702338e+04
-1.158627570521553207e+04
-1.354638811103233820e+04
-1.229756035446019814e+04
-1.435465056476467362e+04
5.174835326043007626e+03
-9.405242587834782171e+03
-1.142895156700096049e+04
-1.508203673008788792e+04
-1.613907293224593195e+04
-1.392217178662423066e+04
-1.598246118575610490e+04
-4.223404036933824500e+03
-1.165289205996317287e+04
-1.695107926031118041e+04
-1.449287278230010452e+04
-7.084949961118891224e+03
-1.008554465062939562e+04
-6.526901116886699128e+03
-1.297967789118135624e+04
-5.736453205227647231e+03
4.961235242456967171e+03
-1.015017323017535819e+04
-1.216559209008279686e+04
-1.129794293624751663e+04
-1.314611926947774919e+04
-1.196122873082861406e+04
-3.889454305069790280e+03
-3.675076449352032796e+03
-1.341006057522520859e+04
-7.948590940866381061e+03
-2.743495089320131683e+03
-6.867342349208390260e+03
-1.243705442215248922e+03
-7.829984458909558271e+03
-9.056550297450959988e+03
-8.857087070400857556e+03
-7.290319943727979080e+03
-8.079114108059995488e+03
-8.722998577755932274e+03
-9.025110525174832219e+03
-1.546289933610989465e+03
-6.159264366459137818e+03
-8.020329539728282725e+03
-6.123036425999196581e+03
3.946532596151188955e+03
-4.846443334446648805e+02
-6.801736115587602399e+03
-5.238617675775412863e+03
-7.895358395004927843e+03
-1.787878058930117277e+03
-4.387326545612341761e+03
-7.742098907629717360e+03
-2.956417532001651125e+02
-5.444389008677532729e+03
-7.869111378071203035e+03
1.357318183687332976e+03
-5.009566608322985303e+03
-7.980001321839627053e+03
1.871314937983376240e+03
-1.663415245650213365e+03
-9.265145866694989309e+03
-7.477338809706856409e+03
-9.344955473469781282e+03
-7.884572357316338639e+03
-9.330084338767450390e+03
-1.024211134940454031e+04
-7.866767849573500825e+03
-5.149915043815103672e+03
-8.464030051136474867e+03
-2.316647510495422466e+02
-1.048203831574251490e+04
-9.131711579858081677e+03
-9.359767768612357031e+03
-1.070218809382146901e+04
-1.079652531639434346e+04
-8.176379934711268106e+03
-1.183040062525776557e+04
-6.347392506246947960e+03
6.858818200786580746e+03
-1.133436690641459245e+04
-1.437700747504694846e+04
-1.399890004515035980e+04
7.569688250988488107e+02
-6.947637018033028653e+03
-8.593487434440201469e+03
-5.747670209152677671e+03
-1.514551727785011099e+04
-1.455641731058446931e+04
-1.009032144731038352e+04
-9.840462134633722599e+03
-1.268964047302103245e+04
-1.360782692394785045e+04
-1.333208273657191785e+04
-1.172774574830462188e+04
-1.393712213794990384e+04
1.135192506695012071e+03
-1.234752766598382004e+04
-1.019821956203761329e+04
-8.637746837173443055e+03
-2.806599197638321129e+03
-1.225360482059989590e+04
-1.194397479173571446e+04
6.878450587976777570e+03
-1.272227309163129939e+04
-1.180835122776756907e+04
-1.065444902576469394e+04
-5.397110558616313938e+03
4.710250635721837170e+03
-2.587074425443105611e+03
-1.067833344774686111e+03
-5.136957361970147758e+03
-3.258395027840604598e+03
5.982943858480580275e+02
-1.210942703266493027e+03
-5.983856357857753210e+03
-5.449872735018224375e+03
-5.481963154680109255e+03
-7.791777308621637530e+03
-1.336567441769505876e+03
-4.463415256059260173e+03
4.994231703616028426e+03
-5.362664917195774251e+03
-5.084526450294271854e+03
3.449574285628127086e+02
-6.580987160706736177e+03
-6.611360149929435011e+02
1.346372882684677279e+04
-5.878669672121174699e+03
7.062796610661763225e+03
-3.924362488927048389e+02
-6.254024054763774075e+03
-4.282001316011313975e+03
-5.210707255145496674e+03
-6.745471543322547404e+03
-1.401581055834361905e+03
-5.656501274061763979e+03
1.507746118029788340e+04
-6.439457097198422161e+03
3.679544699463499910e+03
-2.227085655050927471e+03
3.235467360152516903e+03
1.140654613083318873e+04
-4.396211562825961664e+03
-6.065217267722400720e+03
-7.676166248260739849e+03
5.705441368068049997e+02
-8.460989238609567110e+03
-4.020323748338695168e+03
1.399401670008729297e+03
-4.145757681886388127e+03
-1.393604137941231329e+03
-2.024813955098485167e+03
-6.168452881983490443e+03
-3.607043429216542791e+03
3.474059178274564601e+03
-8.946592146855819010e+03
-6.921145642524382311e+03
2.394412196032818429e+03
-4.178205722827993668e+03
-1.359493515233888047e+03
-7.709212000979406184e+03
-7.839869164251765142e+03
-1.746319389349682069e+03
-4.424836580252116619e+03
-6.591110219633055749e+03
-6.629450123804375835e+03
-7.446858221651657914e+03
-6.920321872683803122e+03
-6.565715765092013498e+03
-5.879144867813014571e+03
-6.930309165679911530e+03
-6.944477460706757483e+03
-6.296823726508268919e+03
-1.049259245448055708e+03
-1.172782879565510711e+03
-5.951597845466132640e+03
-2.576390692145499997e+03
-7.752775279476527430e+03
-7.312705029735753669e+03
2.851392878028151245e+03
6.366102854371483772e+02
-7.280150746955556542e+02
-1.934989353109523563e+03
-9.828626520187362985e+03
-7.924512747903339005e+03
5.317123873743274771e+02
-7.091336001288074840e+03
-8.169353687470296791e+03
-8.916081617063808153e+03
-6.663129059146631334e+03
-4.255958126407704185e+03
5.572444546639933833e+03
-8.572222135493946553e+03
-6.947070031498242315e+03
-1.130186207714461852e+04
2.066962405340121677e+03
-9.921501832377860410e+03
-7.183109220337666557e+03
-1.134276236616043752e+04
-8.625193390182474104e+03
-1.391172492730255544e+04
-1.443415197965347943e+04
-1.489335660861884753e+04
-1.269945427666514115e+04
-1.561824413508679208e+04
-1.083090903482376962e+04
-1.643891336273320485e+04
-1.712794352063643601e+04
-1.335032320939675810e+04
-1.119668964251203397e+04
-1.806536244257318685e+04
-1.059223748403901664e+04
-1.810168259582806422e+04
-1.654837061615237690e+04
-1.834610038890860233e+04
-4.466061858796182605e+03
-1.359603684844886266e+04
-1.429879650227281127e+04
-1.800458065439653728e+04
-9.008582902465286679e+03
-1.320306426257771454e+04
-1.650594622637833527e+04
-1.896494322890474359e+04
-1.497630235469904801e+04
-1.925146861902719684e+04
-1.649461150956105485e+04
-1.657780386063608239e+04
-1.831911044405919165e+04
-1.867072186840976428e+04
-1.706537916492147269e+04
-1.561845610730760927e+04
-1.888918825058541552e+04
-1.489590323480481129e+04
-1.584861272622026991e+04
-1.521581675785142215e+04
-1.578297580037538137e+04
-1.340832423321213719e+04
-1.545777267729281812e+04
-1.530703520918799768e+04
-1.699767060954720728e+04
-1.748320482307501152e+04
-1.772943257157582775e+04
-1.727995932022093984e+04
-1.673803408856811438e+04
-1.702142240433906045e+04
1.509868051984364320e+04
-1.379850532718427894e+04
-1.532834734673451385e+04
-1.723974624882160788e+04
-1.810495971553578056e+04
-1.789195565205407547e+04
-1.604805704234725272e+04
-1.307830989245012097e+04
-1.056822740958726899e+04
-1.742950564246737122e+04
-9.718379395249250592e+03
-9.059586573657692497e+03
-1.821133945703100107e+04
-1.692033882844890104e+04
-1.674704098109202459e+04
-1.870855231849578922e+04
-1.953076808879239252e+04
-1.904037793606830746e+04
-2.038707400311436504e+04
-1.836988783582489850e+04
-1.918707857647884157e+04
-1.814649165134319992e+04
-2.111144772394829852e+04
-1.504902819217704928e+04
-1.854371541278275254e+04
-7.171692797939538650e+03
-2.165172152256632762e+04
-1.669887701844715411e+04
-2.018166949802541421e+04
-2.370080661057580073e+04
-2.268180805987403073e+04
-1.834056006312405225e+04
-1.800724676145836565e+04
-6.690068334117010636e+03
-2.249960113598343742e+04
-2.334691952888459491e+04
-2.402451421259395647e+04
3.001256801443300901e+03
-2.128772177549967455e+04
-2.124947898236353649e+04
-2.407409166559177902e+04
-2.070145409966322404e+04
-2.389147824253685394e+04
-2.357666864996015283e+04
-2.431230779957580307e+04
-2.544500503384539115e+04
-2.547737777857661786e+04
-2.033494742785778362e+04
-2.620951599725898268e+04
-2.364542586101424968e+04
-2.666957082219126460e+04
-2.651568947123044200e+04
-2.710420210177131958e+04
-2.623560967414976403e+04
-2.581913435365960322e+04
-2.504975130571951740e+04
-2.781415080965217567e+04
-2.736846643657873210e+04
-2.291448394592919794e+04
-2.248872680619790117e+04
-1.793810490763179041e+04
-2.428620493892589002e+04
-2.877783700894678987e+04
-2.834447024805764522e+04
-2.026451356678802767e+04
-2.083200670601160891e+04
-2.707930507352577115e+04
-2.587858551627493216e+04
-2.766205925062467577e+04
-2.878387441126788326e+04
-2.405618994544974703e+04
-2.587084994674920745e+04
-2.820793957946547744e+04
-2.018721668171899000e+04
-2.847528767939213867e+04
-2.917138095198082374e+04
-2.738535532929197871e+04
-2.841098393894959008e+04
-2.907103625761732474e+04
-2.903335175112947400e+04
-2.935234556202014574e+04
-2.750638155743625612e+04
-3.028763204146465432e+04
-2.682705999378618071e+04
-3.102427803742398100e+04
-8.768002913496588008e+03
-2.134461703786379076e+04
-2.994303948767422844e+04
-2.544925998529283970e+04
-2.443931342792396754e+04
-1.914144943850964773e+04
-1.180318161084382155e+04
-1.671378538285428658e+04
-1.758818690714291370e+04
-2.054967555198138871e+04
-9.214351338266002131e+03
-5.200622915682737585e+03
-1.525018032374071481e+04
-1.045806514128894014e+04
-9.028570555588288698e+03
-7.678168452366013298e+03
-1.325392062543501561e+04
-1.255405156883135714e+04
-1.009197955969053874e+04
-1.070664562705592289e+04
3.616671066067849551e+03
-8.885748701186683320e+03
-9.274362944214426534e+03
-1.198984992754132873e+04
-1.230471899991259488e+04
-9.576263599596293716e+03
-1.309432673137889469e+04
-1.680632736944508224e+03
-1.145317783273309760e+04
-1.291823791185958180e+04
-1.289030413712156769e+04
-1.581554111489810020e+04
-1.426359041880001678e+04
-1.418420251288641521e+04
-3.184538643406644042e+03
-5.269369389951527410e+03
-1.402717286322762629e+04
-1.415388181103617353e+04
-1.290883723034334071e+04
-1.040700003676899178e+04
-1.296532595283839692e+04
-1.281928262039985930e+04
-1.094490940122710344e+04
-9.993189272701500158e+03
-1.013950857621363684e+04
-1.042434935343291727e+04
-7.617652919072094846e+03
-1.032956061102660533e+04
-8.575744440003936688e+03
-1.267517762407309783e+04
-9.318643649976562301e+03
-1.198973751534277653e+04
-2.638866809311175530e+02
-8.770617285407497548e+03
-1.033575329128878184e+04
-1.308924777051463025e+04
4.560746034439908726e+03
-1.199977638007942915e+04
-7.292035037686559008e+03
-1.366968175515696021e+04
-7.005791674232796140e+03
-6.420993723083553050e+03
-1.180854872690863340e+04
-1.142128212408788750e+04
-9.126148614340800123e+03
-1.317902162336131732e+04
-7.902819469433753511e+03
-1.306505801049144611e+04
-1.953044712775452354e+03
-1.326303259874004107e+04
-1.361294549351123169e+04
-1.023277624344252763e+04
-7.069082876630221108e+03
-5.616236967493488009e+03
-1.058659416591996705e+04
-1.079259735856347470e+04
-1.388577310994240179e+04
-9.377696931796668650e+03
-1.284381309460053126e+04
-1.033998510935277227e+04
-1.363118752872628465e+04
-1.456501783317593799e+04
2.912893349864587890e+03
-1.593699602167431476e+04
-1.418335989449167573e+04
-1.635440961534477719e+04
-1.555479933917926428e+04
-1.116499599396318990e+04
-1.427010577104739968e+04
-1.629955881715699252e+04
-1.107215033039938862e+04
-1.621995545003867664e+04
-9.043644804491999821e+03
-1.570949925671357596e+04
-1.611485052092590013e+04
-1.691438299750247097e+04
-1.478941151963593984e+04
-5.089140767002457324e+03
-1.819366554132203964e+04
-1.825169681879474228e+04
-1.849454674760404305e+04
-1.591949076178649193e+04
-4.941509081961072297e+03
-8.266990528841208288e+03
-7.966180488249491646e+03
-4.685669656393873993e+03
-9.055158098210351454e+03
-1.159066964396796357e+04
-1.096241423662986563e+03
-9.389403110229039157e+03
-9.570473717753700839e+03
-9.969033787083148127e+03
-9.181596660600558607e+03
-1.164392715053327083e+04
-8.927972615906372084e+03
-1.032125425259191979e+04
-1.140786402324488336e+04
-1.175976159546749659e+04
-1.124110126695307372e+04
-1.165155783899318521e+04
-1.002245205129512942e+04
-1.185390736848314918e+04
-1.024301833818895102e+04
2.067479083443195123e+02
-1.284123500879220956e+04
-5.978298936152576971e+03
-1.126177458405735888e+04
-1.219700360614441161e+04
-1.138130152244963756e+04
-1.360793249908451071e+04
7.123536032553520272e+03
-4.202843013879337377e+02
4.819177982911901381e+03
-9.685386939233798330e+03
-5.886405705894468156e+03
-8.176872507875697920e+03
-1.369216019285808034e+04
-1.177214385598557419e+04
-1.502956043066322127e+04
-6.206364183886021237e+03
-1.146266428715226175e+04
-1.494090569751608564e+04
-1.225781959459538484e+04
-1.147555090357204244e+04
-1.463093671698103390e+04
-1.240454542099212449e+04
-9.540047965546533305e+03
-1.315636175445746994e+04
-1.391388451083464315e+04
-6.778756595568364901e+03
1.343174216384950341e+04
-1.297106520861614990e+04
-1.241612749610552237e+04
-9.892332300600921371e+03
-1.275566764088932723e+04
-8.524800477044986110e+03
-1.079799116953234989e+04
-1.414307157695576643e+04
-1.373179217915727168e+04
-9.911549829499947464e+02
-1.157574967650077815e+04
-8.347894374153456738e+03
-1.221743379700337755e+04
-1.332586642599845072e+04
-1.104615078994362193e+03
-1.093519300985069276e+04
-1.203923863077041096e+04
1.170874777781811645e+04
-5.245549974512163317e+03
1.356486938943383393e+04
-1.013790899348787389e+04
-1.160578200890167864e+04
-9.388157515088487344e+03
9.730577027590634316e+02
-4.287264069689737880e+03
-9.595791795978595474e+03
-1.028519399023881124e+04
9.122156619237248378e+03
-8.693743379401757920e+03
-7.564831654484840328e+03
-6.834708997988443116e+03
-2.800822374738911094e+03
-8.829364337595865436e+03
-1.314805071320283787e+02
-2.351174012322495855e+03
-9.215703508497334042e+03
2.014320888190405458e+04
-5.533230878660049711e+03
-7.681454838133103294e+03
-2.234518618081656314e+02
3.269512922707617690e+02
-5.460445059424192550e+03
2.334373435741087633e+03
1.137349930209900549e+03
-3.917744144052600404e+03
-1.290216427924382742e+03
-3.604929773933034767e+02
-4.921510370348560173e+03
-1.004266057789429965e+03
-5.992737481404192295e+03
-6.755565504651076481e+03
-6.257349860353698205e+03
-5.259395781754590644e+03
2.979830349588000445e+03
-5.551403089201129660e+03
9.513449385704201632e+03
-5.153999810376464666e+03
-7.886544593446740691e+03
-5.704443999792166323e+03
-5.760889773014025195e+03
-5.300361904286517529e+03
-5.176862905498481268e+03
-7.140687155209380762e+03
1.020383488689646583e+03
-8.906295906716579339e+03
-5.336568657410713058e+03
-1.019262558231064031e+04
-9.405466451347076145e+03
-1.054128456729578829e+04
-1.021295697519413261e+04
9.343211296442008461e+03
9.850763060800604762e+02
-1.082861325186076647e+04
-1.132573078567347875e+04
-8.813459659388175851e+02
-9.357180104752915213e+03
-7.921353688742119630e+03
-1.228026493952219062e+04
-8.453058912986565701e+03
-1.388978101856996909e+04
-1.359431210864568675e+04
-4.444480471679244147e+03
-1.362712288510417420e+04
-1.282670060535273660e+04
-8.902614040367865528e+03
-9.788223565241096367e+03
-1.202583729700846379e+04
-1.201351430700532001e+04
-7.587945388349446148e+03
1.155835892897696795e+03
-4.711828309404461834e+03
-1.072855400144308442e+04
-1.331101974023213916e+04
-9.993492472260651994e+03
-1.344419530349129491e+04
-1.264742502301324021e+04
-1.387918028573296033e+04
-1.293676284568293158e+04
-1.219334896139950069e+04
-1.318643339183480566e+04
-5.738353430432991445e+03
-1.182954996557775667e+04
-1.445516867630737943e+04
-5.529582021927849382e+03
-1.319444784696820534e+04
-1.579053063695023593e+04
-1.467038527113576492e+04
-1.254235960105830418e+04
-9.649618535656612949e+03
-8.508613851827869439e+03
-1.579539683607954612e+04
-1.333501686019390945e+04
-1.279314903821032385e+04
-1.339143096994196276e+04
-2.378008353967483345e+03
-1.454292469299588083e+04
-9.992993704561322375e+03
-9.622252088032830216e+03
-1.401371152696490208e+04
-1.338627907067939850e+04
-6.124530344168412739e+03
-1.243341474936195482e+04
7.496067789659009577e+02
7.837016389420568885e+01
-1.369792098848916794e+04
-1.477488442416990438e+04
-1.399123815682357053e+04
-1.245482109023416524e+04
-1.491809753942137104e+04
-1.460829923563846205e+04
5.367649907774917665e+03
-1.861678519495923410e+03
-1.203718908722937158e+04
-1.119710114125313885e+04
-1.684217198823925719e+04
-7.352895824874744903e+03
-1.581595682532871069e+04
2.054907570170691542e+03
6.164360794629213160e+03
-1.458529356615171855e+04
-1.508980966866095150e+04
-1.685372609212906536e+04
-1.609121643604004930e+04
2.262276560448662713e+04
-1.641099586791732509e+04
-1.855112255313080459e+04
-1.566629186091844531e+04
-1.662033456718421075e+04
-1.399539606629584705e+04
-8.734240750347866197e+03
-1.669317674759337024e+04
-1.515608598728035031e+04
-8.513750589205446886e+03
-9.115551939963910627e+03
-1.311635970831644954e+04
-1.670620905755932836e+04
-1.546805144452763307e+04
-1.364317277669332907e+04
-1.494472835671760549e+04
-1.671761771859942746e+04
-1.608419108829922516e+04
-1.443132928280501255e+04
-1.346754829504553163e+04
-1.286723876771342839e+04
-1.294440979353085095e+04
-9.463638122268834195e+03
-1.245565201323434303e+04
-1.380794772384720636e+04
-4.482917609100630216e+03
-1.046615177729574680e+04
-1.232083006031305194e+04
-1.154314402844000324e+04
-7.397139705114852404e+03
-1.262611472074794074e+04
8.600100246315978438e+03
-1.392966883745089035e+04
-1.309360860697769021e+04
-9.367103340642956027e+03
-1.349041126178479499e+04
-1.433846384531481999e+04
-9.160811950577179232e+03
-1.439112153241762280e+04
-9.315757079766875904e+03
-1.337288880283151957e+04
-1.512228250977265270e+04
-1.361630299656178249e+04
-1.159075584017406072e+04
-1.536740395634804918e+04
1.075553090213539508e+04
-1.012560124256139534e+04
-6.887305050851647138e+03
-1.511580559089044255e+04
-1.385224798869348888e+04
-5.785914592184043613e+03
4.536714494862379979e+03
-1.313497765209152385e+04
-5.527534834959404179e+03
-1.584254357572656772e+04
-1.095298133411252456e+04
-1.531521978787915214e+04
-1.695327764960864806e+04
-1.546670252839110253e+04
-1.749798294619004810e+04
-1.326409355706109091e+04
-1.604859340472137228e+04
-1.581051445584724570e+04
-1.597332855821421253e+04
-5.982997133668817469e+00
-1.272609397204259403e+04
-1.793733493171820010e+04
-4.791934765443232209e+03
-9.059602023750889202e+03
-1.502396999286846221e+04
-1.498271298240835495e+04
-1.301590083982353462e+03
-1.537880245101245237e+04
-1.335925075537451085e+04
-1.269386495051711245e+04
-1.489749054122346024e+04
-8.793989586489929934e+03
