7.133278806220464176e+05
8.644798821521556238e+05
8.800462957266406156e+05
8.596167601993888384e+05
8.565659425603412092e+05
7.690856443488845835e+05
8.643448011821424589e+05
9.332298465930318926e+05
9.772338887952233199e+05
9.749972219364485936e+05
8.795638277487927116e+05
8.045674620968268719e+05
1.043894380525895511e+06
9.301954228725641733e+05
8.593304272425621748e+05
1.070739912581516663e+06
9.737476359255332500e+05
1.035171790314371698e+06
9.254896325840810314e+05
9.302726108952919021e+05
9.086208391318555223e+05
8.584288949784426950e+05
8.015789009699613089e+05
8.920122484782547690e+05
8.921313460570197785e+05
8.191512584916289197e+05
7.868378448257893324e+05
8.461917199233436259e+05
9.199794130551523995e+05
9.355521537448703311e+05
