3.422837402343750000e+03
1.303351464843750000e+04
6.234146972656250000e+03
4.450702148437500000e+03
6.772351074218750000e+03
7.285807617187500000e+03
6.536942871093750000e+03
8.170050292968750000e+03
9.215890625000000000e+03
8.072692871093750000e+03
9.792692382812500000e+03
9.364882812500000000e+03
1.140680273437500000e+04
1.106232812500000000e+04
1.121249316406250000e+04
1.200960839843750000e+04
1.208746777343750000e+04
1.250903417968750000e+04
1.189132519531250000e+04
1.391352441406250000e+04
1.595613476562500000e+04
1.266866308593750000e+04
1.444503710937500000e+04
1.074096484375000000e+04
1.445556347656250000e+04
1.192470703125000000e+04
9.181565429687500000e+03
1.130642382812500000e+04
1.101090820312500000e+04
1.415412695312500000e+04
1.144950781250000000e+04
1.553205468750000000e+04
1.454167578125000000e+04
1.511099804687500000e+04
1.160498828125000000e+04
1.283890722656250000e+04
1.168380468750000000e+04
1.284310351562500000e+04
1.083296777343750000e+04
1.291334570312500000e+04
1.168096972656250000e+04
1.225871289062500000e+04
1.404722363281250000e+04
9.525943359375000000e+03
1.463035937500000000e+04
1.208396484375000000e+04
9.960923828125000000e+03
1.253971972656250000e+04
1.184158105468750000e+04
1.169572460937500000e+04
1.352215136718750000e+04
1.128484179687500000e+04
1.220402343750000000e+04
1.267401757812500000e+04
1.300732324218750000e+04
1.213270117187500000e+04
1.349095898437500000e+04
1.447777734375000000e+04
1.255978613281250000e+04
1.147872460937500000e+04
1.415203222656250000e+04
1.574284277343750000e+04
1.093541406250000000e+04
1.170681640625000000e+04
1.076560546875000000e+04
1.155213671875000000e+04
9.286102539062500000e+03
1.229845214843750000e+04
1.126996875000000000e+04
1.116332714843750000e+04
1.190976171875000000e+04
1.011847265625000000e+04
1.293375488281250000e+04
1.089722070312500000e+04
1.112317089843750000e+04
1.056605468750000000e+04
1.229279980468750000e+04
1.085789550781250000e+04
1.349029296875000000e+04
9.750070312500000000e+03
1.285100781250000000e+04
1.083614355468750000e+04
1.503447656250000000e+04
1.250926367187500000e+04
1.042391406250000000e+04
1.323410546875000000e+04
1.259974218750000000e+04
1.355321386718750000e+04
9.822478515625000000e+03
9.532003906250000000e+03
1.191926562500000000e+04
1.315962011718750000e+04
1.597382031250000000e+04
1.342218750000000000e+04
1.096772949218750000e+04
1.369622851562500000e+04
1.316028515625000000e+04
1.095373046875000000e+04
1.410976855468750000e+04
1.382857910156250000e+04
1.183878027343750000e+04
1.640783984375000000e+04
1.091000781250000000e+04
1.385766210937500000e+04
1.184970703125000000e+04
1.140750292968750000e+04
1.140069238281250000e+04
1.471792578125000000e+04
1.089912500000000000e+04
1.220715722656250000e+04
1.213360742187500000e+04
1.301868652343750000e+04
1.401521582031250000e+04
1.114341699218750000e+04
1.444071972656250000e+04
1.255978125000000000e+04
1.180754003906250000e+04
9.956621093750000000e+03
1.235850585937500000e+04
1.177623828125000000e+04
1.256600195312500000e+04
1.218038769531250000e+04
1.303811230468750000e+04
1.265084960937500000e+04
1.215044921875000000e+04
1.208725390625000000e+04
1.260842187500000000e+04
1.118089160156250000e+04
1.273749804687500000e+04
1.322371484375000000e+04
1.303423925781250000e+04
1.322112695312500000e+04
1.204663476562500000e+04
1.297348437500000000e+04
1.325125976562500000e+04
1.325252734375000000e+04
1.173791210937500000e+04
1.305193945312500000e+04
1.198974511718750000e+04
1.470199218750000000e+04
1.562095312500000000e+04
1.590707519531250000e+04
1.248647558593750000e+04
1.145637695312500000e+04
1.443095019531250000e+04
1.323930468750000000e+04
1.393335546875000000e+04
1.392573046875000000e+04
1.348823437500000000e+04
1.136916406250000000e+04
1.522292773437500000e+04
1.354483789062500000e+04
1.111157519531250000e+04
1.242363671875000000e+04
1.409941015625000000e+04
1.642842578125000000e+04
1.184070898437500000e+04
1.291979882812500000e+04
1.164092578125000000e+04
1.542182031250000000e+04
1.384188281250000000e+04
1.509610156250000000e+04
1.350662890625000000e+04
1.415469824218750000e+04
1.319340625000000000e+04
1.023897949218750000e+04
1.513936035156250000e+04
1.270673632812500000e+04
1.588109375000000000e+04
1.432756640625000000e+04
1.317900097656250000e+04
1.540341406250000000e+04
1.468280371093750000e+04
1.374381835937500000e+04
1.290643554687500000e+04
1.313417285156250000e+04
1.326539941406250000e+04
1.130148437500000000e+04
1.398772167968750000e+04
1.523262597656250000e+04
1.488639941406250000e+04
1.332530566406250000e+04
1.340228515625000000e+04
1.447960156250000000e+04
1.639175585937500000e+04
1.515532812500000000e+04
1.203902343750000000e+04
1.281148046875000000e+04
1.633996484375000000e+04
1.558036328125000000e+04
1.460699218750000000e+04
1.369556640625000000e+04
1.442107421875000000e+04
1.273167968750000000e+04
1.412623339843750000e+04
1.227304980468750000e+04
1.254573144531250000e+04
1.110911816406250000e+04
1.587242968750000000e+04
1.343353515625000000e+04
1.536125585937500000e+04
1.555175195312500000e+04
1.430489648437500000e+04
1.346342968750000000e+04
1.406011816406250000e+04
1.304583105468750000e+04
1.555825097656250000e+04
1.435088671875000000e+04
1.244340820312500000e+04
1.344961230468750000e+04
1.356862109375000000e+04
1.430975585937500000e+04
1.438667773437500000e+04
1.263120703125000000e+04
1.350878222656250000e+04
1.263302343750000000e+04
1.273632226562500000e+04
1.512120703125000000e+04
1.537370312500000000e+04
1.390258007812500000e+04
1.430299414062500000e+04
1.429977343750000000e+04
1.222704296875000000e+04
1.276988281250000000e+04
1.323385156250000000e+04
1.413917285156250000e+04
1.237367968750000000e+04
1.193663183593750000e+04
1.214140039062500000e+04
1.352124707031250000e+04
1.443002343750000000e+04
1.368038476562500000e+04
1.488304785156250000e+04
1.487926367187500000e+04
1.169168164062500000e+04
1.336083203125000000e+04
1.670117187500000000e+04
1.254311425781250000e+04
1.405118554687500000e+04
1.239384570312500000e+04
1.498013574218750000e+04
1.182361621093750000e+04
1.652912695312500000e+04
1.285796679687500000e+04
1.412302148437500000e+04
1.424209960937500000e+04
1.981492968750000000e+04
1.334628613281250000e+04
1.329058789062500000e+04
1.435606054687500000e+04
1.287366796875000000e+04
1.384723535156250000e+04
1.732815820312500000e+04
1.176612109375000000e+04
1.253211425781250000e+04
1.119745312500000000e+04
1.356399511718750000e+04
1.456453906250000000e+04
1.194462011718750000e+04
1.610965429687500000e+04
1.261183203125000000e+04
1.466335742187500000e+04
1.385257226562500000e+04
1.422655468750000000e+04
1.540512792968750000e+04
1.489354101562500000e+04
1.374596875000000000e+04
1.371005664062500000e+04
1.251143164062500000e+04
1.310692382812500000e+04
1.241119921875000000e+04
1.244672070312500000e+04
1.459685156250000000e+04
1.499607324218750000e+04
1.701860546875000000e+04
1.493942382812500000e+04
1.337547265625000000e+04
1.401691699218750000e+04
1.340850976562500000e+04
1.281696484375000000e+04
1.185724121093750000e+04
1.468956640625000000e+04
1.384869726562500000e+04
1.469510742187500000e+04
1.250776953125000000e+04
1.363608789062500000e+04
1.352532421875000000e+04
1.366109277343750000e+04
1.166639941406250000e+04
1.499065136718750000e+04
1.459865625000000000e+04
1.421123046875000000e+04
1.215737890625000000e+04
1.739301757812500000e+04
1.246236132812500000e+04
1.516623437500000000e+04
1.228651074218750000e+04
1.521595703125000000e+04
1.409410253906250000e+04
1.129163085937500000e+04
1.348972167968750000e+04
1.392415625000000000e+04
1.432650000000000000e+04
1.430403027343750000e+04
1.155042968750000000e+04
1.278226367187500000e+04
1.402383593750000000e+04
1.168736425781250000e+04
1.177656835937500000e+04
1.342793750000000000e+04
1.451352832031250000e+04
1.496791796875000000e+04
1.450709375000000000e+04
1.593505859375000000e+04
1.088988476562500000e+04
1.102320703125000000e+04
1.402145800781250000e+04
1.572943066406250000e+04
1.461633691406250000e+04
1.511659765625000000e+04
1.351831640625000000e+04
1.479584765625000000e+04
1.331305078125000000e+04
1.364685156250000000e+04
1.264594335937500000e+04
1.651805078125000000e+04
1.375947851562500000e+04
1.312498828125000000e+04
1.419230175781250000e+04
1.193344433593750000e+04
1.518769726562500000e+04
1.565323046875000000e+04
1.272240625000000000e+04
1.364628320312500000e+04
1.381328906250000000e+04
1.452643847656250000e+04
1.590479296875000000e+04
1.315910253906250000e+04
1.443866699218750000e+04
1.317998046875000000e+04
1.438340820312500000e+04
1.593478027343750000e+04
1.254713378906250000e+04
1.452069921875000000e+04
1.337575683593750000e+04
1.376683203125000000e+04
1.306927246093750000e+04
1.353956640625000000e+04
1.396976757812500000e+04
1.529596777343750000e+04
1.355045214843750000e+04
1.157990820312500000e+04
1.339706445312500000e+04
1.157232617187500000e+04
1.353578515625000000e+04
1.619889257812500000e+04
1.376824609375000000e+04
1.498111328125000000e+04
1.370905566406250000e+04
1.464409960937500000e+04
1.554578906250000000e+04
1.700982226562500000e+04
1.294118652343750000e+04
1.297093554687500000e+04
1.491081640625000000e+04
1.296060644531250000e+04
1.310905273437500000e+04
1.214099121093750000e+04
1.501022265625000000e+04
1.259186914062500000e+04
1.321295410156250000e+04
1.228872753906250000e+04
1.307680859375000000e+04
1.407054492187500000e+04
1.367967675781250000e+04
1.356717578125000000e+04
1.723426367187500000e+04
1.374250000000000000e+04
1.509597265625000000e+04
1.237040039062500000e+04
1.151253613281250000e+04
1.287819140625000000e+04
1.256141894531250000e+04
1.431581250000000000e+04
1.497525976562500000e+04
1.522163867187500000e+04
1.182499414062500000e+04
1.282509960937500000e+04
1.286367480468750000e+04
1.199654101562500000e+04
1.140493750000000000e+04
1.532058789062500000e+04
1.263663964843750000e+04
1.400657128906250000e+04
1.252236914062500000e+04
1.427356542968750000e+04
1.307031054687500000e+04
1.183855859375000000e+04
1.354097851562500000e+04
1.268583984375000000e+04
1.276245312500000000e+04
1.177880761718750000e+04
1.466813867187500000e+04
1.581115234375000000e+04
1.250471679687500000e+04
1.190577246093750000e+04
1.441786816406250000e+04
1.362807812500000000e+04
1.454554296875000000e+04
1.214284863281250000e+04
1.481560253906250000e+04
1.366395507812500000e+04
9.968823242187500000e+03
1.286641601562500000e+04
1.091617089843750000e+04
1.292271582031250000e+04
1.304160546875000000e+04
1.277206250000000000e+04
1.198316503906250000e+04
1.176359765625000000e+04
1.372864355468750000e+04
1.383970507812500000e+04
1.461417382812500000e+04
1.185063085937500000e+04
1.314162792968750000e+04
1.329422070312500000e+04
1.510512304687500000e+04
1.133995214843750000e+04
1.275565820312500000e+04
1.339544140625000000e+04
1.293092871093750000e+04
1.237008105468750000e+04
1.310243847656250000e+04
1.172432812500000000e+04
1.204126464843750000e+04
1.272286621093750000e+04
1.238955078125000000e+04
1.268607421875000000e+04
1.145989648437500000e+04
1.016499902343750000e+04
1.236906054687500000e+04
1.379890625000000000e+04
1.422070507812500000e+04
1.160820117187500000e+04
1.197917285156250000e+04
1.653116210937500000e+04
1.439377441406250000e+04
1.076667578125000000e+04
1.400109375000000000e+04
1.304252343750000000e+04
1.428912890625000000e+04
1.320971289062500000e+04
1.048456933593750000e+04
1.367250976562500000e+04
1.141640136718750000e+04
1.673260156250000000e+04
1.356773730468750000e+04
1.268243945312500000e+04
1.291791015625000000e+04
1.399746582031250000e+04
1.119569921875000000e+04
1.167920117187500000e+04
1.516723632812500000e+04
1.523633886718750000e+04
1.291841601562500000e+04
1.230314843750000000e+04
1.309025683593750000e+04
1.381433593750000000e+04
1.116271484375000000e+04
1.352919335937500000e+04
1.204855957031250000e+04
1.459279980468750000e+04
1.363167773437500000e+04
1.337143945312500000e+04
1.462776757812500000e+04
1.212910449218750000e+04
1.588386132812500000e+04
1.320824804687500000e+04
1.213525878906250000e+04
1.333402148437500000e+04
1.437793652343750000e+04
1.287754687500000000e+04
1.435477636718750000e+04
1.389833886718750000e+04
1.380145703125000000e+04
1.241875097656250000e+04
1.174195117187500000e+04
1.261250878906250000e+04
1.198977734375000000e+04
1.485101367187500000e+04
1.283156445312500000e+04
1.260380859375000000e+04
1.169059667968750000e+04
1.324985742187500000e+04
1.399039453125000000e+04
1.400794531250000000e+04
1.265396875000000000e+04
1.296542968750000000e+04
1.226549121093750000e+04
1.367768066406250000e+04
1.104250000000000000e+04
1.223098535156250000e+04
1.333327734375000000e+04
1.473857812500000000e+04
1.312823535156250000e+04
1.288134765625000000e+04
1.246514160156250000e+04
1.469468066406250000e+04
1.208905957031250000e+04
1.513019824218750000e+04
1.553506445312500000e+04
1.159307812500000000e+04
1.414983300781250000e+04
1.292318554687500000e+04
1.301308007812500000e+04
1.477832031250000000e+04
1.221022558593750000e+04
1.336785156250000000e+04
1.570281250000000000e+04
1.363762695312500000e+04
1.329619335937500000e+04
1.424367773437500000e+04
1.135495800781250000e+04
1.470222949218750000e+04
1.251215136718750000e+04
1.283057617187500000e+04
1.715531640625000000e+04
1.356170898437500000e+04
1.111767480468750000e+04
1.312567773437500000e+04
1.555704296875000000e+04
1.420845117187500000e+04
1.272322656250000000e+04
1.420432617187500000e+04
1.262916992187500000e+04
1.174117773437500000e+04
1.441118359375000000e+04
1.381553125000000000e+04
1.429286132812500000e+04
1.211485644531250000e+04
1.364190429687500000e+04
1.131791210937500000e+04
1.326063281250000000e+04
1.448820898437500000e+04
1.435927148437500000e+04
1.530214355468750000e+04
1.361527343750000000e+04
1.343632421875000000e+04
1.268708691406250000e+04
1.555272949218750000e+04
1.385704003906250000e+04
1.261667089843750000e+04
1.371790820312500000e+04
1.514874218750000000e+04
1.432445507812500000e+04
1.538098925781250000e+04
1.429620507812500000e+04
1.215235937500000000e+04
1.369161230468750000e+04
1.548571289062500000e+04
1.360827929687500000e+04
1.610744531250000000e+04
1.326013671875000000e+04
1.368108593750000000e+04
1.326983984375000000e+04
1.404251562500000000e+04
1.343643750000000000e+04
1.192432031250000000e+04
1.198451464843750000e+04
1.346695898437500000e+04
1.178370214843750000e+04
1.079543457031250000e+04
1.110303417968750000e+04
1.332412011718750000e+04
1.306285742187500000e+04
1.409124218750000000e+04
1.497716796875000000e+04
1.107402734375000000e+04
1.123724804687500000e+04
1.286318750000000000e+04
1.287272363281250000e+04
1.343852734375000000e+04
1.358414941406250000e+04
1.043150000000000000e+04
1.304992187500000000e+04
1.404687207031250000e+04
1.472745117187500000e+04
1.204097070312500000e+04
1.651846679687500000e+04
1.265172265625000000e+04
1.391125585937500000e+04
1.163901269531250000e+04
1.518009277343750000e+04
1.311256933593750000e+04
1.553609863281250000e+04
1.563917773437500000e+04
1.473688476562500000e+04
1.900540625000000000e+04
1.591756835937500000e+04
1.225282031250000000e+04
1.570567285156250000e+04
1.148823242187500000e+04
1.254553906250000000e+04
1.247525390625000000e+04
1.382657128906250000e+04
1.125575976562500000e+04
1.570889941406250000e+04
1.274213964843750000e+04
1.457518457031250000e+04
1.197076074218750000e+04
1.619873632812500000e+04
1.079685546875000000e+04
1.309380664062500000e+04
1.342235351562500000e+04
1.532252148437500000e+04
1.287307910156250000e+04
1.380044531250000000e+04
1.146446093750000000e+04
1.290481738281250000e+04
1.337691894531250000e+04
1.250266015625000000e+04
1.225315332031250000e+04
1.165345214843750000e+04
1.298181835937500000e+04
1.585426367187500000e+04
1.217313378906250000e+04
1.464022460937500000e+04
1.394075585937500000e+04
1.246423242187500000e+04
1.216882226562500000e+04
1.212843164062500000e+04
1.259587500000000000e+04
1.353954492187500000e+04
1.195093066406250000e+04
1.439507226562500000e+04
1.143734667968750000e+04
1.157377148437500000e+04
1.379261914062500000e+04
1.336337695312500000e+04
1.173100976562500000e+04
1.207580078125000000e+04
1.392416796875000000e+04
1.228368652343750000e+04
1.135083789062500000e+04
1.198999414062500000e+04
1.380719726562500000e+04
1.331283398437500000e+04
1.225133691406250000e+04
1.679032226562500000e+04
1.211639843750000000e+04
1.271942187500000000e+04
1.333459570312500000e+04
1.099770898437500000e+04
1.141396972656250000e+04
1.397593945312500000e+04
1.420644433593750000e+04
1.466668554687500000e+04
1.289037597656250000e+04
1.371386132812500000e+04
1.443587109375000000e+04
1.453748632812500000e+04
1.471747753906250000e+04
1.587834179687500000e+04
1.762369140625000000e+04
1.254729687500000000e+04
1.206942968750000000e+04
1.366089062500000000e+04
1.247742871093750000e+04
1.227116601562500000e+04
1.277828125000000000e+04
1.250159472656250000e+04
1.219367089843750000e+04
1.279365039062500000e+04
1.188079394531250000e+04
1.106314648437500000e+04
1.154519726562500000e+04
1.223577734375000000e+04
1.258833496093750000e+04
1.257494628906250000e+04
1.534181152343750000e+04
1.577005664062500000e+04
1.138184375000000000e+04
1.315377539062500000e+04
1.472784765625000000e+04
1.156044726562500000e+04
1.296355566406250000e+04
1.741449414062500000e+04
1.239781250000000000e+04
1.318109179687500000e+04
1.335734570312500000e+04
1.346015332031250000e+04
1.594780273437500000e+04
1.084615917968750000e+04
1.577463378906250000e+04
1.360105371093750000e+04
1.419539843750000000e+04
1.499995898437500000e+04
1.347624316406250000e+04
1.218105468750000000e+04
1.245928027343750000e+04
1.169414648437500000e+04
1.418365429687500000e+04
1.267738476562500000e+04
1.186967089843750000e+04
1.213730468750000000e+04
1.534696484375000000e+04
1.444137304687500000e+04
1.174092968750000000e+04
1.575237109375000000e+04
1.442221386718750000e+04
1.713288671875000000e+04
1.393196484375000000e+04
1.404803320312500000e+04
1.137037109375000000e+04
1.432265332031250000e+04
1.080223046875000000e+04
1.327378027343750000e+04
1.210062988281250000e+04
1.315059667968750000e+04
1.377696875000000000e+04
1.472642187500000000e+04
1.187873730468750000e+04
1.139126464843750000e+04
1.054058007812500000e+04
1.285381054687500000e+04
1.492590234375000000e+04
1.132100000000000000e+04
1.238729492187500000e+04
1.361702148437500000e+04
1.239215234375000000e+04
1.200817675781250000e+04
1.310744042968750000e+04
1.265460351562500000e+04
1.070045410156250000e+04
1.194186132812500000e+04
1.413336914062500000e+04
1.077638476562500000e+04
1.286599609375000000e+04
1.297109667968750000e+04
1.489924804687500000e+04
1.349350976562500000e+04
1.328369433593750000e+04
1.362228808593750000e+04
1.473114941406250000e+04
1.151307910156250000e+04
1.303964062500000000e+04
1.196128125000000000e+04
1.393723339843750000e+04
1.383781347656250000e+04
1.468061035156250000e+04
1.186627929687500000e+04
1.464830273437500000e+04
1.311582812500000000e+04
1.229217285156250000e+04
1.409971875000000000e+04
1.417901757812500000e+04
1.232423828125000000e+04
1.133456250000000000e+04
1.482755468750000000e+04
1.224849804687500000e+04
1.170533691406250000e+04
1.460169921875000000e+04
1.280102441406250000e+04
1.345894140625000000e+04
1.246222070312500000e+04
1.231086621093750000e+04
1.282962500000000000e+04
1.343400781250000000e+04
1.483725781250000000e+04
1.476523437500000000e+04
1.453350781250000000e+04
1.231347949218750000e+04
1.324318359375000000e+04
1.169573242187500000e+04
1.311253808593750000e+04
1.382740820312500000e+04
1.215291210937500000e+04
1.260310546875000000e+04
1.321358300781250000e+04
1.121382421875000000e+04
1.314881445312500000e+04
1.514082128906250000e+04
1.576879101562500000e+04
1.630912304687500000e+04
1.445983203125000000e+04
1.292432421875000000e+04
1.184032324218750000e+04
1.179931542968750000e+04
1.247974707031250000e+04
1.280043945312500000e+04
1.486155468750000000e+04
1.350023828125000000e+04
1.291922363281250000e+04
1.576474023437500000e+04
1.175636230468750000e+04
1.572037792968750000e+04
1.265716894531250000e+04
1.357567187500000000e+04
1.529416015625000000e+04
1.303308984375000000e+04
1.328931835937500000e+04
1.143930273437500000e+04
1.519241113281250000e+04
1.508711523437500000e+04
1.382222851562500000e+04
1.697517773437500000e+04
1.481193945312500000e+04
1.410280761718750000e+04
1.673949414062500000e+04
1.469795019531250000e+04
1.601432421875000000e+04
1.600443457031250000e+04
1.258317675781250000e+04
1.204137109375000000e+04
1.233116406250000000e+04
1.330690820312500000e+04
1.508128320312500000e+04
1.518416406250000000e+04
1.468711718750000000e+04
1.470810546875000000e+04
1.512045703125000000e+04
1.402383496093750000e+04
2.039166210937500000e+04
1.361019140625000000e+04
1.576964648437500000e+04
1.518648437500000000e+04
1.752815234375000000e+04
1.727507031250000000e+04
1.469723632812500000e+04
1.160715527343750000e+04
1.454961035156250000e+04
1.475723242187500000e+04
1.322684667968750000e+04
1.434806054687500000e+04
1.552098046875000000e+04
1.488651757812500000e+04
1.379249804687500000e+04
1.531178808593750000e+04
1.553027929687500000e+04
1.501724023437500000e+04
1.523934375000000000e+04
1.575421777343750000e+04
1.788644335937500000e+04
1.558430468750000000e+04
1.578680664062500000e+04
1.768509179687500000e+04
1.837131445312500000e+04
1.861316015625000000e+04
1.685236328125000000e+04
1.468045996093750000e+04
1.685299023437500000e+04
1.729766015625000000e+04
1.744476171875000000e+04
1.609039648437500000e+04
1.886897265625000000e+04
1.604278125000000000e+04
1.530543261718750000e+04
1.719600000000000000e+04
1.946668164062500000e+04
1.545074804687500000e+04
1.506197558593750000e+04
1.822204296875000000e+04
1.597840917968750000e+04
2.039652929687500000e+04
1.522691015625000000e+04
1.610965234375000000e+04
1.490249023437500000e+04
1.989612890625000000e+04
1.482604589843750000e+04
1.774455664062500000e+04
1.507598339843750000e+04
1.459455957031250000e+04
1.856173242187500000e+04
1.665418750000000000e+04
1.610824707031250000e+04
1.801319726562500000e+04
1.678936328125000000e+04
1.386239257812500000e+04
1.972762109375000000e+04
1.722266015625000000e+04
1.664480859375000000e+04
1.836045898437500000e+04
1.649238867187500000e+04
1.502731152343750000e+04
1.554273632812500000e+04
1.590543652343750000e+04
1.646180859375000000e+04
1.629593457031250000e+04
1.570780761718750000e+04
1.641904687500000000e+04
1.747853320312500000e+04
1.921764453125000000e+04
1.828768164062500000e+04
1.664389453125000000e+04
2.147071289062500000e+04
1.869912304687500000e+04
1.890145898437500000e+04
1.690753906250000000e+04
1.666062304687500000e+04
1.898512890625000000e+04
1.565960351562500000e+04
1.781490039062500000e+04
1.664193945312500000e+04
1.547097460937500000e+04
1.732258593750000000e+04
1.849256054687500000e+04
1.633335742187500000e+04
1.639727539062500000e+04
1.639873828125000000e+04
1.763435156250000000e+04
1.736289843750000000e+04
1.907005468750000000e+04
1.785366992187500000e+04
1.512067480468750000e+04
1.790563476562500000e+04
1.573911328125000000e+04
1.570397851562500000e+04
1.868419335937500000e+04
1.756959765625000000e+04
1.816485937500000000e+04
1.609275488281250000e+04
1.636766406250000000e+04
1.834232031250000000e+04
1.575934570312500000e+04
1.933723828125000000e+04
1.937630468750000000e+04
1.767627539062500000e+04
1.884103515625000000e+04
1.648758984375000000e+04
1.568155468750000000e+04
1.971166992187500000e+04
1.668282812500000000e+04
1.747695117187500000e+04
1.703869140625000000e+04
1.754595312500000000e+04
1.795186132812500000e+04
2.062587109375000000e+04
1.881404101562500000e+04
1.409491406250000000e+04
1.869022265625000000e+04
1.676137890625000000e+04
1.950051367187500000e+04
1.503045703125000000e+04
1.792400000000000000e+04
1.617161328125000000e+04
1.950639453125000000e+04
2.111421875000000000e+04
1.840203515625000000e+04
1.761110742187500000e+04
1.707466210937500000e+04
1.917055468750000000e+04
1.857470312500000000e+04
1.963209765625000000e+04
1.637403906250000000e+04
1.907797265625000000e+04
1.517767382812500000e+04
1.850336132812500000e+04
1.844621093750000000e+04
1.645642578125000000e+04
1.696754687500000000e+04
1.778854687500000000e+04
1.699198437500000000e+04
1.801813867187500000e+04
1.951638085937500000e+04
1.998156445312500000e+04
1.566167480468750000e+04
1.866096484375000000e+04
1.621386621093750000e+04
1.946456250000000000e+04
1.993842578125000000e+04
1.909353906250000000e+04
1.917445703125000000e+04
2.021476171875000000e+04
1.650504492187500000e+04
1.684092773437500000e+04
1.673531445312500000e+04
1.884385742187500000e+04
1.727096484375000000e+04
1.852459179687500000e+04
1.817454296875000000e+04
2.086506054687500000e+04
1.702062890625000000e+04
1.788555859375000000e+04
1.916323046875000000e+04
1.528514257812500000e+04
1.743308398437500000e+04
2.022669726562500000e+04
1.617694726562500000e+04
1.665636328125000000e+04
1.579627929687500000e+04
1.949851757812500000e+04
1.639267968750000000e+04
1.608431542968750000e+04
1.918742968750000000e+04
1.922221875000000000e+04
1.897935937500000000e+04
1.516610742187500000e+04
1.713182812500000000e+04
1.816865429687500000e+04
1.634223437500000000e+04
1.672325195312500000e+04
1.822686328125000000e+04
1.796265234375000000e+04
1.736014453125000000e+04
1.964803125000000000e+04
1.828237304687500000e+04
2.137242968750000000e+04
1.699805078125000000e+04
1.679106445312500000e+04
1.774182812500000000e+04
2.016881054687500000e+04
1.906746679687500000e+04
2.081160156250000000e+04
1.765232812500000000e+04
1.999183007812500000e+04
1.716753906250000000e+04
1.779421093750000000e+04
1.616305175781250000e+04
1.855892968750000000e+04
2.188055859375000000e+04
1.787084375000000000e+04
1.752186132812500000e+04
1.964614062500000000e+04
1.774291406250000000e+04
2.008552734375000000e+04
1.954011328125000000e+04
1.665122070312500000e+04
1.692350781250000000e+04
1.782727343750000000e+04
1.787103906250000000e+04
2.024742187500000000e+04
1.541426855468750000e+04
1.803785937500000000e+04
1.586257617187500000e+04
1.676693750000000000e+04
1.484764257812500000e+04
1.819466601562500000e+04
1.761262500000000000e+04
2.013447656250000000e+04
1.724615039062500000e+04
2.207017578125000000e+04
2.012761914062500000e+04
1.795213476562500000e+04
1.754370507812500000e+04
1.645291015625000000e+04
1.694628125000000000e+04
1.718198046875000000e+04
2.008536328125000000e+04
2.001137304687500000e+04
1.762315039062500000e+04
1.881471093750000000e+04
1.945505468750000000e+04
1.971158398437500000e+04
1.684868554687500000e+04
1.567167578125000000e+04
1.835272851562500000e+04
2.033084765625000000e+04
1.423506054687500000e+04
1.880861523437500000e+04
1.902220703125000000e+04
1.688578710937500000e+04
1.757599218750000000e+04
1.848118750000000000e+04
1.891730078125000000e+04
2.052490429687500000e+04
1.942037109375000000e+04
1.599716796875000000e+04
2.162504296875000000e+04
1.917265625000000000e+04
1.628797656250000000e+04
2.149269921875000000e+04
1.748961132812500000e+04
1.957169335937500000e+04
1.984937304687500000e+04
1.695528515625000000e+04
1.522584570312500000e+04
1.802665234375000000e+04
1.849622460937500000e+04
1.724431640625000000e+04
1.855366406250000000e+04
1.629025781250000000e+04
1.766296875000000000e+04
1.806938671875000000e+04
1.815020703125000000e+04
1.647383007812500000e+04
2.011056835937500000e+04
1.958602343750000000e+04
1.764225976562500000e+04
1.948428515625000000e+04
1.894776953125000000e+04
2.072191796875000000e+04
2.215605273437500000e+04
1.709389453125000000e+04
1.842590820312500000e+04
1.838382421875000000e+04
2.127964062500000000e+04
1.954995312500000000e+04
1.633168066406250000e+04
1.767606835937500000e+04
2.072597656250000000e+04
1.556745703125000000e+04
1.625816210937500000e+04
1.915845507812500000e+04
1.910233984375000000e+04
1.717520898437500000e+04
1.516200000000000000e+04
1.660011328125000000e+04
1.899594531250000000e+04
1.420372753906250000e+04
1.857444140625000000e+04
1.802797070312500000e+04
1.831141015625000000e+04
1.369659179687500000e+04
1.779291015625000000e+04
1.761825585937500000e+04
1.885727734375000000e+04
1.638924414062500000e+04
1.713983398437500000e+04
1.804911718750000000e+04
1.983883789062500000e+04
2.042935937500000000e+04
1.708090234375000000e+04
1.656341796875000000e+04
1.896390039062500000e+04
1.684220898437500000e+04
1.568786816406250000e+04
1.796781445312500000e+04
1.954991796875000000e+04
1.740615234375000000e+04
2.010721484375000000e+04
1.719345703125000000e+04
1.601582617187500000e+04
1.927669921875000000e+04
1.834203710937500000e+04
1.750412304687500000e+04
1.525137500000000000e+04
1.856667382812500000e+04
1.785026562500000000e+04
1.423230566406250000e+04
1.802055664062500000e+04
1.740918750000000000e+04
1.702661328125000000e+04
1.927741015625000000e+04
1.919855859375000000e+04
2.074077734375000000e+04
1.838051953125000000e+04
1.883690039062500000e+04
1.537518359375000000e+04
1.743859179687500000e+04
1.894874218750000000e+04
1.567762890625000000e+04
1.676535546875000000e+04
1.744966406250000000e+04
1.709659179687500000e+04
1.845873437500000000e+04
1.791851953125000000e+04
1.744103515625000000e+04
1.923700781250000000e+04
1.971918750000000000e+04
1.997583593750000000e+04
1.675705468750000000e+04
1.986623046875000000e+04
1.811289062500000000e+04
1.790761523437500000e+04
1.959607421875000000e+04
1.560613085937500000e+04
2.057511523437500000e+04
1.545163867187500000e+04
2.030034570312500000e+04
1.795620312500000000e+04
1.687926757812500000e+04
1.890008398437500000e+04
2.127229101562500000e+04
2.013517382812500000e+04
1.665550000000000000e+04
1.910704687500000000e+04
1.558355761718750000e+04
1.908898242187500000e+04
1.979171875000000000e+04
1.826780468750000000e+04
1.996701757812500000e+04
1.867160546875000000e+04
2.307581640625000000e+04
1.772495117187500000e+04
1.996318554687500000e+04
1.665506054687500000e+04
1.652007617187500000e+04
1.591704882812500000e+04
2.038345117187500000e+04
1.888081250000000000e+04
1.759991406250000000e+04
1.845424218750000000e+04
1.791185546875000000e+04
1.960380859375000000e+04
2.017009570312500000e+04
1.934831250000000000e+04
1.980037695312500000e+04
2.034995703125000000e+04
1.984144531250000000e+04
1.923645703125000000e+04
1.617205664062500000e+04
1.798502148437500000e+04
1.878186718750000000e+04
1.705047070312500000e+04
1.843555468750000000e+04
1.548568261718750000e+04
1.930315625000000000e+04
2.078339843750000000e+04
1.721692382812500000e+04
2.025734960937500000e+04
1.982944921875000000e+04
1.964042382812500000e+04
1.743696484375000000e+04
1.856790625000000000e+04
1.744840234375000000e+04
1.956627539062500000e+04
1.717533593750000000e+04
1.869881445312500000e+04
1.832751953125000000e+04
1.742242578125000000e+04
1.970985351562500000e+04
2.117235742187500000e+04
1.851394140625000000e+04
1.921067578125000000e+04
2.034941406250000000e+04
2.011044140625000000e+04
1.925538281250000000e+04
2.194422656250000000e+04
1.769566015625000000e+04
1.833921093750000000e+04
1.763387500000000000e+04
1.788462109375000000e+04
1.914228906250000000e+04
1.660194531250000000e+04
1.976590820312500000e+04
1.828221289062500000e+04
1.631930273437500000e+04
2.097629687500000000e+04
1.460452246093750000e+04
1.792086132812500000e+04
1.649892187500000000e+04
1.780733593750000000e+04
1.986991601562500000e+04
1.759348046875000000e+04
2.231103515625000000e+04
2.309699218750000000e+04
1.715478515625000000e+04
1.638658593750000000e+04
1.742017968750000000e+04
1.920382812500000000e+04
1.843091406250000000e+04
1.726128906250000000e+04
1.792251562500000000e+04
1.912616406250000000e+04
1.833199609375000000e+04
1.963091406250000000e+04
2.020016210937500000e+04
1.730603906250000000e+04
2.276070117187500000e+04
1.882071093750000000e+04
1.570509082031250000e+04
1.627073632812500000e+04
1.941183203125000000e+04
2.036957421875000000e+04
1.994519531250000000e+04
1.918326953125000000e+04
1.712764648437500000e+04
2.025606054687500000e+04
1.836923242187500000e+04
2.166544140625000000e+04
1.921761328125000000e+04
1.938120117187500000e+04
1.999162500000000000e+04
1.952744921875000000e+04
2.018898242187500000e+04
1.641975390625000000e+04
1.780634179687500000e+04
1.771932031250000000e+04
1.850441796875000000e+04
1.756641210937500000e+04
1.880574414062500000e+04
1.906174609375000000e+04
1.567334570312500000e+04
1.971740039062500000e+04
1.923227734375000000e+04
2.159347656250000000e+04
2.010068359375000000e+04
2.025658984375000000e+04
2.002666796875000000e+04
1.810256445312500000e+04
1.875341601562500000e+04
1.866793164062500000e+04
1.952624023437500000e+04
1.880871289062500000e+04
1.746225390625000000e+04
2.052075000000000000e+04
1.860468750000000000e+04
1.871740234375000000e+04
1.823466210937500000e+04
1.712115234375000000e+04
1.844994531250000000e+04
1.883426562500000000e+04
1.844828125000000000e+04
1.921247656250000000e+04
1.992301953125000000e+04
2.015681640625000000e+04
1.643385937500000000e+04
2.005623046875000000e+04
1.903368554687500000e+04
2.019993750000000000e+04
1.917283984375000000e+04
1.905513867187500000e+04
1.883685742187500000e+04
1.958834765625000000e+04
1.933635546875000000e+04
1.912866406250000000e+04
1.881629882812500000e+04
1.885607031250000000e+04
1.656597265625000000e+04
1.953141796875000000e+04
1.987634375000000000e+04
1.694524414062500000e+04
1.926390234375000000e+04
1.842414843750000000e+04
1.743467773437500000e+04
1.814564843750000000e+04
2.229088085937500000e+04
1.891575781250000000e+04
2.172083984375000000e+04
2.069257226562500000e+04
2.051169531250000000e+04
1.748199023437500000e+04
1.694208593750000000e+04
2.154136718750000000e+04
1.988201562500000000e+04
2.094004687500000000e+04
2.071132226562500000e+04
2.033245312500000000e+04
2.322785937500000000e+04
2.074536132812500000e+04
2.011080078125000000e+04
1.868491406250000000e+04
1.951931250000000000e+04
2.086629687500000000e+04
1.845375585937500000e+04
1.948125000000000000e+04
1.885974218750000000e+04
2.292501171875000000e+04
1.876590625000000000e+04
2.078986328125000000e+04
2.220524804687500000e+04
1.935096484375000000e+04
2.018576562500000000e+04
2.063893164062500000e+04
2.353319726562500000e+04
1.895574414062500000e+04
1.929048046875000000e+04
1.843592968750000000e+04
1.966274023437500000e+04
2.389328906250000000e+04
2.058503125000000000e+04
1.701936132812500000e+04
1.762707031250000000e+04
1.961288867187500000e+04
2.135810546875000000e+04
2.028596875000000000e+04
2.161870703125000000e+04
2.145457617187500000e+04
1.786672851562500000e+04
2.161970312500000000e+04
1.993855078125000000e+04
1.845837890625000000e+04
2.143160351562500000e+04
1.991733593750000000e+04
2.257386523437500000e+04
2.129003906250000000e+04
1.902463476562500000e+04
1.928561132812500000e+04
2.418699218750000000e+04
2.203789453125000000e+04
2.116393554687500000e+04
2.062283398437500000e+04
1.880056835937500000e+04
1.999671093750000000e+04
2.204790039062500000e+04
2.213502148437500000e+04
1.948222070312500000e+04
1.861896875000000000e+04
1.859477148437500000e+04
2.014629687500000000e+04
1.995273242187500000e+04
1.997327343750000000e+04
2.109885546875000000e+04
1.986603710937500000e+04
1.899902343750000000e+04
1.987643750000000000e+04
2.005886718750000000e+04
1.816784375000000000e+04
2.090633007812500000e+04
2.051166210937500000e+04
2.087607226562500000e+04
1.969488281250000000e+04
2.173806445312500000e+04
1.886161718750000000e+04
2.238164453125000000e+04
2.102600781250000000e+04
1.821310156250000000e+04
1.930280273437500000e+04
2.020937500000000000e+04
2.047466210937500000e+04
1.715843164062500000e+04
1.945322656250000000e+04
1.956565234375000000e+04
1.775952343750000000e+04
1.997472656250000000e+04
2.101545312500000000e+04
1.766512109375000000e+04
2.114631640625000000e+04
2.110180468750000000e+04
1.853908203125000000e+04
2.024413476562500000e+04
2.013014257812500000e+04
2.321245898437500000e+04
1.882299023437500000e+04
2.031363476562500000e+04
2.083009765625000000e+04
2.057442968750000000e+04
1.991009375000000000e+04
2.106242968750000000e+04
2.182913671875000000e+04
1.852927929687500000e+04
1.871037890625000000e+04
2.074088671875000000e+04
1.668784179687500000e+04
1.976193359375000000e+04
1.983944335937500000e+04
2.097249218750000000e+04
1.835057812500000000e+04
2.082931445312500000e+04
1.951253515625000000e+04
2.274351953125000000e+04
1.909785546875000000e+04
2.052234960937500000e+04
1.886503710937500000e+04
2.090475781250000000e+04
1.944937890625000000e+04
1.995494726562500000e+04
1.838004492187500000e+04
1.901378906250000000e+04
2.109181640625000000e+04
2.035056835937500000e+04
2.099715820312500000e+04
2.196531640625000000e+04
2.279597460937500000e+04
1.798531835937500000e+04
1.987453710937500000e+04
2.073656250000000000e+04
2.257880468750000000e+04
2.207766015625000000e+04
2.366858593750000000e+04
2.141786914062500000e+04
1.935380664062500000e+04
1.733755859375000000e+04
2.140722851562500000e+04
1.744171679687500000e+04
1.721018554687500000e+04
2.041732812500000000e+04
2.372494531250000000e+04
2.421308203125000000e+04
1.990536718750000000e+04
2.023925781250000000e+04
1.917657617187500000e+04
1.963085937500000000e+04
1.982047070312500000e+04
2.163936132812500000e+04
1.871146484375000000e+04
1.841166406250000000e+04
1.787018164062500000e+04
1.915216210937500000e+04
1.990717968750000000e+04
2.066128320312500000e+04
1.858857617187500000e+04
2.091971093750000000e+04
2.029690625000000000e+04
2.321090234375000000e+04
1.911280664062500000e+04
1.912442968750000000e+04
2.134709960937500000e+04
1.852585742187500000e+04
1.962725390625000000e+04
1.649272460937500000e+04
1.763699609375000000e+04
2.148800781250000000e+04
1.793674414062500000e+04
1.890116992187500000e+04
1.671736523437500000e+04
1.938430468750000000e+04
1.846513281250000000e+04
2.130769140625000000e+04
1.736850195312500000e+04
