-2.256000000000000000e+03
-2.748988113041757970e+03
1.870036368123349348e+03
-1.771237807449169850e+03
-4.021688689212646295e+03
2.275015211220166020e+04
-3.257161486124583462e+03
8.529644557900999644e+03
3.432221247583515833e+01
2.089852786666856991e+04
6.845022854547568159e+02
3.029421526802865992e+04
1.977506113456997264e+04
1.024302147314677859e+04
1.641277814427459816e+04
1.786325694583186851e+04
8.420982230057225024e+03
2.990605613533724318e+04
5.399452477933857881e+04
2.252253862535802909e+04
4.185348686324036680e+04
5.310449673734788666e+04
1.444869449557896587e+04
1.936076546179506113e+04
1.606206735236609893e+04
1.934812863623999510e+04
1.296280165510138795e+04
4.515160724664225563e+04
6.475076247561230048e+03
2.880451727759702044e+04
9.244564746266114525e+03
8.632325033887560494e+03
2.090459046873692205e+04
4.329023737179592717e+04
1.568484964438893985e+04
2.230859530518262909e+04
4.273684151295261108e+04
4.884790707496940013e+04
3.181266262956599894e+04
2.770790905953531910e+04
1.232238870248529201e+04
9.892223674449902319e+03
3.099588308626881826e+03
1.751703951246368524e+04
2.929146298701956039e+04
9.201342838732594828e+03
8.365497895689697543e+03
2.134962345581096451e+04
2.566323527522116638e+04
1.128244433112813567e+04
2.464019367162304479e+04
2.135538846490848664e+04
3.206348652651673910e+04
3.605764670077447227e+04
3.577304878987702978e+04
3.078063485760836193e+04
2.782282566716475048e+04
1.158659077061812604e+04
2.383515704542515596e+04
1.671281563278804970e+04
4.048332851094661601e+04
3.056269669013046951e+04
7.562856389663416849e+03
1.576329286638403937e+04
5.732328757445952760e+03
3.388023662847885862e+04
4.375776865225601796e+04
5.426195241233453999e+03
1.590114748375483396e+04
4.287381721143682080e+04
2.587017639455339304e+04
9.106114124047002406e+03
1.765888563998062455e+04
8.483815392819777117e+03
4.240702034648448171e+04
8.658638774803286651e+03
3.017878513249363095e+04
1.429936228009642400e+04
2.114835717750877666e+04
2.820177420381869888e+04
3.270740080339456108e+04
4.546401500011454482e+04
1.747926546100763153e+04
1.666076365644733232e+04
7.376297397066480698e+03
3.102498388078350399e+04
1.798234665158142161e+04
4.967420215289459520e+03
4.239575820165096957e+04
1.965750866311408026e+04
9.630215628828202171e+03
1.541688866715274708e+04
1.995854172822975670e+04
2.306559461524896324e+04
2.655114941942303267e+04
1.803891660015917296e+04
4.049489084510771499e+04
9.303415234780624814e+03
4.805508999489717098e+03
4.721762831037003343e+04
2.646408854072497343e+04
1.025437583551775424e+04
9.937027965738359853e+03
2.537744965832209709e+04
3.549441823096175358e+04
7.442084458371447909e+03
3.968853768023567682e+04
1.778543150894616338e+04
3.761188600486173527e+04
8.979277452969337901e+03
2.350339069161487714e+04
2.959018803427072635e+04
1.582178780820341854e+04
3.399606362240873568e+04
1.658325911490729777e+04
4.122254500900873245e+04
7.328494862961440958e+03
4.122273622879975301e+04
2.719148593632873235e+04
2.848179376366723591e+04
1.768822825377881236e+04
2.169654238291675938e+04
2.510026228787670698e+04
1.530658718235458400e+04
1.973327527399632527e+04
6.655321181714210070e+03
1.192338825845220526e+04
2.137003672925790670e+04
3.022717290572512138e+04
4.582719165933567638e+03
5.240536011357400275e+04
1.724658627366953806e+04
1.634390539214929595e+04
9.106296316648897482e+04
5.314416321599284129e+04
5.424839546520582189e+03
3.939670518198378886e+03
1.633745738019400596e+04
1.774373511371267523e+04
2.911559516077651642e+04
1.431181515374415721e+04
9.180852745972933917e+03
3.635105019701750280e+04
2.879816139278572155e+04
4.472128200228861533e+04
6.105017561780658980e+03
3.494009854372803238e+04
2.805337408011494335e+04
1.176530329054337199e+04
1.724646387500927085e+04
1.830227535764464483e+04
3.884325688029880257e+04
4.060223350168648176e+04
3.229846809171702989e+04
2.612526286780388909e+04
1.160597985427817548e+04
1.949864370555530695e+04
2.573912827088807535e+04
4.897151180222004768e+04
2.771527976923371898e+04
8.233201178529054232e+03
1.871478804348273843e+04
3.277421701588368160e+04
1.071317708318269615e+04
1.877780797302545761e+04
2.805628030846108231e+04
2.653309311787164916e+04
2.458649920899030985e+04
3.583838433432504098e+04
1.323924796684754074e+04
5.206353684004003298e+04
2.301437007945160076e+04
1.633203093954470023e+04
2.885866327482207998e+04
1.966248280852426251e+04
1.919968785544305501e+04
2.283559138535367674e+04
3.132328230757049459e+04
2.739748433531163755e+04
1.192931504170292465e+04
4.040254116526464713e+03
5.059927663591359305e+04
1.676466402771494904e+04
2.705244085669915876e+04
2.510285171830923355e+04
4.347611336331258644e+04
8.039019285478982056e+03
2.285073822891101736e+04
2.489185844875175462e+04
7.750814208043433609e+04
5.109360231668529195e+03
1.615062112532791434e+04
2.409031543865605636e+04
-7.550230635161324244e+01
1.491035758297842403e+04
1.138228102599741032e+04
2.319638873677075389e+04
2.954648199717873649e+04
2.531749334254441783e+04
2.860084808302050806e+04
1.548299302651422477e+04
3.008844074132962851e+04
2.019611771335171943e+04
3.581672250493214233e+04
1.061942529640040084e+04
4.272264483895411104e+03
2.872204629785886573e+04
3.654363194794567244e+04
1.561160358912915763e+04
4.474146142445884834e+03
1.263344252687452354e+04
1.925017845958709222e+04
2.193539205419096106e+04
2.201309519104198989e+04
6.027803599527826009e+03
6.675411087004921865e+04
1.964456388301016705e+04
8.122358184375271776e+03
2.141294144885458809e+04
3.670623535391973564e+04
4.955587310295230964e+03
6.738534854553185869e+04
1.379803757849307658e+04
5.013369768271328212e+04
1.195747812252181575e+04
1.222580255478214167e+04
3.960149240968511003e+04
2.472059624666362288e+04
1.443740537623906494e+04
3.080454921867078519e+04
6.840949349708462250e+04
1.395651891570143380e+04
3.157260788300070271e+04
1.346367061587218814e+04
2.909358799170067141e+04
3.263894371315678291e+04
2.871343935572539340e+04
1.136875608314059718e+04
2.803280511599380407e+04
4.436324224235967449e+03
1.565165536560448345e+03
2.190775265829901400e+04
2.838269521020510729e+04
1.896322543866093838e+04
3.150217374128807205e+04
3.375955953064445112e+03
6.123844223903214152e+04
6.754443362247736331e+03
1.853145550112885030e+04
2.654495657203460360e+04
4.094339065825511352e+04
4.063110757455903513e+04
6.749542512767914741e+04
3.813541074135174858e+04
2.086214608274350394e+04
9.181785923697043472e+03
3.234837669230513711e+04
1.707575065052534774e+04
1.470954745141770945e+04
5.858544496886829438e+04
2.502593767759306502e+04
2.411742181052645901e+04
1.751344953723077924e+04
2.055775220400381659e+04
1.237123684937310827e+04
1.773282616615414372e+04
1.296166771944343236e+04
7.100859282337916738e+03
1.904128385107670329e+04
2.504789689986631493e+04
2.308598184679172118e+04
3.004903446048381738e+04
1.007907905443165509e+04
1.744193550610065722e+04
3.835235052485448250e+04
2.160379011956451359e+04
4.491125617115833302e+04
1.661630923515599352e+04
4.521819206825898436e+04
6.623972107719158521e+04
2.595483245079978224e+04
2.824175489195458431e+04
1.586591563431943723e+04
3.647877718690574693e+04
1.998560755087607686e+04
2.492091714890180447e+04
1.004657673483335566e+04
4.234622065794850641e+04
1.511564098202780769e+04
1.412093074845580122e+04
3.848730570713205816e+04
4.032670424458903290e+04
3.151148377732001245e+04
4.151248770827352564e+04
1.957434489472017594e+04
9.350211746268241768e+02
3.787434066116910981e+04
3.194165481589676347e+04
3.238784825473487945e+04
4.258877376710907265e+04
8.599216386605821754e+03
2.572578320038986203e+04
1.489222625889545816e+04
2.319257227411099666e+04
4.134214401456060295e+04
1.473344635386647133e+04
2.050358044371766664e+04
1.247635635820767675e+04
1.990217221360374242e+04
1.633155646712054295e+04
1.803097066060682482e+04
1.901960900023259092e+04
6.940664192189464302e+03
1.919035386509584350e+04
1.896332368005130047e+04
2.011425631347930903e+04
2.565772348265357505e+04
2.674351319109670658e+04
3.177832794913888210e+04
5.312247317432025739e+03
1.876181909024134075e+04
2.331135220069334173e+04
1.363230461632453080e+04
8.157256310348053375e+03
3.864037536737281334e+04
2.518771619577381716e+04
2.864029943373722926e+04
2.881535089465969941e+04
1.717647562284458400e+04
2.852881383572594495e+04
4.212974969926596532e+04
2.894135558027115621e+03
2.619781918158968256e+04
1.445032552247388958e+04
4.492331823028964573e+04
4.727280494162785544e+03
1.993644501423132897e+04
4.246559821376704349e+04
5.224193187585104897e+04
2.390513750078166049e+04
1.660704941397476068e+04
3.187634686914226040e+04
2.681769499894989167e+03
9.214225089837893393e+03
1.270504636700566152e+04
4.433489170755351370e+04
2.878586728544928701e+04
2.288324020206044588e+04
1.028118105719187406e+04
5.935058513748685073e+03
3.217060752427683838e+04
2.642677272703515337e+04
1.346348393263772232e+04
8.276985380735802755e+04
1.548490639415858459e+04
2.906894192308905258e+04
1.852724723324066144e+04
4.241860594618100731e+04
3.549524940249420615e+04
5.825302935984425858e+03
1.132690408608958933e+04
1.165900846052988527e+04
8.202370978710136114e+03
2.748230058347989689e+04
8.191158770399271816e+03
1.785823697283758884e+04
3.661835141136973107e+04
1.539672407557474799e+04
2.313989705832328400e+04
3.963584078622459492e+04
2.351886816099681892e+04
1.668965222158079268e+04
9.579210554313205648e+03
3.806693267774634296e+04
2.057988815333453749e+04
5.173682494834130011e+03
2.068179915018289466e+04
5.367678494324837084e+04
5.203407547397651069e+04
3.687239131956182518e+03
2.512255891292032538e+04
1.861984071656950982e+04
8.633115957002295545e+03
2.043265490612173744e+04
2.285491973002905434e+04
3.714812786753886030e+04
4.520560019603040928e+03
9.495680619186397962e+03
1.046558990072967754e+04
1.957886656741973275e+04
5.039230034088953835e+04
2.521974952142055918e+04
8.532464061241229501e+03
1.806250750170114770e+04
2.375761285856017639e+04
1.525565452196603837e+04
1.014932406308787176e+04
1.582571210984162099e+04
3.322218474276302732e+04
4.320874464001223532e+04
1.779630569209254463e+04
1.576936143023742261e+04
1.426187039356019341e+04
7.508598587931719521e+03
2.319681064637577219e+04
3.713001742755269515e+04
8.405852856467756283e+03
5.945044671423537511e+04
3.767970393381208123e+04
3.274229477225395749e+04
1.606735954690464860e+04
1.445939921954602687e+04
2.835465920700028073e+04
1.731271256951023679e+04
2.311174435410796650e+04
3.910814915282928268e+04
3.504762509043984028e+04
2.036797612660742016e+04
1.220666830040782588e+04
2.414230943270440548e+04
2.386955606497066765e+04
2.533905063805308964e+04
3.274051927060885646e+04
1.491901001404708404e+04
4.393181479361778474e+04
8.046699594757790692e+03
1.517988023664456705e+04
3.256204962382437952e+04
2.654037458709820567e+04
6.030011999043179458e+03
2.103239525086536742e+04
3.222501570391007408e+04
2.555706751085168071e+04
2.399558979941779762e+04
2.472035096855428128e+04
3.757721122111857403e+04
4.563119287268444896e+04
1.435748799180776950e+04
3.415650354339534533e+04
4.733986951278584456e+03
3.056201093770558873e+04
4.933395245230133878e+04
4.886241072477473062e+04
7.575884390029545102e+03
8.891515245249132931e+03
2.395692274935950991e+04
3.378670726845091849e+04
2.181448422304797350e+04
2.181956044837213994e+04
1.637666869943970960e+04
1.684014689222596644e+04
4.560817227388778701e+04
1.621623943478971159e+04
3.092973828997558667e+04
4.901471889535400987e+04
1.676554530086182422e+04
5.490447540205381301e+03
2.506206033912868952e+04
3.475076623091610963e+04
9.968084445352225885e+03
2.002821527441089711e+04
4.809776062037859811e+04
2.966499328893001802e+04
2.671476952540616912e+04
2.129311022291000336e+04
2.657860876738908337e+04
6.755697337472926847e+03
3.455820325802628940e+04
1.781985806440532906e+04
2.324270238401048482e+04
6.229395153709209990e+04
2.014794040099300764e+04
3.214035681644933720e+04
4.668198401756138992e+03
2.223333119222451933e+04
2.750743643681408139e+04
3.228192832992540571e+04
1.642504520908154518e+04
3.059753869375729118e+04
3.123998115621908073e+04
2.749645014693226403e+04
1.073534858198875008e+04
3.296602366321227601e+04
4.325395941785598552e+03
2.195980379553511011e+04
1.263246528948664854e+04
1.496680122950417353e+04
2.684228040064126981e+04
1.674184182477248760e+04
2.830903977739986658e+04
3.057286173145072098e+04
1.373345158393311431e+04
2.107137208663987258e+04
7.149301940268450380e+03
2.094020571135487262e+04
3.315239910979469278e+04
6.982775977237474763e+03
8.247170329512034368e+04
1.959312724314937441e+04
1.073252407184772528e+04
1.710117115245433160e+04
1.558848678794177977e+04
1.467230263870901217e+04
1.304879906587256119e+04
4.961242934239836904e+04
2.145115772683519754e+04
3.475547315828981482e+03
2.138246386666786202e+04
2.459617256552600884e+04
1.317743108597613173e+04
4.553010665179230273e+04
1.189491648583951610e+04
3.256161708438199639e+04
1.550848014023377254e+04
2.430230843317284962e+04
1.422203112159807642e+04
2.540547344554021038e+04
1.733976294470472931e+04
1.563700585399827105e+04
2.697624553579693020e+04
4.887223519572869918e+03
1.061696996790051708e+04
3.216096057909331648e+04
3.456705305108870380e+04
8.493589420483345748e+03
2.763703995930702513e+04
8.696319284609172610e+04
3.066214869600458405e+04
1.671264942773669827e+04
2.801815436982311076e+04
2.150811505494550511e+04
3.160745142905367538e+04
1.951401582978853548e+04
2.399500213848471321e+04
4.371034260034485487e+04
7.671938946381015739e+03
4.216258280941518024e+04
4.536652946121631248e+04
2.292479138581966981e+04
5.885913161710451277e+03
3.774354381144169020e+04
3.489749833880008373e+04
1.597594926960553857e+04
2.711263967863731523e+04
8.609865489903424532e+03
3.074904085111880704e+04
1.289324747694917096e+04
1.180935362429172164e+04
2.272705947367052795e+04
1.721117317556276612e+04
4.158846773006628064e+04
2.541433932922690656e+04
1.795383087426864222e+04
3.292057542830301099e+04
2.364506816995231202e+04
2.236938500667574408e+04
2.172926821809617832e+04
1.265190829164966999e+04
9.895364600138978858e+03
8.707339949652714495e+03
2.517093758790535503e+04
3.078216881932200522e+03
1.500107842096796594e+04
2.547333393082517432e+04
1.633923797230939090e+04
1.638340163298220432e+04
1.006537934316965038e+04
2.099671623072019429e+04
1.540968226039213368e+04
9.783575386262344182e+03
3.375713051744694530e+04
2.316351661963620427e+04
2.964894166232536736e+04
4.467029053714142356e+04
3.945362467737368661e+03
1.944237649419854279e+04
1.665267774574073337e+04
2.536201541804031513e+04
3.382628762770901085e+04
9.022605637607168319e+03
4.624929241184825514e+03
7.726360351161944891e+03
1.339818884551876181e+04
8.756746663327170609e+03
3.655149990079926647e+04
4.317616888632727205e+04
1.389329588463917389e+04
8.398199492042082056e+03
2.055056688585182201e+04
3.093478693180255868e+04
3.335113421934461076e+04
1.930488062608415203e+04
1.976045915515830711e+04
1.879431395414006329e+04
6.417587281533442365e+03
1.858724847675325509e+04
2.391107792165502178e+04
1.980329166860833357e+04
5.216888104104692320e+04
4.187003320004725538e+03
2.929010669752447939e+04
2.408233139353340084e+04
2.115876351148518370e+04
3.495062484455134836e+04
2.284050647860152822e+04
2.036135682652682954e+04
2.405685028832366515e+04
2.152716973041213350e+04
1.238370077273815696e+04
1.777874513593632582e+04
1.215601834838936520e+04
3.064845790968043730e+04
5.902604302239307435e+04
4.291670168453831138e+04
3.430086590945957141e+04
3.311967378850655223e+04
5.392903662474366683e+03
1.577359937596386408e+04
2.162641436544453609e+04
3.246397272962839270e+04
1.945820839424812584e+04
4.550344990280209458e+03
1.296040696570239015e+04
1.757584222743017017e+04
1.512006554066407443e+04
1.525661091557465625e+04
3.125100971938548901e+04
2.575366613912138564e+04
4.915431851295479282e+04
3.268000458410946521e+03
2.851270180686956883e+04
3.403975908961874666e+04
2.333054899106545054e+04
3.773633648587336938e+04
3.868200386154362786e+04
1.612205616736627780e+04
2.238404610754136957e+04
3.361613867699180992e+04
1.588349448894868874e+04
1.699186653708659287e+04
4.328126733772722946e+04
1.740460617441557406e+04
3.199849269667295448e+04
3.832897755287129257e+04
1.201845009697802379e+04
1.456078120615354783e+04
1.514425079473508595e+04
2.694845198225464992e+04
1.879218025356020371e+04
2.643693364936259604e+04
5.754842082095934165e+04
7.881899686193064554e+03
7.190378684133886964e+03
4.240530558066804588e+03
1.128460545942815224e+04
2.119173165502990742e+04
3.233683050255457147e+03
1.854586569088376928e+04
3.715713986509139067e+04
1.467011305394080955e+04
3.196479666468637879e+04
1.514371871011188705e+04
4.799448761594413372e+04
3.418000583645066945e+04
9.686020385196785355e+03
1.059590235543504241e+04
2.142490784326130233e+04
1.871855504406501859e+04
1.640993954181161098e+04
1.191381888505098686e+04
1.362224068495683605e+04
2.029497389812605252e+04
1.789715668494767306e+04
4.315282088440473308e+04
1.086231611926266123e+04
1.961189827727974625e+04
9.290417931334673995e+03
2.524069441636550255e+04
4.900779972525714402e+04
2.945333237684811320e+04
1.665543726906865777e+04
2.038318969604366066e+04
1.767862921335173451e+04
2.393816787612251210e+04
2.229741075342323893e+04
8.428402860901938402e+04
4.778123218825650838e+04
3.473200505087277998e+04
1.902263573412749975e+04
3.551657260074435908e+04
3.124893532506532210e+04
1.572515344739009379e+04
3.360017712235685030e+04
3.588029918672925123e+04
1.680308710905915359e+04
1.583001227447478232e+04
3.064568515185032811e+04
9.234608953362278044e+03
1.102939065023974035e+04
8.724808752136865223e+03
2.286335432445493643e+04
1.658858261539036175e+04
3.111059434393646006e+04
2.860265916022168312e+04
3.748437466445913742e+04
1.994572698017465200e+03
2.122940130467810377e+03
2.691959323966676311e+04
1.302510498730951804e+04
2.452960190358116961e+04
1.536115319765295681e+04
9.785854735891307428e+03
2.066623930539758294e+04
8.223511664905603539e+03
1.994968479733299318e+04
4.162929290261651477e+04
4.662676060196428443e+04
2.003914290429800167e+04
8.407116828768914274e+03
2.058824206416406014e+04
3.955000232694100850e+04
2.268197779346982861e+04
3.460336617237317842e+04
4.734819270962833980e+04
1.162062524845940243e+04
3.177013407438811555e+04
3.391298668211235781e+04
2.849451958248367373e+04
6.315775499035647226e+04
9.509900745954038939e+03
1.711312400572872502e+04
8.109308075649201783e+03
1.677542915060704763e+04
1.358351348950824104e+04
1.373425763180923968e+04
3.389298226845865429e+04
2.022666575241695682e+04
3.112265177995998602e+04
2.557885872904545249e+04
2.098665135965584705e+04
2.129151424901909559e+04
1.436007857850400615e+04
2.362633698999071203e+04
2.873078283630953229e+04
3.541518671165771957e+04
1.740772400339397063e+04
6.782196539880878845e+03
1.014482361042051161e+04
4.096312610577555461e+04
2.955652744670940592e+04
3.359249266086356511e+04
1.762783575570575340e+04
1.735090025764132224e+04
8.977464608051152027e+03
3.274215394336117606e+04
2.705065881819800416e+04
4.623015153255711630e+04
1.963021407477212415e+04
2.239252460713111213e+04
5.477286850389426036e+03
1.890534595161390462e+04
3.427875919256467751e+04
3.549535064206171228e+04
2.323040356334162425e+04
3.952836342725997383e+04
1.377387921085619382e+04
3.538273172591502953e+04
2.221995818942500046e+04
2.381762572701269164e+04
5.840842480944690760e+04
1.814991753065313605e+04
1.511060306636265159e+04
3.099334348467078962e+04
2.580487802925576398e+04
3.110834420088742991e+04
8.601311275711523194e+03
3.016929217863891972e+04
4.164934200914934627e+04
2.251755438314240018e+04
6.628690325529819347e+03
3.547162697530478181e+04
3.208877205141277955e+04
3.815165580300397414e+04
2.132586209179037905e+04
4.141128687618956610e+04
2.201385588251220179e+04
1.232468077578038719e+04
1.693614783403023466e+04
6.509878963420914079e+04
2.651197701035255159e+04
2.369263782556085789e+04
7.794432439624712060e+03
2.033446370206259962e+04
1.819584140841184853e+04
1.953425509716992383e+04
2.209400386435032124e+04
2.027849990380565941e+04
1.926852381929338299e+04
2.640982075572872782e+04
1.876176791042235709e+04
1.137868959834180350e+04
2.600000768034810972e+04
3.644959504022769397e+04
1.858051347292620630e+04
3.540532032748607162e+04
1.767181745767889515e+04
4.538613766116501210e+04
2.605851137477705925e+04
1.078422683369237529e+04
6.965617702662117154e+03
2.013823204208342941e+04
8.344858227795322819e+03
1.374382425853564200e+04
3.634348415328153351e+04
5.594286196753277909e+04
1.482502058787102942e+04
2.522413844707603857e+04
1.059873152426407432e+04
2.635464614261036695e+04
3.721622125419326767e+04
1.996332252009516014e+04
1.111225460676965668e+04
1.618150865233391960e+04
6.089099472615886043e+04
1.154321173005667333e+04
4.609876486824816311e+03
1.213543028000177765e+04
2.151645594824220461e+04
2.703785714417533381e+04
2.140229441127685277e+04
1.311844551872274496e+04
2.163964236452226032e+04
2.769280729875396355e+04
2.804656775453559749e+04
1.052275959822257755e+04
1.383274364261306437e+04
2.927189281021035276e+04
1.898459410281952296e+04
6.751509627465668927e+03
9.786983008127101130e+03
6.537712053710120381e+04
1.021557924276361155e+04
2.305540711704197747e+04
1.040098855406038274e+04
3.030141066279980078e+04
1.015886410506951142e+04
2.243674908415970640e+04
2.410114329839426136e+04
1.977815771262949056e+04
3.620751261328358669e+04
3.342139329668900609e+04
3.461068585617851204e+04
-3.228292812588139213e+02
1.213852298410278308e+04
1.854584759361618489e+04
1.783843464007940929e+04
9.336779620030925798e+03
2.156803816822904992e+04
1.734034892991135712e+04
7.517431547212116129e+03
2.460664008409478265e+04
1.310338141883300705e+04
4.538394406950044504e+04
8.347256407426569785e+04
2.504701919090985393e+04
3.839540807157331437e+04
4.858420746379285447e+03
1.896967165297382599e+04
2.549603461457137746e+04
2.124116674545400019e+04
4.432161249543278245e+04
-3.092542720899878077e+02
2.149926141921959425e+04
1.930107772833498166e+04
6.125724924770453072e+04
8.413068415224473938e+03
7.362377976820746881e+03
1.282043342039743584e+04
1.739201694550473258e+04
4.550841900346526381e+04
3.363302926727505110e+04
3.406940183333902678e+04
3.235583518510638532e+04
2.512531731292300537e+04
1.365222448716333929e+04
1.109238701783299803e+04
9.915999863977620407e+03
1.934626679103517017e+04
3.998716313840720250e+04
1.982541090406315561e+04
1.257713460177058914e+04
2.511952457174916344e+04
4.640850220950051153e+01
1.572447297464946132e+04
1.515125441305790628e+04
1.505896440388137125e+04
2.492849244898741745e+04
2.174079639348544515e+04
1.360421230754016869e+04
2.904889893778195619e+04
1.120567196009937470e+04
2.505540011003189284e+04
1.995652227243268862e+04
2.336909610561450245e+04
1.222951434641891683e+04
1.317023897816898352e+04
3.234555865551416355e+04
2.236515440330882120e+04
3.639105303092005488e+04
1.022872943337677498e+04
2.635359960684474936e+04
3.115006418834997021e+04
9.164517513900860649e+03
2.508991697130252578e+04
6.061658252347799862e+04
3.565980188877377077e+04
5.081854145364300348e+04
4.851646817564444791e+04
1.808611849409464048e+04
2.979292398764406244e+04
1.897302196421834378e+04
1.603047333543947389e+04
4.669227383135294076e+03
1.734044493786133171e+04
1.106636400402742038e+04
2.370279972908009586e+04
4.171831056509302471e+03
7.017116091551727732e+04
4.007067063940461958e+04
4.526065283854932204e+03
6.528348647030875145e+04
2.131782953282295784e+04
2.998543779655026447e+04
2.377990848275323515e+04
1.247234347393552707e+04
5.010868103804008570e+04
2.706173474094920311e+04
2.896257465799270722e+04
2.938991956824413592e+03
1.346261470162171463e+04
5.147049266139774409e+04
2.509986462145144469e+04
3.704745418663032524e+03
2.121844329557763922e+04
1.464766888876173471e+04
1.926700536338866368e+04
1.459886174875403231e+04
2.028313750720165626e+04
2.050185682930719486e+04
3.559359609173610806e+04
2.724547381473852147e+04
3.284452106553126214e+04
1.009200643661779395e+04
3.726503331692456413e+04
4.975058941529440199e+04
1.485837230493073548e+04
9.119626449189890991e+03
1.443988723484874390e+04
3.577568270317839779e+04
1.608496939585600921e+04
3.478494104380971839e+04
2.675380536205387398e+04
6.847839917036454608e+03
4.947370023324650538e+04
3.096786762575320608e+04
8.819476081672682994e+03
4.329468285533686139e+04
3.448392943609325448e+04
1.096973093999864068e+04
1.402061904863272139e+04
8.920542387123923618e+03
1.676776131858860390e+04
8.480874158226739382e+03
5.599368420279934071e+03
1.471542975713973647e+04
2.796840025311009958e+04
1.116931236495597659e+04
1.983926315880366019e+04
3.769730015155127330e+04
6.591131639502357757e+03
2.520053861041562777e+04
5.230956567179423473e+02
1.803154445760824092e+04
2.604013920311283800e+04
6.003051667486833139e+03
2.240630502655083546e+04
8.657991383542244876e+03
1.499405640040183062e+04
1.430778504644478744e+04
1.542505979782506620e+04
3.560723032076648815e+04
2.608955711374275779e+04
1.923299709609043202e+04
2.741312434637649858e+04
2.085162343198477629e+03
4.306479792600214751e+03
1.674723847802069940e+04
1.037384559583886767e+04
1.949389916168210038e+04
3.664038389099345659e+04
2.056136343569619930e+04
3.276826062833186734e+04
3.281651871974061214e+04
1.370963215657557157e+04
2.509636898147300235e+04
2.553011387388168805e+04
2.268503008638511892e+04
1.878797996331275499e+04
1.341260520595419439e+04
3.870474825535553100e+04
5.363727983494653745e+04
1.078420292899479864e+04
2.227333192418516774e+04
3.114092853362379537e+04
1.998662325511988092e+04
6.102036078698806523e+04
8.897549105260770375e+03
8.536543541138089495e+03
4.889009865402901050e+04
1.165205709559671232e+04
2.875488947811004618e+04
3.711670350682096614e+04
1.003758016941765891e+04
1.406503173834977588e+03
1.463844446280367629e+04
1.558845111061217722e+04
1.966025398718123324e+04
1.715297729295644967e+04
4.250455145305825135e+04
2.107615628251155067e+04
2.221187622753706819e+04
1.334534793398836337e+04
5.977682467656490917e+04
6.183287188169189903e+03
4.395295232705413946e+04
4.035951387592949322e+04
2.911378923843395023e+04
1.976944473477588690e+04
1.964332947341411273e+04
1.528597206233110410e+04
3.199041418145613716e+04
1.129922856543390117e+04
1.556020046184310922e+04
1.751435369205941970e+04
1.412257553307272065e+04
9.082092160652593520e+03
3.517767735405087296e+04
1.398691133864402946e+04
2.526730533968000964e+04
2.367970442772078604e+04
1.391866278989986677e+04
5.202095604276866652e+04
1.700003182397931960e+04
6.736778484012516856e+03
1.265362616176356096e+04
1.571365292453839356e+04
2.567506071851321030e+04
2.452081936044479517e+04
9.975751914939790367e+03
1.409719378353029060e+04
4.179816113009886612e+04
5.335923691310708091e+04
3.094752875283944013e+04
1.031193729314434131e+04
1.285674508850931670e+04
2.667192256749175431e+04
2.021579160297803901e+04
1.448795971931696658e+04
2.170912588275296730e+04
2.356606466421008736e+04
4.322339635506957711e+04
1.547630630233232296e+04
1.820255723677811329e+04
1.605074813179771627e+04
1.837042892765510987e+04
3.078816865294859235e+04
1.721157443413929650e+04
2.821327891337504843e+04
9.139273218185469887e+03
6.857378085585872213e+03
2.091679197396296513e+04
3.155445277532746331e+04
1.836331564890812660e+04
1.656342164761698950e+04
1.416065422483532166e+04
2.172926073850076136e+04
1.670007985931224175e+04
1.908853534348544781e+04
8.794332135153172203e+03
3.602124685652214976e+04
3.570675644483051292e+04
1.059936294167479355e+04
1.671260412605598322e+04
5.305638332636546693e+04
2.850313507225192734e+04
1.577351429681573245e+04
4.795335968595328450e+04
1.880123665268887999e+04
4.090198087942614620e+03
2.162728317218597294e+04
1.845791012807922380e+04
3.699351679312481428e+04
1.279065464911558774e+04
5.942875532424903940e+04
3.197715090421326749e+04
2.097873646433859903e+04
9.320104121737058449e+03
1.378636862668777940e+04
3.360326372180563339e+04
7.574477986730599696e+03
1.993490956615720643e+04
4.316641238174727187e+04
2.430747956116132991e+04
1.356989991962053318e+04
8.659627574478014139e+03
2.396901555375949101e+04
3.071887995928276359e+04
1.386796347976315519e+04
4.333852394863311201e+04
2.577498949739956515e+04
3.180456091774570086e+04
3.742759896275132633e+04
2.793710775430992362e+04
1.618814700377132613e+04
4.292780686336927829e+03
1.726428024434866893e+04
1.732106800589049453e+04
9.068635898740685661e+03
4.024903036824055016e+04
4.448583543198958796e+04
3.548416194191208342e+04
2.125491896469656785e+04
3.103771523505711230e+04
1.415855503092823164e+04
1.539406540049624527e+04
3.651287959299318754e+04
5.498288423932564911e+04
9.837012830187852160e+03
1.724100455657909333e+04
1.794481604916567449e+04
2.751710838793367293e+04
3.908235890353767172e+04
3.687374517238277622e+04
8.770894942175018514e+03
1.081118627202637254e+04
2.561782575668030040e+04
4.531163691692576322e+03
4.866781847918300627e+04
7.926801510462049919e+03
2.322755533715284037e+04
1.152132832251789659e+04
3.158019197836786043e+04
1.633392960085377672e+04
3.230678057439073018e+04
2.826394764768036475e+04
5.194056492531415279e+04
1.390863116534340952e+04
5.094393096757460626e+03
2.318063024236815181e+04
1.682603989433383322e+04
1.045414952358170740e+04
2.107176016517000244e+04
6.455718867154280815e+03
1.049851159119324257e+04
3.112195609168012015e+04
9.001327610214162632e+03
4.188041314160151524e+04
1.359929821952044585e+04
1.225316984330898049e+04
4.629974084937891166e+04
3.086002607304810590e+04
2.735138769645175125e+04
3.218212373809483688e+04
2.732209405306080589e+04
2.537961883169400244e+04
1.502571439452123013e+04
2.252355735658363847e+04
2.212752331023958686e+04
6.573661629831022583e+04
1.744875974287197459e+04
8.578214667378694867e+04
3.751629792113532312e+04
-2.383953151694131520e+02
2.285720213191738731e+04
1.323181345514640998e+04
1.675746212727155944e+04
1.743365044456574469e+04
1.598538226387120176e+03
3.093318734695861622e+03
6.396916690095276863e+03
4.268540042981091574e+03
2.633938993902307266e+04
4.960368799082453188e+04
2.054861752093703035e+04
2.074124531527092768e+04
5.970025570590680582e+04
1.525110856665151550e+04
1.063139776198536492e+04
1.257330992889580739e+04
4.062355237409083929e+04
1.587930513186656754e+04
1.949257425648866774e+04
3.641966028687158541e+04
3.740656773324383539e+04
1.510294111560553938e+04
1.687714260925953931e+04
1.293944392244891060e+04
2.402208122693134283e+04
2.345715097400952072e+04
5.459082475317207718e+04
2.468519333166984870e+04
2.263161678535655665e+04
3.780951594509585448e+03
6.218190901110969571e+04
2.702741905137926369e+04
1.764649613871735346e+04
1.767063689897804215e+04
2.776417001511088165e+04
2.056940993942065688e+04
1.628927058214914723e+04
1.527304629762291370e+04
1.244272078197540759e+04
4.138573908206333726e+04
5.336333085318175108e+03
1.360172122160985782e+04
4.803849778476820939e+04
2.315703368642508212e+04
1.868465706582835992e+04
1.298657498119087541e+04
8.068362244313876545e+03
6.056349714392257738e+04
1.648281608310245429e+04
2.848375995494262497e+03
2.878016183258313686e+04
2.201932299910521397e+04
3.307074998092857277e+04
4.541704992050532019e+04
3.572865735255272011e+04
2.637103472193521156e+04
6.262403651352409724e+03
2.791358130565378451e+04
1.954077716268745280e+04
3.166098807668012159e+04
1.548168568836651320e+04
2.632743948348224876e+03
3.029962883805825186e+04
2.197905153640197022e+04
2.465448395130458812e+04
2.182866500596662081e+04
7.996150921986428148e+04
7.923360427659966263e+03
2.445345343977533048e+04
1.379145652789402084e+04
1.817567459409524599e+04
3.601424553433604160e+04
2.120315819469186681e+04
1.153232478265074315e+04
1.636960208781524125e+04
4.293735217902242584e+04
8.048732378011071887e+03
2.757787950573385388e+04
2.701190030087786727e+04
1.572587798349162222e+04
2.122635340683886534e+04
1.986966383462071462e+04
7.325524559216048146e+03
1.181388192350939971e+04
1.376159371837245999e+04
3.612208922311402421e+04
1.843229922695335699e+04
2.555552419490112152e+04
2.755147120774782161e+04
1.347113915825553340e+04
8.801814916580004137e+03
3.842971922804226779e+04
1.903570507797044775e+04
2.576368502084880311e+04
2.999303724937185689e+04
1.840811128306376850e+04
6.943692188305305899e+04
7.518349758256028508e+03
2.723804450386461212e+03
1.111980561446041429e+04
2.722748611858426375e+04
3.652200505994311243e+04
2.325104896668151923e+04
1.718485689205749077e+04
1.856206323880580021e+04
1.341392438846241021e+04
1.445995437153096282e+04
7.598839398959832579e+03
5.101655328953199387e+03
2.025037824525588076e+04
4.061234820969910652e+04
2.005099968073324271e+04
3.191565746662865422e+04
1.701341709980127052e+04
1.390764489320122811e+04
2.158794915470596607e+04
3.455719126156204584e+04
2.238788790040581807e+04
1.474228005478877822e+04
8.062548222413091935e+03
4.086881894939623453e+04
2.646887233540476154e+04
2.608484151697304333e+04
2.824683767447873470e+04
3.729570388400368392e+04
2.900963749005003046e+04
1.469393393926851786e+04
1.011494160469173803e+05
5.795158006866991855e+03
1.705042535037799462e+04
2.071278560443834795e+04
1.487434029576975627e+04
9.767896586914444924e+03
1.166632747704382200e+04
2.158369654621340669e+04
5.175707271129442961e+04
9.319649728700145715e+03
2.859203329828023197e+04
4.496518523987511799e+03
1.723657424583643297e+04
8.170499798279266543e+03
1.603775902910263176e+04
1.061048548017993016e+04
1.167807508295002481e+04
2.579003590929655184e+04
2.135333947919929051e+04
3.244313125907630456e+04
2.493008999979948567e+04
1.224067125203257820e+04
3.596351263552327873e+04
1.735195538292488345e+04
6.198435309868946206e+04
9.726110931821764098e+03
8.009299166137111570e+03
-9.769171110588494003e+02
1.143442704525616500e+04
1.767547955995513621e+04
4.221040661222821655e+04
1.117909247310926730e+04
3.783394561801812961e+04
8.922850036371615715e+03
1.836940435361204436e+04
4.216118607182306005e+04
1.561270216398473895e+04
1.861154068965445913e+04
1.099992910727906383e+04
5.665800966084550600e+04
2.949171414443510002e+04
3.587031798616925516e+04
4.488753134374088404e+04
1.209813805903912544e+04
3.445087223662876931e+04
1.567223770127501484e+04
3.899620345812042069e+04
4.336802720243355907e+03
1.796617930642911961e+04
5.620223525445546329e+03
2.816991168105028191e+04
3.034319393177092206e+04
2.732118318629818168e+04
1.409764122847193721e+04
7.639242196021679774e+03
1.790293389343859599e+04
5.644024663150907145e+04
3.393240626299735595e+04
4.104642223039708188e+04
2.800691837421491073e+04
1.483946453450128865e+04
3.562793112478748662e+04
6.973142852398742434e+03
3.477994475244658679e+04
4.093248682035981619e+04
1.876761151024514766e+04
1.076535926039272454e+05
1.051910631817088688e+04
5.410985878350459097e+04
1.731719308157124397e+04
1.328206379127448963e+04
1.489528429006347687e+04
-9.896435833854866360e+00
1.428854763942019054e+04
3.248223894540929905e+04
1.665779140776283748e+04
1.429089340836073461e+04
1.992312016340737682e+04
3.012035889071000929e+04
1.074680407156401634e+04
9.644510823557848198e+03
1.300880297214263919e+04
2.937646281198621182e+03
2.532983036740306488e+04
2.279565994573697753e+04
1.508353432254472500e+04
2.689788138581348903e+04
5.858782583877720754e+03
6.092880887312028062e+04
1.818317008325229108e+04
7.191973701543187417e+03
2.986909425919908244e+04
1.515895867106024889e+04
7.230253574282082809e+03
1.356526518024829238e+04
2.068113040185696445e+04
5.732420347931491415e+04
3.688028521611852921e+04
3.343989371950873465e+04
9.478111475187502947e+03
1.775755626538698925e+04
5.682455119434164953e+04
1.385855288486365680e+04
1.010993106995352719e+04
2.477193222338759369e+04
2.772211338215562137e+04
3.816706729095809715e+04
1.018157461956875159e+04
7.491287389194819298e+03
1.737849713599339566e+03
2.153874973996306289e+04
1.406120697850141369e+04
1.399350293199056250e+04
2.484946635792121742e+04
1.126664308393604369e+04
1.314955170788683972e+04
1.712671889534145885e+04
2.242880015729200386e+04
2.018127082832617452e+04
2.446735782205337819e+04
4.643380001500669459e+04
1.255345367255206656e+04
3.687462605499293568e+04
7.864195107133978127e+03
1.622553928676167925e+04
1.950585082387684088e+04
3.437899940870551654e+04
7.016516573689995857e+04
2.207666428546288444e+04
1.477328974985983950e+04
2.375145307508368569e+04
1.870388688179307064e+04
1.968429362773076718e+04
8.192774451505330944e+03
5.592498111844529922e+04
1.427706661005426031e+04
3.079315288150672131e+04
3.160095265254773767e+04
1.594755882829416987e+04
1.668584010381144981e+04
2.193087051758021335e+04
1.824055532239793320e+04
6.622457183952215928e+03
3.225878190868416277e+04
3.525633873523473449e+04
2.369590070280099462e+04
1.550278572902087399e+04
1.845010125073058589e+04
2.563076499859324031e+04
2.352245143054812797e+04
7.861606169873016188e+04
1.757880270525943706e+04
4.202000751107161705e+03
1.026137967721796667e+04
4.836728159208074794e+04
4.329454923020113347e+04
3.455371409967642103e+04
2.247899337883487897e+04
9.476340511867216264e+03
1.004169113662618838e+04
6.067893455108133639e+04
2.520703278377708557e+04
9.433690780550229829e+04
1.410979801177177251e+04
2.059323991133003074e+04
6.530047829774121055e+03
4.121281225454554806e+04
7.779864524926138984e+03
1.182641247191794537e+04
1.388165939022633756e+04
4.911217817866924452e+04
3.540851972137277335e+04
3.211734662909002509e+04
1.579383774790194002e+04
2.728389205051264798e+04
3.265183075254025880e+03
1.834090202512091128e+04
2.165358665967738852e+04
4.183420099539501825e+04
1.699187547293028547e+04
1.166309442460907303e+04
1.051259337591209260e+04
3.093397289212381293e+04
3.345562337273330741e+03
1.160738104613023097e+04
6.808103247256157374e+03
4.631022037057454872e+04
2.328817338081781054e+04
2.068194562623015372e+04
1.248384299369745713e+04
1.729453596439868124e+04
4.749615463005047786e+04
2.054033654705317167e+04
4.023364713445871166e+04
2.924697034269636788e+04
4.561703648324179812e+04
6.602156115647489059e+03
2.420599646803464566e+04
8.142263276594278068e+03
9.734773718262200418e+03
1.007530521067873269e+04
1.905972754269812140e+04
3.251217490659319810e+04
2.484151182300739310e+04
1.518995645124538532e+04
1.566305657933609109e+04
2.419788267901358995e+04
9.955960352465504911e+03
3.171525524305481304e+04
2.199062037301261444e+04
3.304522561573424900e+04
2.254227720373378907e+04
6.749241717784441789e+03
5.884951833354323026e+04
3.364852609682601269e+03
2.614801741380737076e+04
5.783648419824402663e+04
1.213913690086606766e+04
1.656071315343574315e+04
1.443228737493940935e+04
1.813865039733321464e+04
3.554896247866479098e+04
3.975180224260543764e+04
2.633888778053936039e+04
3.294856129632997909e+04
3.362446866904402123e+04
1.793889518218643207e+04
8.914267739744723076e+04
1.832663334328153724e+04
2.525816906835884220e+04
8.620824722791494423e+03
5.697512074734828275e+03
3.150155023516176152e+04
2.602096978594382017e+04
1.475983882064365207e+04
1.773929766932671555e+04
4.422630068883116473e+04
2.321684662827150896e+04
4.002504976073780563e+04
3.330736088941371418e+04
6.621326647170784781e+03
9.282763059901626548e+03
2.083687019199907809e+04
5.732086293321810444e+03
2.764373164900391203e+04
8.291751665829473495e+03
8.658012406075849867e+03
3.920288442546386068e+04
2.962548238692646555e+04
2.270185606834550708e+04
1.509661740539124366e+04
1.480037371096059906e+04
1.647633678350338232e+04
5.923994189795294369e+04
1.749448134104419660e+04
3.523018761138735863e+04
8.075671754798642723e+03
3.002854250648075322e+04
1.263025289874865848e+04
8.129154811606679868e+04
1.339960336204472696e+03
2.520335482528516513e+04
4.843347691165395372e+04
1.381833381227921018e+04
3.797342552558255557e+04
1.463132608724619422e+04
2.263677343528457641e+03
2.342482531405959526e+04
2.638609495256278751e+04
1.938464342268867040e+04
2.309120210061326725e+04
1.940038144790934894e+04
1.517207783010791172e+04
2.117715778284507905e+04
6.296295724711904768e+03
1.059789664921384247e+04
3.421461403799833352e+04
2.398063292930831449e+04
8.159835560718479428e+03
1.515275177277071634e+04
2.599121076488444305e+04
3.021846030179628360e+04
1.987012440746623179e+04
3.619482350312932977e+04
6.397033866827443126e+04
7.047811936739002704e+03
1.892855354601751242e+04
1.034464966651006034e+04
3.958303694222407648e+04
3.086443603467085268e+04
4.165886807682326616e+04
1.832450973083178178e+04
3.095225518853919129e+04
1.305691328586341479e+04
2.322075567315385342e+04
2.881276749719766667e+04
3.278058150269843463e+04
2.778216937045719169e+04
2.016116146817910703e+04
4.081747195375182491e+04
2.595779543862115679e+04
4.257477325202329666e+03
5.452830947975954041e+04
2.108926171433619675e+04
6.909564271778839611e+03
1.756254166759864529e+04
1.901203309045360584e+04
1.895624777530393840e+04
1.747176095231742511e+04
3.352474276807429851e+04
1.312373869651978384e+04
-2.665762595816511862e+02
3.646689079336071154e+04
1.267685303415913040e+04
4.090953183707955759e+04
3.893749052744067012e+04
7.682705624008016457e+03
3.935354874807393207e+04
1.280307839450300889e+04
3.184872921106185822e+04
1.896253451585731818e+04
5.437746201306665898e+04
3.075875913831866274e+04
6.543232528487353193e+03
8.343075131983008760e+04
1.386443402167230306e+04
5.316148894032421595e+03
5.759169145194485463e+04
2.078837047353372327e+04
4.762791151251108204e+03
1.038941478935028863e+04
3.267000369728222722e+04
5.330006357466027112e+03
2.500884316033788855e+04
4.800619890330945782e+04
9.316907375206757933e+03
3.015983409046339148e+04
5.383717590755606579e+03
1.335470352976425420e+04
1.805516180351546791e+04
3.574589148791169282e+04
3.044631197046582020e+04
2.480172259543641849e+04
1.226925426619854079e+04
1.170429908208280540e+04
1.465502305386617263e+04
1.848761385324321964e+04
2.821403958207944743e+04
6.545956789240842227e+03
8.910796424289197603e+03
3.038263963270213935e+04
1.619997121858410901e+04
8.827819978111616365e+03
2.793067018826179992e+04
7.120659472562216251e+03
1.022621741668192772e+04
1.394959969283782812e+04
4.474728281548740051e+04
9.149551698947028854e+03
1.887145952863650746e+04
1.390222167156920841e+04
2.376888842734146237e+04
1.702804373289990326e+04
2.070679854975453054e+04
2.323542999672928636e+04
2.293210475624825631e+04
1.489469030047561318e+04
2.220789304780436578e+04
2.907727633938397776e+04
3.483445451625366695e+04
2.806948422079896773e+04
2.955118952792843265e+04
1.865992608670870322e+04
3.092727082449941008e+04
2.218693631665726934e+04
9.714004564319380734e+03
4.384299354886259243e+04
2.093856592512717907e+04
3.591833651715534506e+04
2.114564017226859505e+04
1.833223482919975868e+04
1.508189977208580967e+04
1.722761326645317604e+04
3.846623116423384636e+04
6.819762810750184144e+03
3.925681433289012784e+04
4.127567546918263542e+04
7.698046463146371025e+03
4.831565684691046772e+04
1.464135383082367298e+04
2.457372755727097683e+04
1.127704021830957936e+04
3.306391654769374873e+04
6.428811607220651058e+04
7.537989141384922550e+04
2.445367602925420579e+04
1.774271817744457439e+04
3.848229196333292930e+04
4.783491253471591335e+03
1.656959816113535999e+04
1.089663051911821094e+04
3.146418771983119223e+04
1.253168082219495045e+04
2.546868269013109239e+04
2.180717823876512193e+04
9.236236744837293372e+03
3.334990137582032185e+04
1.795894460540990985e+04
1.229544590800116384e+04
2.711007400905005125e+04
1.946699196468345690e+04
2.451603440885517193e+04
2.483810830695492041e+04
4.487552246006266796e+04
6.713384220314597769e+04
2.789598990885120293e+04
1.847383527408455120e+04
5.806646274123161129e+04
3.353927711624316726e+04
2.918890938793443638e+04
1.365673546514623195e+04
1.951008725740666705e+04
6.767232406662205904e+03
5.748092064421818213e+04
5.645113226623416267e+03
3.852523519746901729e+04
6.430898595681749612e+03
9.887645981637037039e+03
9.007955335231719801e+03
2.898880495500161487e+04
3.358456811822587770e+04
1.646619575659251495e+04
2.282896215436119019e+04
3.966109924755466636e+04
1.504509354089700719e+04
1.013634350623238061e+04
1.617797304678962610e+04
7.935000882140946487e+03
9.722859487011715828e+03
1.234449037734381272e+04
8.894954891806768137e+04
1.288546518246124469e+04
1.888066392720432304e+03
9.608220999987996038e+03
4.053748423642444322e+03
2.385240771755568858e+04
1.838978372996476901e+04
1.965048262009268365e+04
1.026634574422796322e+04
2.154931803484895499e+04
4.336392069210781483e+04
2.574291860725568404e+04
2.008703557372009163e+04
4.857467884806153961e+03
1.754146914507238398e+04
2.423636255677372901e+04
2.451534252755824855e+04
1.431890589763967546e+04
1.414298075173299003e+04
2.940945548763840634e+04
3.881424762718934289e+03
3.867930645327796810e+04
2.272840989211889246e+04
3.029524408301994117e+04
2.211925942062908143e+04
2.606269495489394467e+04
2.999670243911770376e+04
1.937582174342342842e+04
2.165872587070403097e+04
3.556867478643362847e+04
2.503550410101414309e+04
1.368370045374055371e+04
2.989833582408660004e+04
7.242361719835239455e+03
1.091470250317484533e+04
2.771067773157092597e+04
1.942308027383648368e+04
1.089927382246378693e+04
1.963646088201754173e+04
5.014571124509851870e+03
1.544968450847365057e+04
2.018845450619803159e+04
5.458261049248406198e+04
7.685712904896176042e+03
5.348645617307715838e+03
3.362809054158995423e+04
3.335070439310353686e+04
3.172830864673282485e+04
4.059974658076307969e+04
2.631753830170902802e+04
3.497674722934317833e+04
3.813556599979094608e+04
1.376196948786573557e+04
1.423872673153158030e+04
4.243037607927170029e+04
4.683736027895825100e+04
3.639532651510397409e+04
1.434570697240871959e+04
3.345970334318526147e+04
2.904302785949352983e+04
3.460121654670363205e+04
4.546513508623784583e+04
5.310958097659773921e+04
6.689970950303969403e+03
8.922748238286982087e+03
8.882273652542993659e+03
2.395132565800967859e+04
5.826517392248984834e+03
1.535186061402196356e+04
9.411027294052943034e+03
1.332341862560521622e+04
3.270595844234653850e+04
1.692757663092147413e+04
5.673141409188941179e+04
1.324079061535370784e+04
1.254031451899040439e+04
4.176071553634859447e+04
3.346428401734647650e+03
3.224327031492736205e+04
7.626839914067101199e+04
1.314106108059588587e+04
1.530582942666707822e+04
1.846685972789401785e+04
4.632875911465816898e+04
1.432427987367873175e+04
2.267410424737221183e+04
1.922393167079719569e+04
3.498360565653721278e+04
3.588455258176533243e+04
1.198639731387867141e+04
1.868527054896305344e+04
7.397069279548830309e+03
1.738665152582368319e+04
2.673227258762635029e+04
7.678145831476932472e+03
2.437815868740123915e+04
6.084196788442297839e+04
1.571031821576968287e+04
1.785288056493089971e+04
5.678009580886722688e+04
2.685680703334487771e+04
8.430761140732320200e+03
3.521821476084637106e+04
2.692103944030945786e+04
1.410302595908873627e+04
2.157377598181589929e+04
6.567700291964719327e+03
6.253406012686247777e+03
4.970189814720989671e+04
3.082963319848838000e+04
1.897037243202996615e+04
3.179379076701973827e+04
1.243418335397162082e+04
3.461838024022855097e+04
5.133298435768466152e+04
3.995956315323145827e+04
1.888813361084353164e+04
6.685105958530522912e+03
1.115716195093792157e+04
1.765755599961785947e+03
2.617370457307641846e+04
3.624384303900801024e+04
8.831839372070142417e+03
2.527121127414972580e+04
2.462578800818716991e+04
2.899890995038385881e+04
1.686388844322051591e+04
2.145200812501904511e+04
5.647818314603371255e+04
1.708643987837230452e+04
2.298704307973672621e+04
3.620150077491471893e+04
4.342386120090341137e+04
6.416189149507612456e+03
2.890483574040484382e+04
3.752930537349284714e+04
1.786782740688154081e+04
1.799322753861690217e+04
1.809238583098106392e+04
2.283947406973671605e+04
2.744521870906907134e+04
3.662378118224596983e+04
2.657993736319145683e+04
3.622849209403089480e+04
1.791372215641463117e+04
2.040157994465288539e+03
3.756088274012909096e+04
7.715846329249557130e+03
3.139239066304604785e+04
1.033498846261432482e+04
4.024250415507594425e+03
3.814483359699263383e+04
1.656373440012241554e+04
1.578877625319704021e+04
1.686988360617234866e+04
2.407100487259317015e+04
3.314685349470407527e+04
4.336867590609982290e+04
2.039926426711735257e+04
1.778985100919730758e+04
3.767629391396985739e+04
4.054016501467437774e+04
2.860572335239903987e+04
8.486496851456216973e+03
9.887061445163433746e+03
7.061307953025847382e+03
2.052968667930751690e+04
1.283196150004672745e+04
2.662493305596861319e+04
1.341539448962816095e+04
1.931491177678680833e+04
1.150666656688427320e+05
1.256760739115117303e+03
9.941886435614462243e+03
4.178973324058551952e+03
1.814187406741244922e+04
4.750206916183189605e+04
1.297446705682063839e+04
1.189081213723035216e+04
1.512808364628934214e+04
9.178402850327169290e+03
1.410449636038539575e+04
2.490143384181983492e+04
1.543326825305937382e+04
1.202658485271178324e+04
2.118019815919773828e+04
1.672942877535158550e+04
3.316640081033667229e+04
5.280548597435787815e+04
1.566580064351132387e+04
3.230094531664944952e+04
8.379099079570938557e+03
5.156427205998520367e+04
7.318341399423270559e+03
2.388868020154993428e+04
2.388691174892945128e+04
1.475717620587069177e+04
9.026450779842229167e+03
2.344514349468090950e+04
2.182893656690660282e+04
1.972173777568859077e+04
1.342084472562406881e+04
2.904253060132219252e+04
3.800363359845815285e+04
3.508254076252839877e+04
4.097903781873057596e+04
3.194857558961383256e+04
7.936933505547305685e+04
6.716968620291254410e+03
3.986056473741159425e+04
2.935722301635226904e+04
3.448343987460328935e+04
2.563796655635694697e+04
1.834641210133887944e+04
1.980239264344325056e+04
2.532126023726633866e+04
3.792815696591226151e+04
1.972464767620228668e+04
4.653982509059357653e+03
1.507669467267087566e+04
4.137608975434392960e+03
4.615033311960204446e+04
1.595386443452920867e+04
7.191537595798066832e+03
2.343255483274791914e+04
2.940045772893223329e+04
2.878457062166870674e+04
2.418538435409031081e+04
1.374114435741586203e+04
3.635220841710431705e+04
7.842521827131442842e+04
1.450494530815269536e+04
3.111158586726445355e+04
3.675059779685197282e+04
3.002633580464183251e+04
2.045351800605748576e+04
9.522631840720083346e+03
3.594967297579516162e+04
9.235332760663492081e+03
4.581110418272830429e+04
2.728481444864826335e+04
2.222620837661496262e+04
1.826913958347060543e+04
1.976971560403845797e+04
1.477173682070168070e+04
2.712035525920776854e+04
6.913897890216861924e+03
1.380715190049416560e+04
1.522810443964449223e+04
1.840488311864082789e+04
8.260277502992470545e+03
1.584263975208440024e+04
1.128784375677144271e+04
7.156878814920763034e+03
2.584151824284921167e+04
3.697924192043393850e+04
7.773207293470666627e+03
2.691584054226192893e+04
1.052683881218470560e+04
2.432471984795227763e+04
1.836308059461450830e+04
1.698069409281204935e+04
2.500071394654598407e+04
1.744801367930662673e+04
1.629613456428002610e+04
2.624795472574084124e+04
7.973622548695994737e+03
1.773481211861567135e+04
6.989253535006003403e+03
2.052808099248705548e+04
3.733256063401427673e+04
4.578432113708861289e+04
2.703968903419264461e+04
1.895744201655487996e+04
5.524103469129166479e+04
2.366558522157162952e+04
3.885054245110086777e+04
3.717190023226551421e+04
2.217298479550093180e+04
3.767359507201417000e+04
4.335619476751793991e+04
4.621372104618744925e+04
7.616608560037317147e+03
3.540501623137363822e+03
7.736016434012157333e+03
1.698428459795224990e+04
3.754663978449301794e+04
3.674623515736927220e+04
7.022242082358601692e+03
2.726896966122834056e+04
9.684513998058027937e+03
1.032139320287111877e+04
2.537123857428126576e+04
3.543677475411155319e+04
3.224057558323668127e+04
2.055018786325033579e+04
3.050074609339168092e+04
2.777417261658918142e+04
3.763173653316679702e+04
7.795169015993187713e+03
1.106028238612325367e+04
2.195455908320527305e+04
7.763789535513385999e+03
2.299284843763872414e+04
3.372543244868582406e+04
5.614265864567531389e+04
5.010649167213685359e+03
1.975211505938354821e+04
1.577635186410547249e+04
9.291356585167210142e+03
2.694320785220878679e+04
6.465039371772598315e+03
1.868312483142790370e+04
7.185764470627131232e+04
4.381761413435028226e+04
3.741585893769713584e+04
7.327837134654313559e+03
7.378731437976362940e+03
2.762383805334517092e+04
2.340119528941696262e+04
5.517620497388303193e+03
2.720616335244140282e+04
1.050947141800038480e+04
2.089827226722010892e+04
3.149825440357970365e+04
2.941725957986900903e+04
2.145516897517905454e+04
3.755843747481988976e+04
2.599062742724399141e+04
2.530018587558725994e+04
1.724657451441167359e+04
4.430156760090737953e+04
1.234117230063170064e+04
2.225663314951632128e+04
2.159865413089274807e+04
4.392154029697724036e+04
2.513551209523229772e+04
1.643946583545405883e+04
5.820060161581476859e+04
2.540487291854087380e+04
2.436536298369692668e+04
7.530862460947253567e+03
2.584177546757051459e+04
4.887620256851362683e+03
1.682513137163279316e+04
1.766192614345443872e+04
1.060383929408305266e+04
6.626553409602203465e+04
4.003532624222088089e+03
2.418616632621577810e+04
2.727430172415699417e+04
3.641658202704192809e+04
2.187018875996506904e+04
1.137927253814614960e+04
1.651595489440255187e+04
7.228269471524586152e+03
3.143597539161056920e+04
6.496373914253003750e+04
2.716750120439253078e+04
2.038472709588427097e+04
4.507323378396017688e+03
4.137567982434172882e+04
2.340837942823873163e+04
3.101889661851603159e+04
2.383109069653997358e+04
1.821878934528108948e+04
1.911709528745145872e+04
2.144992987016771804e+04
2.444086534070998459e+04
8.037585424162185518e+03
2.978437713479260128e+04
3.147222323251132184e+04
3.798808411142887780e+04
2.022781715141218592e+04
2.838766226522746729e+04
1.549264664134205850e+04
1.452058784045339053e+04
6.697795231113123009e+04
2.808069480734212266e+04
8.624979423821230739e+03
1.039026563185502891e+04
4.756266616261085437e+04
3.593090280788189557e+04
4.133078442539541720e+04
1.327349910466790607e+04
1.717339481652606264e+04
7.692969713143190347e+03
1.044025010914418090e+04
4.781676074616656115e+04
4.270865311558389658e+04
2.419327137246821076e+04
7.019494056547313448e+03
4.313082819706495684e+03
3.048009795020600723e+04
8.274363381875801133e+04
1.482030978852926091e+04
2.105811264425741683e+04
3.050523685040054988e+04
-1.089687067154469332e+03
1.933707141187610978e+04
6.998238623064530839e+04
8.091068604960240009e+03
1.641312978265657512e+04
2.107938159814390383e+04
1.890662013534376820e+04
1.504771718747251361e+04
1.102797347439756049e+04
2.684390518814116876e+04
3.414010367231116106e+04
1.305185509614078728e+04
2.422898401327181637e+04
2.321139407594436489e+04
9.286692190660029155e+03
4.415963738620100776e+04
1.085424688580237853e+04
2.199812868176728807e+04
3.161433724211814479e+04
3.505426946835804847e+04
3.765717024318936456e+04
3.728238002247225813e+04
2.219434296179576631e+04
3.056643277637735810e+04
3.781999081636702613e+04
7.068938053788589968e+03
2.526701877086754394e+04
2.347894503546255874e+04
8.392247901682963857e+03
1.965173779444281536e+04
3.229953270470456482e+04
3.393630544078328239e+04
2.983534324296180421e+04
5.693481695742164447e+03
4.118300215491035488e+04
2.229871184559488756e+04
1.360225934119582053e+04
1.806298751331996391e+04
2.091046991434511438e+04
1.169999916088820464e+04
5.233512786585900176e+04
2.173415485191345215e+04
7.458623843364132335e+04
1.488153359128425291e+04
4.192769071817507938e+04
5.019431878134711587e+04
6.421015095064523848e+03
6.689064764793618451e+03
3.193202784115825489e+04
2.101460742221217515e+04
4.232607712035207078e+04
2.017829724902800081e+04
2.130381015071547517e+04
1.605544721180494344e+04
5.106563257557954057e+04
2.507113506043526650e+04
4.186634129963682062e+04
3.441872326415678981e+04
3.200617482612893218e+04
2.498733852294487406e+03
6.782583218451690072e+02
4.857211196753439435e+04
5.187011494238789965e+03
1.434168284575282996e+04
5.798387035110528814e+03
1.080990927601547082e+04
2.790319888483815521e+04
8.110102556458080471e+03
3.632237688084292313e+04
2.028157322805485092e+04
1.921633988533345837e+04
1.080178536074003205e+04
1.829666189167948323e+04
4.296488906327183940e+04
5.208400945595244593e+03
3.002940078110673494e+04
2.873018261933881877e+04
2.716930323093245534e+04
2.782510475916626092e+04
3.187356118426007743e+04
2.405981488519135019e+04
4.891954577800938750e+03
1.622896630018637370e+04
3.403141330109663977e+04
2.153469323368156620e+04
1.583244210319204649e+04
1.875934314499800530e+04
2.335789956969138439e+04
1.204385674585651759e+04
5.814304354104519734e+04
7.263200220158016236e+03
8.266129777502710567e+03
3.697049215643639036e+04
3.395380601218609809e+04
1.188633034738716742e+04
4.034064202530754847e+04
1.782006786561401168e+04
4.876075702306523453e+03
1.086127313239834439e+04
7.352577430880279280e+03
2.978054582566659883e+04
2.215051813963097811e+04
1.470370922233273450e+04
1.319307360327987772e+04
2.549589850068479063e+04
2.095687214112920628e+04
2.521003711272148939e+04
3.695461559461578872e+04
4.595926406587711244e+04
4.321527973008796107e+04
-1.165410383507994766e+03
1.437292697507410594e+04
2.461047621409833664e+04
6.961741109020857039e+03
3.370073924665879895e+04
3.043883010042908427e+04
2.675109776305195192e+04
2.627129421232058303e+04
1.615635415554957399e+04
1.216376949952294126e+04
2.818806133149446032e+04
1.513799960161245326e+04
6.320038290363077249e+04
8.932506824753874753e+03
3.010087103037813904e+03
3.316999492657409428e+04
2.616326242890602225e+04
1.445960444818368342e+04
1.232054206901328325e+04
9.202258107527562970e+03
2.636213052442645494e+04
1.195311251912127409e+04
2.573891038204818324e+04
1.403498033110338656e+04
1.311523007709450212e+04
7.059420435406593606e+04
1.970079572738199204e+04
8.083125092734877398e+03
5.140335459391828044e+04
1.724128569067620992e+04
4.045741276850215218e+04
2.969037329055182636e+04
4.305140244103879013e+03
4.080212787488871982e+04
1.211348424801463625e+04
2.159153509860151826e+04
1.800722697889750270e+04
2.388359274718485904e+04
1.983183806446427479e+04
2.633616045779368505e+04
4.440115922161093295e+03
2.510852231094361196e+04
2.931838748586626025e+03
1.337559657586383400e+04
2.241643989232395688e+04
4.611379080295300082e+04
1.967354323151156859e+04
1.296933475328537861e+04
1.489563714475204324e+04
1.304464939452617000e+04
1.941953740425542128e+04
1.988807210311856034e+04
3.999963515715494577e+04
2.920596148670335970e+04
2.675260588001243377e+04
1.234273513728995022e+04
1.761202634470763587e+04
1.740802413508018071e+04
9.892836923448250673e+03
4.190025063527661587e+03
5.068335864644242974e+04
3.095147463158798928e+04
1.325377160474958509e+04
3.184239421766099258e+04
3.554051949693543429e+04
1.558574808175236103e+04
1.342664249618420035e+04
3.488087258912277321e+04
1.722329191544047353e+04
1.013860023968013957e+04
2.834211751755570367e+04
1.596973922420644521e+04
1.657430731512433340e+04
2.669758193468263198e+04
2.395436904658642015e+04
3.097830954346920043e+04
1.147957763010887720e+04
1.438928436858210262e+04
2.838078064625836123e+04
1.849570403709501261e+04
1.936803700882244357e+02
2.874796449606023452e+04
1.466038185277988487e+04
7.694993584881360221e+03
2.239727511009365844e+04
1.174240936214122848e+04
1.836361941907678920e+04
1.242553346224732741e+04
3.886332559573160688e+04
3.510247760880037094e+04
6.133516694730773452e+03
1.605925592605903148e+04
6.797797321553091751e+04
1.582509098749363875e+04
4.533354587306085887e+04
1.897001204592591967e+04
8.549457220378926650e+03
3.490277246755728265e+04
1.408223597445858650e+04
9.329933960382761143e+03
8.670671692353673279e+03
1.434297610889501084e+04
4.321882603672259575e+04
8.932352198607841274e+03
1.304462914091328639e+04
1.359486587721242904e+04
1.537165294931465542e+04
2.980836709934075770e+04
2.189393196071030252e+04
7.160463632142526330e+04
2.627522515564389687e+04
3.076575419691344359e+04
4.142008218046104594e+04
2.031303065201458958e+04
2.686302926743839180e+03
4.705982443431072898e+04
3.824503357054780645e+04
1.988947991877031382e+04
3.902155908835542505e+03
8.808193583990949264e+03
5.910194112849098019e+03
3.301712882220917891e+03
1.606058523297074498e+04
8.328529286205292010e+03
2.750897796829989602e+04
4.779417209397400438e+04
2.375363812211999175e+04
1.444374776005063541e+04
1.015222569534116701e+04
5.468580497838669544e+03
3.887995611561967235e+04
5.130927263694863359e+04
1.800016620346918717e+04
3.309732518043347955e+04
3.202010955129752620e+04
1.717412410182829262e+04
1.645250888478180423e+04
1.958057114349907351e+04
1.253401406072618920e+04
1.422455368553273365e+04
2.998009071342680909e+04
3.489382122122905275e+04
6.290766602638396580e+04
1.768606584106028458e+04
2.816893262079863416e+04
2.459062783559651143e+04
1.810024791460747292e+04
1.442154907485478725e+04
1.587148903593796058e+04
2.577646923472846538e+04
4.816341755989333615e+04
2.893937888321942592e+04
3.978062291042989273e+03
3.015836557052865828e+04
1.520764068826810944e+04
1.220387023805772697e+04
3.738317697388793022e+04
1.787245691134344088e+04
2.551688087212337268e+04
4.024840236845527397e+04
3.500066147293843824e+04
1.762645756516946858e+04
3.999907491972681601e+04
1.265944462287865827e+04
1.680913520701948437e+04
8.948785440907093289e+03
1.746181169659870284e+04
8.632719197675320174e+03
1.609075107712856334e+04
3.486040948481226951e+04
9.066160602217139967e+03
3.298961085268345778e+04
9.014694469720578809e+02
3.454031851783217462e+03
1.464496626197063961e+04
5.392917479595224722e+04
8.183864571020076255e+03
1.165890249383835908e+04
2.873922385434511398e+03
2.409065359185241687e+04
4.440755673634937921e+03
1.030900229978058633e+04
1.743925976219864606e+04
2.140002099658994484e+04
1.828575004897502367e+04
7.826492573161000109e+03
5.846229383680021783e+03
2.714137458592711482e+04
3.316594283160378836e+04
2.231763690302908799e+04
1.165391483267416697e+04
2.535749194571962289e+04
1.320833770296230796e+04
1.793920297003264568e+04
1.698573534851247678e+04
1.659697869410468411e+04
1.491567506611335375e+04
3.028174609455949030e+04
2.476245499036445108e+04
2.390681703952661701e+04
4.438530807381510385e+04
1.720910164026681377e+04
1.659078429414719358e+04
6.675954832409994560e+04
1.097773741894755585e+04
2.345891439058922697e+04
4.741224673552298918e+04
3.606731289782909153e+04
3.504823275506991922e+04
1.286712479636293210e+04
3.662342412961905939e+04
3.081056088607892889e+04
1.486327909436467417e+04
1.673677524197208913e+04
1.696515809689442904e+04
3.238576502654854266e+04
4.080716484534452320e+04
1.106756250705171078e+04
2.559713803883690343e+04
3.746952242753309838e+04
3.886024838500323676e+04
2.568355950497325102e+04
1.262103740095620378e+04
2.267815787263763195e+04
2.296391499980847948e+04
8.923614954577538811e+03
1.179983088871792097e+04
7.045325824769940482e+03
3.285462625456538080e+04
6.423784385329386714e+04
2.735905569636786822e+04
2.120613262569924336e+04
4.784492691095349437e+04
4.570009449144597602e+04
9.334029324177041417e+03
7.994952865233317425e+03
4.430404496497300715e+04
2.613177624367453973e+04
2.219880190788448817e+04
8.011832334324339172e+03
8.522517369557856000e+03
2.781203065016012715e+03
3.960068388517791755e+04
2.233006855776553493e+04
3.339662091527783195e+04
1.495330744874971060e+04
1.754415691219687869e+04
5.138606533598557871e+04
1.859464172125609548e+04
1.838561889499849713e+04
3.457896632130885700e+04
1.287943424707179292e+04
9.528762822450828025e+03
1.178722643007700572e+04
1.804161703533558102e+04
2.670028808356801164e+04
2.123068285732384538e+04
1.732712411266838899e+04
2.710044874701794106e+04
9.185538854671000081e+03
3.046969569459207196e+04
5.675886809274093685e+04
4.408911419557024055e+04
1.848444269540142704e+04
1.982840448272559297e+04
1.244300500515022941e+04
4.656959085645524465e+04
3.081389950955452514e+04
1.438953076278232402e+04
1.043592187014517367e+04
9.905376878907241917e+03
2.118437487253648942e+04
2.223399931274275150e+04
1.186712462255516766e+04
4.276301892165138270e+03
4.082823767693416448e+04
1.765881836197770463e+04
5.578532394274549006e+04
1.399252334468791378e+04
4.410544654475769676e+03
3.111344745315689943e+04
1.073207973077965471e+04
1.224600150033522004e+04
1.114539411560988265e+04
2.061642756300548717e+04
2.589604484379830683e+04
5.425423535386958974e+04
4.297234360550400015e+04
6.596127800917912282e+03
1.115670572306589747e+04
2.161382078626271687e+04
2.069777766620714101e+04
1.770700759745294999e+04
2.534503751329269289e+04
1.534796679680651505e+04
5.456225243584112468e+04
1.639412272447340365e+04
5.249324755414367246e+03
9.853650820836355706e+03
1.862250250286687151e+04
1.208291987484284437e+04
5.630753845282038128e+03
1.940409114487781335e+04
7.754662964601251588e+04
1.517991958047380285e+04
5.749724627971441078e+04
1.403792161804682110e+04
1.851424732141313143e+04
1.517498419901952002e+04
2.669797022065562123e+04
6.068494119411744032e+04
4.391959109391593302e+03
1.004820792833401174e+04
2.935084308831979070e+04
2.439721619048594221e+04
5.881861609708682408e+03
2.191777091335172008e+04
1.537110355866568170e+04
2.761648454485430557e+04
1.773206016292767890e+04
3.706843187841011968e+04
2.873566307986509855e+04
2.928929178257912099e+03
1.425447010473567389e+04
2.908225975577778445e+04
5.945809090989761899e+04
2.605722597879256500e+04
4.078155059923248700e+03
1.531376286024168257e+04
5.509987380790116731e+03
1.435085025332328951e+04
5.316227655584225431e+04
9.166480386944836937e+03
9.849078623924775457e+03
3.512677342392884020e+04
2.704405616815788380e+04
2.207640259600993522e+04
3.074748864300305650e+04
5.253339150572493963e+04
1.339557573745345508e+04
1.633362745683756293e+04
2.011013363673722051e+04
3.870181077524052671e+04
1.106798981477844245e+04
2.069845718836263404e+04
2.655196837710083128e+04
6.971410827045861515e+04
1.837274006446486965e+04
4.404397474541784322e+04
2.312074315292987376e+04
1.890810486558239791e+04
1.843952111026079365e+04
4.520329858018269078e+03
3.066662798403553461e+04
9.636917107398477674e+04
1.289874051382599646e+04
4.448149161200269191e+03
2.418043279177489694e+03
4.363663235133183480e+04
2.616665522612913719e+03
6.716313839625519176e+04
5.484947584701605592e+03
1.092438961162121268e+04
1.880794292002072689e+04
2.524599661260701032e+04
2.238115210988923718e+04
1.166769451751220731e+04
2.859809639629529556e+04
2.905175565938340151e+04
6.042827995027953875e+03
3.780180565134692733e+04
9.613068635300576716e+03
1.844021945656692697e+04
5.502151575007037172e+04
2.216213156940259069e+04
2.406932669476294541e+04
2.959617110703984144e+04
3.581496444517787313e+04
2.371574125730447486e+04
6.351123624377376836e+04
1.406406935484630412e+04
1.104847776098249233e+04
9.180008360194802663e+03
2.706673195191733248e+04
7.096380974989218521e+04
1.857351392942423627e+04
1.162014575187877745e+04
1.480820146048420793e+04
1.734179023559386405e+04
4.154412244598910911e+04
1.515543557249057994e+04
1.295489030912340786e+04
3.397356093352373864e+04
4.409250682994800445e+04
4.158486380553912750e+04
1.922207619989742670e+04
2.762338448949850499e+04
1.349919102064400795e+04
5.226238352218103682e+04
3.245246169902339534e+04
7.461905654881922601e+03
3.434264151930641674e+04
2.274501205880620182e+04
5.121849564736392495e+03
4.674146853617057786e+04
6.874184784128097817e+03
1.630087995623429742e+04
7.592539590121953552e+03
8.476213457746467611e+03
1.071185830659782914e+04
2.841031570149561594e+04
4.093903858838533779e+04
1.362261852762193485e+04
3.629415048097851832e+04
1.315784566744031690e+04
1.550786936066898124e+04
2.580242053084837244e+04
1.437639155822487055e+03
1.479008855749656504e+04
1.415327342770635369e+04
2.814897022842534352e+04
1.469515031043964518e+04
2.221828780845542497e+04
3.821378651079822157e+04
4.775466254285993637e+04
7.311322813617825886e+03
3.675453249096933723e+04
1.569333943996504058e+04
2.607462180922681364e+04
4.444526158779379330e+04
2.669173452023028221e+04
1.918568870236588191e+04
3.316031229294508375e+04
6.555189126634355489e+03
1.943122676390763081e+04
6.763710800428336370e+04
3.272480411919422113e+04
1.806276700907316990e+04
1.982185614291800812e+04
4.890589007387551101e+04
1.412431198211613992e+04
1.036671209909180834e+04
3.383117046720522194e+04
3.803271427995880913e+03
1.391873875081585720e+04
6.535209247573044559e+04
1.665229041811288698e+04
9.647690138217018102e+03
4.071883167299759225e+04
1.355329734868667947e+04
8.021596835527227086e+03
3.164080533225520776e+04
1.399621197057420886e+03
2.320229146980062797e+04
2.688831414140173001e+04
1.598438254945001245e+04
4.619263209424146044e+04
4.071045577335040434e+04
1.972385760938302701e+04
2.776858475336131960e+04
1.771327920046880899e+04
5.394995068908406392e+04
-1.486285182546979740e+03
2.898428710311195027e+04
1.381044914988158962e+04
3.321010168421153503e+04
5.165704412376233086e+04
3.148596900366768750e+04
9.627498293531760282e+03
1.595710746932624534e+04
1.528721820806045434e+04
2.147179291873835609e+04
1.163118851448200076e+04
1.650379843167510990e+04
5.189886912085025688e+04
2.113368887270549749e+04
1.652092172931162349e+04
1.432653308388648657e+04
1.134714660051791907e+04
4.502351598316986201e+04
1.646301983557823041e+04
1.537134684883708178e+04
1.094179587650329631e+04
6.809709207467638771e+04
1.002714214391408314e+04
2.018968654662445624e+04
8.506551711322259507e+03
3.840139935656341549e+04
2.730642555481260206e+04
3.294676318707686005e+04
1.407290527982958884e+04
2.968097015449582614e+04
4.327906535772865027e+04
2.813976066635210009e+04
4.520101832391221978e+04
1.090432858506312550e+04
2.432062968641812768e+04
2.205060652956678314e+04
2.422020493099779560e+04
3.713982347018028668e+04
1.467755024596068324e+04
5.397742483517637447e+04
3.572351280659092299e+04
1.695309360938470491e+04
2.028254775552942374e+04
1.908981211266972878e+03
2.278765710139532530e+04
4.925899422203864378e+04
4.093271782190351223e+04
2.663443851627100230e+04
1.021513663043827910e+04
1.097574695347475063e+04
2.225079513233687612e+04
2.113124914505427660e+04
4.691394080134673277e+04
4.241027223590055655e+04
6.641141429178514954e+03
4.393117960253356432e+04
2.284705742399629162e+04
1.069407445422181627e+04
4.584670181237767792e+03
1.954940621280278719e+04
6.436126905985532176e+03
2.175982434333740821e+04
6.235631480374641978e+04
3.615058616957824415e+04
5.827785541231785828e+03
5.722415719862865444e+03
9.523869475057686941e+03
2.453102117160636226e+03
5.153108513383056561e+04
1.181837581354265967e+04
2.952740799203057577e+03
1.600801327237820078e+04
1.556925247824449980e+04
1.478622914004460654e+04
2.892955981431899272e+04
4.502599616313538718e+04
4.353080895127018448e+04
4.856406096749039716e+04
1.642882538426099927e+04
3.132393322405596336e+04
1.909498359101098322e+04
1.956655824849985584e+04
2.738244915900393607e+04
4.328857226204234394e+03
3.424728376416269748e+04
1.269904298783211379e+04
2.590825859602930723e+04
1.638111088761083010e+04
7.366822340686387179e+03
1.971265533728902301e+04
3.306863989380369458e+04
1.495019581583065337e+04
1.328002854575703714e+04
2.886905876808561152e+04
1.623575780128670885e+04
2.985727461411793411e+04
2.030429420228526578e+04
4.187163741738779208e+04
2.634585319151407748e+04
1.413918964486172081e+04
1.798361065589453210e+04
7.173538611536685494e+04
2.181980456067057094e+04
2.567796718988405701e+04
2.995360571437636099e+04
3.958188596290312125e+04
3.075632069054429667e+04
9.260392656403357250e+03
2.229356743037346678e+04
3.071734640159085757e+04
3.484142344389607024e+04
1.966567927405477167e+04
9.927220724152735784e+03
2.631179699350717055e+04
1.456370881652164098e+04
4.064830218450881512e+04
1.885988160877277915e+04
2.718596028487045987e+04
9.219536310475297796e+03
2.248888349155302421e+04
4.705785421789778047e+04
1.447005261785325274e+04
8.498786257889136323e+03
1.379446409105698876e+04
2.340026747690636694e+04
1.713183840353504638e+04
1.914632783175147415e+04
1.386161862735772957e+04
1.235994937198588741e+04
1.501382920200525405e+04
2.562526200500308187e+04
3.456106403281241364e+04
1.656914655563671840e+04
1.789228779718982332e+04
3.217547789298524367e+04
3.021817834127337392e+03
1.368248782441292678e+04
3.126644848209034899e+04
3.573790762350764271e+04
2.691142574774866443e+04
5.800070103509572618e+03
2.285394222766015082e+04
4.123969013632059068e+04
5.601323218890620774e+04
3.617138122514884890e+04
3.369376321213250048e+04
3.020010476123979606e+04
4.612155129893228150e+03
1.493318452220123072e+04
1.172886269447595805e+04
1.853941624168854105e+04
1.033874156620256144e+04
4.095184030702732707e+04
1.631061971613531023e+04
4.133383795092364744e+04
1.130588469088336205e+04
2.194961268911080333e+04
1.444538885740623482e+04
1.938070821335769870e+04
3.285070538965740707e+04
4.376815271147555904e+04
2.713593676389778557e+04
9.927766188563597098e+03
1.202705346561332590e+04
6.856091301526360621e+04
3.753475825959779468e+04
3.579011366997296864e+04
1.750330675093300306e+04
3.598291677405341761e+04
4.290725766091261903e+04
2.289947141447927424e+04
6.992636522885659360e+04
1.708565835181555667e+04
1.142196519351121970e+04
9.831399649724246046e+03
2.774372226795370443e+04
-8.915928730933792394e+02
5.895145045835114615e+03
5.629761371793287981e+04
3.231769244902257196e+04
2.146082598653266905e+04
1.346255483784663011e+04
3.044238511699709488e+04
3.266768730563628924e+04
1.380674325583141945e+04
1.988617941497369611e+04
2.069807806575597715e+04
3.598894758960968466e+04
2.321940882056834380e+04
2.742990229623112828e+04
4.867668977809780699e+03
1.858956570947493310e+04
1.678988690690954536e+04
3.654183765065529587e+04
1.772062078633217607e+04
2.792354311187939675e+04
2.218987429352066101e+04
2.882686979498633445e+04
5.058754266753468255e+04
4.096955790851759957e+03
2.906631324818464054e+04
1.542390738738967048e+04
8.364376558147821925e+03
2.090593886410085179e+04
2.399812739614810198e+04
2.887039268471373362e+04
2.015700574260383291e+04
4.568325969627416634e+04
1.645034954642286175e+04
1.504563107010179738e+04
1.365475474488392319e+04
1.246570067515226765e+04
2.398182846421597060e+04
4.390520037646873971e+04
3.318214090663404932e+04
3.270988047727336743e+04
3.174165084330060563e+04
2.322187233205363009e+04
1.790017194204156112e+04
3.023153843767620128e+04
2.766513826766454440e+04
2.019352374865359161e+04
3.567435167300812282e+03
1.455444992886068758e+04
6.093262852598880272e+03
2.368224109713886719e+04
2.341151340397386957e+04
2.790989670110270526e+04
1.904392034493118263e+04
1.744424205288600206e+04
1.955369564537215047e+04
2.939913203382850770e+04
2.279284202080767136e+04
1.133925931010981003e+04
7.627421183964257580e+03
2.067326419099809937e+04
3.036502366871245613e+04
1.146377817104866153e+04
1.925357098555458651e+04
3.207175435234008910e+04
3.132559393435110542e+04
1.692169631877204665e+04
1.925525440237759176e+04
4.342629948840698489e+04
2.360753299240905471e+04
1.147388505091411389e+04
8.609633395156419283e+03
2.224144739388563903e+04
4.657425120292767679e+04
8.310958623144935700e+03
1.425348411224454321e+04
2.830855404203779472e+04
2.031322369366134444e+04
1.972516122239905144e+03
3.629620722991613729e+04
4.360920208155895671e+04
4.459483571181855950e+04
2.423057227488324861e+04
6.421217764491707203e+04
1.892554661581780238e+04
3.183974433747416242e+03
1.828058970770082669e+04
3.643466899885925523e+04
2.950428782215691899e+04
1.795663906590179977e+04
3.428421676524945360e+04
2.270603374863374484e+04
2.299600887355135274e+04
3.104632676385707236e+04
1.317052870961121698e+04
5.949802832642405701e+04
3.814702206079236203e+04
1.971727734510235314e+04
5.242456172555899684e+03
3.951863674047234963e+04
1.903740398805264340e+04
3.172329790300801687e+04
2.960569046952692952e+04
2.365006386516240127e+03
2.533511756882260306e+04
