1.670613367672789900e+05
1.837182965961445298e+05
1.703900678730753425e+05
2.435796828778003983e+05
2.261100277105171990e+05
1.871091744568464637e+05
2.267095586592952895e+05
1.733970600767481374e+05
1.361151562585972133e+05
1.443443619756854023e+05
1.621971171953334124e+05
2.016955628475625126e+05
2.022233922237910447e+05
1.391539108290432196e+05
2.026025728859479714e+05
1.749749754941316787e+05
2.550729148179257463e+05
1.769286585000455379e+05
1.103755688509155880e+05
2.349776948608180683e+05
2.086877239127561625e+05
1.989968584837753151e+05
2.246126096158775617e+05
1.505642486879767384e+05
2.067446527581661358e+05
1.573352509867537010e+05
1.656261572969775880e+05
1.686319122750435490e+05
1.402325077950368286e+05
1.695580068258655956e+05
