9.142268142349884147e+05
9.712290687719827984e+05
1.007930736474309349e+06
9.042203204893249786e+05
8.457743547620945610e+05
9.646549549026032910e+05
7.106027334148748778e+05
8.766995579685454722e+05
9.513152410359402420e+05
9.351486423995562363e+05
8.504749030092796311e+05
9.554697304842525627e+05
7.624222859385114862e+05
9.177816665703579783e+05
8.731397915517531801e+05
8.776185149071139749e+05
1.014291753505108645e+06
8.184093810349847190e+05
9.387157937991979998e+05
8.429643621783959679e+05
9.357227907920342404e+05
9.021441635093118530e+05
8.613699719148244476e+05
7.659536686182705453e+05
1.006078988213124103e+06
9.332786957394980127e+05
7.504975697395651368e+05
8.949617947078344878e+05
9.348903468695386546e+05
8.653175646133075934e+05
