-2.260800000000000182e+03
3.799455723727373879e+03
1.611605713402470428e+04
3.110265046223296395e+02
2.744186851747348555e+04
1.230930098430260659e+04
5.841436021777453789e+03
1.675283638597467507e+04
9.228666106885326371e+03
2.286129145782436899e+04
1.490816856643069514e+04
2.293301134844310945e+04
3.809991373156607733e+04
2.302264331796810438e+04
7.445213790870581761e+03
4.007533719662672229e+04
3.415037942488705448e+04
3.532866652467581298e+04
2.971069904981846412e+04
3.827731193759583402e+04
5.373517586619198119e+04
9.483841182902098808e+03
1.328862731148263265e+04
1.929540608610131312e+04
1.102812743373293051e+04
3.851012090466542577e+04
5.095298782520568784e+04
3.566357191171066370e+04
3.276284167259044625e+04
2.515271451905644426e+04
8.930013604006351670e+03
1.851758219939022092e+04
2.088479173084031208e+04
4.055054167389030772e+04
1.791928416883983573e+03
6.626987076252876250e+03
5.998536832543230958e+03
1.314719953747556610e+04
2.334040243084689064e+04
3.478347724354241109e+03
3.526042382873689348e+04
3.419820219755327707e+04
5.379413136889037560e+04
2.708887265673949878e+04
1.241637030356622927e+04
1.080052496014432654e+04
1.342485912379153888e+04
2.009151442382903042e+04
4.961234044687883397e+03
4.168796488553202653e+04
2.341453041318000032e+04
2.797449706162700750e+04
1.776919764344384021e+04
1.860138576333166202e+04
1.664271222258544731e+04
3.162494965745199443e+04
2.849583680595570695e+04
2.990702189291254035e+04
2.916482859132020531e+04
3.214935766427191265e+04
1.551891907080545934e+04
9.833440903669888939e+03
2.941411381583970797e+04
6.580649941197747467e+03
4.031197387460432947e+04
1.787314740714518121e+04
6.758997913346694986e+03
3.785043904440843107e+03
9.688815586816388532e+03
1.442540860760513533e+04
8.692107096407653444e+03
3.618290894946397020e+04
3.714306102489576733e+04
2.814058649603430968e+04
1.442679550376241241e+04
4.842402739094624121e+04
3.649648211714199715e+04
1.110860076854110957e+04
2.735649091260112255e+04
1.510660287375511325e+04
3.603769248561437416e+04
1.926984198529974674e+04
5.671013613532657473e+03
2.706330449314534053e+04
1.793920331552284188e+04
1.212875941516393141e+04
2.362449126690964840e+04
1.523845209287683974e+04
1.915094625037577498e+04
3.953570194322449970e+04
1.703033735617768980e+04
4.318429932159352575e+03
1.870648426571820528e+04
2.170089496422564480e+04
2.143931834842343233e+04
6.132987642972790127e+03
5.675333284294699297e+03
1.082806549038069352e+04
4.146761114183584868e+04
2.603100254772209155e+04
2.685181244278453596e+04
1.501626625490543665e+04
1.509878520601119817e+04
7.717113210643770799e+03
5.629794120873270003e+04
2.083413129093779571e+04
1.722362606772314030e+04
3.382773752156380942e+04
6.706736929016276918e+03
1.821588592706298368e+04
1.568950224656309183e+04
4.454057475172210980e+04
4.561957621613750234e+04
1.483673798039394205e+04
1.802593796440839651e+04
1.600822525216361282e+04
8.838060126726060844e+03
1.743576407212093545e+04
4.947500294681523883e+03
3.824289738048526488e+04
7.627489374369236430e+03
1.786986961634889303e+04
3.760355652813424967e+04
6.314884070695779883e+03
5.837777552978528547e+04
2.921454448232274444e+04
3.750509640209332429e+04
3.336827618652601086e+04
1.330856199549697976e+03
3.210184009013671675e+04
-1.048511294421063667e+03
6.731139983117832344e+03
1.166274891098695298e+04
7.376723788446716753e+03
2.384077917281021200e+03
1.147879251831464353e+04
6.109715595049148760e+03
1.157166458970932945e+04
1.052986837698925774e+04
1.269560863609977423e+04
2.797629248592020667e+04
1.228495844479636980e+04
3.382094142134462163e+04
2.062517055509861530e+04
1.937992435358585499e+04
2.983181825119243149e+04
3.514468785195716919e+03
5.689308932753661065e+04
3.034220641282990255e+04
2.204917110511617648e+04
5.822321985059705912e+04
1.924235587829981887e+04
2.501380285141315835e+04
2.636415738299289296e+04
9.812581900844928896e+03
3.962906848786363844e+04
1.901773687580748083e+04
1.075562556202087580e+04
2.535072126869541535e+04
1.600157408017214402e+04
2.654427313870717626e+04
2.597715310585311454e+04
1.137843515983592079e+04
2.510610530404431483e+04
3.204039633445905201e+04
1.886750483552245714e+04
4.641685412970106881e+03
6.326996518577146344e+04
5.831227289974337509e+03
2.377381213983754787e+04
8.668345839511557642e+03
1.871981334715747653e+04
1.137579388179782109e+04
2.952330749213433592e+04
3.807987943505626754e+04
1.123044844962182469e+04
3.446479474361962639e+04
1.163293659768539146e+04
5.776522763485016185e+03
1.206978946417379302e+04
2.564842360590396129e+04
1.163080960692498229e+04
5.117528442619247471e+03
3.231646659942722908e+04
9.435317101373981131e+03
5.650620603445264715e+04
1.760318104419013252e+04
3.138951245214316805e+04
1.988184942943167698e+04
3.634846432461004588e+04
3.881856294281946612e+04
1.391895094709981095e+04
2.686405813818623210e+04
1.991443901330281369e+04
1.866673370625920506e+04
1.037359654853188295e+04
4.037757831379604795e+03
2.363910256153930823e+04
4.490467725468768913e+04
1.530055686727676220e+04
2.970875192374369362e+04
8.938390768729666888e+03
1.633814021081683677e+04
2.945005880899902331e+04
1.548516477462870716e+04
4.863756616087351722e+04
2.355495372535508068e+04
1.742432386661037890e+04
1.142303255314802482e+04
1.542363366126057372e+04
2.760747496316339675e+04
1.799616355641870177e+04
1.667137143840498538e+04
1.994212962401929690e+04
5.188727056475990139e+03
1.181224130333899302e+04
4.050007297147673398e+03
1.321783501810996131e+04
2.336456015496364853e+04
2.018042739603720111e+04
1.736717259418576214e+04
3.347446193591372139e+04
2.583506171343019741e+04
3.276339726430526571e+04
3.090884537676512991e+04
2.514840643251284928e+04
1.427880025166350606e+04
4.319546602673142843e+03
9.926216468880002139e+02
1.584145167813811167e+04
4.376479773388410649e+03
2.040940824014376267e+04
1.277584651762820613e+04
1.301774708575177101e+04
1.029742097148329958e+04
1.916509939605756881e+04
7.029452778458357898e+01
2.913976865938226547e+04
4.056427184270106227e+04
2.195055448236883240e+04
2.741638173751934301e+04
1.921732528182801616e+04
1.704422229673313268e+04
1.383927366068654555e+04
1.345103436894237529e+04
1.056153732770578699e+03
2.556788069027206802e+04
1.278329276177302745e+04
2.080541194922139402e+04
1.111326491511018867e+04
2.180992068297331571e+04
1.046928875284035530e+04
1.200175030379692544e+04
4.526381776425874705e+04
9.100298410811534268e+03
6.440670547047953960e+02
7.451721374239383294e+03
9.338610157203169365e+03
1.918281352585217246e+04
2.651699575722990994e+04
2.602431963041206473e+04
3.191750550700612803e+04
1.578884876224145773e+04
3.683453373321385880e+04
4.242908643697908701e+03
3.749706736155369435e+04
9.882599388771173835e+03
1.597538276681689422e+04
5.696957557087231544e+04
3.945940097686771878e+03
1.357661408599243441e+04
1.907888315156345197e+04
1.706202864875603382e+03
1.949185038667280241e+04
-1.401383021965873468e+03
4.649213671706056630e+03
4.459425966365364002e+04
-2.953078509636550280e+02
1.073293497694376128e+04
-1.998960750659123732e+03
9.488467370188900532e+03
3.370238682438513206e+04
2.656725582052666869e+04
3.721255268040275405e+04
7.731189247936030370e+03
8.415021120361214344e+03
4.135868283450452509e+03
3.410048794925230322e+04
1.331878923672849123e+04
3.186589482551518449e+04
3.840921335079555865e+04
1.903980159381541307e+04
4.290300296407104179e+04
1.111727053780730785e+04
3.197621505824715314e+03
1.837995864874486142e+04
3.312276289001683836e+03
1.191540233613212149e+04
7.736616868720877392e+03
2.419913238517892751e+04
1.802422199724434176e+04
1.501067981751511797e+04
1.749187458569519004e+04
1.586070705936746162e+04
2.653728129881753557e+04
3.316355929667864984e+04
1.067062478437666869e+04
1.445532907477231493e+04
1.129960101810014385e+04
2.646177311079182982e+04
1.747552865987964105e+04
2.838766077691039391e+04
1.100885357451911113e+04
1.299661600788210490e+04
8.618243356504537587e+03
3.084075370455606753e+04
2.831229870566993850e+04
8.461709749122499488e+03
1.874619227293752192e+04
3.202624602515335573e+04
5.452909353854258370e+03
1.156204255092897802e+04
1.666748402641621215e+04
4.969359692370091580e+03
9.100558299363152400e+03
3.263549627403015620e+04
5.083172407224496419e+04
9.088941933065610647e+04
3.225596030524481102e+04
4.640334814146551071e+04
2.161361288068368231e+04
8.385261723242907465e+03
3.940583402700170700e+04
2.018744356992725079e+04
2.656191242475971740e+04
1.761339277318364475e+04
2.089853318204386596e+04
6.413730563420706858e+03
2.469058800136933496e+04
1.952410788090776623e+04
9.688883884812115866e+03
1.890468331166174175e+04
1.021353849396764235e+04
5.353886314155385480e+04
3.568671903720697446e+04
5.317156755105666889e+03
6.595701240008007517e+03
7.934853831738255394e+03
1.144622532394731752e+04
1.238734950611673412e+04
4.507088672148381011e+04
9.001235747752478346e+03
1.201136929746339956e+04
3.521506234877451789e+04
3.358114230918434714e+03
2.019046485403463521e+04
4.897604507028668195e+03
4.847133667548258381e+04
4.695538108435399772e+04
-1.562898364650293388e+03
2.029615569943382434e+04
3.910391864228980012e+03
-5.288501139881389463e+03
3.407050049167077668e+04
6.087095152486737788e+03
4.656712956512000346e+03
3.542988336973432524e+03
9.992714254336209706e+03
1.603683089727591869e+04
1.043133223227819690e+04
3.222006583688423416e+04
3.606961171357179410e+03
8.972210822777627982e+03
1.531464722537988928e+04
2.072428772183542242e+04
2.058393442750176837e+04
6.138117170191547302e+03
1.671932307888353898e+04
2.348336088370644575e+04
9.204335142292660748e+03
2.177718071215869350e+04
4.681349500346263812e+04
2.158571225906398831e+04
2.284747409841235640e+04
4.433878295636122493e+04
3.144503389267686725e+04
2.460575665424765975e+04
4.537944410055058142e+03
6.038685912029243809e+03
2.084620447695245093e+04
4.782927272773345976e+03
4.342857999888824997e+04
2.446833184514455206e+04
1.681940076366678841e+04
1.419434744058451088e+02
8.820193467768403934e+02
8.526669660070983809e+02
2.573490343410536298e+03
1.555754271037241415e+04
4.801234820580954874e+03
1.490506597317658816e+04
3.785898992943280973e+03
2.387976328824481607e+04
2.529912903736222688e+03
9.377762902020369438e+03
4.236422272143715236e+04
6.162230744894523013e+03
1.654341982552934860e+04
1.916303907986738341e+04
4.012560553990047629e+04
9.175953424606281260e+03
4.098440896226112091e+04
1.405577698756902100e+04
2.107559439665445461e+04
3.336217004773570807e+04
1.974567367827100679e+04
2.654403359322126562e+03
1.229000154239621770e+04
3.437009055419712240e+04
3.785932998527809104e+04
2.112567431225346809e+04
2.535237505042009070e+04
8.087522131078584607e+03
1.756863131096720463e+04
4.122253164857263982e+03
1.510927909406735671e+04
3.812970075818656369e+03
3.449958680752244254e+04
1.341250028328329063e+04
1.148869809330199132e+03
5.343153022696956032e+04
2.177404592586254512e+04
3.070667636318035511e+04
7.846578531050686252e+03
1.418687760629647892e+04
2.965893569426002068e+04
2.279966094935652291e+04
2.762078062081213284e+04
1.551830960581438740e+04
3.026005454153226310e+04
1.458043337741054711e+04
1.487217319047211276e+03
2.196121962933525356e+04
8.618450242746390359e+03
2.607493742515633585e+03
1.891071249355617692e+04
2.775373230802601029e+04
1.645889730362288537e+04
4.152245459478897101e+04
5.203539266430114367e+04
1.155292240446910000e+04
2.414969270944210439e+04
9.191961316597118639e+03
2.968873905035331518e+03
1.128394434106137123e+04
3.384029058399495261e+04
6.949102965776062774e+03
3.551266397709798184e+04
5.699934853446178749e+04
3.325600126769320923e+04
2.401866298139333230e+04
7.571244318907953129e+03
1.841676748247378055e+04
3.209798786789373935e+03
7.733585212259768923e+03
7.465448260354080958e+03
1.910373969202885928e+04
1.991385211288591017e+04
2.857182598698484071e+04
1.539572228398979860e+04
5.137376430198450544e+04
1.156796792360743711e+04
1.332063155331239068e+04
9.403580396173909321e+03
1.174646992574430624e+04
1.325513291176952407e+04
2.055165313336158306e+01
2.775562165427117725e+04
2.493190906412678305e+04
5.406218869968588479e+03
5.866720032094769522e+03
1.548940611201676984e+04
6.769552744864340639e+03
2.761604259914123031e+04
4.116179821142070978e+03
1.127138915378586898e+04
2.886353621691031731e+04
2.076411416896611627e+04
3.204001712860444968e+03
1.798451458506916083e+02
1.336078750509031306e+04
2.356524323119086330e+04
7.141182397500075240e+03
6.985120154300479044e+03
1.067960314367324099e+04
2.847937787710790144e+04
2.828450119553604964e+03
3.636532052979601576e+04
2.502148325878818650e+04
1.161520058823245199e+04
4.031667781502664729e+04
2.675370736991778176e+04
3.221776824420419143e+04
7.684837213329869883e+03
1.922083118987277703e+04
3.077395860534394160e+03
1.251836540584397881e+04
1.215740733938516132e+04
6.721030652522155833e+03
8.450968869189144243e+03
1.358370968872922458e+04
8.479643535697561674e+03
2.072984786038615766e+03
1.845939961194822172e+04
7.634617512304254888e+03
1.992849708876832301e+04
2.527698281531275279e+04
3.230053854398028125e+04
4.882884882606051178e+03
2.553797979706177648e+04
4.623639566481422662e+04
2.148118400466460662e+04
3.369422028523541667e+04
2.622165441515206476e+04
2.967368226659743596e+04
3.211441323455224847e+04
1.508488048912936756e+04
4.292197200458433508e+04
2.647237100881004881e+04
4.764570672406894300e+04
2.091381496439542389e+04
4.612079716779457522e+04
1.018392899957452028e+04
1.953436896708605127e+04
1.074755775272687060e+04
1.060248440788236985e+04
3.631284131247088226e+04
1.737115222273919790e+04
1.619477101757982928e+04
8.958454602370202338e+03
5.666508118803050820e+03
9.677358354252199206e+03
3.580983237252153685e+03
-1.414496064614646912e+03
1.131179631778009934e+04
1.410641228385426803e+04
2.233897956577665354e+03
1.856490036115930343e+04
2.468498340908048340e+04
8.694822794133766365e+03
2.197451599176942182e+04
6.320521678609849187e+04
3.141640801536446452e+04
7.897352635437491699e+03
2.162804403802497291e+03
1.970884167067848102e+04
2.160627368949058291e+04
2.122814238272884540e+04
6.726697103301941752e+03
6.040792076433758666e+03
4.631907959825795842e+04
2.452744389173411764e+04
1.812246554485669549e+04
3.115371911113104943e+04
2.905619218332787568e+04
1.508142943210853264e+04
8.091301491964914021e+03
2.214059282430765961e+04
3.519831019864141126e+04
4.192821356666619977e+04
5.085661819412667683e+03
2.040063054590659158e+04
3.195646358885091468e+04
2.322436761866950837e+04
3.204788577186716429e+04
1.040403826395627038e+04
1.098247222884033545e+04
3.329995387646532618e+04
2.385797658472758121e+04
3.203572018504298831e+04
3.797361952105715318e+04
2.157652330744191931e+04
8.894305639365762545e+03
4.372582771387689718e+03
3.298398397856589872e+04
9.641226310827110865e+03
2.720330800699085376e+04
5.865444436973921256e+03
9.183811439423649063e+03
2.606476732552019166e+04
1.009039171506463390e+04
2.415922364293069404e+04
1.277699624407306601e+03
1.657184584289899794e+04
2.530530890876354533e+04
5.420759197984996717e+03
2.051965969757421408e+04
5.501098142483869742e+04
1.560684713911747531e+04
9.099549219186266782e+03
2.362844315797496165e+04
4.697813491086936119e+04
6.619611404847318772e+04
1.839775000817702676e+04
7.601158620468287154e+03
8.638818659885393572e+03
2.905785134080339412e+04
8.963054128423664224e+03
1.066305406455618140e+04
1.495813144337345329e+04
1.453965180412441441e+04
8.422197195158074464e+03
1.851441829377218528e+04
8.294734552587091457e+03
1.018556665517292822e+04
2.211064021728319858e+03
3.240777155074495568e+03
1.495286692376822248e+04
3.233176733338190388e+04
1.333301730408576987e+04
4.292852066284990724e+04
2.546915080337052495e+04
3.206423140906284243e+04
3.571676743656374583e+03
4.015027946785793756e+04
1.879854879992247152e+04
1.990821892693551854e+04
4.645388354807559153e+03
1.817698560710743186e+04
2.306851888989239524e+04
2.045451461036946421e+04
3.067208073506075380e+04
1.489021880809100185e+04
1.699888614004164992e+04
4.280698006189478292e+03
2.811371214483900621e+04
1.385365548769523593e+04
2.660256280441080889e+04
5.620884702370625018e+04
2.552908849491794172e+04
1.234002245701660650e+04
1.497360721324557562e+04
1.817005852369183776e+04
4.645852530433398351e+04
2.629345532133708184e+04
1.462754857215827360e+04
3.816804696510327631e+04
2.295101145297071707e+04
1.284193797312773859e+04
5.076123939467150194e+04
2.710073927823131817e+04
2.335195743573864092e+04
1.407849222704696513e+04
8.673052063809118408e+03
6.004640720927339862e+04
1.937394709213448004e+04
3.985328834936334169e+04
2.827834645567676125e+04
1.852910939291677278e+04
1.167714414488733019e+04
3.733102467406263895e+04
3.104927471644314210e+04
3.605213264868251372e+03
2.033598827713405262e+04
2.018036603850499159e+04
1.823163732571947548e+04
1.761655002545369280e+04
-2.785933969732609512e+03
1.515857874297855233e+04
1.764274114588923112e+04
3.347235276116307796e+04
2.085982202816398421e+04
9.137724479338174206e+03
8.490225910841902078e+03
3.687179640556270169e+04
1.130404362268628029e+04
1.163872453632295037e+04
7.828106427999813604e+03
1.896372900002372990e+04
1.297519239984167871e+04
2.510344493001812225e+04
2.086474652143280400e+04
8.503313179655200656e+03
1.677240645752982527e+04
1.279913340966021860e+04
3.814000949000126184e+03
1.961468345006222808e+04
3.511699374423942209e+04
1.929280010839284500e+02
2.544523897205972389e+03
7.628213626582834877e+03
4.208407848975592060e+04
1.580363702445986200e+04
1.155770857321248968e+03
2.818706309076389152e+04
1.180311727088538828e+04
2.377415911125941057e+04
1.655879792479903699e+04
1.775203186119203383e+04
1.460587868414944023e+04
3.325695789727233932e+04
3.061416865964349563e+04
8.084569759171306032e+03
4.724288557060988751e+03
7.049712812871453025e+03
3.873922945381639875e+04
6.026971809548635065e+03
5.822323030533299971e+03
2.568031427315445399e+03
3.492416344185016442e+03
5.671785046453417181e+02
3.631805883091212308e+04
4.897974193227752949e+03
5.612131878405209864e+04
1.375089032283178312e+04
3.891120685853034956e+04
5.447148326045076828e+04
8.103290475593946212e+03
2.161656876947006458e+04
1.987554310968337813e+04
1.889352184310369194e+04
4.640733922122026343e+03
1.433171374869050487e+04
3.628774476680637690e+03
4.569711771715164105e+03
1.033360093277086708e+04
6.929979886895995878e+04
1.102075716091754111e+04
2.408108270813878698e+04
2.926583871791196725e+04
1.029631042248709855e+04
2.106342089812249833e+04
1.113290624136028418e+04
-7.982832426865911657e+01
2.139850310877185257e+04
3.216057302247443204e+03
1.408158930548479839e+04
1.829854756469407948e+04
1.825082126824200895e+04
1.066518327083765507e+04
7.032994688777404008e+03
1.423753936112542215e+04
1.395649784293110679e+04
1.041938273521916744e+04
2.547695950802705283e+03
2.746055687730751379e+04
7.668626626391960599e+03
2.166171998184486802e+04
3.111488967424971634e+04
7.736935542566616277e+03
2.435009122599786861e+04
3.029070105921084905e+04
2.797775440270284889e+04
1.629599505585572479e+04
3.803622964144967409e+04
5.147413269664340078e+03
1.476895383411468720e+04
2.917651857873914560e+04
2.915789947081814171e+04
8.465051726170477195e+03
2.358257616064740432e+04
2.638232640392177927e+04
3.467208976223885111e+04
1.400234355341410810e+04
1.003170704857176133e+04
1.409780331346455932e+04
4.694218055873845151e+04
1.192199153685366764e+04
9.824564552561399978e+03
2.068277441087324405e+04
8.929911557230541803e+03
5.256404323202081287e+03
1.580479429418899235e+04
1.385581372229864792e+04
1.692156693816405459e+04
2.328128227794853592e+04
2.003782303590226365e+04
3.862169915858792956e+04
5.767910457127563859e+03
3.819000395439681597e+04
1.024217552222538143e+04
6.297781206833700708e+04
3.608720340331351326e+04
4.258246207258091999e+03
2.706563545592854280e+04
1.250040672163269846e+04
1.794347048061034366e+04
1.925156758789945161e+04
2.446387967051965825e+04
1.028534504991979702e+04
1.726439410420386776e+04
4.133745069635849359e+04
2.965027681556594325e+04
2.281113890162028474e+04
1.574875170707648067e+04
2.708770477066616149e+04
2.679448186629651900e+04
2.122747484397824519e+04
4.351441463643182942e+03
2.845533702295463445e+04
1.949842275100935512e+04
1.553080968898966239e+04
2.826306374365287411e+04
2.540751837649720983e+03
1.762204093015864055e+04
1.617247834895852066e+04
2.213261710680587839e+03
2.661051911550868681e+03
1.679844529944850365e+04
3.753331176569830859e+03
8.379626560200631502e+03
1.200058201342003667e+04
9.993050167590436104e+03
3.357428527970747382e+04
2.495187025591039128e+04
7.461017516515757961e+03
1.974160666662886797e+04
1.608031558694876367e+04
-6.693671056038532470e+02
1.470647040907934388e+04
4.435458904398363302e+03
1.847930280306923669e+04
3.605040812057869334e+04
2.339972633958094957e+04
1.172595929989488286e+04
4.845023867864518252e+03
9.167809575516190307e+03
2.362191852816795290e+04
1.671912115253448428e+04
6.335538159513791470e+03
1.859296474918695458e+04
4.817874370729345173e+03
3.854591735244099254e+04
4.614456850286565896e+04
2.874504075164158712e+04
2.460462930293354293e+04
9.886471856358906734e+03
2.653477343401150210e+04
2.060249347302851311e+04
2.182526664007708678e+04
1.289204381655879479e+04
2.923469106579360596e+04
2.158395083658642761e+04
3.175187139405184280e+04
1.255353697075146374e+04
9.374005772761811386e+03
2.261297324312741330e+04
2.514371710922249258e+04
1.795911840869574462e+03
1.230771094951620034e+04
2.400782084711135394e+04
3.745553826969247893e+04
1.798983429450502081e+04
6.869263972398577607e+03
2.006762022264326151e+04
4.125090039837306540e+04
9.691635453399405378e+03
1.441975362487868188e+04
3.942925859855378076e+04
1.392591470844182186e+04
2.316057699393188523e+04
1.446178179455531426e+04
7.458278395071110026e+03
5.291031617091310181e+04
9.531699224996800694e+03
1.264847772235748198e+04
1.750259320822795780e+04
6.888483016301632233e+03
3.522831901862956147e+04
1.183132353895265987e+04
6.271131921037915163e+03
2.078057491942845081e+04
2.129789348633222835e+04
2.857902546493478076e+04
3.476568748369179229e+04
1.213222522057187234e+04
1.256085548491592635e+04
3.230573276065418395e+04
4.092407346114525717e+04
3.650617319551630499e+04
5.384523647947113204e+04
3.374136776952082437e+04
9.303815191293502721e+03
2.687730628600597629e+04
3.630288653728726058e+04
5.412647089328332186e+03
4.047525150573393330e+04
1.822145905264341491e+04
1.069851480108553733e+04
1.808755197741001393e+04
3.765392035778602440e+04
5.117066144148125204e+03
2.195425941129300918e+04
2.302191291010689019e+04
1.767773157326292858e+04
3.700881935817670455e+04
5.309556639033500687e+03
2.328360277141443657e+04
1.584083465244236504e+04
4.138348204982364405e+04
2.641397138948354404e+04
1.850243442790601694e+04
3.946855219150626363e+04
3.883646069160789193e+04
7.826596299583058681e+03
1.008580009872966730e+04
3.372480583765688789e+04
1.611869314573691554e+04
4.879745851542143100e+03
3.561970866751737049e+04
1.394265692651545396e+04
4.497573232480625302e+04
1.520818354783757786e+04
3.028351803391879002e+04
3.575588248162435775e+04
3.108251972468775875e+03
9.866991897311041612e+03
1.887945144851037549e+04
3.510425492886533175e+04
1.133809010349386517e+04
3.598556806083278207e+04
1.294808041347568542e+04
1.258069931187611246e+03
9.204836902768976870e+03
1.552169100912702743e+04
4.919181575245669592e+03
2.054573897602163197e+04
7.058244503709488527e+03
5.106280802127795141e+03
4.523693127763048687e+04
1.917946457829029532e+04
2.892513750433876703e+04
3.061348541303688398e+04
1.117043776735462598e+04
2.265527469663347438e+04
2.926526261325362429e+04
2.807596166169951175e+04
8.221611559410408518e+03
4.997260849748495821e+04
4.834936737978669407e+04
3.620243478639418026e+04
2.647130675236822572e+04
4.997596898621458968e+04
2.199182121533996178e+04
1.100519648886368668e+04
1.337296391249703083e+04
1.337033275775835500e+04
2.085983897689255173e+04
4.253345960613755597e+04
1.105115162012515157e+03
1.760639957659606443e+04
3.372671411211515078e+04
6.676036348453327264e+03
8.372742193335740012e+03
1.390815312625636216e+04
8.667227394121231555e+03
1.985896237404910789e+04
1.251950174402474295e+04
2.856130792708942317e+04
1.430296498333024283e+04
9.759508220778081522e+03
1.836220515676986906e+03
1.974784333462426002e+04
1.789342886865776745e+04
2.158869453793704452e+04
2.401711565474882082e+04
2.571502356588660768e+04
1.633063114822636635e+03
4.645730734250167734e+04
1.139587498235548264e+04
6.907391165090168215e+03
1.472732510233187895e+03
5.878001368247103073e+02
1.239473723828161019e+04
2.489081073743544403e+04
2.995008941195564694e+04
1.067331920411461215e+04
1.963086484321366515e+04
4.483536433120955189e+04
6.440288465800354970e+03
2.315149747148266033e+04
9.202780816922733720e+03
1.900912247726197893e+04
2.593471053985446270e+04
6.378093294196694842e+03
3.719008346109095146e+04
9.691453140787925804e+03
2.603617042450384542e+04
7.263905042147069253e+03
1.946971265956229036e+04
2.562255552283408542e+04
2.774004255135340645e+04
1.106690221040599135e+04
1.112488248131534783e+04
7.146977558614818918e+03
7.494079788487577389e+03
2.802270533369973418e+04
3.454879705543418822e+04
1.254751861970460595e+04
9.027994067327108496e+03
-9.701676080993588585e+02
5.331464783563860692e+02
3.870458363558859855e+04
1.668506029214361206e+03
2.332489553188369973e+04
3.526263893918290705e+04
2.938794623981033146e+04
1.105319563516253038e+04
5.183389690530073858e+04
3.047323059480465599e+04
2.737334101141496376e+03
-9.303969451480552380e+02
2.043443463357633391e+03
4.009956211450284900e+04
3.456999610348038459e+03
5.817368098323718732e+04
1.652768971416800196e+04
3.607287548936025269e+04
1.191745374418681195e+03
-9.829570517930637834e+02
3.267379472836144123e+04
1.879676484356313892e+02
2.265887489972539697e+04
2.206193194658929133e+04
1.499653255296554198e+04
-6.933361630188530398e+03
1.351333439051333335e+04
1.240178961870119019e+04
1.989399854033713200e+04
2.276506922264941386e+04
1.106501644163457058e+04
1.030476394708839507e+04
1.718414178158341019e+04
4.271615894611191470e+04
3.020129444876948401e+04
1.101313344601961762e+04
3.423544106098718657e+03
2.260333949323515481e+04
3.509967797862861516e+03
5.166855078906499693e+04
2.440109407886596091e+04
9.480907467275716044e+03
7.243399322665374712e+03
1.177806101525147824e+04
2.289903086749510840e+04
2.496656459497605829e+04
3.636402744122719741e+04
7.012437910313934481e+03
1.781717576772660323e+04
2.720589824571861755e+04
6.921742570223324037e+03
1.586880955424569402e+04
1.249762072152013025e+04
2.323460956446011915e+04
1.273013270339221526e+04
1.111224513869253497e+04
7.066147009941211763e+03
2.320776652454856958e+04
1.357667604060787198e+04
7.659650990478541644e+03
7.067397083983501943e+04
1.067476613372354404e+04
4.989965085080935387e+04
9.101527314987239151e+03
3.387717545467195123e+03
1.650427531272324632e+04
1.279922974476390664e+04
2.094175503788095375e+04
2.034436927211973307e+04
1.877239738983837742e+04
1.759871082614016632e+04
1.262699497492349110e+04
1.740471785071270278e+04
7.656941042479597854e+03
1.463548956226150403e+04
2.126004329391669671e+04
1.341368545168974924e+04
2.762639598482711153e+04
9.355894821233752737e+03
1.696397192068178265e+04
4.208084173807278421e+04
1.943168470786367470e+04
4.736301129527061130e+04
1.707436491087908507e+04
1.402131496173246160e+04
1.536460468402136030e+04
6.922289533853370813e+03
2.465664448943892057e+04
1.731136166505372239e+04
3.516234705575447879e+04
7.380446867396640300e+03
1.660015425888235040e+04
4.909880131648166571e+04
1.144732602413978748e+04
1.654341761229632175e+04
2.077780705031100661e+04
6.378182574620146625e+03
4.548845303039784631e+04
2.065698998119147291e+04
2.974311325863931415e+04
9.000181458869297785e+03
4.491486703520062292e+04
1.323907920472987098e+04
1.932424859230965376e+04
1.719215031299920884e+04
1.293888017631225739e+04
3.379312319154998113e+04
3.495665720814473025e+04
2.982066427777359058e+04
9.013934803155696500e+03
5.962055051008909504e+04
2.023769721094643319e+04
1.962664990547505295e+04
1.589001668286917629e+04
1.522386909125746570e+04
4.247938222710727860e+04
2.679226104648854744e+04
2.089790156830358683e+04
1.310486681270383997e+04
6.483406813416064324e+03
2.439164125135708309e+04
6.055297249637699861e+04
1.550369309668754795e+04
1.418600757039285418e+04
7.638828172289826398e+03
1.768402527342594112e+04
1.849156935661539683e+04
2.458872424747083278e+04
2.192103319793954142e+04
1.891364001526667926e+04
1.706620609318226707e+04
1.004655578164367580e+04
2.821825987334348611e+04
2.659047734870858767e+04
8.054144443430806859e+03
2.163111670950968255e+04
2.592623402278074354e+04
1.667119108398839307e+04
3.327078646194022440e+04
2.375576359705505092e+04
4.130415341835840081e+03
1.530679850796923529e+04
1.046665771194661284e+04
5.085925156320144197e+03
1.728827207293735410e+04
1.960380267284537331e+04
3.388465982679185981e+04
6.873955576052369724e+04
3.113499150704644489e+04
1.233654740143287881e+03
5.278272416085617806e+03
1.843758949856506661e+04
1.446154758591047357e+04
2.641718617661210737e+04
1.604980425602000832e+04
3.324244737533750595e+04
2.021025046485587154e+04
9.435889433956763241e+03
2.496632536432275811e+04
3.056216779461801343e+04
2.429969892114656250e+04
2.575309678273803365e+04
1.239463394971963498e+04
4.449589883070349970e+03
2.430818203580926638e+04
1.458384036535007908e+04
4.469285239364820882e+04
1.856122429334609478e+04
2.352008229026980553e+04
1.821622635207806161e+04
3.630670893732693366e+04
1.944421550174419826e+04
2.011662412018276882e+04
3.171588773625370595e+04
2.220525742828194052e+04
4.879364662582695019e+04
2.168182101935893297e+04
1.005087577152979975e+04
1.670601833315003751e+04
1.278140240907832776e+04
4.877052439334552037e+04
2.281613140771822509e+04
5.196365805106086555e+03
5.644210339869652671e+03
2.236221661453934939e+04
1.353519579410907863e+04
1.124836937161155038e+04
2.411153948530468915e+04
1.589412126427602379e+04
3.560255591726529383e+04
3.607412321071483893e+04
6.669678617538906110e+03
1.246073268023554010e+04
1.093631013275794612e+04
2.430600038649960334e+04
3.279848050837584015e+04
1.015534031935657549e+04
1.840083055842644171e+04
1.526988284687216583e+04
2.804006125999600772e+04
4.305174215962158632e+04
2.392846071102553833e+04
1.593638601127433867e+04
2.035428029548153791e+04
4.359145873821179703e+04
2.450813524003854400e+04
2.832340164197843114e+04
8.892020969537055862e+03
9.877854249558997253e+03
2.217440793601007317e+04
2.008510406399969725e+04
6.319696362903663612e+03
1.195005298282434160e+04
5.889893132393586711e+03
1.725782305657743564e+04
2.461856237648716342e+04
1.681129388301407016e+04
1.371279999244193459e+04
8.394655024474170204e+03
3.276906609061769268e+04
3.501933817461618310e+04
2.509337932487059879e+04
2.608730298485734238e+04
1.993863110218164366e+04
6.396918667933986580e+04
1.022102653021725200e+04
3.083213499517290984e+04
8.321272642393108981e+03
1.581773892663731931e+04
3.817789678938328871e+04
9.043223830853572508e+03
1.714633225381927332e+04
9.635527238265467531e+03
2.765138701276955544e+04
1.708210484796218952e+04
1.010194187914717622e+04
3.129039567983648521e+04
4.578064385978081555e+04
1.461417407214051127e+04
2.136677336585973535e+04
2.888881081494715181e+04
1.652027079731056074e+04
2.733389238636574737e+04
2.773717984370910563e+04
1.338934188074963095e+04
7.677406947414526257e+03
1.313611685748803211e+04
4.175464693489878118e+04
1.671135099828814054e+04
1.084641523064585635e+04
1.648271867957330687e+04
3.380100802642712370e+04
2.636912803255828840e+04
9.283855776676833557e+03
3.416236558489773597e+04
5.169118077220767736e+04
2.195600312862416467e+04
2.901604475272515265e+04
2.307092489914217731e+04
2.072965447252021841e+04
3.659969844956434827e+04
1.444096608237296823e+04
1.875998990990131279e+04
5.813397085504138522e+04
2.048334880483597954e+04
3.972917559635010548e+03
4.617738400072243530e+04
8.317701081539828010e+03
2.097080463960951602e+04
2.684232614081200154e+04
9.796900553975381627e+03
1.747530317662748712e+04
1.282604317659701883e+04
1.057271502877497369e+04
1.814494652335629507e+04
2.006957210219225817e+04
1.910439475797069463e+04
1.807139146995699411e+04
5.444691404199633325e+03
7.823582985157414441e+03
9.167997367638339711e+03
2.194880793343999176e+04
2.244538282461999916e+04
1.917862261459429646e+04
1.107415743043992916e+04
1.371381479598815531e+04
2.972219180139444143e+04
4.198977387529517728e+03
1.757299669014477331e+04
2.591172376333873763e+04
2.837576415582968548e+04
1.482337210491730730e+04
1.550361640641581107e+04
1.231789321480072613e+04
1.628486955695672441e+04
8.847177326882843772e+03
1.858668971982647417e+04
1.220273193163050382e+04
7.700496143071695769e+03
3.589755317171249771e+04
4.443924476879378199e+04
1.797274685703238356e+04
1.757835310680987959e+03
2.501416243628191296e+04
2.366543966143263242e+04
2.060151742691289837e+04
3.373193366644820344e+04
1.870362368833104119e+04
2.564081212181465526e+04
2.055797241530543033e+04
3.668733549727816717e+04
2.358750624473470089e+04
4.533226352830856922e+04
1.784911809217328846e+04
4.268287031564790232e+04
1.531172435166201467e+04
8.018867186649994437e+03
8.870422250077850549e+03
1.532054257352514469e+04
5.013027786135950737e+04
1.763536748174999957e+04
1.987696574563157264e+04
2.317575598477500171e+04
3.396873963341073249e+04
3.040811853803300619e+04
2.257238753579327749e+04
4.296202260450166068e+04
4.687957613073060929e+04
1.054015887833124907e+03
1.705638758638182117e+04
4.957425324901804561e+04
3.198193063823681223e+04
4.261047757945970807e+04
6.382821213692827769e+03
8.276014105462752923e+03
5.783756677395891165e+04
1.292856552177383037e+03
1.426808747616070286e+04
1.077059781113428653e+04
1.912290508784256599e+04
2.010115912476560698e+04
5.079300409631896764e+04
1.370634008374438417e+04
8.990106596235000325e+03
3.526692298078262684e+04
1.559309041951152540e+04
2.297821042147608387e+04
1.515271259929836742e+04
6.873198126249332563e+04
1.573656428353325828e+04
2.908194079298432916e+04
8.107199952223710170e+03
2.558884645451039978e+04
4.280476909892434196e+04
7.357605092994069309e+03
4.881987441211906844e+04
1.071758339022361906e+04
2.150858792836901193e+04
3.579603375960297853e+04
1.704968334670439799e+04
3.056928645272147696e+04
9.331750270313061264e+03
2.032359265734696965e+04
1.989950017405045946e+04
2.036774688519093979e+04
2.684854048932541991e+04
1.987366020460738946e+04
1.691813948755057572e+04
1.331908433427175078e+04
1.767930058123033814e+04
2.038982861521038649e+04
1.123560221750793062e+04
2.481928635634363309e+04
4.856481844944407203e+04
6.801719552447823844e+03
3.357392383395857905e+04
2.801927620171694070e+04
1.285960352627624889e+04
1.976880711265650098e+04
3.485269933880735334e+04
2.969188970024949595e+04
1.130767095627083836e+04
9.711642955305307623e+03
2.802720134675692680e+04
1.256902304425625334e+04
2.760690398767113220e+04
5.534806660304687284e+03
3.716926070374396659e+04
2.432138407251436729e+04
1.251633058820247788e+04
2.007198345458127733e+04
3.100058895060051873e+04
5.272181117049948080e+04
1.873867948282104408e+04
1.977860458177359396e+04
3.852574743091969140e+03
3.609528688648309617e+04
2.386781722543702926e+04
2.115942691502671732e+04
4.347101574265929230e+04
2.050651927066160351e+04
2.802805138420884032e+04
9.487769353034273081e+03
4.740685875876160571e+04
2.081316229176705383e+04
1.054394231258666696e+04
1.030993060504953610e+04
1.457268443627143097e+04
2.251520759993768297e+04
9.131824459532967012e+03
6.173214603844135127e+03
1.628626849021367889e+04
3.706072439822894376e+04
1.136358529212951180e+04
2.665277245822630357e+04
1.366125753659925977e+03
6.022921797561493804e+03
3.367845645525752479e+04
1.000459215933029736e+04
3.076467656697485654e+04
1.117709333472373510e+04
1.580471643433484132e+04
1.283111418912260706e+04
5.108525369875936303e+04
2.168670855849674263e+04
9.113814167839860602e+03
9.375488381483806734e+03
1.714173341158081894e+04
3.178025971889540233e+04
2.691467191189284858e+04
3.086027160531879781e+04
3.271168802137353487e+04
9.109165784947201246e+03
4.383065012990570540e+04
1.404737491585163116e+04
2.100522492549743038e+04
2.365153633814956265e+04
5.968515679772925796e+04
1.034527383369018571e+04
2.131106214897430254e+04
2.634862992144402233e+04
2.343646784855375154e+04
1.362818255044107900e+04
1.397025621260254047e+04
2.455648194948531000e+03
1.803125447054023607e+04
2.314755707845498182e+04
1.075622667931939213e+04
3.292837231501108909e+04
5.094343484256676675e+03
3.715686431205985718e+04
9.988708505997439715e+03
1.237775623644602820e+04
3.374903786851144832e+04
2.805753191229835647e+04
2.151586300475192911e+04
1.433155413758471241e+03
1.197900242859005084e+04
2.677726139524690370e+04
7.485071384696928362e+03
4.820204966795379005e+04
2.949649788117974094e+04
2.732210022567136184e+04
7.328224585387145453e+03
8.748921502247667377e+03
6.145508547523489688e+04
2.033959130039918091e+04
1.419439779138704944e+04
2.705321411763196375e+04
4.655875233626111003e+04
6.521098878574191076e+03
6.944192991874744621e+03
5.646812052917701658e+04
2.050227324127952215e+03
5.284351662775939621e+04
9.916788105718302177e+03
4.545004762692889926e+03
6.296509483848357922e+04
8.163428825102357223e+03
1.562068310643799487e+04
4.180512081502944056e+04
4.166793100333588518e+04
6.552062135684071109e+04
2.393277066368180385e+04
1.788883204534393735e+04
1.079962216500145041e+04
5.086241607764976834e+03
1.263924329602383477e+04
4.387806771403153834e+04
3.414768545256598736e+04
5.259842270290970919e+04
3.691095350529264397e+04
2.590057162905687073e+04
1.489408872747884561e+04
6.683834087250484117e+03
2.856479293995139960e+04
6.702170294201609067e+03
1.944086184323294447e+03
1.738681612046904775e+04
4.969156861815297452e+04
7.946233882047405132e+03
2.383278853694120335e+04
1.946469848017693221e+04
2.693011756493683424e+04
1.787933411973341936e+04
4.725649102524924092e+04
1.690860984011751134e+04
2.630551429640229981e+04
5.881977599522826495e+03
2.490436085776150503e+04
2.379390086395072285e+04
1.885232296343539201e+04
5.758723920321685728e+04
3.134573517366416490e+04
2.662331943393024994e+04
1.184230532723367105e+04
2.331238183567327360e+04
2.043993957160403806e+04
1.387441501312601758e+04
2.133673505334538277e+04
2.097807151401898227e+04
1.205702761250824733e+04
8.255250849849313090e+04
1.458702865447079967e+04
2.177836874604304103e+04
3.779162413255566207e+04
5.053359711941162823e+04
1.129531249928950274e+04
3.654057291941301810e+04
2.038479203310304001e+04
3.339540467960885871e+04
2.001242242064673337e+04
2.745308444037739537e+04
1.307328072530943246e+04
1.751897181117311266e+04
6.422144211808279215e+04
1.195645331394345521e+04
1.994266595415983102e+04
3.686057777918552165e+04
1.042081777958544626e+04
8.426475449079673126e+03
9.772086860803317904e+03
8.646220384300086153e+03
2.971320353605016862e+04
5.169681779425309651e+04
9.022329891623896401e+03
6.329347614887996315e+03
6.246580550203193525e+03
8.426843455960710344e+03
2.912906552794708114e+04
4.051309950639370072e+04
2.664798980951753038e+04
2.735976391375590902e+04
2.552296648017648840e+04
1.676219614199313946e+04
2.764500277653365993e+04
2.418819970002348418e+04
5.881023829697721339e+03
3.880569141342911462e+04
2.893820989356862992e+04
1.962354919502657140e+04
1.168052324551677521e+04
1.736995018072096354e+04
4.121229101460758829e+04
3.067023441802922389e+04
2.349276437379572963e+04
7.582245241310133679e+03
4.024372234650680184e+04
4.705200822301231528e+04
8.573338190910304547e+03
2.988512108667939174e+04
6.249821136680448035e+03
2.223162748513959741e+04
1.563743662740785476e+04
2.300788245970483331e+04
4.205474157155974535e+04
2.159738006439321543e+04
2.520125949245149241e+04
2.702342234717164320e+04
3.122540367339686054e+04
4.667001921612344449e+04
3.908351831436834618e+04
1.398367448240977683e+04
1.567874543730786900e+04
6.887197950191084601e+03
2.016458565888662633e+04
4.029575384338348522e+04
6.755703287320168783e+03
2.144340571702845045e+04
1.933441608154317873e+04
1.715817741536579706e+04
5.621506964722183329e+04
1.324457534151698201e+04
1.852017712883505374e+04
2.650470645802756189e+04
1.824053930431203116e+04
8.558356624326119345e+03
4.461863686073439021e+04
2.984816382649929801e+04
8.819144656503844089e+03
1.336117212173317057e+04
5.906611509945358193e+03
1.004035795770532968e+04
2.932660754255242864e+04
1.273590065312771731e+04
5.533136261699294118e+04
2.442096361164031259e+04
1.059309391512665934e+04
8.230575924983657387e+03
1.336286140961175079e+04
1.154708018907591031e+04
5.047445334006460325e+04
1.105401899722017151e+04
3.114230919749222448e+04
1.819632797982022021e+04
1.301959782185761287e+04
9.375755200104213145e+03
2.084560830852284926e+04
4.728622053580166721e+03
2.288993236208341114e+04
4.369217429195429577e+04
2.611419334948856704e+04
2.195670304367547578e+04
2.467205221856934804e+04
2.671090087337212753e+04
1.999689076323065092e+04
4.058129384933003166e+04
1.299043257130918209e+04
2.119074391682422356e+04
1.866675308448041687e+04
2.192899767126761071e+04
5.685953347414257223e+03
-1.808142795166695805e+03
2.041776235078690661e+04
1.858503041413057508e+04
3.355228112045555463e+04
2.511622065005099284e+04
3.524075567148975824e+04
3.354520704823947017e+04
3.612193480902685405e+04
1.769334348688136379e+04
6.811374663011661323e+04
2.207060209864996068e+04
8.630534039462391229e+04
2.530086865639420284e+04
7.781435315888564219e+03
5.534991918651958986e+04
2.937464493921315443e+04
3.981510829684408964e+04
3.395491565422145504e+04
1.076188304252616945e+04
8.155210959450742848e+03
3.825542642512154271e+04
1.337126282948647167e+04
1.605587756795958194e+04
1.087667964605148882e+04
1.620178909973707960e+04
3.161974699684273219e+04
1.033414185842759798e+04
6.893367670589029331e+03
3.541039532339706784e+04
1.864735896884122121e+04
3.178545723386291502e+04
1.680184492350872097e+04
2.339638221710436119e+04
1.459721919557568617e+04
2.569560452515212819e+04
1.600352056964843359e+04
3.228678746748187405e+04
7.524446863068686071e+03
2.284722350567543981e+04
7.664685640416460956e+03
1.005941389800717661e+04
3.012239583978697192e+04
4.922829943156144145e+04
3.866373485748234089e+04
1.455389104562206194e+04
9.514477219386826619e+03
1.661704916262042389e+04
2.782381871331459479e+04
4.633703821412489197e+04
1.598695546657888008e+04
2.243514364144759020e+04
2.482793888602021252e+04
2.762173411907403079e+03
4.697382695024835994e+04
8.310300677155119047e+03
6.628796718790330488e+03
3.417604481072616909e+04
4.175435581654813723e+04
8.378658447275638537e+03
1.702924236458782616e+04
9.961374063205692437e+03
7.576168963449101284e+03
1.306429976218629963e+04
1.534478989636989354e+04
6.101686425387479176e+03
2.109879739084413814e+04
4.203924717911907646e+04
5.039283391668821423e+04
8.328326861702708993e+04
1.658377603954124061e+04
3.034966900354567406e+04
1.817161955023250266e+04
5.546877506792488566e+04
1.471934945001864980e+04
5.903142840053073087e+03
3.739580753755589103e+04
1.629929817386625109e+04
1.924927052585662750e+04
2.210763694706904062e+04
3.249672785235477204e+04
3.962287012323116414e+03
3.865289051044977532e+04
3.592733308634215791e+04
3.626300331644371181e+04
8.896532902629522141e+03
1.295644346725332434e+04
3.056762799726200319e+04
4.741751799723674776e+04
1.003657293985635079e+04
1.093897874901912837e+04
2.345000483085500309e+04
1.353237897131228237e+04
1.643013699255878237e+04
5.370384199928783346e+04
8.203270129852662649e+03
6.276079844982069335e+04
1.913043778307316825e+04
2.583795580084327958e+04
3.681096191794153856e+04
8.764390947397405398e+03
9.457519694936838277e+03
2.182248939621111640e+04
1.122864770587359089e+04
3.181587529150090631e+04
7.517746404963645546e+03
1.848345636192574966e+04
4.960194824831635196e+04
4.421270178733998910e+04
3.009882886383258665e+03
4.287522357192642085e+04
4.289209581075330061e+04
4.769624218493369699e+04
9.562563532127436702e+03
3.517740140423775301e+04
4.440006184343379573e+03
3.495352401353347523e+04
2.882517292068801908e+04
8.559675794265691366e+03
2.991471246794837498e+04
1.105435602628832930e+04
2.333915325962374482e+04
3.774223375329986084e+03
2.443519862674995602e+04
7.551498843878091429e+04
2.659115010859087852e+04
4.345005961991383083e+04
1.594706967302584053e+04
1.301360836994502824e+04
1.253292981024691835e+04
2.294929351269254767e+03
5.928364091411076515e+02
5.128709952708423771e+03
1.917298657956552779e+04
4.356761955859445152e+03
-3.035642875306574297e+03
4.982414253223674677e+03
2.398172641868405663e+03
1.443032209489730485e+04
4.588717375565993279e+02
1.104570833828833202e+04
2.708614307309456126e+04
1.616486126731377044e+04
4.462691610906147616e+03
4.046800614630183645e+03
3.734471951593070844e+04
9.555783736495666744e+03
5.578375435452489910e+04
1.909676223363044846e+04
3.892327104643727944e+04
3.918080651622077858e+04
1.905010032398484327e+04
1.392996417212933011e+04
1.777461941688125444e+04
1.824644496309687383e+04
2.101879116914179031e+04
4.144275254472627421e+04
2.901907912500244856e+04
2.119156047189318997e+04
2.434581425765097083e+04
3.975024422485070681e+04
5.317265340823216320e+03
3.085692957091824064e+04
2.913442951539747810e+04
2.408021571920064889e+04
5.767106053261153284e+04
2.867863378315975206e+04
1.186659810850923532e+04
2.971645768130978468e+04
5.374021696570787753e+04
2.187523583258030703e+04
1.675434797649340908e+04
2.275159579106335150e+04
2.944171578693353513e+04
2.369314942219933437e+04
9.365726114361208602e+03
3.123742656163659194e+04
3.385777366405690555e+04
2.948242731637517863e+03
3.923545335925144900e+04
3.039768164779805375e+03
4.918985120851253669e+03
4.486815826709161229e+03
2.005017348537984071e+04
2.232030874559124641e+04
2.871975143092434155e+04
3.191681676020066516e+04
2.148934533501364785e+04
1.052126599110948882e+04
2.829712440670148499e+04
4.542342452056500770e+04
9.835253326760604978e+03
1.075372017104321458e+04
2.090487512900819274e+04
9.891070109141153807e+03
5.834630203892175632e+04
2.915774310003287974e+04
2.827897368700773586e+04
3.208557590589765459e+04
5.723804041255102493e+04
2.976906444920285503e+04
1.980546907578768514e+04
2.895839427276111383e+04
7.666691369316016790e+03
2.267909390836506645e+04
4.453668864432354167e+04
1.914288525808850682e+04
1.766106964299665196e+04
1.023926797442970201e+04
1.833301858527414151e+04
2.634555588809925030e+04
1.754887122864960838e+04
1.017368990462762667e+04
1.966554631225502089e+04
4.293171414777403697e+04
2.886954205258661386e+04
1.149255768951830396e+04
1.735853247070395446e+04
3.532781743496192212e+04
1.085350432905094021e+04
2.504909521559649875e+04
2.416667257094507659e+04
1.515148042809080653e+04
3.547051686533520115e+04
1.956429130480571621e+04
3.415153767471894389e+04
3.576005145967654244e+04
1.607392498595963480e+04
5.960175064628621840e+03
1.553964637323180796e+04
2.972144251421164154e+04
3.247078573494395823e+04
7.464953838556809387e+03
1.362219398267019278e+04
6.244352100966804755e+03
1.614870825649676408e+04
1.044889342512756230e+04
1.238055012886216537e+04
2.659424195028291433e+04
3.250084048535180409e+04
1.537773000649381538e+04
4.167658359659841517e+04
1.529612721448918091e+04
2.945918743805042322e+04
1.427021109670035003e+04
8.744418394288999480e+03
4.855880907600065257e+04
3.020676375495158572e+04
3.260725949870802287e+04
2.360305903351481902e+04
4.096433865495331702e+03
2.638475058713247199e+04
3.043795587981675635e+04
2.221999318431749271e+04
2.907746864426794491e+04
1.866041829399391645e+04
5.381607357022439828e+04
1.835069662671723927e+04
3.904910986141875037e+04
6.891095463842311801e+03
2.886433185111643979e+04
4.067891741573769832e+04
3.605418473890587484e+04
2.283805546391724783e+04
3.094387794211028086e+04
6.155707899474415171e+03
1.228311086452865129e+04
1.224737856617399848e+04
3.456915744852664648e+04
1.843235148660534469e+04
2.486612020042893346e+04
4.231961760250851512e+04
4.214470073882413999e+04
2.582965596109182297e+04
1.933718201505730394e+04
1.445307269152575645e+04
3.598986626453576901e+04
2.800668984472843476e+03
1.744767005177754618e+04
1.444101161799137117e+04
2.450644722291801372e+03
2.383992747390440854e+04
4.500632655136844551e+04
3.606563548846931371e+04
1.545466673424319924e+04
1.439952880328148603e+04
2.672500930278454325e+04
1.964100393993726539e+04
4.209982469198157196e+04
1.480955096783821682e+04
4.971395701495546746e+03
1.433226796131135052e+04
3.184501563891875048e+04
1.104710255160062479e+04
1.253003674315847820e+04
2.090585452045674901e+04
2.418359617440260627e+04
7.467396899535853299e+04
2.130502338043008785e+04
2.397019532862990673e+04
1.958065456381828199e+03
5.324693740077334223e+04
2.799677716406040781e+04
7.699408177132187120e+03
1.443938112895314407e+04
4.800656234168384981e+04
1.556652745769658213e+04
2.847531147019491982e+04
3.911869116917220526e+04
2.194274732785144442e+04
2.745509554394343286e+04
1.209097532457679335e+03
1.676426919318539876e+04
2.113413050136445236e+04
2.076918317692023993e+04
3.045128054622836135e+04
7.017819374547215375e+03
2.671602345136347867e+04
2.725787691208383694e+04
4.276239565836247493e+04
2.012203201903990703e+04
2.800322378752809527e+04
1.958959035466248315e+04
3.059042464896769161e+04
2.751960873181556235e+04
1.586690539151638222e+04
3.837005900636487786e+04
3.203435056911335778e+04
2.273844466672302951e+04
2.854430725304825319e+04
6.342416030427783880e+03
4.687300864042140893e+04
8.484635763739057438e+03
1.552296939616881718e+04
1.642716657051428047e+04
2.423607391945845666e+04
6.792003402945422567e+04
1.601645580034295381e+04
2.208139458167959674e+04
1.607748921585853168e+04
3.534480642718919262e+04
1.062956549527901007e+04
4.161090378978493391e+04
2.525926597190370740e+04
7.315080363941190626e+03
4.621209156864996476e+04
1.641389038847528354e+04
4.445099699216093722e+04
4.659689546609733952e+04
4.362585272326154154e+03
6.078265624087709512e+03
1.691851174537055340e+04
2.997078181214969663e+04
5.948697073536881362e+04
1.454905319681844048e+04
5.434943129789549130e+04
1.050191679268730695e+04
3.459415733600821113e+04
4.012362250257284904e+04
3.994734289181127679e+04
1.648771604821891015e+04
1.531832378595547016e+04
5.997417496766900149e+04
3.019664249873577319e+03
3.351814294475101633e+04
3.740856636746685399e+04
3.086602905199527231e+04
1.337146202466588329e+04
2.539765199477226997e+04
1.524016288068379799e+04
1.943385992479101697e+04
1.620504974186092659e+04
3.513777068272521137e+04
3.593498377052975229e+03
9.377486976974316349e+03
2.271854603871306972e+04
4.309196869013405376e+04
6.247109387007199257e+04
6.340062479893481941e+04
1.601766270043448822e+04
3.188572816005980712e+04
5.873043654513197544e+04
3.667698465810150083e+04
1.859146792779708630e+04
3.660854313739384816e+04
1.083962734842634563e+04
1.203723526009244415e+04
3.187702145627616119e+04
1.863634730012892396e+04
3.377226734188025148e+04
-4.552623679838826320e+03
-6.760211294196304152e+03
1.149627200126122443e+04
-3.343482372714378471e+03
-8.580003627460766438e+03
-2.834583498787142162e+02
-5.444794982201585299e+03
-1.549658466316624617e+04
-1.782523364827495243e+04
9.372896766053336250e+03
-2.082349625915221259e+04
9.110600067851275526e+03
-2.090023109526584085e+04
-2.229150739200531825e+04
-1.612645861315297952e+04
-2.667261319251111854e+04
-2.060007832841049094e+04
-2.666386112526869329e+04
-3.014896646134152979e+04
-3.276145070414084330e+04
-3.366294683683820040e+04
-1.294295556385010059e+04
-3.467132282873427903e+04
-3.041692674704669480e+04
-1.994138070663371764e+04
-3.524029649672779487e+04
-3.720855734059477982e+04
-3.964459222306829906e+04
-3.686992541804542998e+04
-4.279709630918639596e+04
-4.519014706986168312e+04
-4.343446630879102304e+04
-1.530360436449633926e+04
-2.304075087437475304e+04
-3.590599548798489559e+04
-1.210097858923265449e+03
-7.454027539490025447e+03
-3.876173390832149016e+04
-7.413394858895648213e+03
-2.415434605177801132e+04
1.617190597668400369e+04
5.036845289671898354e+04
-6.584935917802727090e+03
4.947860875537565153e+04
9.952449442082390306e+03
2.810305202400285634e+04
1.163537289603832323e+04
1.870543603103705209e+03
3.017073210059652047e+04
7.063093243961408734e+04
5.729406865833596385e+03
2.155154700839141151e+04
3.538221200572377711e+04
2.567263532760807357e+04
2.803784630905812082e+04
1.475833472375487690e+04
9.594050637114454730e+03
3.159840530613539886e+04
2.438729000353791344e+04
9.909608257825517285e+03
3.054723052905264194e+04
1.281102486717488136e+04
2.939370131400260289e+04
2.354712981375280651e+04
2.902894984872160421e+04
2.142066532222874594e+04
1.141485889511862979e+03
2.016318348891508504e+04
1.560976222666892136e+04
3.914345106147033221e+04
3.513555202506750356e+04
4.465200106920168037e+04
2.493925266220563208e+04
2.801940471860372054e+04
1.165907642242385191e+04
3.036157040432736176e+04
2.510940585309325979e+04
2.904406566247824594e+04
4.489265052753280906e+04
3.312075996193996980e+04
2.007945368893615159e+04
4.452123307555714746e+03
3.197665599973766803e+04
3.359808494703072938e+04
2.275039231322277919e+04
4.683246330997115001e+04
2.419856899730849545e+04
1.841413464903474596e+04
7.045764129950917777e+03
1.111445919976931873e+04
1.195897251862052326e+04
1.886436133610643446e+04
3.505189693575320416e+04
1.085839262123011031e+04
3.102455267666723012e+04
2.306141514194504271e+04
1.209801018896597088e+04
2.967876134931817433e+04
1.520570202305045314e+04
3.531668219441700785e+04
4.254139959586889017e+04
2.019427133765094914e+04
3.726186701182385877e+04
6.844663082231121734e+03
3.233576232794727912e+04
5.013735241832766769e+04
1.173174061175271345e+04
3.278726645465141337e+04
1.172953277600460569e+04
2.144885114274135049e+04
4.391286797668830332e+03
4.603720891720004875e+04
3.660669599078087776e+04
2.465428903733242623e+04
2.699609771042225475e+04
1.636602922337303607e+04
3.670726383312535472e+04
1.615896155700134113e+04
2.847530469615166658e+04
1.495698269352616262e+04
1.634752918657049304e+04
2.263067931371679515e+04
3.034218836983618166e+04
1.436642166559259931e+04
1.580228506536064742e+04
3.522283678096305084e+04
2.864851093661786217e+04
3.453843852422344207e+04
2.469711695277259423e+04
2.201007052253282745e+04
1.565329176717300106e+04
8.684237860155602903e+03
1.220758302082188857e+04
2.744442122021826799e+04
1.222368062914332040e+04
6.923712476399543448e+03
1.024351198149646189e+04
-7.813779052368670364e+01
2.786326786080453167e+04
-5.189829481312959615e+03
1.007834588165635068e+04
-2.467963361665449611e+03
1.913265931400546833e+04
-3.868667962646668457e+02
9.085838648452181587e+03
1.450344318429942359e+04
-5.870310746927296350e+03
7.883728525366253962e+03
1.435686165503466691e+04
-7.177215427373987950e+03
5.265505027050564422e+03
1.599323796240977390e+04
-1.429293329229648589e+04
-1.509580698285718427e+04
-1.453375198999200074e+04
-1.612493142655663905e+04
-1.474244321909589053e+04
6.652382499221487251e+02
-1.277779120020305891e+04
-1.585479415802851690e+04
-1.929926601693733392e+04
-1.137599750860755012e+04
-2.074485699310756172e+04
-1.128319512100293286e+04
-1.976356694788370805e+04
-2.173874203555687200e+04
-1.677793274875186034e+04
2.570738112719736819e+02
-2.519840373804336559e+04
-2.517663234198808641e+04
-2.758359035638275600e+04
-1.855778748311818345e+04
-2.627528190651080877e+04
-2.231566584785624218e+04
-2.752037605088175042e+04
-2.821094195712533110e+04
-2.639906323955211337e+04
-2.872769089476370209e+04
-1.984163549216860702e+04
-2.189034364220959105e+04
-1.197732591008979034e+04
-2.069342682153561691e+04
-1.510629033044080279e+04
7.304819476368393225e+02
-4.075168655240228873e+03
-1.642880459514116410e+03
2.724328235636899990e+04
7.594029289456669176e+03
3.870663936918985564e+04
2.650019092061595438e+04
1.691982167784780904e+04
1.125200301845730610e+04
2.431506013040207472e+04
3.516768656613380881e+04
2.863756861583786667e+04
2.622922709304146701e+04
2.549210681189749084e+04
1.575147692867033038e+04
2.204795366698508224e+04
1.714501093248201141e+04
3.258686331480406807e+04
2.272260267839723019e+04
1.742929038678889992e+04
1.519155172420640520e+04
3.843585486694813881e+04
2.604998877689387882e+04
4.365119514310501108e+04
3.165628185742569622e+04
3.548164789872565598e+04
2.430392819728688846e+04
4.382497686480330594e+04
4.149324022395118664e+04
2.849908723070825363e+04
1.542508928701398327e+04
2.491425997440707215e+04
1.076618214154562156e+04
1.715190525903825983e+04
1.191183678214034080e+04
2.662642752770321385e+04
2.663786923984483292e+04
3.974292650061324821e+04
3.664407960157324851e+04
3.154264750916359117e+04
1.530116365026215135e+04
1.493746020926932215e+04
4.255521085784852767e+04
3.370132559026880335e+04
1.986511559722035963e+04
1.623741365047307045e+04
2.248045460758993067e+04
3.427241306203421846e+04
1.505312508307394819e+04
1.401198098558044330e+04
5.968681700333530898e+04
1.908324353685505776e+04
1.175816339359850826e+04
4.006677349858164962e+04
2.556198783318647475e+04
2.338776830786402934e+04
5.635852637255862646e+04
3.866310819998098304e+04
1.526723372288844257e+04
6.524765232010871114e+04
3.168050690231096087e+04
2.148585640337421137e+04
1.934120226350636221e+04
1.012829833969212996e+04
1.809334566668466505e+04
1.081861167260066941e+04
2.526362879033017089e+04
1.956488555011781136e+04
5.753008621247229166e+04
1.081444764538232266e+04
9.190868961889603816e+04
2.598684701682451123e+04
2.092315544893540937e+04
3.713149125726118655e+04
1.831267757727079879e+04
2.059207760889510973e+04
1.021260915105911954e+04
2.547036360993446215e+04
1.566793376986899239e+04
9.947242227203052607e+03
4.462766036179586081e+04
1.043312158956055100e+04
3.299912788225088298e+04
3.464503616584539850e+04
2.483314064430984945e+04
1.726229480867639722e+04
4.771658847809991858e+04
3.596663588505704683e+04
1.264820281195577263e+04
3.198605118795343515e+04
9.656893556913726570e+03
1.404842276594021496e+04
1.441984232949503166e+04
3.447389659433124325e+04
6.533855370672044955e+03
2.356803702035922106e+04
1.547418044173923045e+04
2.598688840712811725e+04
1.111505847011846345e+04
3.843317149592366331e+04
8.773051149505028661e+03
9.157582752179923773e+03
2.696838351854900247e+04
1.461108534345753287e+04
9.876610918441750982e+03
2.273295124199520797e+04
2.104019758321474364e+04
2.532192381515736633e+04
4.103663614905462964e+03
4.504633055265072471e+04
2.867982540148426415e+04
1.636058060227616807e+04
1.629782073945919910e+04
3.386814352356691234e+04
6.694895394673162082e+04
3.231471993043992552e+04
2.143165078973220807e+04
1.922844337027979418e+04
2.493242069062283190e+04
1.881531902883890143e+04
5.188296343468044142e+03
4.462494027561690746e+04
3.220359588408055788e+04
3.191592366428657624e+04
2.268302253953459149e+04
2.209940326682694649e+04
3.138079945349057380e+04
2.379185609205137371e+04
2.611622572194258828e+04
2.261068873817922940e+04
2.347463864051506971e+04
1.439235423994504163e+04
1.764724383571487851e+04
1.885404241723277664e+04
2.488738502538705507e+04
2.779008437630089975e+04
3.096270087666892505e+04
6.690389901127807207e+03
2.151635418096253125e+04
5.036435533413492522e+04
1.859370552303114164e+04
2.982542909087793669e+04
2.555743846074304020e+04
3.432515483010892058e+04
2.066596269439375646e+03
1.024567290214969762e+04
8.895650254002075599e+03
1.293693239525213539e+04
5.440582053799273854e+04
5.593924145916738780e+04
3.066663834063937975e+04
1.149987454306234758e+04
1.291278716026382062e+04
1.412537138199114452e+04
6.472778106173907872e+04
1.728966022790178249e+04
6.872680425470578484e+04
2.145788272492362739e+04
1.773699231739550305e+04
2.742657610662907609e+04
1.720773103825925500e+04
1.594824125612515491e+04
1.842681337589085160e+04
5.863463147845836647e+04
9.011232142743117947e+03
2.186217114875037441e+04
1.869826066680861186e+04
1.048915443050070826e+04
8.267214599923281639e+03
1.242714264911699502e+04
1.434499986600887132e+04
9.374175850963514677e+03
3.566530520144328329e+04
1.221800577497971790e+04
5.939810075441979279e+03
2.289073852746331249e+04
1.376718291414125815e+04
5.749092089082145321e+03
8.465063557273055267e+03
1.859486965071766463e+04
1.012936767217823763e+04
3.255703094010814675e+04
2.200682233799967798e+04
2.300195903124276811e+04
5.242541659136595263e+04
6.861590637750874521e+03
7.291863438105925161e+04
6.097899901532637159e+03
1.968619797154045955e+04
8.452577660405248025e+03
1.419708035111930440e+04
1.776787841692814254e+04
4.302594653509950876e+04
8.861940468230302940e+03
8.866029799575953803e+03
2.439271314904315659e+04
1.517376656193318922e+04
6.051553243755520089e+04
4.697744409528316282e+03
2.028207515166303710e+04
3.989211310764697373e+03
-3.339657169882580092e+02
1.003108850322763647e+04
8.178155715233548108e+03
1.695318553320497449e+04
8.176115478609292950e+03
2.675487441705474339e+04
1.558368667245349934e+04
1.367484586526393832e+04
2.802229671316709573e+04
2.176813698780165214e+04
2.220038463201071499e+04
3.039266041198622770e+04
3.473804948208793940e+04
1.824837006324770482e+04
2.934994947909666371e+04
6.283442710222343521e+02
6.668132285583318662e+03
3.813232477565581121e+03
-4.576971641394625294e+03
8.634432979769178928e+03
-9.999749790822502291e+02
1.857781094625187689e+04
1.378572659919079888e+04
2.418332172985077341e+04
1.060885876506403292e+04
2.125231410032908752e+04
1.646404378942981566e+04
1.923217151075313450e+04
6.022512650439566642e+03
2.328141078293974715e+04
7.797356444344301053e+03
4.748050108695288509e+04
1.176008870929876502e+04
1.497224921685694790e+04
6.095654627019979671e+03
7.445113096782484718e+03
1.317847989758153017e+04
1.019433300912717823e+04
1.304994025187394436e+04
2.653209060760122884e+04
3.607810657147957954e+03
3.115080295234173536e+04
3.274956840680263485e+04
1.045658904168176014e+04
6.227144513358987024e+04
3.484803821453169803e+04
2.635536904838923874e+03
6.658856601609554673e+03
2.336020757130359925e+03
2.642576308762682675e+04
5.836881603530632674e+03
7.395944190130293464e+03
3.009057567405570808e+03
2.190646068822904999e+04
5.405293567067802360e+04
5.801128663062285341e+03
1.164771942278480674e+04
2.345962480011304433e+04
4.665800150156449672e+04
4.131177688759689045e+04
1.901094519783456053e+04
2.851971608222244686e+04
2.407450207572238651e+04
3.992287258148887486e+04
3.523779877860806300e+04
2.051997726814833004e+04
5.198041467755966733e+04
1.132603031954455764e+04
2.138000980842762510e+04
3.135067236835693620e+04
1.388190653812538949e+04
1.756257864326765412e+04
1.687670351762324208e+04
3.231711321059926922e+04
4.051565319065074436e+04
3.707812759187662596e+04
3.626985379559142893e+04
2.003403733062604078e+04
2.946954473117433008e+04
1.538051186286120537e+04
1.181965498692508845e+04
4.046169112252416380e+04
1.711243714651980190e+04
8.437412327072943299e+03
1.977974706953985878e+04
1.886087801676232993e+04
5.048191943770088255e+04
1.456526553977073490e+04
3.164500594756491773e+04
3.225136048865984776e+04
4.113882148132276780e+04
6.856359092387377132e+03
4.268274593707270105e+04
1.434611754334746001e+04
1.652544719017355601e+04
1.359560372241411460e+04
1.775607849203027581e+04
9.065221401553195392e+03
6.291615437214075064e+04
3.577466093690865091e+04
5.939922012621351314e+03
6.945678435684259966e+03
4.400647916961862211e+04
2.123608228703142231e+04
3.626961162876436720e+04
3.188363939508987460e+04
4.186695733134960392e+03
1.686238006471578410e+04
8.270223229401806748e+03
1.620312962538761531e+04
5.026074437628266423e+03
8.047014099804432590e+03
3.824604961386316972e+03
2.952171597694727097e+04
1.705731885397649967e+04
2.529152866112615447e+04
3.400000545192899881e+04
1.586728844080106865e+04
1.455638654821155978e+04
4.382527452268503839e+04
3.802365715560115495e+04
1.164278821171094751e+04
2.722450630781213840e+04
2.745358954612587331e+04
3.996254408162790060e+04
2.925235913340358456e+04
3.467866205457567503e+03
3.206793115461391790e+04
3.725509697525489901e+04
1.219924520130663768e+04
2.701018372430542149e+04
6.858266365969134495e+04
1.042360016155655285e+04
2.108124788317967614e+04
7.551056491057544918e+03
2.747793979604347624e+04
6.358676934277043074e+03
4.253751182021051136e+03
2.048206218730941328e+04
3.800174693016268429e+04
3.511263694682414643e+04
2.552808931394796673e+04
1.986133277306173841e+04
1.202174776710855986e+04
1.776586756551685539e+04
4.278274807697624783e+04
1.531502143215056094e+04
2.797379495479172692e+04
3.870378616669158509e+04
2.383134008042781352e+04
1.936564427668024291e+04
2.765822397192027711e+04
2.030035865441045462e+04
3.927337948433819111e+04
2.300387905249611504e+04
1.215413919862714829e+04
2.919050031168691930e+04
1.827988093327447132e+04
5.748253689063908678e+04
3.036286733330287461e+04
1.584090789567326829e+04
5.098303423425492656e+04
8.100731114440878446e+04
2.412674116419580969e+04
3.251156372159640341e+03
1.228920719945712699e+04
2.567749103713970908e+04
1.051291043905075276e+04
1.632270404433504518e+04
3.388019472221378237e+04
3.566629506695832970e+04
1.738179075079460381e+04
1.510907029178062112e+04
1.039073067009983788e+04
1.964019364500616939e+04
7.502122617814708065e+03
3.034710846591562949e+04
1.932553382364643403e+04
4.720774220013812010e+04
2.308961448015872156e+04
1.665927694818822056e+04
5.291877193700287899e+04
2.864111237430280198e+03
1.746853703174176189e+04
2.329405798202535152e+04
3.261674126326936312e+04
2.143788479625529362e+04
5.588686668379275943e+03
2.088925938936247985e+04
8.747260079408333695e+03
1.291179624753282769e+04
3.181273624169156028e+04
1.349600151112918320e+04
1.522254500480346178e+04
1.137449955797800794e+04
2.154709822944836196e+04
1.825326924798971595e+04
2.892540163549562567e+04
3.397093812784353941e+04
2.120307036839276770e+04
1.491202606350861242e+04
1.939973119806237810e+04
3.921254265866414062e+04
2.273894700482598637e+04
2.185371570055134725e+04
1.473455163440712022e+04
1.409365126827268614e+04
1.679534294820066134e+04
3.677981238262501574e+04
6.020277070240973990e+04
3.028133028199871114e+04
1.911525438933196710e+04
2.942535292264508098e+04
8.669921128389820296e+03
6.068809179981897614e+04
2.223257066176673106e+04
2.393835902868017001e+04
3.295080018610931438e+04
2.395036833551093878e+04
3.628145706979466922e+04
1.041970527794835107e+04
3.890337182516189387e+03
1.533794477310254842e+04
2.854630426329784314e+04
2.504102936612697522e+04
4.256606564777976746e+04
4.846199450754337886e+04
1.891434234077825022e+04
2.665744452251816620e+04
4.242828516841800592e+04
2.101466131218135706e+04
2.949094268818902856e+04
3.625561886696736474e+04
1.466097072741959892e+04
1.740068610111160160e+04
2.701794484597896007e+04
3.211998526498184947e+04
2.257163260451508540e+04
2.210338681379430636e+04
1.446739636563929162e+04
4.058595926913604490e+04
2.017331840600692158e+04
2.044015693360034857e+04
1.897871197321997533e+04
3.149614964341522864e+04
1.191414627790297709e+04
2.522505620375420403e+04
2.028244230944749143e+04
2.044257523457475691e+04
8.744020986540899685e+03
2.371548360079789200e+04
1.731419503085404722e+04
6.815237207056401530e+04
1.674574507687055302e+04
9.752747706571975868e+03
2.847463309059518360e+04
3.079828688583629264e+04
2.467802626664558920e+04
1.705102138341073442e+04
3.637349420707036188e+04
5.056414988861714664e+04
8.140935477172154060e+04
1.270848339528515316e+04
1.874345224902830523e+04
5.418117726270440471e+04
1.802368771839726833e+04
2.403139520248655026e+04
2.787803545263643900e+04
-5.939385486930852949e+02
2.446298598112592663e+04
1.567134299448339152e+04
1.687185997397595565e+04
2.833028207378973093e+03
2.312735023829886268e+04
3.250481456867416273e+04
2.329278591425973354e+04
1.445657963287147686e+04
1.361787599983599466e+04
2.561680148812522020e+04
1.553180170228981660e+04
5.625380112695013668e+04
9.835400113686795521e+03
1.770810423147319307e+04
2.253081491229745006e+04
3.976920696702199348e+04
4.965416470733573078e+04
8.143992778986165649e+04
4.933250826603735914e+04
2.620818496293716089e+04
3.149466263984130637e+04
2.661539539341433920e+04
6.441116109249682268e+03
3.788331122517049516e+04
2.827716205703489686e+04
3.094792724638975051e+04
5.951842467927247344e+04
1.704452470252455896e+04
6.725991689741902519e+03
7.168448023615066631e+03
8.761754760242962220e+03
4.653764952517255006e+04
1.706639705156553464e+04
3.561980163103445375e+04
5.030518025889911223e+04
3.117829355233114620e+04
3.020783042682835730e+04
2.603018434987363798e+04
1.461180362264438736e+04
5.159871573765471112e+03
4.473361676694246853e+04
1.722791512116286685e+04
5.378690538481143449e+03
3.057839114997456636e+04
9.857986190735477066e+03
1.870798073233094692e+04
4.407396170522992179e+03
1.770165839210398553e+04
1.480368696242968144e+04
1.773920531475380631e+04
3.459953663747783139e+04
1.928615526062398203e+04
1.599310045257385354e+04
4.636463816005680565e+04
2.069801259105252393e+04
2.952191617184888673e+04
1.912051148493588698e+04
6.073086135882442613e+04
1.575318202237532387e+04
8.629633739532971958e+03
3.526304481069732719e+04
5.644548627878193656e+04
8.207068921583399060e+03
1.743910976942007983e+04
1.880617964303793997e+04
2.862576520905797952e+04
5.288697948825873755e+04
5.082218132740494184e+04
2.870374123241924099e+04
2.161274808215166922e+04
1.353437497016863563e+04
1.035755820836195016e+04
5.483617504542083771e+04
6.859588066205348878e+04
1.859143112825374192e+04
3.535503835228589014e+04
2.525523664802868734e+04
1.973623932907413837e+04
2.046469023764767189e+04
1.487747617999021713e+04
9.289887503603462392e+03
3.427751695747282065e+04
1.693229117640079130e+04
4.254136393801401573e+04
2.257317079963338983e+04
3.895475229326607405e+03
2.701448526586837033e+04
2.288293342659131667e+03
1.327542468936366276e+04
4.645846865135587723e+04
3.008134900105571433e+04
3.470998232266728155e+04
1.020732090259787583e+04
2.160349700801941799e+04
1.071637559558265275e+04
2.024499890158413473e+04
4.426882192410858988e+04
3.424777722464690305e+04
8.398278050424049070e+03
3.635700787748670700e+04
4.437354734258151439e+04
3.603956363075651461e+04
3.039379969235889439e+04
2.068055131352953322e+04
6.337927558894563117e+04
4.786938463110133307e+04
1.153437617913339636e+04
2.988804238609218010e+04
2.616133246272059841e+04
5.170678435045134393e+04
1.064346936465381987e+03
3.137055279556788446e+04
2.031461705092644115e+04
2.503574590629879094e+04
2.877778121337699122e+04
2.459869814266609319e+04
1.817762718725065497e+04
4.785396451223233271e+03
1.607982900354920457e+04
4.182140789362321811e+03
6.607676327645484889e+03
2.649153110556558204e+03
2.860876521463249810e+04
1.545268416866018379e+04
1.470821335848809940e+04
1.469319340612285669e+04
1.165595664335298352e+04
3.447180813547926391e+03
5.027336490220002815e+03
1.622853513708602259e+04
3.895336176684658858e+04
4.813413391296021473e+03
1.251164856389692977e+04
8.399591909801551083e+03
4.642760243582785188e+04
1.226408927806918655e+04
4.276340960722125601e+04
4.116690354825517716e+04
1.343708352478917368e+04
3.684666371211170190e+04
1.381721592165685252e+04
2.051036628770009702e+04
2.374365658145085763e+04
3.602551322189139319e+04
2.144204851684126334e+04
8.132018846970322556e+03
1.524011549922093400e+04
-2.563925350026411252e+03
3.327163542673129996e+03
9.880064115003268626e+02
9.509932558880060242e+03
6.539868638766305594e+03
2.652935686769095264e+04
2.287052151544930530e+04
-3.686162697274298353e+03
1.593135928805721778e+04
1.797266803815580261e+03
-9.609503787050296523e+03
4.453386950749784774e+03
-8.951613783063621668e+03
-1.440686454653073997e+04
-1.689232814616045289e+04
9.440781335019724793e+03
-8.897309766126269096e+03
-9.963352332850137827e+03
-2.166805501939081296e+04
-2.094569252302333553e+04
-2.018177593602571142e+04
-2.535714785353822663e+04
-1.820153245643369883e+04
-1.554041084883297481e+04
-2.638633491978298116e+04
-1.582162625035372002e+04
-2.747493173183161707e+04
-9.187931859411666665e+03
-1.973399234905706544e+04
-1.150766740616384959e+04
-2.388625034013648110e+04
1.524967499727013274e+04
8.799914413564216375e+03
9.746883339456226167e+03
1.177857703399167440e+04
-7.803621918208170428e+03
7.704198018495997530e+04
1.140883166324741796e+04
1.026716469772970777e+04
3.395093241567451969e+03
4.617935306422429858e+04
1.871523342551549649e+04
4.627492053632245370e+04
3.735026171847013029e+04
1.023900955093810080e+04
1.333794779656301671e+03
4.268150000594874655e+03
2.819968222760012213e+04
3.331371500193451357e+04
1.988849128323262994e+04
1.028786199861215937e+04
7.368693945258406166e+04
5.203069100714407978e+04
4.365193054589946405e+04
1.343395544747425083e+04
1.339718823789112867e+04
8.742834299973996167e+03
1.739708715416561608e+04
2.717408365954246256e+04
4.239412885878868110e+04
1.016877787421687754e+04
3.145764911232537997e+04
6.950187251828511944e+04
1.897760785848976229e+04
2.512049499638794441e+04
2.361491929019590316e+04
2.987282521171576809e+04
4.903570105521654477e+04
5.493767267611534044e+04
4.070280679146983312e+04
2.520429054717782128e+04
5.146108910635121720e+04
1.013363018770662165e+04
1.768876367191226382e+04
2.918337500643928433e+04
6.216997424913196483e+03
2.100385069119830951e+04
5.976269595499666138e+03
3.543032920789938362e+04
1.789096376430397140e+04
1.122917714042840817e+04
1.963718928111787682e+04
2.122992449999145902e+04
1.396278848786542039e+04
3.272734695172828651e+04
1.483280496924683212e+04
3.513254285463383712e+04
3.868037600241414475e+04
3.156143557293621780e+04
6.508255410202263010e+04
2.464281781509412394e+04
2.529021130412534694e+04
1.843515520573538015e+04
2.578749756010411511e+04
3.284957361285035586e+04
1.334673693143014498e+04
1.649027043724623218e+04
1.485667494179328969e+04
2.855750856248496711e+04
3.638798448608854233e+04
8.180224401886978740e+03
4.232119463440742402e+04
1.108025506666998081e+04
1.315271773931196731e+04
2.205129746981385324e+03
3.461125832842372620e+04
2.552745232380199741e+04
8.978886977508449490e+03
7.262604242102186618e+03
6.101696447594367055e+04
9.765739117441924463e+03
5.010539216505071818e+04
2.461360940556849528e+04
3.468600591580279433e+04
2.229903749975784012e+04
1.238704047805349182e+04
4.254616498359706384e+03
2.073681264204089530e+04
3.844554046736213786e+04
3.256645960815151921e+04
1.223010571485446235e+04
1.974168978700643856e+04
1.656626354184273077e+04
2.225075405794614198e+04
1.182437260430307651e+04
2.267808867158060821e+04
1.802637749361386159e+04
8.557677957754200179e+03
1.513291674859305567e+04
1.837575639549186599e+04
5.592853254022094916e+04
4.709581965138563828e+04
4.256643989220568619e+04
2.809851757867287961e+04
1.329372165296617459e+04
1.561461873476051187e+04
4.425765189793302852e+04
1.500505051293091674e+04
1.877160769703385813e+04
2.148877900727992164e+04
5.962367083547084621e+04
3.439909891668386263e+04
5.498083119319851539e+04
4.326578383561618102e+04
1.553378030811875215e+04
6.127429092271188892e+03
6.932212374178995560e+03
1.203049226679254571e+04
1.996831889908394442e+04
1.488958231317152240e+04
1.666643606897865538e+04
9.437594463431496479e+03
1.471772779491808069e+04
4.136242557824459072e+04
2.282764768291713699e+04
1.657763268458165112e+04
3.182296515694188565e+04
3.836439227554878744e+04
2.548600852572517033e+04
5.252430102361836180e+04
6.506096832135417935e+04
8.136505689860946404e+03
2.338606124837478274e+04
3.815477063584997268e+03
5.150240438425487355e+01
4.755439298072078600e+03
3.858530960694277019e+04
1.726383347532405969e+04
2.747817090499177721e+04
1.333073137545143982e+04
4.177613324960368482e+04
5.614851912299640389e+03
4.794204998378537857e+04
2.013702728989907700e+04
3.434642711531118402e+04
1.267130221059962241e+04
4.645193308496510872e+04
2.556206165611041797e+04
4.077845571786948858e+04
