1.083216327459089691e+06
1.062002363710677717e+06
1.039498870988936396e+06
1.130699228512085974e+06
9.114058526502673049e+05
8.977404822628411930e+05
1.063626448475727346e+06
8.434564292462137528e+05
1.008389440690124989e+06
8.360698538906545145e+05
9.428700465027801692e+05
1.063702802232162561e+06
1.085079808720299508e+06
9.255485639434007462e+05
8.572380673510223860e+05
1.082278369645064697e+06
8.456037949326992966e+05
1.144069985429431312e+06
1.121041456034517149e+06
8.596974724785069702e+05
9.267402890618727542e+05
9.890210630054225912e+05
1.106527991521467222e+06
1.049936036430113018e+06
1.079632939800393768e+06
1.006066369169367943e+06
1.260633155738594942e+06
1.152062194137883140e+06
1.015954485511378385e+06
1.245900684264366515e+06
1.197081416458558058e+06
1.225903433091016021e+06
1.247301275622523390e+06
1.052949065700367559e+06
1.308403880601065233e+06
1.056130075105987489e+06
1.191081688183833146e+06
1.158756725967024686e+06
1.175543678612676682e+06
1.366200853141153464e+06
6.644919270231080009e+04
6.803723537357269088e+05
1.217660441501766909e+06
-2.809076929551223293e+05
1.033634526048423606e+06
1.337592012113073142e+06
1.177327255212215474e+06
1.127978934904936701e+06
8.547135535156170372e+05
1.203657579458486522e+06
1.127990959749970818e+06
1.212532126979813678e+06
1.303197349840930197e+06
1.368988958173641935e+06
1.327852994195609819e+06
1.168848507397075882e+06
2.387708634538922925e+05
1.208138814981359057e+06
1.149816722795763519e+06
1.335179068459158763e+06
