1.483593750000000000e+04
1.126173632812500000e+04
5.024737792968750000e+03
8.038600585937500000e+03
1.136063281250000000e+04
1.456781542968750000e+04
1.669801562500000000e+04
1.546104492187500000e+04
1.633653613281250000e+04
2.186889453125000000e+04
1.857607812500000000e+04
1.801286718750000000e+04
1.810975000000000000e+04
1.811149414062500000e+04
1.828684375000000000e+04
1.810037890625000000e+04
1.717886718750000000e+04
1.967308203125000000e+04
1.900155078125000000e+04
1.735162304687500000e+04
2.023050781250000000e+04
2.018630273437500000e+04
3.175978906250000000e+04
2.965886718750000000e+04
2.701503710937500000e+04
2.315607031250000000e+04
2.457075976562500000e+04
2.956927148437500000e+04
2.454743164062500000e+04
2.691935156250000000e+04
2.603734375000000000e+04
2.601132812500000000e+04
2.826155468750000000e+04
2.790173437500000000e+04
2.631981054687500000e+04
2.598079296875000000e+04
3.113470117187500000e+04
2.281764843750000000e+04
2.840685156250000000e+04
2.805647851562500000e+04
2.944063671875000000e+04
2.763203320312500000e+04
2.811540820312500000e+04
2.432155468750000000e+04
2.947676757812500000e+04
2.611667578125000000e+04
2.557023242187500000e+04
2.779517578125000000e+04
2.798026562500000000e+04
2.811808593750000000e+04
2.466276562500000000e+04
2.858911132812500000e+04
2.800730078125000000e+04
3.341057421875000000e+04
2.689883984375000000e+04
2.852274414062500000e+04
2.851382031250000000e+04
2.486188867187500000e+04
2.935994531250000000e+04
2.891150000000000000e+04
3.363108203125000000e+04
3.490124218750000000e+04
3.146846093750000000e+04
2.703481250000000000e+04
3.248598437500000000e+04
2.647800000000000000e+04
2.725364648437500000e+04
2.605192773437500000e+04
2.901266210937500000e+04
2.713137109375000000e+04
3.372031250000000000e+04
2.982404687500000000e+04
2.798401562500000000e+04
3.220535156250000000e+04
2.595590234375000000e+04
2.877922656250000000e+04
2.937633398437500000e+04
2.968754882812500000e+04
2.814074804687500000e+04
2.728678320312500000e+04
2.964469531250000000e+04
2.807174609375000000e+04
3.189669335937500000e+04
2.687363085937500000e+04
3.305582812500000000e+04
3.040364648437500000e+04
2.924973437500000000e+04
2.972258984375000000e+04
3.159581250000000000e+04
3.137058789062500000e+04
3.142582226562500000e+04
3.538842968750000000e+04
2.822134765625000000e+04
3.322715625000000000e+04
2.886687890625000000e+04
2.993653906250000000e+04
3.007880078125000000e+04
2.892772656250000000e+04
3.067111132812500000e+04
3.441901953125000000e+04
3.078350781250000000e+04
3.036101562500000000e+04
3.557793750000000000e+04
3.209485937500000000e+04
3.200876171875000000e+04
3.234832617187500000e+04
3.452602343750000000e+04
3.368404296875000000e+04
3.358043359375000000e+04
3.216280468750000000e+04
2.831884765625000000e+04
3.118680468750000000e+04
3.373467968750000000e+04
2.954582421875000000e+04
3.304096875000000000e+04
3.202232421875000000e+04
3.180576562500000000e+04
3.365738671875000000e+04
3.329837500000000000e+04
3.275998828125000000e+04
3.409425390625000000e+04
3.244471875000000000e+04
3.030064062500000000e+04
3.358040625000000000e+04
2.954617187500000000e+04
2.722090625000000000e+04
3.134149804687500000e+04
2.536545312500000000e+04
3.771448437500000000e+04
3.153956835937500000e+04
3.343423437500000000e+04
3.409688671875000000e+04
3.191073046875000000e+04
3.251242968750000000e+04
3.154907617187500000e+04
3.037310937500000000e+04
3.102588867187500000e+04
2.763495898437500000e+04
3.542343750000000000e+04
2.933209375000000000e+04
3.474011328125000000e+04
3.240993750000000000e+04
3.012581250000000000e+04
3.231625000000000000e+04
3.080778906250000000e+04
2.987307421875000000e+04
2.876521679687500000e+04
3.317849218750000000e+04
3.343977343750000000e+04
3.125801562500000000e+04
2.915941015625000000e+04
3.123678320312500000e+04
3.120905468750000000e+04
2.806960546875000000e+04
3.073257421875000000e+04
2.554650195312500000e+04
2.974637109375000000e+04
3.226029492187500000e+04
3.466700390625000000e+04
3.024176953125000000e+04
3.262369531250000000e+04
3.075576953125000000e+04
3.500894921875000000e+04
2.992077734375000000e+04
3.518892187500000000e+04
3.310940625000000000e+04
3.052124804687500000e+04
3.263217382812500000e+04
2.969892773437500000e+04
3.153559570312500000e+04
3.061071484375000000e+04
3.326775390625000000e+04
3.171487890625000000e+04
3.689612500000000000e+04
2.795874414062500000e+04
2.969515039062500000e+04
3.076485937500000000e+04
3.236321484375000000e+04
3.045812304687500000e+04
2.832096093750000000e+04
3.126511328125000000e+04
3.013008203125000000e+04
2.997347460937500000e+04
3.126859375000000000e+04
2.958116406250000000e+04
2.931301562500000000e+04
3.342502343750000000e+04
3.121644140625000000e+04
2.959571093750000000e+04
3.120506250000000000e+04
2.911821484375000000e+04
3.106406445312500000e+04
3.305766406250000000e+04
3.024518164062500000e+04
3.828122656250000000e+04
3.508001171875000000e+04
3.177925390625000000e+04
2.772457031250000000e+04
3.607397656250000000e+04
3.806962890625000000e+04
3.434952734375000000e+04
2.879151171875000000e+04
3.356663281250000000e+04
3.365552343750000000e+04
3.257925195312500000e+04
3.270992187500000000e+04
3.632112890625000000e+04
3.108659375000000000e+04
3.155829492187500000e+04
2.902034570312500000e+04
3.513239062500000000e+04
3.227260156250000000e+04
3.240735937500000000e+04
3.419917578125000000e+04
3.299525781250000000e+04
3.850831250000000000e+04
3.230918359375000000e+04
3.323644140625000000e+04
2.841730859375000000e+04
3.325058593750000000e+04
3.619331640625000000e+04
3.321950000000000000e+04
3.304726953125000000e+04
2.882838281250000000e+04
3.511386328125000000e+04
3.010900390625000000e+04
3.438943750000000000e+04
3.573224609375000000e+04
3.170024609375000000e+04
3.186679296875000000e+04
3.687665234375000000e+04
3.242441601562500000e+04
3.904482812500000000e+04
3.228751953125000000e+04
3.480883593750000000e+04
3.089429296875000000e+04
3.303924218750000000e+04
3.401320703125000000e+04
3.666631640625000000e+04
3.076063281250000000e+04
3.255417968750000000e+04
3.203828710937500000e+04
3.077518359375000000e+04
2.791447070312500000e+04
3.704983593750000000e+04
3.285189062500000000e+04
4.099145312500000000e+04
3.429526953125000000e+04
3.275880078125000000e+04
3.797213671875000000e+04
3.945668359375000000e+04
3.254039453125000000e+04
3.138728710937500000e+04
3.436753906250000000e+04
3.095974609375000000e+04
2.825576171875000000e+04
3.400271484375000000e+04
3.381726562500000000e+04
2.986999609375000000e+04
3.424668750000000000e+04
3.890216015625000000e+04
2.955401757812500000e+04
3.184701171875000000e+04
3.386107812500000000e+04
3.090310742187500000e+04
3.200522265625000000e+04
3.735494921875000000e+04
3.237603515625000000e+04
3.547758593750000000e+04
3.531547265625000000e+04
3.140518750000000000e+04
3.674325000000000000e+04
3.352384375000000000e+04
3.456819531250000000e+04
3.059416406250000000e+04
3.859950781250000000e+04
3.610579687500000000e+04
3.614782812500000000e+04
3.327446093750000000e+04
3.374160156250000000e+04
3.412104687500000000e+04
3.611069140625000000e+04
3.424520703125000000e+04
3.531787500000000000e+04
3.224530078125000000e+04
3.230183789062500000e+04
3.301333593750000000e+04
3.243680468750000000e+04
3.938049609375000000e+04
3.429876953125000000e+04
3.239924414062500000e+04
3.521257031250000000e+04
3.360626562500000000e+04
3.421837890625000000e+04
3.375166015625000000e+04
3.745770312500000000e+04
3.252396875000000000e+04
3.275372070312500000e+04
3.230427734375000000e+04
3.274416796875000000e+04
3.560129687500000000e+04
3.594335937500000000e+04
3.452279296875000000e+04
3.139192187500000000e+04
3.434858984375000000e+04
3.542348437500000000e+04
3.915892187500000000e+04
3.339750781250000000e+04
3.312285156250000000e+04
3.617175781250000000e+04
3.705066015625000000e+04
3.218452148437500000e+04
3.193586914062500000e+04
4.321272265625000000e+04
3.953537890625000000e+04
3.652534375000000000e+04
3.455952343750000000e+04
3.295284765625000000e+04
3.690386718750000000e+04
3.709020703125000000e+04
3.447622265625000000e+04
3.333346875000000000e+04
3.434188281250000000e+04
3.568078515625000000e+04
3.590465625000000000e+04
3.389033593750000000e+04
3.327455859375000000e+04
3.756103906250000000e+04
2.855278320312500000e+04
3.352660937500000000e+04
3.525028125000000000e+04
3.595998828125000000e+04
2.993352343750000000e+04
3.473903125000000000e+04
3.838796093750000000e+04
3.550134765625000000e+04
3.331758203125000000e+04
3.655187500000000000e+04
3.701542187500000000e+04
3.331089062500000000e+04
3.398342968750000000e+04
3.645717968750000000e+04
3.504365625000000000e+04
3.337221484375000000e+04
3.623737109375000000e+04
3.525899218750000000e+04
3.353537109375000000e+04
3.169121289062500000e+04
3.507066015625000000e+04
3.798214062500000000e+04
3.745522656250000000e+04
3.289983984375000000e+04
2.846501953125000000e+04
3.474885156250000000e+04
4.015567187500000000e+04
3.298282812500000000e+04
3.618609765625000000e+04
3.621763671875000000e+04
3.249963281250000000e+04
3.026247265625000000e+04
3.928072656250000000e+04
3.679549218750000000e+04
3.101273828125000000e+04
4.099604296875000000e+04
3.394575000000000000e+04
3.237496484375000000e+04
3.268336718750000000e+04
3.366000000000000000e+04
3.195544140625000000e+04
3.611702343750000000e+04
3.697668750000000000e+04
3.647691015625000000e+04
3.581543359375000000e+04
3.667922656250000000e+04
3.750483593750000000e+04
3.486032031250000000e+04
3.396697265625000000e+04
3.894471093750000000e+04
3.496816796875000000e+04
3.462105468750000000e+04
3.547731250000000000e+04
3.054684375000000000e+04
3.535800781250000000e+04
3.271639648437500000e+04
3.450141796875000000e+04
3.546984375000000000e+04
3.180342187500000000e+04
3.974334765625000000e+04
4.226408593750000000e+04
3.245316406250000000e+04
3.678300000000000000e+04
2.901424609375000000e+04
3.448515625000000000e+04
3.737214062500000000e+04
3.268653710937500000e+04
3.633561718750000000e+04
3.973132031250000000e+04
3.523490625000000000e+04
3.302769921875000000e+04
3.766034765625000000e+04
3.677871093750000000e+04
3.558390625000000000e+04
4.224385156250000000e+04
4.056978515625000000e+04
3.118347265625000000e+04
3.555260156250000000e+04
3.435495703125000000e+04
3.307183593750000000e+04
3.056386914062500000e+04
3.866498046875000000e+04
3.161980859375000000e+04
3.637889062500000000e+04
4.198031250000000000e+04
3.271594335937500000e+04
3.631096875000000000e+04
3.792307421875000000e+04
3.496775000000000000e+04
3.484125781250000000e+04
3.296706640625000000e+04
3.293028125000000000e+04
2.805740625000000000e+04
3.788013281250000000e+04
4.062238281250000000e+04
3.657843750000000000e+04
3.453498828125000000e+04
3.588473046875000000e+04
3.023399023437500000e+04
3.857604687500000000e+04
4.189823437500000000e+04
3.768788281250000000e+04
3.234114453125000000e+04
4.112630468750000000e+04
3.382268359375000000e+04
3.609754687500000000e+04
3.619523828125000000e+04
3.210453515625000000e+04
3.258603515625000000e+04
3.441650000000000000e+04
3.572322656250000000e+04
4.165978906250000000e+04
3.369323437500000000e+04
3.369560937500000000e+04
3.709117187500000000e+04
3.449980078125000000e+04
3.222415429687500000e+04
3.595078125000000000e+04
3.605068359375000000e+04
3.708492187500000000e+04
3.610007421875000000e+04
3.365312109375000000e+04
3.462175390625000000e+04
3.536812890625000000e+04
3.637911328125000000e+04
3.279896875000000000e+04
3.685027343750000000e+04
3.610742968750000000e+04
3.820935156250000000e+04
3.440593750000000000e+04
3.449117968750000000e+04
3.182508007812500000e+04
3.543256250000000000e+04
3.450118750000000000e+04
3.305719531250000000e+04
3.907430078125000000e+04
4.074094140625000000e+04
3.731553906250000000e+04
4.292523437500000000e+04
3.743926562500000000e+04
3.454652734375000000e+04
3.263190625000000000e+04
3.445212500000000000e+04
3.557117968750000000e+04
4.145267187500000000e+04
3.570021093750000000e+04
3.254315429687500000e+04
3.750399218750000000e+04
3.341941406250000000e+04
3.781893359375000000e+04
3.569825000000000000e+04
3.343534375000000000e+04
3.149568554687500000e+04
3.663367578125000000e+04
4.151255859375000000e+04
3.528383593750000000e+04
3.646439843750000000e+04
3.500936718750000000e+04
3.213715039062500000e+04
3.767003125000000000e+04
3.559456250000000000e+04
3.577154296875000000e+04
3.587611718750000000e+04
3.664727734375000000e+04
3.632464062500000000e+04
3.576157421875000000e+04
3.527564062500000000e+04
3.317969921875000000e+04
3.643146484375000000e+04
3.767244140625000000e+04
4.079085156250000000e+04
3.830105859375000000e+04
3.373973437500000000e+04
3.558210546875000000e+04
3.168547851562500000e+04
3.030185156250000000e+04
3.339194531250000000e+04
3.593676562500000000e+04
3.721218359375000000e+04
3.595467968750000000e+04
3.787097656250000000e+04
3.559606250000000000e+04
4.035644531250000000e+04
3.571230468750000000e+04
3.393387890625000000e+04
3.207431250000000000e+04
3.838729296875000000e+04
3.835965625000000000e+04
3.565325781250000000e+04
3.633094531250000000e+04
3.687431640625000000e+04
3.662150781250000000e+04
3.703552343750000000e+04
3.044631445312500000e+04
3.496947656250000000e+04
3.137187109375000000e+04
3.989366796875000000e+04
3.374582421875000000e+04
3.143893164062500000e+04
3.563964453125000000e+04
3.437856640625000000e+04
3.405239453125000000e+04
3.804632031250000000e+04
4.278176171875000000e+04
3.687426171875000000e+04
3.844188671875000000e+04
3.183900390625000000e+04
4.038534375000000000e+04
3.648438671875000000e+04
3.998213281250000000e+04
3.371527343750000000e+04
3.415443750000000000e+04
3.805206250000000000e+04
3.684057812500000000e+04
3.485211328125000000e+04
3.465167578125000000e+04
3.745508593750000000e+04
3.652212500000000000e+04
3.429935937500000000e+04
3.399289843750000000e+04
3.670132812500000000e+04
4.089939062500000000e+04
3.414743750000000000e+04
3.839385156250000000e+04
3.710179687500000000e+04
4.001935156250000000e+04
3.622283984375000000e+04
3.585290625000000000e+04
3.524775781250000000e+04
3.708447656250000000e+04
3.722243359375000000e+04
3.655722656250000000e+04
3.250059765625000000e+04
3.251292968750000000e+04
3.179020898437500000e+04
3.294779296875000000e+04
3.524259375000000000e+04
4.328291406250000000e+04
3.651408203125000000e+04
3.640282031250000000e+04
3.671021875000000000e+04
3.954294140625000000e+04
3.472536718750000000e+04
3.999809765625000000e+04
3.321453906250000000e+04
3.859785156250000000e+04
3.521369921875000000e+04
3.664492968750000000e+04
3.448114062500000000e+04
4.139017187500000000e+04
3.983142187500000000e+04
3.137512500000000000e+04
3.344987109375000000e+04
3.562121093750000000e+04
3.622630468750000000e+04
4.026617968750000000e+04
3.500642578125000000e+04
3.518897656250000000e+04
4.222925781250000000e+04
3.469317187500000000e+04
3.811957421875000000e+04
3.973864843750000000e+04
3.407594140625000000e+04
3.647127343750000000e+04
3.719650000000000000e+04
3.485502343750000000e+04
3.942476171875000000e+04
3.698481640625000000e+04
3.881153906250000000e+04
3.589648437500000000e+04
3.510665625000000000e+04
3.990222656250000000e+04
3.430725781250000000e+04
3.465107812500000000e+04
4.016125781250000000e+04
3.984039062500000000e+04
3.743991015625000000e+04
4.042781640625000000e+04
3.680159375000000000e+04
3.325935156250000000e+04
3.904645312500000000e+04
3.690305078125000000e+04
4.046994531250000000e+04
3.539475000000000000e+04
3.565063281250000000e+04
3.468442968750000000e+04
4.060082812500000000e+04
3.891602343750000000e+04
3.576287500000000000e+04
3.863602343750000000e+04
3.436514062500000000e+04
3.711811718750000000e+04
3.951736718750000000e+04
3.653365234375000000e+04
4.304039843750000000e+04
3.191123046875000000e+04
3.652272656250000000e+04
3.838294140625000000e+04
3.760275781250000000e+04
3.527161718750000000e+04
3.724056250000000000e+04
3.679794921875000000e+04
3.591083593750000000e+04
4.002874609375000000e+04
3.417955078125000000e+04
3.492062500000000000e+04
3.175124609375000000e+04
3.986203125000000000e+04
3.715723437500000000e+04
3.368696484375000000e+04
3.623471484375000000e+04
3.734422656250000000e+04
4.103751562500000000e+04
3.028717187500000000e+04
3.710540234375000000e+04
3.376537500000000000e+04
3.685739843750000000e+04
3.931191406250000000e+04
3.645865234375000000e+04
3.234436328125000000e+04
3.926189062500000000e+04
3.695649218750000000e+04
3.455944531250000000e+04
4.032755859375000000e+04
3.425911328125000000e+04
3.833730859375000000e+04
3.460762109375000000e+04
3.656833203125000000e+04
3.497919531250000000e+04
3.398114062500000000e+04
3.949610546875000000e+04
3.504730859375000000e+04
3.929014062500000000e+04
3.538340234375000000e+04
3.919842968750000000e+04
3.423465625000000000e+04
3.327535156250000000e+04
3.714547265625000000e+04
3.660834375000000000e+04
3.699142187500000000e+04
3.634866796875000000e+04
4.016791406250000000e+04
3.666190625000000000e+04
3.720565234375000000e+04
3.712312109375000000e+04
3.284607812500000000e+04
3.676870703125000000e+04
3.445561328125000000e+04
3.334048437500000000e+04
4.031168359375000000e+04
3.573855859375000000e+04
3.644501171875000000e+04
3.762878906250000000e+04
3.841574218750000000e+04
3.993888281250000000e+04
3.458496093750000000e+04
3.925130078125000000e+04
3.777810156250000000e+04
4.097202734375000000e+04
3.254585546875000000e+04
3.635577734375000000e+04
3.730579687500000000e+04
3.746735937500000000e+04
3.809633593750000000e+04
3.239984960937500000e+04
3.697007421875000000e+04
3.836632812500000000e+04
4.000278125000000000e+04
3.962612890625000000e+04
4.093988281250000000e+04
3.635837109375000000e+04
3.378613281250000000e+04
3.569907031250000000e+04
3.446262890625000000e+04
3.378303125000000000e+04
3.619767968750000000e+04
3.601848046875000000e+04
3.672079687500000000e+04
3.819385156250000000e+04
3.243229687500000000e+04
3.808992578125000000e+04
3.590145312500000000e+04
3.518978125000000000e+04
3.804605078125000000e+04
3.550179687500000000e+04
3.757283984375000000e+04
3.651495312500000000e+04
3.037640625000000000e+04
3.761701171875000000e+04
3.024677734375000000e+04
3.940842578125000000e+04
3.778149218750000000e+04
3.636773437500000000e+04
3.261609765625000000e+04
3.759978515625000000e+04
4.043362890625000000e+04
4.090968359375000000e+04
3.505955078125000000e+04
3.384898828125000000e+04
3.872011718750000000e+04
3.716500781250000000e+04
3.313851562500000000e+04
3.509602343750000000e+04
3.946393359375000000e+04
3.537842968750000000e+04
3.789757812500000000e+04
3.744157421875000000e+04
4.205062500000000000e+04
3.673433984375000000e+04
3.983021484375000000e+04
3.905878906250000000e+04
3.701730859375000000e+04
4.029933984375000000e+04
3.198527539062500000e+04
4.229268359375000000e+04
3.642547656250000000e+04
3.905557031250000000e+04
3.592998437500000000e+04
3.405093359375000000e+04
3.443287500000000000e+04
3.687451171875000000e+04
4.077178906250000000e+04
3.585927734375000000e+04
3.338796093750000000e+04
3.642067187500000000e+04
3.127532617187500000e+04
3.803435156250000000e+04
3.416075781250000000e+04
4.027954296875000000e+04
3.590382031250000000e+04
3.471578125000000000e+04
3.226443554687500000e+04
3.966943750000000000e+04
3.726891406250000000e+04
3.966581250000000000e+04
3.484983593750000000e+04
3.788326953125000000e+04
3.921589062500000000e+04
3.516467968750000000e+04
3.634863281250000000e+04
4.068464843750000000e+04
3.668055468750000000e+04
3.170915039062500000e+04
3.385670703125000000e+04
3.164812890625000000e+04
3.742923437500000000e+04
3.627398828125000000e+04
3.601796875000000000e+04
3.713714453125000000e+04
3.365320312500000000e+04
3.575875781250000000e+04
3.842782421875000000e+04
3.653603906250000000e+04
3.413374218750000000e+04
4.361125390625000000e+04
3.758439843750000000e+04
3.372739843750000000e+04
3.486590625000000000e+04
3.683719531250000000e+04
3.772331250000000000e+04
3.710955078125000000e+04
3.441898437500000000e+04
3.575544921875000000e+04
3.307349218750000000e+04
3.416035937500000000e+04
3.182101562500000000e+04
3.631101562500000000e+04
3.342014843750000000e+04
3.735842187500000000e+04
3.372440234375000000e+04
3.742292578125000000e+04
3.419258203125000000e+04
3.592001562500000000e+04
3.919332421875000000e+04
3.634562890625000000e+04
3.682148828125000000e+04
3.826937109375000000e+04
3.310607031250000000e+04
3.660315625000000000e+04
3.284429687500000000e+04
3.919533984375000000e+04
3.307822265625000000e+04
3.748303515625000000e+04
3.550787890625000000e+04
3.551942968750000000e+04
3.349883984375000000e+04
3.565446875000000000e+04
3.501370703125000000e+04
3.328999609375000000e+04
4.231021093750000000e+04
3.599141406250000000e+04
3.417904687500000000e+04
3.668016406250000000e+04
3.550589843750000000e+04
3.198830078125000000e+04
3.765926953125000000e+04
3.993062109375000000e+04
3.803087109375000000e+04
4.202110156250000000e+04
3.530752343750000000e+04
3.438829687500000000e+04
3.891542968750000000e+04
3.870015625000000000e+04
3.688099609375000000e+04
3.748343750000000000e+04
3.610562500000000000e+04
3.491882421875000000e+04
3.895610937500000000e+04
3.870134765625000000e+04
3.907584765625000000e+04
3.519792187500000000e+04
3.254105468750000000e+04
3.569035937500000000e+04
3.534281250000000000e+04
3.891183984375000000e+04
3.981701953125000000e+04
3.711789843750000000e+04
3.736599609375000000e+04
3.561523437500000000e+04
3.930234765625000000e+04
4.461547656250000000e+04
3.867504687500000000e+04
3.905792968750000000e+04
3.503436718750000000e+04
3.548626171875000000e+04
3.760923437500000000e+04
3.558707031250000000e+04
3.468046875000000000e+04
3.803669531250000000e+04
3.712573828125000000e+04
3.449896093750000000e+04
3.768033203125000000e+04
3.572106640625000000e+04
3.814871875000000000e+04
3.775259375000000000e+04
3.625136718750000000e+04
3.944533203125000000e+04
3.345424609375000000e+04
3.555873437500000000e+04
3.827323828125000000e+04
3.500954687500000000e+04
4.180180078125000000e+04
3.703862109375000000e+04
3.380813281250000000e+04
3.656523046875000000e+04
4.203433984375000000e+04
3.654872265625000000e+04
3.570213281250000000e+04
3.538191796875000000e+04
3.574894531250000000e+04
3.595060546875000000e+04
3.709198437500000000e+04
3.801146875000000000e+04
3.601885156250000000e+04
3.932699609375000000e+04
3.872515234375000000e+04
4.134957031250000000e+04
3.720572656250000000e+04
3.946661718750000000e+04
4.058748437500000000e+04
4.084314453125000000e+04
3.638496484375000000e+04
3.955605468750000000e+04
3.908144921875000000e+04
3.701921875000000000e+04
3.929320703125000000e+04
3.964182812500000000e+04
4.246619921875000000e+04
3.739162109375000000e+04
3.911089453125000000e+04
3.766525390625000000e+04
3.803719531250000000e+04
4.021503906250000000e+04
3.767494921875000000e+04
3.512859765625000000e+04
3.708845312500000000e+04
4.284858984375000000e+04
4.193446484375000000e+04
4.407256250000000000e+04
3.824147265625000000e+04
3.822263281250000000e+04
4.488985546875000000e+04
4.106705859375000000e+04
4.321528906250000000e+04
3.835291796875000000e+04
3.484825781250000000e+04
3.761407031250000000e+04
4.254412500000000000e+04
3.792409765625000000e+04
3.778469921875000000e+04
4.034632812500000000e+04
3.836285156250000000e+04
3.982791015625000000e+04
4.128174609375000000e+04
4.077992968750000000e+04
4.275930468750000000e+04
3.392135937500000000e+04
3.829550390625000000e+04
3.982466406250000000e+04
3.593895703125000000e+04
3.917751953125000000e+04
3.671074218750000000e+04
3.695735937500000000e+04
4.298013281250000000e+04
4.248807031250000000e+04
3.439288281250000000e+04
3.834669531250000000e+04
3.967109375000000000e+04
4.062930468750000000e+04
3.703714062500000000e+04
3.796325781250000000e+04
4.033176562500000000e+04
4.103151562500000000e+04
3.700797656250000000e+04
3.830827734375000000e+04
3.809599609375000000e+04
4.570469140625000000e+04
3.738967187500000000e+04
4.317335156250000000e+04
3.717064843750000000e+04
3.875725390625000000e+04
4.238314453125000000e+04
3.922432031250000000e+04
4.208391015625000000e+04
4.125178125000000000e+04
4.468862500000000000e+04
3.792354687500000000e+04
3.705093750000000000e+04
3.944872265625000000e+04
4.408132812500000000e+04
4.429903125000000000e+04
4.413046093750000000e+04
4.005566406250000000e+04
4.088717187500000000e+04
4.248233203125000000e+04
3.556939843750000000e+04
4.019089843750000000e+04
3.960794140625000000e+04
3.905844140625000000e+04
3.943973437500000000e+04
4.011417968750000000e+04
4.059964843750000000e+04
3.779441796875000000e+04
3.545076171875000000e+04
3.620932031250000000e+04
3.817953906250000000e+04
4.011901562500000000e+04
3.970023437500000000e+04
4.316515625000000000e+04
4.589474609375000000e+04
4.061699218750000000e+04
4.327296093750000000e+04
4.672635937500000000e+04
3.676028125000000000e+04
4.041881250000000000e+04
4.104636718750000000e+04
3.908073046875000000e+04
3.392835156250000000e+04
4.535644140625000000e+04
3.970898437500000000e+04
3.932365625000000000e+04
3.641456250000000000e+04
3.992482031250000000e+04
4.263294531250000000e+04
3.720688281250000000e+04
4.246039453125000000e+04
4.882811328125000000e+04
4.189983984375000000e+04
4.362806250000000000e+04
3.747717187500000000e+04
4.383780078125000000e+04
4.054799218750000000e+04
3.890886328125000000e+04
4.219215625000000000e+04
4.395161718750000000e+04
3.815198046875000000e+04
4.198607031250000000e+04
4.523908984375000000e+04
3.991912109375000000e+04
4.038430468750000000e+04
3.862316015625000000e+04
3.937485156250000000e+04
3.902335937500000000e+04
3.987982812500000000e+04
4.036830078125000000e+04
3.789355078125000000e+04
3.635359375000000000e+04
3.970121093750000000e+04
3.937548437500000000e+04
3.705350000000000000e+04
4.292818359375000000e+04
3.904760546875000000e+04
4.212768750000000000e+04
3.493689062500000000e+04
3.728266796875000000e+04
3.730936328125000000e+04
4.070359375000000000e+04
4.179331250000000000e+04
3.698175781250000000e+04
3.698471875000000000e+04
3.701861718750000000e+04
3.755280468750000000e+04
3.734428125000000000e+04
4.267057812500000000e+04
4.009759375000000000e+04
3.900974609375000000e+04
4.464973046875000000e+04
3.610181250000000000e+04
3.729177734375000000e+04
4.007453906250000000e+04
3.792946875000000000e+04
3.930484375000000000e+04
3.474774609375000000e+04
3.986169921875000000e+04
4.034199609375000000e+04
3.850097265625000000e+04
4.179658984375000000e+04
3.324146093750000000e+04
3.882841796875000000e+04
4.026780859375000000e+04
3.692941796875000000e+04
4.022339843750000000e+04
3.525460546875000000e+04
4.424538671875000000e+04
3.992632031250000000e+04
4.184352343750000000e+04
4.156514062500000000e+04
4.180820703125000000e+04
3.868073437500000000e+04
3.833582812500000000e+04
4.667036718750000000e+04
3.978503515625000000e+04
4.208747656250000000e+04
3.807227734375000000e+04
3.845603906250000000e+04
4.102324218750000000e+04
4.028765234375000000e+04
3.643441015625000000e+04
3.371117968750000000e+04
3.652425000000000000e+04
4.068683593750000000e+04
3.652162500000000000e+04
3.899978906250000000e+04
4.234021484375000000e+04
4.160471875000000000e+04
3.963861718750000000e+04
4.450296875000000000e+04
4.314492578125000000e+04
4.529103125000000000e+04
3.963618359375000000e+04
4.242082421875000000e+04
4.932121093750000000e+04
5.106890625000000000e+04
4.724954687500000000e+04
5.024609765625000000e+04
4.982778125000000000e+04
4.605285937500000000e+04
4.683128125000000000e+04
5.124501562500000000e+04
5.429938281250000000e+04
5.387046875000000000e+04
5.148348437500000000e+04
5.352209765625000000e+04
5.261542968750000000e+04
5.395090234375000000e+04
4.923405468750000000e+04
5.359669531250000000e+04
5.358770312500000000e+04
5.791432031250000000e+04
6.571734375000000000e+04
5.790615625000000000e+04
6.386041015625000000e+04
6.123743750000000000e+04
6.172966015625000000e+04
5.980796875000000000e+04
5.949532031250000000e+04
6.043387500000000000e+04
6.228367578125000000e+04
6.536755859375000000e+04
6.496638671875000000e+04
6.401731250000000000e+04
5.717285156250000000e+04
6.183592187500000000e+04
6.576432812500000000e+04
6.663112500000000000e+04
6.021690234375000000e+04
6.755557812500000000e+04
6.549345312500000000e+04
6.593434375000000000e+04
6.712553125000000000e+04
6.820856250000000000e+04
6.791743750000000000e+04
6.829453125000000000e+04
7.371160937500000000e+04
7.079647656250000000e+04
7.521046875000000000e+04
7.020889062500000000e+04
7.728609375000000000e+04
7.725125781250000000e+04
7.579959375000000000e+04
7.633088281250000000e+04
7.983279687500000000e+04
7.384709375000000000e+04
7.998678125000000000e+04
8.159476562500000000e+04
7.377604687500000000e+04
7.395037500000000000e+04
7.597001562500000000e+04
6.957283593750000000e+04
8.133857031250000000e+04
7.684626562500000000e+04
7.546168750000000000e+04
7.607682031250000000e+04
7.587346875000000000e+04
7.944918750000000000e+04
7.570246875000000000e+04
7.701826562500000000e+04
7.998857812500000000e+04
7.559017968750000000e+04
8.079793750000000000e+04
7.316173437500000000e+04
7.911171093750000000e+04
7.580589062500000000e+04
7.551076562500000000e+04
7.328468750000000000e+04
7.524407812500000000e+04
7.520615625000000000e+04
7.632801562500000000e+04
6.879853906250000000e+04
7.312772656250000000e+04
6.991973437500000000e+04
6.443303906250000000e+04
6.958482812500000000e+04
6.456850000000000000e+04
6.817414062500000000e+04
6.593275000000000000e+04
6.701005468750000000e+04
6.691046093750000000e+04
6.727963281250000000e+04
6.429745703125000000e+04
6.634869531250000000e+04
6.146428515625000000e+04
6.230517187500000000e+04
6.331206640625000000e+04
6.151991406250000000e+04
5.823147265625000000e+04
6.669306250000000000e+04
6.839496875000000000e+04
6.308607421875000000e+04
6.208722265625000000e+04
5.467655078125000000e+04
6.696067968750000000e+04
6.701848437500000000e+04
6.466575390625000000e+04
6.636014843750000000e+04
6.488851171875000000e+04
6.132978125000000000e+04
7.035896875000000000e+04
7.150160937500000000e+04
6.504674218750000000e+04
7.362820312500000000e+04
6.940829687500000000e+04
7.402747656250000000e+04
7.184126562500000000e+04
6.859065625000000000e+04
6.923465625000000000e+04
7.675235156250000000e+04
7.314803125000000000e+04
8.082554687500000000e+04
8.203934375000000000e+04
8.582671875000000000e+04
8.145550781250000000e+04
8.824599218750000000e+04
8.954372656250000000e+04
9.043885937500000000e+04
8.879888281250000000e+04
9.094429687500000000e+04
8.983453906250000000e+04
9.376745312500000000e+04
1.000933359375000000e+05
9.990884375000000000e+04
1.056316406250000000e+05
1.127688828125000000e+05
1.137922500000000000e+05
1.058317578125000000e+05
1.099207187500000000e+05
1.206086562500000000e+05
1.236658828125000000e+05
1.249748828125000000e+05
1.333227500000000000e+05
1.422593125000000000e+05
1.516857343750000000e+05
1.396754218750000000e+05
1.587644375000000000e+05
1.571054687500000000e+05
1.554064062500000000e+05
1.618031406250000000e+05
1.774896406250000000e+05
1.801680468750000000e+05
1.921824375000000000e+05
1.862724687500000000e+05
1.867065000000000000e+05
2.088518125000000000e+05
1.940252031250000000e+05
2.246445937500000000e+05
2.172958906250000000e+05
2.415731875000000000e+05
2.470425781250000000e+05
2.496834375000000000e+05
2.424771875000000000e+05
2.277634375000000000e+05
2.252627343750000000e+05
2.257371718750000000e+05
2.371611875000000000e+05
2.190302656250000000e+05
2.130422500000000000e+05
2.180080312500000000e+05
1.992708125000000000e+05
2.240385000000000000e+05
1.928240937500000000e+05
2.040695937500000000e+05
1.935764687500000000e+05
1.971565156250000000e+05
2.313728437500000000e+05
1.953356406250000000e+05
1.908330937500000000e+05
1.995066562500000000e+05
2.177508750000000000e+05
2.031086250000000000e+05
2.219973125000000000e+05
2.160292500000000000e+05
1.813952968750000000e+05
2.025237500000000000e+05
2.009014218750000000e+05
2.246505000000000000e+05
2.030858437500000000e+05
2.279461875000000000e+05
2.196607500000000000e+05
2.337870000000000000e+05
2.225452031250000000e+05
2.294412968750000000e+05
2.209637343750000000e+05
2.290905468750000000e+05
2.341502343750000000e+05
2.095710937500000000e+05
2.161649687500000000e+05
2.451167187500000000e+05
2.518171562500000000e+05
2.553437656250000000e+05
2.523118437500000000e+05
2.183689531250000000e+05
2.461832500000000000e+05
2.257110625000000000e+05
2.504948750000000000e+05
2.394157343750000000e+05
2.330182500000000000e+05
2.657442500000000000e+05
2.412147031250000000e+05
2.403363437500000000e+05
2.203340781250000000e+05
2.513209531250000000e+05
2.605658906250000000e+05
2.862460937500000000e+05
2.727125312500000000e+05
2.926491875000000000e+05
2.614843593750000000e+05
2.634063437500000000e+05
2.627761875000000000e+05
3.040669062500000000e+05
2.982023750000000000e+05
2.990302812500000000e+05
3.141155000000000000e+05
3.070102500000000000e+05
3.472600625000000000e+05
3.463124375000000000e+05
3.701510312500000000e+05
3.340307500000000000e+05
3.610303125000000000e+05
3.105435625000000000e+05
3.763134687500000000e+05
3.639020937500000000e+05
3.733506250000000000e+05
4.008434375000000000e+05
4.110676875000000000e+05
4.115696250000000000e+05
4.243874375000000000e+05
4.169119062500000000e+05
4.735532812500000000e+05
4.504008125000000000e+05
4.509876875000000000e+05
5.569853750000000000e+05
4.793878437500000000e+05
4.690908125000000000e+05
4.673092500000000000e+05
5.055127812500000000e+05
4.718273125000000000e+05
5.118520000000000000e+05
5.060847500000000000e+05
5.127326562500000000e+05
5.472800000000000000e+05
5.260555000000000000e+05
5.362595000000000000e+05
5.903854375000000000e+05
5.981175625000000000e+05
5.891120000000000000e+05
6.190816250000000000e+05
6.059428750000000000e+05
6.064472500000000000e+05
6.301117500000000000e+05
6.454131250000000000e+05
6.879816875000000000e+05
6.361248750000000000e+05
5.963011250000000000e+05
5.878701875000000000e+05
6.666635000000000000e+05
6.929153750000000000e+05
6.955295625000000000e+05
6.649515000000000000e+05
7.236933125000000000e+05
6.428557500000000000e+05
7.383505000000000000e+05
7.226441250000000000e+05
6.722246875000000000e+05
7.532710000000000000e+05
7.122301250000000000e+05
6.055080000000000000e+05
7.553195625000000000e+05
7.442186250000000000e+05
6.958265000000000000e+05
7.485884375000000000e+05
6.815398750000000000e+05
7.338147500000000000e+05
7.349010000000000000e+05
7.206453750000000000e+05
7.796802500000000000e+05
7.471303125000000000e+05
7.682135625000000000e+05
7.544764375000000000e+05
6.776873750000000000e+05
7.169943750000000000e+05
7.317798125000000000e+05
8.375083750000000000e+05
8.155494375000000000e+05
7.823847500000000000e+05
7.710975625000000000e+05
7.755412500000000000e+05
7.610172500000000000e+05
7.362246250000000000e+05
7.953950000000000000e+05
8.055604375000000000e+05
7.238781250000000000e+05
6.978577500000000000e+05
6.394565625000000000e+05
6.724313125000000000e+05
5.741068750000000000e+05
5.753651250000000000e+05
5.926284375000000000e+05
6.156701250000000000e+05
5.333101250000000000e+05
6.206445625000000000e+05
6.040920000000000000e+05
5.409650000000000000e+05
5.806211875000000000e+05
4.868843437500000000e+05
5.422855000000000000e+05
5.224610625000000000e+05
5.386650625000000000e+05
4.842257500000000000e+05
5.850088750000000000e+05
5.066015000000000000e+05
5.567986250000000000e+05
4.074155625000000000e+05
4.694059687500000000e+05
4.712386562500000000e+05
4.622802500000000000e+05
4.238646250000000000e+05
4.709109375000000000e+05
4.380448125000000000e+05
4.613667500000000000e+05
4.059805937500000000e+05
4.645689375000000000e+05
4.162279375000000000e+05
4.713437187500000000e+05
4.402337812500000000e+05
4.179259062500000000e+05
4.349314375000000000e+05
4.373433437500000000e+05
4.625886875000000000e+05
4.395786250000000000e+05
4.224317812500000000e+05
3.862415000000000000e+05
4.476409687500000000e+05
4.191331562500000000e+05
4.766218437500000000e+05
4.290797812500000000e+05
3.875725000000000000e+05
4.270058750000000000e+05
3.809205000000000000e+05
4.126677187500000000e+05
4.471192812500000000e+05
4.262019375000000000e+05
3.705795000000000000e+05
4.497925937500000000e+05
4.531654375000000000e+05
4.236951562500000000e+05
4.216683750000000000e+05
4.468161875000000000e+05
4.301738750000000000e+05
4.290545000000000000e+05
4.368650000000000000e+05
4.477026562500000000e+05
4.264945312500000000e+05
4.697987187500000000e+05
5.127690625000000000e+05
4.603129375000000000e+05
4.690565625000000000e+05
4.967983750000000000e+05
4.607101875000000000e+05
4.514888125000000000e+05
4.998936250000000000e+05
4.812408437500000000e+05
4.228247500000000000e+05
4.588884687500000000e+05
5.048388125000000000e+05
4.675462500000000000e+05
4.616066250000000000e+05
4.995435625000000000e+05
5.282332500000000000e+05
4.282996875000000000e+05
5.734646250000000000e+05
4.846648125000000000e+05
5.041608750000000000e+05
5.611325000000000000e+05
5.480597500000000000e+05
5.201786562500000000e+05
4.404363437500000000e+05
5.571062500000000000e+05
4.683608125000000000e+05
5.948831250000000000e+05
5.731336250000000000e+05
5.759741875000000000e+05
5.662228125000000000e+05
5.454736250000000000e+05
5.398062500000000000e+05
6.285741250000000000e+05
5.898901250000000000e+05
6.247241250000000000e+05
6.001278125000000000e+05
6.572270625000000000e+05
5.806396250000000000e+05
7.093601875000000000e+05
6.960167500000000000e+05
7.448005625000000000e+05
7.216131250000000000e+05
6.776425000000000000e+05
6.473113750000000000e+05
7.062343750000000000e+05
6.692657500000000000e+05
6.899623750000000000e+05
7.116755000000000000e+05
6.638086875000000000e+05
6.534912500000000000e+05
6.883257500000000000e+05
7.293850000000000000e+05
7.226591875000000000e+05
7.268670000000000000e+05
6.961285000000000000e+05
7.749059375000000000e+05
7.503450000000000000e+05
7.705615625000000000e+05
6.907311875000000000e+05
7.676459375000000000e+05
