-1.347100775599621920e+04
-1.391858679737747298e+04
-1.608434021494202352e+04
-2.067417893695349630e+04
-3.428234361972256738e+04
-4.765447068737774680e+04
-5.767819424822811561e+04
-7.160159719991935708e+04
-8.465104068142411415e+04
-1.001354453587261087e+05
-1.133022719618874835e+05
-1.300861035025631718e+05
-1.511561969459680258e+05
-1.744030856434964517e+05
-1.970931758778751828e+05
-2.232121225107972568e+05
-2.512126060354771034e+05
-2.712541404520101496e+05
-2.596594609114184859e+05
-2.508891987573854276e+05
-2.599546620430377370e+05
-2.652269011739353300e+05
-2.338327090042286436e+05
-2.164741237098177953e+05
-1.954503488543114217e+05
-1.708069309829870763e+05
-1.395907206408964412e+05
