1.182845898437500000e+04
1.840791015625000000e+04
1.972827734375000000e+04
2.120970117187500000e+04
2.367072460937500000e+04
2.805032812500000000e+04
3.266760351562500000e+04
3.752566406250000000e+04
4.333585546875000000e+04
4.922838281250000000e+04
5.417697656250000000e+04
6.142985156250000000e+04
6.843842968750000000e+04
7.593714843750000000e+04
8.371928906250000000e+04
9.066367187500000000e+04
9.994087500000000000e+04
1.079475234375000000e+05
1.175608281250000000e+05
1.276071640625000000e+05
1.350416093750000000e+05
1.402957968750000000e+05
1.417318593750000000e+05
1.519565937500000000e+05
1.549328125000000000e+05
1.579671562500000000e+05
1.498486093750000000e+05
