2.422548546173076465e+04
2.424163360655266297e+04
2.222547482344904347e+04
2.151898954516751110e+04
2.427274635422667052e+04
2.464823858322719389e+04
3.261737097771503613e+04
2.252218721225757690e+04
3.269553928017710132e+04
3.349835914283044985e+04
2.436127711726981215e+04
2.019650337949550158e+04
2.714482466384957661e+04
1.954926013778109336e+04
2.574084421167084292e+04
2.883509729097128002e+04
2.187117981192195293e+04
-5.305179295032215123e+03
-1.798612063232569199e+04
2.841329690147819201e+04
7.833717072772854408e+03
3.516830935331419710e+02
-4.484501852354902439e+03
1.253463962580841871e+04
2.813480357978587199e+04
1.955340800055221916e+04
-2.027175252691970627e+03
-2.420905079070197098e+04
-4.982696588618798705e+04
-5.117611963142563036e+04
