-4.954508377437784657e+04
-1.021615991513209417e+06
-1.883485873894932447e+06
-3.113040743441916071e+06
-2.794747475038214587e+06
-4.486180142780282767e+05
-9.727104183295744006e+05
-1.312501207304236712e+06
-1.569890790032320889e+06
-2.206648362985631917e+06
-1.572382363146269927e+04
-9.579303020726898685e+05
-1.330423987751971465e+06
-8.574153729055306176e+05
-9.460619569707963383e+05
-2.791095554890590254e+06
-7.096312350003885804e+05
-1.500204292766582454e+06
-6.118949527365908725e+05
-8.207601266433383571e+05
-1.014609524399819784e+06
-1.264564050354524283e+06
-2.180272095369954186e+05
-4.062066832254079636e+05
-7.381225811176010175e+05
-4.873079505855309544e+05
-7.040496099007076118e+05
-9.166996828773334855e+05
-1.273101916987931589e+06
-1.732929428380430443e+06
-7.517064787917159265e+05
-9.163097994807681534e+05
-1.612459270413659280e+06
-2.498777863186791539e+06
-1.026128155563393608e+06
-9.859783677130773431e+05
-2.470498916102849878e+06
-1.952879548609548016e+06
-5.936096869940763572e+05
-1.418564868019624148e+06
-6.930572647718174267e+04
-4.690377021710561821e+05
-1.798342602382830810e+06
-2.547273358076746576e+06
-2.641008317140202969e+06
-1.515609474614795763e+06
-1.138699447846867843e+06
-2.308299362322137167e+05
-5.805810269373637857e+05
-1.379189557275128784e+06
-9.140971041583527112e+05
-4.049370056448261603e+05
-1.406815442601619288e+06
-1.350161827175637940e+06
-1.839455047904466745e+06
-2.657656742979755625e+06
-1.857422470016751904e+06
-8.825799332828618353e+05
-1.622244216270789038e+05
-8.705420273558764020e+05
-1.433794108705100138e+06
-1.970319808101974428e+06
-5.220785022380143637e+05
-1.436794465014922665e+06
-1.222260293983816169e+06
-1.934098412851624889e+06
-2.626660005410483107e+06
-2.674550122219650075e+06
-2.542842920515683945e+06
-3.260772970940993982e+05
-8.221270795017727651e+05
-7.844986513273207238e+05
-1.831758363843810512e+06
-1.028473325534158037e+06
-6.970039376726974733e+05
-8.341916572022899054e+05
-1.013690313293803832e+06
-1.259672267046183115e+06
-1.222960340112962294e+06
-1.435816302087697200e+06
-1.285378554715775652e+06
-2.020832667960751336e+06
-2.844908579265355947e+05
-5.689848869334416231e+05
-2.420158085341631435e+06
-3.674485069342727656e+05
-2.375346177768458729e+05
-1.330453213496457320e+06
-1.246432327651639236e+06
-7.422298454189421609e+05
-1.050407166242528241e+06
-1.473957408083995339e+06
-2.141003553676760755e+06
-1.702507463530670211e+05
-2.172456675100668333e+06
-3.300969449126488529e+06
-4.106617286014744604e+04
-3.152530351477814256e+05
-9.248878909040130675e+05
-1.008846874480225495e+06
-1.542653951918606181e+06
-1.060139883304300252e+06
-8.408062119447912555e+05
-1.748405229691653280e+06
-2.759474748344461434e+06
-2.476835492098798975e+06
-4.446865067148655362e+04
-9.882935581063401187e+05
-1.023625463591893786e+06
-1.688135445325501962e+06
-7.872349914151900448e+05
-6.718586952732629143e+05
-5.932571756028556410e+04
-1.253097322528635385e+06
-2.151747848035205621e+06
-5.818176042789621279e+05
-6.356643560421882430e+05
-2.621218316866785171e+05
-5.276565061445215251e+05
-9.342157311997476500e+05
-1.206827732680519111e+06
-1.621604393249769462e+06
-5.177174375430284999e+05
-1.674403587013860466e+06
-2.706909009973678272e+06
-3.164278757542205276e+05
-1.666743685087742051e+06
-1.461544072311211843e+06
-1.560848195219635731e+06
-3.365765445007129572e+06
-2.660486190409077797e+06
-1.733994377666146262e+06
-7.522252919843778946e+05
-5.434709178446432343e+05
-1.571619275828745682e+06
-1.225584966026248643e+06
-1.631369091464447323e+06
-2.545242514875838999e+06
-1.970351694964775350e+06
-5.419351137275518849e+05
-2.987423461264527868e+05
-1.679281994113039691e+06
-3.385495368351960089e+06
-2.350866147525729612e+06
-2.231012824612582044e+05
-5.539884039700120920e+05
-1.477376094155859435e+06
-2.745266143149120267e+06
-5.787588593650559051e+04
-8.467540112544620642e+05
-1.137450803797591943e+06
-2.337041728196125478e+06
-3.681179947401755955e+06
-2.583956400091405492e+06
-5.505548947307767812e+05
-1.345457586859612493e+06
-1.032329568259787164e+06
-2.150555668847679044e+05
-1.081798026737599401e+06
-1.048888018781980965e+06
-1.344421774723674171e+06
-1.463818794832125539e+06
-2.317029230440817773e+06
-6.579108303860726301e+05
-1.822987638104545418e+06
-3.247498299393068068e+06
-1.913545785478571430e+06
-8.392676498724806588e+05
-1.993948027587984223e+06
-1.644541122715489008e+06
-1.979836670832799748e+06
-9.998152387336792890e+05
-1.170743983767242869e+06
-2.917566389505745028e+05
-1.569988868672475219e+06
-1.609501315107841743e+06
-5.546855034056410659e+05
-1.782572421381175518e+06
-1.097437224467015360e+06
-5.291796061629096512e+05
-2.570273498240872752e+06
-2.429916088819680735e+06
-4.044426619260656880e+05
-1.254512649321369827e+06
-1.508349834230650682e+06
-9.196308549299535807e+05
-5.458780932109525893e+05
-1.676021117520618718e+06
-6.100876586002961267e+05
-1.869602046808743849e+06
-2.136173409535762854e+06
-2.215579812696028501e+06
-3.455789743273333646e+06
-3.602307229121427052e+06
-2.946107758210472763e+06
-1.179904965565357823e+06
-5.343294533932422055e+05
-1.621539376427543815e+06
-2.980642596571885981e+06
-1.255671660264121834e+06
-2.522986305776291119e+05
-9.239091917960320134e+05
-2.828163366017851979e+06
-2.779713850421664305e+06
-3.264816674510338344e+06
-1.518559042272017803e+06
-1.050080540747357067e+06
-7.687863142096056836e+05
-1.723690772163771559e+06
-8.334744808222553693e+05
-4.949030529460294056e+05
-7.149961503463548142e+05
-1.862518457122504245e+06
-2.432024563790427987e+06
-7.307523512020640774e+05
-1.405558704099521507e+06
-1.798465406291040126e+06
-3.265703827424660558e+05
-1.315624298530557891e+06
-6.642296356449963059e+05
-1.007626204915423878e+06
-2.868038499746260699e+06
-7.954835953531446867e+05
-1.325224283107780153e+06
-1.210992098941336153e+06
-8.631273735950499540e+05
-9.435331336747014429e+05
-1.334081001984528266e+06
-1.630392807264774339e+06
-3.327134116671672673e+05
-6.954550005523957079e+05
-6.925130731206354685e+05
-2.546327719144086353e+06
-2.762609294961678330e+06
-1.358344374946888071e+06
-1.049302922934614588e+06
-6.228794297088586027e+05
-1.140456944255925016e+06
-1.308912529605508549e+06
-1.881443781615671469e+06
-1.615732357575724367e+06
-2.209349764753628988e+06
-9.482148926122687990e+05
-8.816941275927482639e+05
-2.545603983637601137e+06
-2.138376303124799393e+06
-6.358456184547244338e+05
-8.626454794591532554e+05
-1.622243663496973924e+06
-2.957606277454965748e+06
-1.922701532109461259e+06
-2.965938795290965354e+05
-4.206841374893343891e+05
-8.086666241999940248e+05
-4.374242984676881460e+05
-7.439830353349086363e+05
-6.259741267658177530e+05
-1.121760620726490626e+06
-5.460310065567161655e+05
-1.915427586319213442e+05
-7.895911468866945943e+05
-9.918593370793549111e+05
-6.039743592309090309e+05
-8.432226356694584247e+05
-1.169706319644486764e+06
-2.593625456775504164e+06
-7.407111543085159501e+05
-7.040356125933537260e+05
-5.500773033208796987e+05
-2.370052430463702418e+06
-3.522871498138821218e+06
-5.166003649969504331e+05
-8.632712615528081078e+05
-7.874643472547265701e+05
-1.821610681221445557e+06
-3.840193599131469382e+05
-6.382519457556350389e+05
-6.766440822686627507e+05
-2.777155168339369819e+06
-7.045208261160792317e+05
-1.115846745730632683e+06
-9.451962539934415836e+05
-7.609535075190251227e+05
-6.676885556688440265e+05
-1.058970791675787885e+06
-9.952087288265258539e+05
-8.299197939058173215e+05
-7.926673759064222686e+05
-4.032267701240940369e+05
-1.042427418742218986e+06
-1.100883839043459157e+06
-1.044936580738567514e+06
-8.706650982369594276e+05
-1.930277484569157241e+06
-3.096633167375869118e+06
-2.736889210986801889e+06
-1.452207252802555449e+06
-2.831935487178317271e+06
-4.886062444455578807e+05
-2.341454981945893669e+05
-1.239228290647355374e+06
-1.291226998002225766e+06
-1.397412102035827935e+06
-9.953213901435217122e+05
-5.757237500411143992e+05
-1.182170919236263959e+06
-1.308468548859187867e+06
-1.525710898700691527e+06
-1.197794712881871732e+06
-1.657804525794134010e+06
-1.285104772502340609e+06
-1.818183968644833891e+06
-8.201267131638231222e+05
-1.166296266345769400e+06
-2.450062785666694865e+06
-9.873095962274323683e+05
-1.120186782371851150e+06
-1.568552860270522302e+06
-1.068563220243107062e+06
-1.091634470419089077e+06
-8.034421881864420138e+05
-1.672961861332114087e+06
-3.200042603137888014e+06
-2.840914866764653008e+06
-2.196646430694559123e+06
-1.977770044857902452e+06
-4.151511092974765925e+05
-1.235095153714724118e+06
-7.447949614863387542e+05
-1.272276052748742979e+06
-1.356707370940312743e+06
-1.242128549366060412e+06
-2.468055220153466798e+06
-1.956532999036374735e+06
-1.786492760264873970e+06
-2.786675420004756306e+05
-9.260331135613307124e+05
-2.062133632896620838e+05
-7.224673011787461583e+05
-3.251330118382812361e+05
-1.552766681818961864e+06
-1.792760356208301615e+06
-2.298265590071729384e+06
-1.628234026571797673e+06
-9.181737365861355793e+05
-1.869329393120498164e+06
-8.018354251555325463e+05
-1.519645279458635952e+06
-3.184669353794221766e+06
-1.697740811826081946e+06
-4.673056021652739728e+05
-2.151107840450929012e+06
-1.399368309002200142e+06
-1.533411231874518562e+06
-1.632237426487105666e+06
-4.695557903084841673e+05
-9.166926738064779202e+05
-1.672326641501189442e+06
-2.345188481308777351e+06
-2.855407181112211198e+06
-3.964117004448539228e+05
-1.632199355334449559e+06
-2.649019955854399130e+06
-2.305103013348599430e+06
-4.382429080212313565e+05
-1.235677672072852496e+06
-2.856051635485329462e+04
-7.492818004155892413e+05
-2.548824223061030207e+05
-1.042458494130962179e+06
-9.659713717579763616e+05
-9.258636990653213579e+05
-1.425240774114435306e+06
-2.852512830367234536e+06
-8.797095917778313160e+05
-1.712201999635931104e+06
-1.758814736696756212e+06
-2.065305817000679206e+06
-5.158994847320629051e+05
-1.478241663108315086e+06
-1.117890759657050716e+06
-4.673787884010512498e+05
-4.481593841530493228e+05
-1.054782939151754137e+06
-2.352851322116304073e+05
-1.209835386299356353e+06
-4.623966432305651833e+05
-1.056259949465135811e+06
-1.651550934597445186e+06
-2.788193146228212863e+06
-4.153331089321739972e+06
-4.420345346991123632e+06
-4.812935316740769893e+06
-2.364865446518688463e+06
-2.592267892452327535e+06
-1.758169026778091211e+06
-1.092167451679835329e+06
-1.956117680392766837e+06
-5.512154113414273597e+05
-1.251762829026351916e+06
-5.046868006199335796e+05
-8.745237162047848105e+05
-1.390156460151421139e+06
-1.855511463697252097e+06
-6.491649656085363822e+05
-4.873473680560301291e+05
-4.974255331535986625e+05
-7.806582909147540340e+05
-2.019795847804430872e+06
-4.210051409948680550e+06
-2.597115106852791272e+06
-2.797253848787860479e+06
-3.812285316515880171e+06
-6.266654279568382772e+05
-6.261570559680748265e+05
-1.246895686150943628e+06
-1.066075215944633819e+06
-1.316326948756398633e+06
-5.025327734412917052e+05
-1.914400541140756104e+06
-1.089608031723642955e+06
-6.547289036514577456e+05
-7.492527522641717223e+05
-1.190515918350969907e+06
-1.058581029072553618e+06
-1.176453760781290475e+06
-1.256098083553107921e+06
-2.708844242405538447e+06
-1.853064438958552899e+06
-1.296540821438704850e+06
-1.514090882935346570e+06
-1.667751292319538537e+06
-8.410480728955280501e+05
-1.596618729967934778e+06
-2.214598310419020709e+06
-2.287351745123877190e+06
-1.008593515584073961e+06
-1.018042220462914906e+06
-1.555551300487968838e+06
-7.371748071560108801e+05
-8.921379838407704374e+05
-1.222500080565503100e+06
-1.740096466208207887e+06
-3.439896650292026345e+06
-1.774562482943367213e+06
-2.050306052182400133e+06
-1.026262714446440572e+06
-3.631765566705657402e+05
-8.235299700468273368e+05
-1.666464623511624057e+06
-1.831920866364992457e+06
-6.368762362267511198e+05
-3.934486958779898123e+05
-1.317549963750995928e+06
