2.254172346312086665e+04
2.943955374647126300e+05
8.317291216119490564e+05
1.232545585981244454e+06
1.787832065906099277e+06
1.622251460037505254e+06
1.499565828830783255e+06
1.508277676929525565e+06
1.412015248330884613e+06
1.556499863956723828e+06
1.478210864544450305e+06
1.358340259686887963e+06
1.379731319023651304e+06
1.367135835938830860e+06
1.303848713766747853e+06
1.347216931685800198e+06
1.363982004787612241e+06
1.353480413872013334e+06
1.305199266876764596e+06
1.322023066217623884e+06
1.279649357387755066e+06
1.282027909214745974e+06
1.234716612534530926e+06
1.221549122424656060e+06
1.184484070653914241e+06
1.175966369315563003e+06
1.144064680184442084e+06
1.124706184735136805e+06
1.116148281794252573e+06
1.165662766312169144e+06
1.157498184564354364e+06
1.136134630475660553e+06
1.123832321256124182e+06
1.182784830240943702e+06
1.214861185106971534e+06
1.150859290964718442e+06
1.185472915549632628e+06
1.265248998773439787e+06
1.246375840611633146e+06
1.220699461690761615e+06
1.208435532664452912e+06
1.195667338691345416e+06
1.179350711283829994e+06
1.172192989044186193e+06
1.187271835640907753e+06
1.279016766139860498e+06
1.260079229875361780e+06
1.276436135670325486e+06
1.219599291523134569e+06
1.210784942912289174e+06
1.237464582055894891e+06
1.203717266931674909e+06
1.202715107513312483e+06
1.233409036527839955e+06
1.246738759826257126e+06
1.233048488659366732e+06
1.249663798088591080e+06
1.253685090938691515e+06
1.214946451952462550e+06
1.248653681328610051e+06
1.254231498203094816e+06
1.222554468226109399e+06
1.248830635772612179e+06
1.231878839754453627e+06
1.255703968313656747e+06
1.246642807213021908e+06
1.262079510344461072e+06
1.252803830742780119e+06
1.309780556271559792e+06
1.350825985390963033e+06
1.287425656089628581e+06
1.249879402424046770e+06
1.247494134189236909e+06
1.238485465761944652e+06
1.274573252767343540e+06
1.278596710496233078e+06
1.251290228085518116e+06
1.264129222061948851e+06
1.268436525025226641e+06
1.277771451256073546e+06
1.258816648677502293e+06
1.279349170699587092e+06
1.279692549367602216e+06
1.230957460720294854e+06
1.278016711142505053e+06
1.304383362417730503e+06
1.244606759551765164e+06
1.196192280056901742e+06
1.228710618897969136e+06
1.289016453537811991e+06
1.225184012553165434e+06
1.251816619597523473e+06
1.244382672992095351e+06
1.279835973798429593e+06
1.241214718473999761e+06
1.260433397490642732e+06
1.239310388042935636e+06
1.206654541450664401e+06
1.271691755744316150e+06
1.263839503614807269e+06
1.229279728498395532e+06
1.215434222282259958e+06
1.213574722516429145e+06
1.257305796107564354e+06
1.239371534333094023e+06
1.289398426408161642e+06
1.271564418297937606e+06
1.260939893270565663e+06
1.246729104289497947e+06
1.236692779056854546e+06
1.258320909617631929e+06
1.224087351549124345e+06
1.232531202369381674e+06
1.274278464862058405e+06
1.234820227071570698e+06
1.219170684174950933e+06
1.215681998102451907e+06
1.272381970724229235e+06
1.260907634178800043e+06
1.218843928672955371e+06
1.202115083225145238e+06
1.240956033034326509e+06
1.228552905629196204e+06
1.196220737298474647e+06
1.237909908437508624e+06
1.263697617197206710e+06
1.228590345650297124e+06
1.237906537450259086e+06
1.223614731538007269e+06
1.264173636220452376e+06
1.241439407760372153e+06
1.280635831723532872e+06
1.311240208599548554e+06
1.252696692034374923e+06
1.236145038068997208e+06
1.245898047069993569e+06
1.266008484008700354e+06
1.255805339971030597e+06
1.279419806349716615e+06
1.291976184065819252e+06
1.249126682663617888e+06
1.284185350468070712e+06
1.262641639606316807e+06
1.292906700530054513e+06
1.265799366810023319e+06
1.269837546797053190e+06
1.272171913099232595e+06
1.273723339262649883e+06
1.249380862784381025e+06
1.288167106129673775e+06
1.296124058229945134e+06
1.285502335463373922e+06
1.299490650080039632e+06
1.339823667750312947e+06
1.283660923319225898e+06
1.299026138413762441e+06
1.341799422373953741e+06
1.305489390767035307e+06
1.296529540602887515e+06
1.281788288389579859e+06
1.272537844749624142e+06
1.308801967248953413e+06
1.306054162476635072e+06
1.306612374829664361e+06
1.283793704747720156e+06
1.295858125880515669e+06
1.330588165453244001e+06
1.303592635473282542e+06
1.305011953952696407e+06
1.326322788228393067e+06
1.336978626792533789e+06
1.303545756071983604e+06
1.357179692799504381e+06
1.329393085372358095e+06
1.305655723260439467e+06
1.306775992219210602e+06
1.329013460879839724e+06
1.312126762001966592e+06
1.292577225004780572e+06
1.325096588942281436e+06
1.326309048183113337e+06
1.280808507788175717e+06
1.315093302320607472e+06
1.336499830037590349e+06
1.334820198487531394e+06
1.307435189004543703e+06
1.307994134513853816e+06
1.317426909700142220e+06
1.306835561608547578e+06
1.293183401416402310e+06
1.324827217329046456e+06
1.325651133715808624e+06
1.310639503607216058e+06
1.304722659846768947e+06
1.355481396376656834e+06
1.327307559942722786e+06
1.322360984578800388e+06
1.370737642792120110e+06
1.356931354099043412e+06
1.347171973193718586e+06
1.342414592120979680e+06
1.307775515030360781e+06
1.347024471511262003e+06
1.359433759552070405e+06
1.338626209187510191e+06
1.364198828582347836e+06
1.352102738345719874e+06
1.375760251745295711e+06
1.407527811325842049e+06
1.355305686348415213e+06
1.349838470668892609e+06
1.353279100681019481e+06
1.337409579652764369e+06
1.384231181582737016e+06
1.404327575388312107e+06
1.392456336459230864e+06
1.396879382512750570e+06
1.401664486176099163e+06
1.369243815266960766e+06
1.348738760286969598e+06
1.362585579596871976e+06
1.379522875083317747e+06
1.393956548748578411e+06
1.364407472416709177e+06
1.340072802720310865e+06
1.384025457454395480e+06
1.380822124430252239e+06
1.372479373981353594e+06
1.364952649552666582e+06
1.353443010606019059e+06
1.371369453390823677e+06
1.336760084662431851e+06
1.332019592229241272e+06
1.380827179153539706e+06
1.319376987685494358e+06
1.351610086969010998e+06
1.339455023412299575e+06
1.353494413491522893e+06
1.400997712895228527e+06
1.317015648361789528e+06
1.328028464547816198e+06
1.382661573957134737e+06
1.346268568723034114e+06
1.352248064041611273e+06
1.351310583653459093e+06
1.365873176693333080e+06
1.406876826020718319e+06
1.357786652588675730e+06
1.380788060903515667e+06
1.367873171506050741e+06
1.384553695584142115e+06
1.385520579611048568e+06
1.359335628276717383e+06
1.366786819891276071e+06
1.335581943642417202e+06
1.346977576015684986e+06
1.343332027280516224e+06
1.321890947968900437e+06
1.342482354875697289e+06
1.370318846916068345e+06
1.380400344184608897e+06
1.320791657874432392e+06
1.327601780337207019e+06
1.312162324464494130e+06
1.336109842978216475e+06
1.351863244054179639e+06
1.339904926795134321e+06
1.316099363088182639e+06
1.325763343392007751e+06
1.299162755143654067e+06
1.330658141860941891e+06
1.352140908146679867e+06
1.325724646364227636e+06
1.336397214285807218e+06
1.311538174117964227e+06
1.358175511501071742e+06
1.330404624569138046e+06
1.332670034734819550e+06
1.327490971714501968e+06
1.337693563600269612e+06
1.299390126598792151e+06
1.337292460999914911e+06
1.340705781844393583e+06
1.302420385878588306e+06
1.294736990369843086e+06
1.274585931121699978e+06
1.307364302324649878e+06
1.301168369339304045e+06
1.290789994292178191e+06
1.301930049820558866e+06
1.326214875343149062e+06
1.301790184649645817e+06
1.341441505769139621e+06
1.326046786622556392e+06
1.320370581899575656e+06
1.376054755015644711e+06
1.308306218766930746e+06
1.266997368657778017e+06
1.290370656007042620e+06
1.352564992641963065e+06
1.331471285567484563e+06
1.345775263128956780e+06
1.328527276846173918e+06
1.307292140972732101e+06
1.331034257242672611e+06
1.313290408771748655e+06
1.303889770721904002e+06
1.292631478514404269e+06
1.336864280668484746e+06
1.297623768424339127e+06
1.355343773956940277e+06
1.336694743257419672e+06
1.323980131179027259e+06
1.333552269615837140e+06
1.334021047870469512e+06
1.354883545041002566e+06
1.327291443471468054e+06
1.343047896061188309e+06
1.322272057358201127e+06
1.325403579232114600e+06
1.304674457575450419e+06
1.330666259494360769e+06
1.341450429172882577e+06
1.348561443095441675e+06
1.334516975223008078e+06
1.325246962723373435e+06
1.346911362486159662e+06
1.352782821155596757e+06
1.325957522500723368e+06
1.299919475722158095e+06
1.327747235202730866e+06
1.371536248734164517e+06
1.301504379088437650e+06
1.326259708581941901e+06
1.312612459490213078e+06
1.341194772889598738e+06
1.347538191282222047e+06
1.324818577053918969e+06
1.306105797010606853e+06
1.326800690313988365e+06
1.316728855021999218e+06
1.329739442569257692e+06
1.305923380110729020e+06
1.316259229586637113e+06
1.328300696438565385e+06
1.331204128083918942e+06
1.347686506421793019e+06
1.339191509768984281e+06
1.337763276250635739e+06
1.333167965182968648e+06
1.338833630869501736e+06
1.305056466015923535e+06
1.337296859961956274e+06
1.373022875417783856e+06
1.336120292919322150e+06
1.345714969832235947e+06
1.351442226246597245e+06
1.349533854416216025e+06
1.332405766620216891e+06
1.355382892471079715e+06
1.310852987070329953e+06
1.338219045128926635e+06
1.313708545700672083e+06
1.312317962504141033e+06
1.311278503885276150e+06
1.359564304505377077e+06
1.370015731015921105e+06
1.346909034772742074e+06
1.313850051364028826e+06
1.297435785388028482e+06
1.326248081953325076e+06
1.333437864550086670e+06
1.328426062305066735e+06
1.344410833939545322e+06
1.309527533888494829e+06
1.325052279568678932e+06
1.318079506136552198e+06
1.344567418976124842e+06
1.355022560622657882e+06
1.335152640788951889e+06
1.328656825209369417e+06
1.341399982205895707e+06
1.314437951088681584e+06
1.302629018314769724e+06
1.348965603768330533e+06
1.341261043448210927e+06
1.284703658773889067e+06
1.306857400448133936e+06
1.299065832447092282e+06
1.318310297345308354e+06
1.339498853210905567e+06
1.316647240596669260e+06
1.368279313817934599e+06
1.360515067407491151e+06
1.321934266099306988e+06
1.331170272318947129e+06
1.377942598109231098e+06
1.359064148196716094e+06
1.370190343056101818e+06
1.364004375967499102e+06
1.347030812987425597e+06
1.327014047355962917e+06
1.392958682224964723e+06
1.380387874184282729e+06
1.347862492740904214e+06
1.346552251101915492e+06
1.378834965969773475e+06
1.365057124889876926e+06
1.378476117440676317e+06
1.328956403350195847e+06
1.358871485103980172e+06
1.394499627884145593e+06
1.380998253059901763e+06
1.348296509576035198e+06
1.395588756018602289e+06
1.373272943025939399e+06
1.406188734288778855e+06
1.387178969695432577e+06
1.362358283194672083e+06
1.359844681235464290e+06
1.329441642591840588e+06
1.373479862928511109e+06
1.370810223846747540e+06
1.377143926951236557e+06
1.392743212125676684e+06
1.354425504494799301e+06
1.338129008714684984e+06
1.349200246107148472e+06
1.355422077691980405e+06
1.378770181517255958e+06
1.395771959135006648e+06
1.395489011215788778e+06
1.368031373921095394e+06
1.371158898267425597e+06
1.348215646424550097e+06
1.374667114628488198e+06
1.365007454096117290e+06
1.384383009302172344e+06
1.382682155380323762e+06
1.404326946568178013e+06
1.363959507977006957e+06
1.391007036880599102e+06
1.367717682431222405e+06
1.331290931791711599e+06
1.339143246379184304e+06
1.381291219580862205e+06
1.394233535897886846e+06
1.409380126445112517e+06
1.361204772674772190e+06
1.362500389604598749e+06
1.358043619124659570e+06
1.357380662779724924e+06
1.400921052253530361e+06
1.374605992708428297e+06
