-8.822602097163405269e+05
-3.331861743135215193e+01
-2.078993579220674803e+01
-3.138939691829984824e+01
-3.728822392015769146e+06
-1.729409330286953971e+07
-3.081313611317293718e+07
-4.439170194660829008e+07
-5.827970227921738476e+07
-7.193026107724820077e+07
-8.485634950316925347e+07
-9.837316731954865158e+07
-1.125619797205913365e+08
-1.266208320459855795e+08
-1.401795740813980699e+08
-1.626570931188138723e+08
-1.890855125622508526e+08
-2.156566803321633935e+08
-2.420032493908564150e+08
-2.682093161522169113e+08
-2.954717712917334437e+08
-8.800849218224629760e+07
-3.559396592914650341e+02
-4.664799870396316805e+02
-5.221697803103550086e+02
-3.112763739165612265e+02
-9.656076674363500842e+02
-1.604417840685177055e+02
-2.094172135903968410e+02
-4.091090369240311020e+02
-3.816605398487847651e+02
-3.451131859544626650e+02
-7.657223792925090038e+02
-4.218683503198279823e+02
-8.475984967829072048e+02
-2.325997659558734938e+02
-9.780418059345020447e+04
-9.404883921318443492e+06
-2.326244604453461990e+07
-3.622309317900644243e+07
-4.959428160543286055e+07
-6.289794914366202056e+07
-7.647138102358186245e+07
-8.995556191626390815e+07
-1.037184405973383486e+08
-1.173203586382660121e+08
-1.305334853362101018e+08
-1.438614934678778350e+08
-1.573229022985973954e+08
-1.709113941291215420e+08
-1.843574519372702539e+08
-1.975849776642725170e+08
-2.113750620210894346e+08
-2.257542561051975787e+08
-2.392377798847140372e+08
-2.523411349947741032e+08
-2.662281776857200563e+08
-2.799923372664903998e+08
-2.938969745659038424e+08
-3.096129746842564344e+08
-3.352828940320727229e+08
-3.622140988176326752e+08
-2.225326436634210050e+08
-3.993185061628208814e+02
-8.006613295922159068e+02
-4.451853712967191541e+02
-2.678923025143395762e+02
-4.464815823179243353e+02
-1.999875459296239342e+02
-2.415313376555598950e+02
-1.683640304636904830e+02
-1.326274546456862424e+02
-2.008988487043060616e+02
-2.122064087936843748e+02
-1.461176120863579229e+02
-1.749278534662792310e+02
-8.847534022847193569e+01
-7.597498131007370148e+01
-1.106662383092489108e+02
-8.157621025120381830e+01
-2.451354524098168497e+02
-1.242055783995445637e+02
-1.480072864160893573e+02
-8.621623872008996159e+01
-8.039725187110727234e+01
-8.197760066267093748e+01
-1.569980472877900581e+02
-1.818254916738449083e+02
-4.379299404529511008e+01
-5.639887920214628281e+01
-5.844811298617461404e+01
-4.013424483491598949e+01
-7.111542650219483619e+01
-7.822983860132070788e+01
-2.804747379183315914e+01
-4.379481345144879612e+01
-3.027608929586514108e+01
-7.548835414988143100e+01
-2.576235409266619314e+01
-3.605601698777774544e+01
-6.065139876201098785e+06
-1.965569078040909022e+07
-3.326401003896994144e+07
-4.721025727075885981e+07
-6.056770067658050358e+07
-7.378689846170507371e+07
-8.725410637642070651e+07
-1.007945787565815151e+08
-1.140345874731753767e+08
-1.272032124209538996e+08
-1.408576238179909289e+08
-1.542441772493831217e+08
-1.673750571516391635e+08
-1.809193768172689676e+08
-1.944317010142662823e+08
-2.076061071085531712e+08
-2.211104130189220309e+08
-2.350310514926440120e+08
-2.483561672428111136e+08
-2.618627299737269878e+08
-2.752528160080331564e+08
-2.892025825460885167e+08
-3.029760141182968616e+08
-3.163385899561243057e+08
-3.296960105467887521e+08
-3.437331354336179495e+08
-3.580089791157771349e+08
-3.717200302063543200e+08
-3.852189034621737003e+08
-3.984832164780284762e+08
-4.116972942525561452e+08
-4.254371394499214888e+08
-4.390502544262405634e+08
-4.527040234533524513e+08
-4.667158688622640371e+08
-4.802614839772924185e+08
-4.934585816770022511e+08
-5.066041820014700890e+08
-5.203132917545636296e+08
-5.339747353501838446e+08
-5.473702482845199108e+08
-5.604323338647891283e+08
-5.740489711866980791e+08
-5.878908944727722406e+08
-6.013158500317904949e+08
-6.146227360818520784e+08
-6.280675304501088858e+08
-6.418016173968960047e+08
-6.548304091605849266e+08
-6.686115357840862274e+08
-6.823241788460061550e+08
-6.954896191385643482e+08
-7.091372986493141651e+08
-7.227741005405020714e+08
-7.365872261644365788e+08
-7.503475567787420750e+08
-7.639680156048712730e+08
-7.775481792930983305e+08
-7.914892979275940657e+08
-8.046963451345442533e+08
-8.186780992322976589e+08
-8.323088143141014576e+08
-8.454726627735619545e+08
-8.607937959815807343e+08
-8.866089699478797913e+08
-9.137699278734115362e+08
-9.406182616786944866e+08
-8.530086355037925243e+08
-1.009375571135175601e+07
-2.371063285212682560e+07
-3.683775884257618338e+07
-5.066834324506095797e+07
-6.440885688600530475e+07
-7.755882510785377026e+07
-9.106798712273988128e+07
-1.040117018848521411e+08
-1.171652201967988312e+08
-1.310017404611005336e+08
-1.440669878500057757e+08
-1.575325752243742645e+08
-1.706426377212270796e+08
-1.841875966082288623e+08
-1.977873736599133015e+08
-2.106493962805998921e+08
-2.235639030211248398e+08
-2.368960604424206316e+08
-2.503642134191619754e+08
-2.638106546098279357e+08
-2.768211766249219179e+08
-2.905520563252009153e+08
-3.037594077926340699e+08
-3.170243677616270781e+08
-3.305731651510526538e+08
-3.432742880174757838e+08
-3.557616440827531815e+08
-3.683801938072797656e+08
-3.819475631981149912e+08
-3.960477150838717222e+08
-4.100541034284046888e+08
-4.242035734320287704e+08
-4.374224499808578491e+08
-4.504144433515823483e+08
-4.639350640241292119e+08
-4.776320319750623703e+08
-4.911584257659862638e+08
-5.047309178910163045e+08
-5.180326669989537001e+08
-5.312320573440229297e+08
-5.448189146893360615e+08
-5.582364997898044586e+08
-5.717766527144770622e+08
-5.883969853876410723e+08
-6.150096157898387909e+08
-6.420793770802148581e+08
-6.690701356418061256e+08
-6.949878810287623405e+08
-7.219469304497628212e+08
-7.481440463217267990e+08
-7.752119077773245573e+08
-8.022551005841033459e+08
-8.288688192432936430e+08
-8.558694702611671686e+08
-8.834544527750151157e+08
-9.105248311583707333e+08
-9.374211419429609776e+08
-9.638976329038263559e+08
-9.908425998627917767e+08
-1.017035254820350289e+09
-1.043281021581341386e+09
-1.070714056222860694e+09
-1.097997795901979685e+09
-1.124971218024327278e+09
-1.150906579925913811e+09
-1.177665616364809513e+09
-1.204097974060060501e+09
-1.231802278987628460e+09
-1.259637147653839827e+09
-1.286415063047452450e+09
-3.013214389518834949e+08
-1.519697554907843823e+03
-1.684543793454536399e+03
-3.407137065367770902e+03
-5.966932612636785962e+03
-3.030597258123006213e+03
-2.060686610294495040e+03
-3.031147879854423991e+03
-7.057402621798604741e+03
-2.785176272107369186e+03
-1.073504357335003988e+04
-2.818704721259530743e+03
-1.679495145550109783e+03
-8.889238743038611119e+02
-5.195381375330172204e+02
-1.049451510783971344e+03
-9.620558691181191762e+02
-9.495115523784816105e+02
-7.756216496626282151e+02
-6.476415878778622073e+02
-9.515288759231827953e+02
-1.309582098183282596e+03
-6.856056547044084937e+02
-7.190370170167607284e+02
-3.781225857938342187e+02
-2.642392112700057396e+02
-1.926924903396628110e+02
-2.441631038000254250e+02
-2.277576111874313085e+02
-3.568386659901766507e+02
-3.077706953398343330e+02
-1.329769686428103057e+02
-1.595974445440511431e+02
-1.293668830631332582e+02
-1.594689283516007379e+02
-1.537176196600198068e+02
-1.136824449779293502e+02
-1.127353203828405839e+02
-8.279827996022522996e+01
-6.714303458449140294e+01
-1.091280408434881792e+02
-7.018705199741600609e+01
-8.555602040077484105e+01
-1.183616126808012439e+02
-1.085771468347068520e+02
-1.203252093381769754e+02
-9.615581286376448134e+01
-1.224991095621475381e+02
-6.534121836476778356e+01
-8.116902413160855190e+01
-9.225987858448213785e+01
-1.585522486563015150e+02
-5.190494087023607506e+01
-1.008289275740640392e+02
-8.555391171512040671e+01
-3.857057132534213650e+01
-2.731282475647695307e+01
-1.922309651897122151e+01
-2.598882235283565478e+01
-2.382351364108214042e+01
-2.044226027841178706e+01
-2.266956076906273765e+01
-1.634793229880245491e+01
-1.913587383659947960e+01
-2.712373556977033928e+01
-2.557402424786479500e+01
-3.019940902448963271e+01
-3.199955432827381330e+01
-2.533352916613120343e+01
-2.999043116186799551e+01
-4.116416399226666556e+01
-2.660962169403090272e+01
-3.447146837817641085e+01
-5.035610193319376293e+01
-3.331784013015671775e+01
-4.415222638325320048e+01
-4.996912387696988134e+01
-3.727695240572527524e+01
-2.874046909415973872e+01
-2.236155924642175563e+01
-2.887639955226084254e+01
-3.001260411868755185e+01
-2.843568502038146306e+01
-5.121006466324620021e+01
-3.808581349120474613e+01
-4.289391100555778280e+01
-3.295429196222846713e+01
-3.385611831544979111e+01
-2.646188195947708977e+01
-3.325088143846129185e+01
-5.176416973704402835e+01
-4.197692678820205003e+01
-3.666075982654112408e+01
-2.640763157549928764e+01
-3.466680196069899011e+01
-5.992973251305983240e+01
-3.026708895692848955e+01
-1.016140701849843424e+02
-5.452404847874788629e+01
-3.268163679796950305e+01
-2.265430364701091293e+01
-4.275759778837427660e+01
-4.821795480751028151e+01
-3.560292615826158880e+01
-3.851803005958149839e+01
-3.442295343529840324e+01
-3.035122761584855766e+01
-5.027339691981049441e+01
-5.022355063388629759e+01
-7.224487598776465802e+01
-7.046380511808143865e+01
-7.976226203131082571e+01
-7.586057236773250168e+01
-8.725724728068544778e+01
-5.318687977096723074e+01
-9.833498646748816441e+01
-1.047454236814655530e+02
-5.301336346054607418e+01
-7.099198963807597806e+01
-6.139346859398531109e+01
-9.289230209610413169e+01
-1.052383213408137124e+02
-1.190198801913029882e+02
-1.755745447496253462e+02
-1.622242307638454690e+02
-1.968236997705000135e+02
-1.030888788648756247e+02
-1.312420437226143406e+02
-1.432225866573353983e+02
-1.638444243837723207e+02
-1.609877724885189423e+02
-1.134919814699191249e+02
-1.144916247566601015e+02
-5.957725057246405242e+01
-2.904820525893848782e+01
-4.404936248459204506e+01
-3.730026236823250940e+01
-2.999063418428770689e+01
-4.326473562180900956e+01
-3.390223478760461262e+01
-2.265744917258842150e+01
-2.415123290443054671e+01
-3.382007809759353023e+01
-2.467590332924046237e+01
-3.648160948467234732e+01
-5.599177783142305032e+01
-4.335871751236156513e+01
-4.995402742929758233e+01
-3.464370118217449601e+01
-4.347191989684459656e+01
-2.561710467704729055e+01
-3.292159003912284732e+01
-2.885837413192268741e+01
-4.408647813301210761e+01
-4.486433249165959580e+01
-3.661495812289270191e+01
-3.107645690703990837e+01
-4.718428210596489691e+01
-3.357894693166304734e+01
-2.429672810588171927e+01
-3.022143830038567813e+01
-2.995842441394066924e+01
-2.210758098635665192e+01
-2.808990192171295774e+01
-4.255500643291431828e+01
-2.806256143511467371e+01
-3.112131822340320042e+01
-2.295349100940527265e+01
-2.795061547517830647e+01
-1.903146514683572832e+01
-1.936913889790119114e+01
-2.672966170167341105e+01
-3.084167487320211620e+01
-3.841590635422896582e+01
-3.306449731897231459e+01
-3.576813630329142768e+01
-3.864984550850702050e+01
-2.763817681053127018e+01
-5.999415651090130552e+01
-4.193729015990768261e+01
-2.758398421964231417e+01
-4.014040338657601126e+01
-2.339248814173425473e+01
-1.997792286877604795e+01
-3.084328825333583879e+01
-1.700416256207041243e+01
-1.786569512684886618e+01
-2.965743982573823700e+01
-2.914214343474046132e+01
-3.742423135338549400e+01
-2.463659662910776760e+01
-3.033421073933372369e+01
-3.806623361609332790e+01
-2.891871338448333262e+01
-4.071465549876754864e+01
-4.447124598313361332e+01
-4.038628451927868213e+01
-4.407794756484909016e+01
-4.426412502902860524e+01
-3.362739069079289322e+01
-5.600173665308079762e+01
-3.064122926718581041e+01
-2.858556191103807720e+01
-2.581078721278672106e+01
-2.177285380467882803e+01
-3.143781242809686205e+01
-3.129374973399477966e+01
-3.075320413118813434e+01
-2.914001236993534150e+01
-4.377799358789796713e+01
-2.964150138412102109e+01
-3.857478282487751642e+01
-2.672798186923363772e+01
-2.809156349202718772e+01
-2.570890108965155463e+01
-2.996287534719454015e+01
-1.955551163108658841e+01
-2.613878353663118759e+01
-2.666300868910798272e+01
-2.630351174653149116e+01
-4.642752954203245963e+01
-3.223966157421624246e+01
-2.364349901884710192e+01
-5.131091082641123791e+01
-3.153886459551647903e+01
-4.612137068072131285e+01
-4.531367468055435666e+01
-4.911259945543032757e+01
-3.539988966847236895e+01
-3.956043421806255367e+01
-2.973313193533436305e+01
-3.715507770571691992e+01
-3.122415761330083939e+01
-3.598297492490631555e+01
-3.266781009389771384e+01
-4.281605076089392981e+01
-1.807067946703032746e+01
-2.585478557987629600e+01
-1.906863571162626414e+01
-2.452109920387729858e+01
-2.907798638262396551e+01
-2.282968921798629225e+01
-4.054459554297518054e+01
-5.087689344741011865e+01
-5.695049005576611023e+01
-3.500813080647434816e+01
-2.341990618587946571e+01
-2.858478535502635509e+01
-3.787387238662327604e+01
-2.562062285615527202e+01
-2.244533728466327460e+01
-8.213315339304594431e+01
-3.519887521282350207e+01
-4.008806289666263467e+01
-4.683980302061219447e+01
-6.777606511999417194e+01
-4.287092931384005823e+01
-6.087577399957253732e+01
-3.927162133381933273e+01
-3.815695335023535506e+01
-3.970052095861971964e+01
-2.399981461360574642e+01
