3.951677490234375000e+03
6.791423339843750000e+03
9.473604492187500000e+03
1.196720703125000000e+04
1.222695507812500000e+04
1.237474218750000000e+04
1.328106347656250000e+04
1.180889453125000000e+04
1.267248046875000000e+04
1.361569238281250000e+04
1.391642773437500000e+04
1.558532910156250000e+04
1.493117675781250000e+04
1.402051074218750000e+04
1.484195019531250000e+04
1.547803808593750000e+04
1.576854882812500000e+04
1.574704980468750000e+04
1.636946386718750000e+04
1.661333203125000000e+04
1.529408496093750000e+04
1.511345019531250000e+04
1.667800195312500000e+04
1.603178515625000000e+04
1.476141015625000000e+04
1.512247851562500000e+04
1.611365429687500000e+04
1.652043554687500000e+04
1.565120410156250000e+04
1.574343652343750000e+04
1.683180859375000000e+04
1.545452050781250000e+04
1.608068359375000000e+04
1.599768359375000000e+04
1.721839062500000000e+04
1.548533203125000000e+04
1.579998242187500000e+04
1.810558984375000000e+04
1.729627539062500000e+04
1.615656933593750000e+04
1.593194921875000000e+04
1.820483203125000000e+04
1.683470898437500000e+04
1.633926074218750000e+04
1.755058593750000000e+04
1.705127929687500000e+04
1.654328320312500000e+04
1.626595117187500000e+04
1.885155078125000000e+04
1.732050195312500000e+04
1.848282421875000000e+04
1.651407421875000000e+04
1.709573437500000000e+04
1.662821875000000000e+04
1.651469531250000000e+04
1.722698437500000000e+04
1.618814160156250000e+04
1.583555761718750000e+04
1.829565039062500000e+04
1.663693554687500000e+04
1.604272460937500000e+04
1.804322265625000000e+04
1.779328906250000000e+04
1.746058593750000000e+04
2.032973632812500000e+04
1.700397070312500000e+04
1.796604687500000000e+04
1.513125390625000000e+04
1.585097558593750000e+04
1.759567187500000000e+04
1.828258203125000000e+04
1.835928320312500000e+04
1.661189453125000000e+04
1.603030566406250000e+04
1.667003320312500000e+04
1.633308593750000000e+04
1.763282421875000000e+04
1.717061328125000000e+04
1.620127343750000000e+04
1.896505468750000000e+04
1.643278125000000000e+04
1.602084472656250000e+04
1.720111718750000000e+04
1.811849414062500000e+04
1.644344335937500000e+04
1.667176562500000000e+04
1.682976171875000000e+04
1.794732421875000000e+04
1.657820898437500000e+04
1.661685351562500000e+04
1.753359960937500000e+04
1.651257226562500000e+04
1.479013183593750000e+04
1.702030468750000000e+04
1.666012695312500000e+04
1.721078320312500000e+04
1.568638671875000000e+04
1.893808789062500000e+04
1.532356542968750000e+04
1.658159375000000000e+04
1.628715332031250000e+04
1.759557421875000000e+04
1.645984179687500000e+04
1.607301367187500000e+04
1.728387890625000000e+04
1.782911718750000000e+04
1.847351367187500000e+04
1.461035253906250000e+04
1.539935742187500000e+04
1.565906835937500000e+04
1.705253125000000000e+04
1.797169140625000000e+04
1.547549316406250000e+04
1.609919140625000000e+04
1.584767578125000000e+04
1.652774609375000000e+04
1.707651562500000000e+04
1.564773339843750000e+04
1.748341796875000000e+04
1.603827636718750000e+04
1.842970898437500000e+04
1.941216015625000000e+04
1.830636523437500000e+04
1.730686328125000000e+04
1.915447070312500000e+04
1.695836328125000000e+04
1.838539062500000000e+04
1.612085351562500000e+04
1.656915234375000000e+04
1.793571093750000000e+04
1.746437304687500000e+04
1.795178125000000000e+04
1.740993945312500000e+04
1.651225000000000000e+04
1.843658789062500000e+04
1.830625781250000000e+04
1.878362304687500000e+04
1.815313085937500000e+04
1.716266015625000000e+04
1.641248828125000000e+04
1.603075000000000000e+04
1.448658984375000000e+04
1.760016992187500000e+04
1.816785156250000000e+04
1.632801660156250000e+04
1.537919921875000000e+04
1.698593750000000000e+04
1.599788867187500000e+04
1.760174804687500000e+04
1.588121679687500000e+04
1.773166015625000000e+04
1.700228515625000000e+04
1.479943359375000000e+04
1.657355078125000000e+04
1.630663281250000000e+04
1.792583007812500000e+04
1.760988281250000000e+04
1.643147460937500000e+04
1.422347851562500000e+04
1.715524609375000000e+04
1.721705664062500000e+04
1.927136132812500000e+04
1.839790429687500000e+04
1.634037988281250000e+04
1.666055859375000000e+04
1.661661718750000000e+04
1.567927734375000000e+04
1.822715820312500000e+04
1.791014648437500000e+04
1.803893554687500000e+04
1.788867968750000000e+04
1.753991601562500000e+04
1.791232617187500000e+04
1.752376171875000000e+04
1.599377148437500000e+04
1.784997265625000000e+04
1.735458593750000000e+04
1.782520507812500000e+04
1.670525976562500000e+04
1.823918359375000000e+04
1.609747070312500000e+04
1.809500195312500000e+04
1.727508593750000000e+04
1.689625000000000000e+04
1.610472460937500000e+04
1.682888671875000000e+04
1.716150585937500000e+04
1.737487695312500000e+04
1.629214648437500000e+04
1.598303417968750000e+04
1.705595312500000000e+04
1.673983593750000000e+04
1.734328710937500000e+04
1.639784375000000000e+04
1.730267382812500000e+04
1.986058007812500000e+04
1.674178515625000000e+04
1.887239062500000000e+04
1.810787304687500000e+04
1.632656640625000000e+04
1.846353515625000000e+04
1.628077148437500000e+04
1.741133984375000000e+04
1.959027539062500000e+04
1.655411914062500000e+04
1.735593359375000000e+04
1.748699218750000000e+04
1.627819238281250000e+04
1.739813281250000000e+04
1.533881738281250000e+04
1.567441406250000000e+04
1.751873632812500000e+04
1.555666699218750000e+04
1.643890429687500000e+04
1.927340039062500000e+04
1.779233203125000000e+04
1.521725195312500000e+04
1.458895996093750000e+04
1.649786914062500000e+04
1.785245703125000000e+04
1.810813476562500000e+04
1.652513085937500000e+04
1.652919531250000000e+04
1.700363085937500000e+04
1.883892187500000000e+04
1.830213671875000000e+04
1.526497070312500000e+04
1.422184570312500000e+04
1.505129980468750000e+04
1.806560351562500000e+04
1.832762500000000000e+04
1.560477343750000000e+04
1.864078125000000000e+04
1.622457324218750000e+04
1.711265039062500000e+04
1.650568164062500000e+04
1.814741796875000000e+04
1.503312207031250000e+04
1.658446484375000000e+04
1.889933203125000000e+04
1.738449804687500000e+04
1.518910253906250000e+04
1.693518164062500000e+04
1.853117187500000000e+04
1.629205957031250000e+04
1.547423242187500000e+04
1.839759960937500000e+04
1.775906445312500000e+04
1.665293164062500000e+04
1.882208203125000000e+04
1.698048632812500000e+04
2.024893164062500000e+04
1.835095703125000000e+04
2.010230078125000000e+04
1.697740820312500000e+04
1.623688476562500000e+04
1.931447265625000000e+04
1.760342578125000000e+04
1.657122265625000000e+04
1.630544531250000000e+04
1.548198437500000000e+04
1.471971386718750000e+04
1.798728906250000000e+04
1.785221289062500000e+04
1.695340625000000000e+04
1.858895507812500000e+04
1.577026367187500000e+04
1.580275390625000000e+04
1.998677734375000000e+04
1.796642187500000000e+04
1.769923242187500000e+04
1.716016406250000000e+04
1.729699804687500000e+04
1.741746679687500000e+04
1.731304101562500000e+04
1.554638574218750000e+04
1.842207812500000000e+04
1.819036523437500000e+04
1.793993945312500000e+04
1.607721191406250000e+04
2.044088281250000000e+04
1.741841015625000000e+04
1.585674707031250000e+04
1.616253027343750000e+04
1.631346386718750000e+04
1.771348437500000000e+04
1.708475781250000000e+04
1.668608398437500000e+04
1.648096093750000000e+04
1.827001367187500000e+04
1.755704492187500000e+04
1.627605078125000000e+04
1.766003906250000000e+04
1.763093164062500000e+04
1.676899218750000000e+04
1.572228222656250000e+04
1.806131054687500000e+04
1.539398730468750000e+04
1.695483203125000000e+04
1.594762792968750000e+04
1.870467968750000000e+04
1.797333984375000000e+04
1.765656250000000000e+04
1.896250781250000000e+04
1.849793750000000000e+04
1.918046093750000000e+04
1.817252539062500000e+04
1.671247070312500000e+04
1.793257421875000000e+04
1.826891796875000000e+04
1.759093359375000000e+04
1.707833203125000000e+04
1.774635742187500000e+04
1.669653710937500000e+04
1.824447460937500000e+04
1.874072851562500000e+04
1.828314062500000000e+04
1.912783789062500000e+04
1.681402734375000000e+04
1.811006640625000000e+04
1.572835644531250000e+04
1.780125390625000000e+04
1.777570117187500000e+04
2.169608203125000000e+04
1.880250000000000000e+04
1.749543554687500000e+04
1.786231250000000000e+04
1.726610546875000000e+04
1.831938476562500000e+04
1.584383984375000000e+04
1.729854101562500000e+04
1.784443359375000000e+04
1.813554492187500000e+04
1.775016992187500000e+04
1.881209375000000000e+04
1.798653125000000000e+04
1.613890917968750000e+04
1.866190820312500000e+04
1.913952539062500000e+04
1.694271875000000000e+04
1.928829687500000000e+04
1.680770312500000000e+04
1.770505468750000000e+04
1.651283203125000000e+04
1.550232714843750000e+04
1.693695703125000000e+04
1.697084179687500000e+04
1.667384375000000000e+04
1.497455859375000000e+04
1.821853710937500000e+04
1.838955664062500000e+04
1.718477343750000000e+04
1.630892968750000000e+04
1.618775390625000000e+04
1.810247265625000000e+04
1.946438671875000000e+04
1.894564062500000000e+04
1.639910937500000000e+04
1.803054492187500000e+04
1.727005859375000000e+04
1.699778710937500000e+04
1.768725195312500000e+04
1.595232519531250000e+04
1.939363476562500000e+04
1.889879101562500000e+04
1.889273828125000000e+04
1.850766015625000000e+04
1.676777734375000000e+04
1.768040039062500000e+04
1.715421484375000000e+04
1.828018359375000000e+04
1.701828906250000000e+04
1.640343750000000000e+04
1.733461132812500000e+04
1.635892968750000000e+04
1.758474414062500000e+04
1.543055664062500000e+04
1.764785351562500000e+04
1.698212109375000000e+04
1.923846289062500000e+04
1.732535742187500000e+04
1.849326562500000000e+04
1.783325781250000000e+04
1.553607714843750000e+04
1.682716601562500000e+04
1.718760156250000000e+04
1.765516601562500000e+04
1.669458789062500000e+04
1.681823632812500000e+04
1.822797656250000000e+04
1.634381835937500000e+04
1.813760742187500000e+04
1.815372851562500000e+04
1.621659863281250000e+04
1.735486328125000000e+04
1.833182421875000000e+04
1.784691796875000000e+04
1.753256640625000000e+04
1.694121093750000000e+04
1.648616992187500000e+04
1.935433984375000000e+04
1.616988281250000000e+04
1.747232812500000000e+04
1.958090625000000000e+04
1.882056054687500000e+04
1.689712890625000000e+04
1.819179687500000000e+04
1.881545507812500000e+04
1.868726562500000000e+04
1.955554687500000000e+04
1.926811328125000000e+04
1.739440234375000000e+04
1.861714843750000000e+04
1.616848632812500000e+04
1.731483593750000000e+04
1.647401953125000000e+04
1.880132031250000000e+04
1.641116796875000000e+04
1.757275000000000000e+04
1.797427734375000000e+04
1.896009765625000000e+04
1.816656445312500000e+04
1.768921679687500000e+04
1.766161914062500000e+04
2.018289453125000000e+04
1.772301171875000000e+04
1.605068261718750000e+04
1.661175585937500000e+04
1.720569140625000000e+04
1.583539843750000000e+04
1.670126367187500000e+04
1.797674218750000000e+04
1.689295312500000000e+04
1.793526171875000000e+04
1.872846093750000000e+04
1.759413281250000000e+04
1.739142773437500000e+04
1.756018359375000000e+04
1.800852734375000000e+04
1.696053710937500000e+04
1.918320703125000000e+04
1.870664062500000000e+04
1.945596679687500000e+04
1.685929101562500000e+04
1.866090625000000000e+04
1.542263281250000000e+04
1.795187890625000000e+04
1.862594921875000000e+04
1.867691601562500000e+04
1.743520703125000000e+04
1.763149414062500000e+04
1.788714257812500000e+04
1.655616992187500000e+04
1.618546386718750000e+04
1.754039843750000000e+04
1.660322265625000000e+04
1.807838671875000000e+04
1.720566601562500000e+04
1.512344042968750000e+04
1.665843359375000000e+04
1.836252929687500000e+04
1.938494335937500000e+04
1.708425390625000000e+04
1.672814062500000000e+04
1.686992187500000000e+04
1.766421875000000000e+04
1.896904492187500000e+04
1.843967382812500000e+04
1.784824023437500000e+04
1.785600195312500000e+04
1.711650781250000000e+04
1.697057421875000000e+04
1.764610742187500000e+04
1.749351367187500000e+04
1.788493945312500000e+04
1.781192578125000000e+04
1.646780078125000000e+04
1.609342968750000000e+04
1.912336328125000000e+04
1.876313085937500000e+04
1.560376562500000000e+04
1.747194140625000000e+04
1.681512304687500000e+04
1.864585156250000000e+04
1.752267773437500000e+04
1.838988476562500000e+04
1.834956445312500000e+04
2.023446289062500000e+04
1.610421582031250000e+04
1.694976367187500000e+04
1.872380078125000000e+04
1.547448730468750000e+04
1.726991601562500000e+04
1.902401171875000000e+04
1.533040234375000000e+04
1.811237304687500000e+04
1.723795898437500000e+04
1.645396875000000000e+04
1.722407812500000000e+04
1.845357812500000000e+04
1.940448632812500000e+04
1.835464062500000000e+04
1.517378515625000000e+04
1.963709179687500000e+04
1.840716210937500000e+04
1.983031445312500000e+04
1.745066015625000000e+04
1.771342382812500000e+04
1.662027539062500000e+04
1.669624609375000000e+04
1.642679492187500000e+04
1.689595117187500000e+04
1.548409863281250000e+04
1.625154199218750000e+04
1.729531445312500000e+04
1.544424414062500000e+04
1.791629492187500000e+04
1.845543164062500000e+04
1.583268554687500000e+04
1.854034570312500000e+04
1.831463085937500000e+04
1.634759570312500000e+04
1.629159765625000000e+04
1.732050195312500000e+04
1.838145898437500000e+04
1.658212304687500000e+04
1.619662304687500000e+04
1.831423046875000000e+04
1.801338085937500000e+04
2.014362109375000000e+04
1.655363867187500000e+04
1.734649609375000000e+04
1.667844531250000000e+04
1.719698046875000000e+04
1.870254101562500000e+04
1.696672265625000000e+04
1.629190429687500000e+04
1.643558398437500000e+04
1.601043261718750000e+04
1.591366210937500000e+04
1.792476367187500000e+04
1.616320507812500000e+04
1.646441406250000000e+04
2.000728710937500000e+04
1.836919921875000000e+04
1.698122265625000000e+04
1.657810156250000000e+04
1.807618164062500000e+04
1.630283496093750000e+04
1.725149218750000000e+04
1.839666796875000000e+04
1.637745410156250000e+04
1.798669726562500000e+04
1.767273437500000000e+04
1.543973535156250000e+04
1.621118457031250000e+04
1.565809765625000000e+04
1.731158398437500000e+04
1.589947558593750000e+04
1.961462304687500000e+04
1.725880859375000000e+04
1.755712109375000000e+04
1.932609179687500000e+04
1.917201562500000000e+04
1.790572656250000000e+04
1.574669726562500000e+04
1.678768164062500000e+04
1.764396875000000000e+04
1.633955957031250000e+04
1.728529882812500000e+04
1.812354687500000000e+04
1.673183593750000000e+04
1.710283007812500000e+04
1.532682812500000000e+04
2.002620898437500000e+04
1.805099218750000000e+04
2.036045312500000000e+04
1.801000976562500000e+04
1.895417187500000000e+04
1.798712500000000000e+04
1.810481835937500000e+04
1.735329687500000000e+04
1.848974804687500000e+04
1.602281738281250000e+04
1.649513671875000000e+04
1.661267382812500000e+04
1.706453125000000000e+04
1.656137109375000000e+04
1.789242578125000000e+04
1.755901953125000000e+04
1.860671289062500000e+04
1.554690039062500000e+04
1.756149023437500000e+04
1.831560351562500000e+04
1.639863281250000000e+04
1.816862500000000000e+04
1.885718164062500000e+04
1.859033007812500000e+04
1.681217382812500000e+04
1.741189257812500000e+04
1.870173632812500000e+04
1.734301562500000000e+04
1.919390039062500000e+04
1.687865429687500000e+04
1.678477734375000000e+04
2.234334375000000000e+04
1.851208593750000000e+04
1.793979296875000000e+04
1.722133203125000000e+04
1.898143750000000000e+04
1.749017187500000000e+04
1.782766796875000000e+04
1.562362109375000000e+04
1.902126562500000000e+04
1.700645703125000000e+04
1.879167578125000000e+04
1.787637500000000000e+04
1.886189843750000000e+04
1.686703710937500000e+04
1.458399218750000000e+04
1.995612109375000000e+04
1.698121679687500000e+04
1.706471875000000000e+04
1.707048242187500000e+04
1.900602343750000000e+04
1.744903320312500000e+04
1.775742578125000000e+04
1.714393164062500000e+04
1.827852148437500000e+04
1.791389453125000000e+04
1.783311328125000000e+04
1.958662890625000000e+04
1.875510351562500000e+04
1.682794726562500000e+04
1.787723828125000000e+04
1.889998828125000000e+04
1.788018554687500000e+04
1.841769726562500000e+04
1.769776953125000000e+04
1.536433105468750000e+04
1.773169531250000000e+04
1.536112695312500000e+04
1.606428222656250000e+04
1.803584765625000000e+04
1.753363085937500000e+04
1.721007031250000000e+04
1.539777441406250000e+04
1.668663476562500000e+04
1.794792578125000000e+04
1.593663964843750000e+04
1.746833203125000000e+04
1.841487109375000000e+04
1.771457031250000000e+04
1.794691601562500000e+04
1.892619726562500000e+04
1.595611132812500000e+04
1.730143359375000000e+04
1.675152929687500000e+04
1.756328125000000000e+04
1.895330273437500000e+04
1.737336718750000000e+04
1.597689062500000000e+04
1.697021289062500000e+04
1.742170898437500000e+04
1.705863671875000000e+04
1.637737207031250000e+04
1.810515625000000000e+04
1.715344726562500000e+04
1.828006640625000000e+04
1.583348242187500000e+04
1.577289648437500000e+04
1.679184179687500000e+04
1.905813476562500000e+04
1.922394921875000000e+04
1.612652929687500000e+04
1.778488671875000000e+04
1.737340039062500000e+04
1.573359472656250000e+04
1.770453515625000000e+04
1.783267578125000000e+04
1.692075000000000000e+04
1.687742773437500000e+04
1.582340917968750000e+04
1.778189648437500000e+04
1.904930468750000000e+04
1.819832421875000000e+04
1.809539453125000000e+04
1.836850000000000000e+04
1.850253125000000000e+04
1.754849023437500000e+04
1.752821289062500000e+04
1.691846679687500000e+04
1.789103320312500000e+04
1.991065625000000000e+04
1.826982617187500000e+04
1.715891210937500000e+04
1.827312500000000000e+04
1.726752929687500000e+04
1.758908593750000000e+04
1.893490234375000000e+04
1.832423242187500000e+04
2.010110156250000000e+04
1.596414941406250000e+04
1.592021484375000000e+04
1.431468359375000000e+04
1.660272656250000000e+04
1.998635156250000000e+04
1.648703906250000000e+04
1.734870507812500000e+04
1.735828125000000000e+04
1.965724414062500000e+04
1.862570117187500000e+04
1.597294238281250000e+04
2.040401757812500000e+04
1.695329687500000000e+04
1.585607910156250000e+04
1.773630078125000000e+04
1.726205859375000000e+04
1.662447265625000000e+04
1.698078906250000000e+04
1.734368750000000000e+04
1.687468164062500000e+04
1.755566406250000000e+04
1.664590820312500000e+04
1.738894335937500000e+04
1.788608203125000000e+04
1.763442773437500000e+04
1.623703027343750000e+04
1.706832031250000000e+04
1.667036328125000000e+04
1.789546093750000000e+04
1.722309179687500000e+04
1.862108789062500000e+04
1.707915625000000000e+04
1.863554101562500000e+04
1.805658398437500000e+04
1.512804882812500000e+04
1.771818164062500000e+04
1.895340625000000000e+04
2.010623242187500000e+04
1.607122460937500000e+04
1.687398632812500000e+04
1.844283398437500000e+04
1.895875390625000000e+04
1.703426953125000000e+04
1.657920312500000000e+04
1.949926562500000000e+04
1.731532031250000000e+04
1.614421875000000000e+04
1.864451562500000000e+04
1.667515625000000000e+04
1.863235937500000000e+04
1.850242382812500000e+04
1.662508593750000000e+04
1.865249218750000000e+04
1.911840625000000000e+04
1.799298046875000000e+04
1.820313085937500000e+04
1.655639257812500000e+04
1.843103125000000000e+04
1.776553125000000000e+04
1.665573437500000000e+04
1.635789453125000000e+04
1.600941699218750000e+04
1.679557031250000000e+04
1.812787304687500000e+04
1.561367382812500000e+04
1.721501171875000000e+04
1.990060546875000000e+04
1.773768945312500000e+04
1.741766992187500000e+04
1.816316992187500000e+04
1.665573242187500000e+04
2.016186328125000000e+04
2.046144335937500000e+04
1.474780273437500000e+04
1.807709570312500000e+04
2.093011328125000000e+04
1.669908789062500000e+04
1.984399023437500000e+04
1.850791406250000000e+04
1.784785937500000000e+04
1.930247656250000000e+04
1.827103515625000000e+04
1.531680468750000000e+04
1.752415820312500000e+04
1.807434765625000000e+04
1.895397460937500000e+04
1.739966796875000000e+04
1.647184570312500000e+04
1.798130078125000000e+04
1.762685546875000000e+04
1.779575585937500000e+04
1.721212500000000000e+04
1.862177734375000000e+04
1.840969726562500000e+04
1.606271093750000000e+04
1.788445898437500000e+04
1.783856250000000000e+04
1.661338867187500000e+04
1.810175781250000000e+04
1.600403515625000000e+04
1.671001757812500000e+04
1.569135742187500000e+04
1.533217773437500000e+04
1.823932812500000000e+04
1.804801757812500000e+04
1.784968554687500000e+04
1.823568359375000000e+04
2.132838281250000000e+04
1.816169921875000000e+04
1.858721875000000000e+04
1.964341601562500000e+04
1.807952148437500000e+04
1.658544335937500000e+04
1.625049902343750000e+04
1.821343164062500000e+04
1.686305468750000000e+04
1.843812890625000000e+04
1.737917578125000000e+04
1.777841210937500000e+04
1.817555859375000000e+04
1.754887890625000000e+04
1.920520117187500000e+04
1.827927148437500000e+04
1.573883496093750000e+04
1.771544921875000000e+04
1.601700878906250000e+04
1.703062500000000000e+04
1.647298632812500000e+04
1.905283984375000000e+04
1.644320312500000000e+04
1.990941406250000000e+04
1.699941796875000000e+04
1.916390625000000000e+04
2.047391210937500000e+04
1.558570312500000000e+04
1.664203515625000000e+04
1.862684570312500000e+04
1.645954492187500000e+04
1.697809765625000000e+04
1.774567578125000000e+04
1.647598242187500000e+04
1.729941992187500000e+04
1.953413671875000000e+04
1.859622460937500000e+04
1.678462500000000000e+04
1.795266015625000000e+04
1.854937109375000000e+04
1.663780859375000000e+04
1.660804296875000000e+04
1.910247460937500000e+04
1.913544531250000000e+04
1.689836523437500000e+04
1.781604687500000000e+04
1.676848828125000000e+04
1.677980468750000000e+04
1.796355859375000000e+04
1.853459570312500000e+04
1.744362695312500000e+04
1.641349218750000000e+04
1.686229882812500000e+04
1.767551562500000000e+04
1.756360937500000000e+04
1.713783984375000000e+04
1.567603808593750000e+04
1.667751367187500000e+04
1.786156835937500000e+04
1.665515234375000000e+04
1.668004492187500000e+04
1.861357226562500000e+04
1.800274609375000000e+04
1.698716210937500000e+04
1.639525976562500000e+04
1.897682812500000000e+04
1.475362011718750000e+04
1.653303320312500000e+04
2.034287890625000000e+04
1.646724414062500000e+04
1.687294335937500000e+04
1.808076757812500000e+04
1.791630664062500000e+04
1.634379589843750000e+04
1.785693164062500000e+04
1.785537890625000000e+04
1.862610351562500000e+04
1.968130078125000000e+04
2.045639257812500000e+04
1.928672460937500000e+04
1.801642382812500000e+04
1.842825585937500000e+04
1.631850781250000000e+04
1.674368359375000000e+04
1.861557812500000000e+04
1.981162500000000000e+04
1.803112304687500000e+04
1.956764843750000000e+04
1.684005078125000000e+04
1.704176367187500000e+04
2.060347851562500000e+04
1.616477148437500000e+04
1.703556054687500000e+04
1.809331054687500000e+04
1.685057421875000000e+04
1.803222460937500000e+04
1.670658789062500000e+04
1.695271093750000000e+04
1.864240234375000000e+04
1.775839648437500000e+04
1.704074804687500000e+04
1.459821289062500000e+04
1.755107031250000000e+04
1.622128808593750000e+04
1.756718750000000000e+04
1.743348437500000000e+04
1.720943359375000000e+04
1.840313476562500000e+04
1.579742285156250000e+04
1.731024804687500000e+04
1.500431835937500000e+04
1.918738867187500000e+04
1.533391894531250000e+04
1.725725000000000000e+04
1.874815234375000000e+04
1.841109375000000000e+04
1.664470507812500000e+04
1.717115625000000000e+04
1.704352343750000000e+04
1.674640039062500000e+04
1.567347167968750000e+04
1.785785937500000000e+04
1.487088085937500000e+04
1.717608203125000000e+04
1.828916601562500000e+04
1.722638671875000000e+04
1.780340820312500000e+04
1.648538085937500000e+04
1.661216015625000000e+04
1.654695703125000000e+04
1.816375390625000000e+04
1.749817773437500000e+04
1.827841015625000000e+04
1.512426171875000000e+04
1.885240429687500000e+04
1.808635742187500000e+04
1.593423828125000000e+04
1.749988281250000000e+04
1.982647656250000000e+04
1.781048632812500000e+04
1.737785742187500000e+04
1.753517578125000000e+04
1.721456250000000000e+04
2.055935156250000000e+04
1.754466210937500000e+04
1.574443554687500000e+04
1.853417382812500000e+04
2.014971289062500000e+04
1.691204101562500000e+04
1.656244531250000000e+04
1.804214062500000000e+04
1.671759179687500000e+04
1.798242187500000000e+04
1.594268261718750000e+04
1.605357714843750000e+04
1.885987304687500000e+04
1.726695117187500000e+04
1.714891210937500000e+04
1.909990820312500000e+04
1.856060742187500000e+04
1.813254687500000000e+04
1.585990234375000000e+04
1.849802148437500000e+04
2.019885742187500000e+04
1.896321093750000000e+04
1.556517089843750000e+04
1.713165625000000000e+04
1.658404492187500000e+04
1.836046289062500000e+04
1.734028906250000000e+04
1.841275585937500000e+04
1.619784765625000000e+04
1.888940234375000000e+04
1.819350195312500000e+04
1.679652929687500000e+04
1.639347070312500000e+04
1.648041406250000000e+04
1.951443750000000000e+04
1.702023632812500000e+04
1.582422656250000000e+04
2.032211718750000000e+04
1.658986328125000000e+04
1.830656054687500000e+04
1.826757617187500000e+04
1.958393750000000000e+04
1.843115625000000000e+04
1.495360253906250000e+04
1.658893945312500000e+04
1.762805078125000000e+04
1.846870703125000000e+04
1.675047656250000000e+04
1.809700195312500000e+04
1.688068164062500000e+04
1.671800390625000000e+04
1.742006054687500000e+04
1.705871679687500000e+04
1.702396875000000000e+04
1.989002148437500000e+04
1.474687988281250000e+04
1.771954296875000000e+04
1.655589062500000000e+04
1.749192187500000000e+04
1.897538085937500000e+04
1.587730859375000000e+04
1.766458398437500000e+04
1.838727734375000000e+04
1.697581054687500000e+04
1.785456835937500000e+04
1.720255078125000000e+04
1.741163085937500000e+04
1.642591210937500000e+04
1.747858789062500000e+04
1.768415820312500000e+04
1.778777734375000000e+04
1.730448437500000000e+04
1.978610156250000000e+04
1.755431250000000000e+04
1.728384179687500000e+04
1.949747460937500000e+04
1.720349609375000000e+04
1.726860546875000000e+04
1.833893554687500000e+04
1.871434179687500000e+04
1.655531250000000000e+04
1.686634570312500000e+04
1.753458203125000000e+04
1.756409765625000000e+04
1.703317968750000000e+04
1.686364257812500000e+04
1.580081738281250000e+04
1.604033398437500000e+04
1.603002441406250000e+04
1.733410351562500000e+04
1.810119335937500000e+04
1.559078125000000000e+04
1.665484375000000000e+04
1.674663867187500000e+04
1.759754101562500000e+04
1.701270312500000000e+04
1.549909570312500000e+04
1.870150390625000000e+04
1.597841210937500000e+04
1.846682226562500000e+04
1.695764257812500000e+04
1.608019433593750000e+04
1.566618164062500000e+04
1.818758984375000000e+04
1.666868164062500000e+04
1.803533593750000000e+04
1.904310937500000000e+04
1.787955468750000000e+04
1.655909960937500000e+04
1.702823437500000000e+04
1.958590234375000000e+04
1.705863476562500000e+04
1.713107421875000000e+04
1.548248046875000000e+04
1.884652148437500000e+04
1.939362695312500000e+04
1.761861132812500000e+04
1.749211328125000000e+04
1.785480273437500000e+04
1.933194531250000000e+04
1.665631250000000000e+04
1.732537500000000000e+04
1.799740625000000000e+04
1.755631835937500000e+04
1.606897167968750000e+04
1.748010937500000000e+04
2.099741601562500000e+04
1.706601367187500000e+04
1.635689257812500000e+04
1.822318164062500000e+04
1.747908593750000000e+04
1.858613671875000000e+04
1.858624023437500000e+04
1.846644921875000000e+04
1.792579687500000000e+04
1.782007812500000000e+04
1.931768359375000000e+04
1.762113281250000000e+04
1.574797167968750000e+04
1.511804687500000000e+04
1.677443164062500000e+04
1.550131445312500000e+04
1.831805664062500000e+04
1.631380859375000000e+04
2.021548828125000000e+04
1.724517578125000000e+04
1.806132226562500000e+04
1.577776269531250000e+04
1.847922656250000000e+04
1.507658203125000000e+04
1.641442187500000000e+04
1.898100000000000000e+04
1.570603710937500000e+04
1.772449023437500000e+04
1.767291796875000000e+04
1.704076367187500000e+04
1.699720117187500000e+04
1.722328906250000000e+04
1.764629492187500000e+04
1.751525390625000000e+04
1.813792382812500000e+04
1.711230859375000000e+04
1.824394531250000000e+04
1.875992382812500000e+04
1.871144921875000000e+04
1.860886914062500000e+04
1.835950585937500000e+04
1.679201562500000000e+04
1.944745507812500000e+04
1.796512695312500000e+04
1.717400000000000000e+04
1.698864843750000000e+04
1.703002929687500000e+04
1.709337890625000000e+04
1.620189062500000000e+04
1.730835546875000000e+04
1.639961718750000000e+04
1.660753710937500000e+04
1.563741699218750000e+04
1.775370703125000000e+04
1.782982617187500000e+04
1.829336132812500000e+04
1.726399218750000000e+04
1.997478710937500000e+04
1.766628125000000000e+04
1.781482421875000000e+04
1.756601953125000000e+04
1.673962304687500000e+04
1.743627929687500000e+04
1.756155859375000000e+04
2.104745312500000000e+04
1.789718945312500000e+04
1.615106250000000000e+04
1.725831445312500000e+04
1.691073437500000000e+04
1.608250683593750000e+04
1.569765722656250000e+04
1.642648632812500000e+04
1.929169140625000000e+04
2.039584960937500000e+04
1.840905664062500000e+04
1.812447070312500000e+04
1.892877148437500000e+04
1.521356250000000000e+04
1.708459960937500000e+04
1.655259375000000000e+04
1.723388671875000000e+04
1.547659863281250000e+04
1.841831250000000000e+04
1.774254296875000000e+04
1.762725585937500000e+04
1.899155664062500000e+04
1.718850390625000000e+04
1.667885937500000000e+04
1.719649804687500000e+04
1.639855664062500000e+04
1.711035156250000000e+04
1.678455664062500000e+04
1.845532031250000000e+04
1.792680859375000000e+04
1.605516992187500000e+04
1.698420507812500000e+04
1.827336132812500000e+04
1.850344726562500000e+04
1.794708398437500000e+04
1.522683789062500000e+04
1.874658203125000000e+04
1.561909472656250000e+04
1.759554101562500000e+04
1.768027539062500000e+04
1.718938671875000000e+04
1.737296093750000000e+04
1.815761523437500000e+04
1.819771679687500000e+04
1.629684765625000000e+04
1.708141796875000000e+04
1.629877539062500000e+04
1.820199804687500000e+04
1.767874023437500000e+04
1.441819238281250000e+04
1.661057031250000000e+04
1.643363867187500000e+04
1.955501953125000000e+04
1.768435546875000000e+04
1.840176757812500000e+04
1.679083984375000000e+04
1.690395312500000000e+04
1.776547265625000000e+04
1.995731054687500000e+04
1.864404296875000000e+04
1.684618359375000000e+04
1.649409765625000000e+04
1.825818750000000000e+04
1.591236718750000000e+04
1.765176171875000000e+04
1.493508984375000000e+04
1.751198632812500000e+04
1.740855273437500000e+04
1.786019531250000000e+04
1.904546484375000000e+04
1.681069531250000000e+04
1.832351757812500000e+04
1.731237500000000000e+04
1.907723242187500000e+04
1.680573632812500000e+04
1.531582031250000000e+04
1.640451171875000000e+04
1.601181250000000000e+04
1.719572070312500000e+04
1.799282226562500000e+04
1.672796484375000000e+04
1.894158203125000000e+04
1.804272656250000000e+04
1.577126171875000000e+04
1.787377734375000000e+04
1.776315625000000000e+04
1.865933593750000000e+04
1.605770898437500000e+04
1.547872167968750000e+04
1.651283789062500000e+04
1.867614453125000000e+04
1.839135156250000000e+04
1.847068359375000000e+04
1.715023046875000000e+04
1.896808007812500000e+04
1.819866601562500000e+04
1.829359960937500000e+04
1.779605859375000000e+04
1.784108007812500000e+04
1.712440429687500000e+04
1.921444531250000000e+04
1.658332617187500000e+04
1.619994726562500000e+04
1.726683203125000000e+04
1.854823046875000000e+04
1.742557617187500000e+04
1.792829492187500000e+04
1.877508398437500000e+04
1.684778906250000000e+04
1.758819921875000000e+04
1.592500390625000000e+04
1.951899023437500000e+04
1.932789843750000000e+04
1.781450781250000000e+04
1.628182324218750000e+04
1.853224218750000000e+04
1.737811328125000000e+04
1.789154296875000000e+04
1.656425390625000000e+04
1.780061132812500000e+04
1.860919921875000000e+04
1.688929492187500000e+04
2.012075000000000000e+04
1.726149609375000000e+04
1.786202539062500000e+04
1.749662500000000000e+04
1.664546875000000000e+04
1.667800390625000000e+04
1.784886523437500000e+04
1.741611914062500000e+04
1.798432226562500000e+04
1.517486914062500000e+04
1.575970019531250000e+04
1.705538085937500000e+04
1.764475390625000000e+04
1.717150000000000000e+04
1.609824511718750000e+04
1.850399609375000000e+04
1.758519335937500000e+04
1.883085156250000000e+04
1.910047656250000000e+04
1.867882031250000000e+04
2.122596289062500000e+04
2.009300781250000000e+04
1.736185546875000000e+04
1.740632617187500000e+04
1.644923632812500000e+04
1.789095507812500000e+04
1.709885937500000000e+04
1.669184765625000000e+04
1.586529785156250000e+04
1.545108593750000000e+04
1.905751953125000000e+04
1.829618945312500000e+04
1.809953125000000000e+04
1.715049218750000000e+04
1.632435253906250000e+04
1.924342187500000000e+04
1.805987890625000000e+04
1.673525585937500000e+04
1.759112695312500000e+04
1.772146093750000000e+04
1.710364257812500000e+04
1.858352148437500000e+04
1.737865820312500000e+04
1.821683203125000000e+04
1.579749218750000000e+04
1.736115625000000000e+04
1.630212890625000000e+04
1.852277539062500000e+04
1.718109375000000000e+04
1.884463671875000000e+04
1.826657421875000000e+04
1.854436132812500000e+04
1.654766796875000000e+04
1.778449414062500000e+04
1.799537109375000000e+04
1.650881640625000000e+04
1.911776171875000000e+04
1.834624609375000000e+04
1.575079199218750000e+04
1.817794921875000000e+04
1.693153125000000000e+04
1.671418750000000000e+04
1.725326171875000000e+04
1.590477636718750000e+04
1.866047460937500000e+04
1.851914257812500000e+04
1.702520117187500000e+04
1.709735937500000000e+04
1.720336523437500000e+04
1.785227539062500000e+04
1.825138671875000000e+04
1.709568164062500000e+04
1.839552539062500000e+04
1.791973828125000000e+04
1.877644726562500000e+04
1.718384765625000000e+04
1.646727148437500000e+04
1.734731445312500000e+04
1.944745312500000000e+04
1.744809960937500000e+04
1.771182812500000000e+04
1.676902343750000000e+04
1.618804394531250000e+04
1.877694726562500000e+04
1.916247265625000000e+04
1.721697265625000000e+04
1.850012500000000000e+04
1.682529687500000000e+04
1.775597460937500000e+04
1.934714843750000000e+04
1.863571484375000000e+04
1.630032714843750000e+04
1.743132812500000000e+04
1.653598242187500000e+04
1.573038183593750000e+04
1.800795117187500000e+04
1.725457617187500000e+04
1.815070507812500000e+04
1.857653906250000000e+04
2.029216406250000000e+04
1.823930273437500000e+04
1.897994140625000000e+04
1.627779101562500000e+04
1.703606640625000000e+04
1.551113281250000000e+04
1.605369335937500000e+04
1.967779687500000000e+04
2.001944726562500000e+04
1.556744628906250000e+04
1.784507812500000000e+04
1.840227929687500000e+04
1.913246484375000000e+04
1.621142382812500000e+04
1.624643945312500000e+04
1.485753515625000000e+04
1.624900488281250000e+04
1.847203125000000000e+04
1.668283007812500000e+04
1.845069335937500000e+04
1.855604492187500000e+04
1.851707031250000000e+04
1.821388281250000000e+04
1.635856250000000000e+04
1.831879492187500000e+04
1.674650195312500000e+04
1.591714648437500000e+04
1.762016601562500000e+04
1.805694921875000000e+04
1.632487011718750000e+04
1.937815820312500000e+04
1.665641406250000000e+04
1.671100585937500000e+04
1.667952539062500000e+04
1.760822460937500000e+04
1.648373437500000000e+04
1.589683300781250000e+04
1.770482421875000000e+04
1.799203125000000000e+04
1.522284179687500000e+04
1.636777539062500000e+04
1.803992773437500000e+04
1.622000683593750000e+04
1.877458203125000000e+04
1.830242187500000000e+04
1.651077148437500000e+04
1.826366210937500000e+04
1.948019140625000000e+04
1.594319628906250000e+04
1.949300390625000000e+04
1.687520507812500000e+04
1.775634960937500000e+04
1.770714062500000000e+04
1.919405273437500000e+04
1.754123242187500000e+04
1.800904492187500000e+04
1.664772656250000000e+04
1.815037890625000000e+04
1.906540429687500000e+04
1.749292578125000000e+04
1.711624218750000000e+04
1.806690429687500000e+04
1.806080664062500000e+04
1.663762500000000000e+04
1.541713476562500000e+04
1.831623828125000000e+04
1.926306640625000000e+04
1.687243554687500000e+04
1.737828906250000000e+04
1.917719335937500000e+04
1.628696679687500000e+04
1.773752539062500000e+04
1.578029394531250000e+04
1.771174609375000000e+04
1.798815234375000000e+04
1.818074609375000000e+04
1.791631445312500000e+04
1.748510742187500000e+04
1.480105957031250000e+04
1.838837500000000000e+04
1.886297070312500000e+04
1.673804296875000000e+04
1.808090429687500000e+04
1.807274218750000000e+04
1.856377343750000000e+04
2.053445312500000000e+04
1.717584960937500000e+04
1.756622265625000000e+04
1.686754101562500000e+04
1.832471679687500000e+04
1.716421875000000000e+04
1.590896679687500000e+04
1.636087695312500000e+04
2.015618750000000000e+04
1.786519921875000000e+04
2.022602148437500000e+04
1.530534765625000000e+04
1.761803515625000000e+04
1.822725390625000000e+04
1.721762695312500000e+04
1.616654687500000000e+04
1.559812207031250000e+04
1.661964648437500000e+04
1.586945703125000000e+04
1.747622265625000000e+04
1.628523535156250000e+04
1.711393359375000000e+04
1.572087988281250000e+04
1.774175585937500000e+04
1.773252929687500000e+04
1.743665625000000000e+04
1.529371386718750000e+04
1.626850781250000000e+04
1.936423828125000000e+04
1.773463476562500000e+04
1.513443652343750000e+04
1.789990039062500000e+04
1.902695898437500000e+04
1.743931250000000000e+04
1.751241015625000000e+04
1.939510351562500000e+04
1.767381835937500000e+04
1.851647265625000000e+04
1.811817187500000000e+04
1.882859179687500000e+04
1.626984277343750000e+04
1.919411132812500000e+04
1.850681250000000000e+04
1.789165625000000000e+04
1.924930859375000000e+04
1.716045117187500000e+04
1.688621875000000000e+04
1.694057617187500000e+04
1.708630078125000000e+04
1.722757421875000000e+04
1.695230078125000000e+04
1.722711523437500000e+04
