1.016956032000000000e+09
1.179464396800000000e+10
2.487322624000000000e+10
3.393910784000000000e+10
4.116816281600000000e+10
3.946185932800000000e+10
3.895822745600000000e+10
4.125231104000000000e+10
4.712609382400000000e+10
4.977614028800000000e+10
4.814104576000000000e+10
4.725539635200000000e+10
4.863272140800000000e+10
5.080540364800000000e+10
5.220858265600000000e+10
5.141712076800000000e+10
4.967399424000000000e+10
4.746518937600000000e+10
5.017272729600000000e+10
5.346175385600000000e+10
5.694795776000000000e+10
6.578560204800000000e+10
7.254391193600000000e+10
7.952094003200000000e+10
9.013503590400000000e+10
9.513576857600000000e+10
1.031480115200000000e+11
9.995216486400000000e+10
9.678846361600000000e+10
9.457867980800000000e+10
8.985156812800000000e+10
8.801565081600000000e+10
8.569466880000000000e+10
8.386329804800000000e+10
8.202749542400000000e+10
7.789640089600000000e+10
7.649221017600000000e+10
7.615038259200000000e+10
7.229517824000000000e+10
6.901066956800000000e+10
6.924499353600000000e+10
6.694525337600000000e+10
6.639998156800000000e+10
6.215600128000000000e+10
6.343337574400000000e+10
6.112487014400000000e+10
5.834740121600000000e+10
5.737660416000000000e+10
5.545683763200000000e+10
5.423144960000000000e+10
5.236634419200000000e+10
5.028661657600000000e+10
4.868733747200000000e+10
4.868747264000000000e+10
4.853238579200000000e+10
4.635329331200000000e+10
4.529566105600000000e+10
4.261113446400000000e+10
4.186689945600000000e+10
4.032735232000000000e+10
3.619780608000000000e+10
3.000333721600000000e+10
2.427465523200000000e+10
2.103888486400000000e+10
1.812757708800000000e+10
1.581917286400000000e+10
1.350466662400000000e+10
1.130296320000000000e+10
8.857990144000000000e+09
6.911518208000000000e+09
5.016208384000000000e+09
4.546988032000000000e+09
4.432512512000000000e+09
4.180753920000000000e+09
3.984918528000000000e+09
3.618358528000000000e+09
3.320232448000000000e+09
4.102017024000000000e+09
3.260902656000000000e+09
3.816738816000000000e+09
3.253911808000000000e+09
3.278459392000000000e+09
3.312538368000000000e+09
3.064931328000000000e+09
3.661146880000000000e+09
3.445664512000000000e+09
2.771577088000000000e+09
2.972744704000000000e+09
2.757515520000000000e+09
2.877366784000000000e+09
3.298239232000000000e+09
2.570048256000000000e+09
2.982394368000000000e+09
2.607279616000000000e+09
2.736841216000000000e+09
2.756162048000000000e+09
2.702789120000000000e+09
2.425165824000000000e+09
2.369913600000000000e+09
2.203311616000000000e+09
2.462138624000000000e+09
2.133736704000000000e+09
2.108842368000000000e+09
2.389424384000000000e+09
2.265897216000000000e+09
2.390417152000000000e+09
2.103852032000000000e+09
2.437737984000000000e+09
2.068121344000000000e+09
2.127730688000000000e+09
1.860475520000000000e+09
2.101316352000000000e+09
1.773663488000000000e+09
2.043655808000000000e+09
2.173787392000000000e+09
2.087102208000000000e+09
2.003331072000000000e+09
1.861268864000000000e+09
2.154291712000000000e+09
2.231483904000000000e+09
2.007667968000000000e+09
1.591817216000000000e+09
1.533135616000000000e+09
1.849568000000000000e+09
1.823686400000000000e+09
1.666285824000000000e+09
1.947016192000000000e+09
1.690106496000000000e+09
1.937953792000000000e+09
1.953668352000000000e+09
1.740911872000000000e+09
1.931243776000000000e+09
2.002106112000000000e+09
1.638627840000000000e+09
1.659480448000000000e+09
1.973934336000000000e+09
1.447701120000000000e+09
1.849500416000000000e+09
1.942109952000000000e+09
1.764329472000000000e+09
1.740948224000000000e+09
1.273386240000000000e+09
1.745655808000000000e+09
1.749072512000000000e+09
1.609065984000000000e+09
1.888801792000000000e+09
1.614115200000000000e+09
1.586000512000000000e+09
1.516968576000000000e+09
1.527158016000000000e+09
1.906116864000000000e+09
1.572897280000000000e+09
1.399057792000000000e+09
1.515273600000000000e+09
1.705221376000000000e+09
1.659784192000000000e+09
1.594733184000000000e+09
1.622339840000000000e+09
1.722295552000000000e+09
1.680292352000000000e+09
1.494043136000000000e+09
1.529958528000000000e+09
1.804500608000000000e+09
1.743036416000000000e+09
1.725418112000000000e+09
1.690566400000000000e+09
1.687572864000000000e+09
1.539361152000000000e+09
1.641331584000000000e+09
1.445706496000000000e+09
1.821822720000000000e+09
1.507871744000000000e+09
1.220560128000000000e+09
1.505405184000000000e+09
1.437995776000000000e+09
1.698857216000000000e+09
1.569650176000000000e+09
1.427600000000000000e+09
1.232979072000000000e+09
1.538216448000000000e+09
1.519379200000000000e+09
1.731886080000000000e+09
1.451002112000000000e+09
1.505878784000000000e+09
1.157010944000000000e+09
1.226393088000000000e+09
1.513187712000000000e+09
1.370111104000000000e+09
1.505428096000000000e+09
1.350105472000000000e+09
1.370575616000000000e+09
1.139283456000000000e+09
1.487589120000000000e+09
1.261744384000000000e+09
1.353826560000000000e+09
1.274011264000000000e+09
1.438397184000000000e+09
1.580102912000000000e+09
1.539536256000000000e+09
1.484249216000000000e+09
1.362281728000000000e+09
1.247873664000000000e+09
1.156090112000000000e+09
1.328065792000000000e+09
1.455211648000000000e+09
1.625423360000000000e+09
1.161203328000000000e+09
1.810645248000000000e+09
1.281714176000000000e+09
1.073959680000000000e+09
1.354905472000000000e+09
1.291514496000000000e+09
1.355913472000000000e+09
1.214336256000000000e+09
1.408855040000000000e+09
1.072933504000000000e+09
1.139860992000000000e+09
1.455962368000000000e+09
1.497871360000000000e+09
1.131036160000000000e+09
1.375293056000000000e+09
1.234386176000000000e+09
1.057197568000000000e+09
1.069613952000000000e+09
1.380234496000000000e+09
1.358408320000000000e+09
1.346417280000000000e+09
1.344861440000000000e+09
1.589941376000000000e+09
1.408532992000000000e+09
1.283063552000000000e+09
1.365456640000000000e+09
1.186373504000000000e+09
1.121209472000000000e+09
1.221985536000000000e+09
1.300164864000000000e+09
1.127231360000000000e+09
1.305088128000000000e+09
1.156439680000000000e+09
1.131496704000000000e+09
1.306523008000000000e+09
1.101841152000000000e+09
1.245786624000000000e+09
1.530077056000000000e+09
1.095577856000000000e+09
1.167439104000000000e+09
1.248418048000000000e+09
1.253058432000000000e+09
1.594458496000000000e+09
1.289160192000000000e+09
1.253816320000000000e+09
1.311305344000000000e+09
1.039826944000000000e+09
1.195857152000000000e+09
1.555769600000000000e+09
1.511617280000000000e+09
1.262577280000000000e+09
1.134773760000000000e+09
1.404413184000000000e+09
1.255825792000000000e+09
1.241412224000000000e+09
1.191178240000000000e+09
9.826853760000000000e+08
1.201956096000000000e+09
1.376270464000000000e+09
1.285227648000000000e+09
1.277809408000000000e+09
1.277338368000000000e+09
1.251692672000000000e+09
1.283947264000000000e+09
1.166956288000000000e+09
1.043419520000000000e+09
9.650725120000000000e+08
1.127521664000000000e+09
1.224560128000000000e+09
1.262619904000000000e+09
9.716849920000000000e+08
1.230221952000000000e+09
1.254316416000000000e+09
1.451957760000000000e+09
1.338733568000000000e+09
1.172277504000000000e+09
1.223352064000000000e+09
1.336209664000000000e+09
1.301898368000000000e+09
1.252712704000000000e+09
1.026396480000000000e+09
1.180573056000000000e+09
9.301454080000000000e+08
1.356479488000000000e+09
1.203006208000000000e+09
1.156376960000000000e+09
1.211546752000000000e+09
1.367706368000000000e+09
1.130361728000000000e+09
9.540359040000000000e+08
9.567810560000000000e+08
9.419980800000000000e+08
1.082169344000000000e+09
8.980686080000000000e+08
1.150726912000000000e+09
1.137256704000000000e+09
1.027759296000000000e+09
1.097502080000000000e+09
9.500745600000000000e+08
1.119215744000000000e+09
1.020751360000000000e+09
1.181595264000000000e+09
8.435098880000000000e+08
1.106109056000000000e+09
1.198311680000000000e+09
1.093462784000000000e+09
1.352604928000000000e+09
1.240030976000000000e+09
1.047963840000000000e+09
1.083341952000000000e+09
1.062048448000000000e+09
1.323071104000000000e+09
1.218892672000000000e+09
8.880378880000000000e+08
1.224580480000000000e+09
1.057323648000000000e+09
1.136269056000000000e+09
1.126666112000000000e+09
8.368933120000000000e+08
1.313830528000000000e+09
1.269565184000000000e+09
1.058235072000000000e+09
1.153028096000000000e+09
1.202581376000000000e+09
1.206443136000000000e+09
1.181994240000000000e+09
1.022810432000000000e+09
8.979612800000000000e+08
1.000249152000000000e+09
1.158188416000000000e+09
9.224972160000000000e+08
1.228946688000000000e+09
9.664068480000000000e+08
9.272266880000000000e+08
1.122905088000000000e+09
1.217831168000000000e+09
1.228501248000000000e+09
9.657760640000000000e+08
1.076998912000000000e+09
1.015989120000000000e+09
1.099085184000000000e+09
9.930251520000000000e+08
1.274733312000000000e+09
1.070392192000000000e+09
1.016546624000000000e+09
1.019511168000000000e+09
1.147693568000000000e+09
1.026509696000000000e+09
1.112818048000000000e+09
1.362910208000000000e+09
1.063604352000000000e+09
9.591837440000000000e+08
9.664935680000000000e+08
1.084792064000000000e+09
9.518480640000000000e+08
1.087900160000000000e+09
1.138246912000000000e+09
8.252679040000000000e+08
1.137957376000000000e+09
1.016292992000000000e+09
8.920958080000000000e+08
1.106779904000000000e+09
1.060463808000000000e+09
1.061379712000000000e+09
1.196645632000000000e+09
1.094995968000000000e+09
1.372612992000000000e+09
9.896264960000000000e+08
1.215438720000000000e+09
1.012368512000000000e+09
1.180120832000000000e+09
9.855424640000000000e+08
8.186299520000000000e+08
1.162710272000000000e+09
1.133249792000000000e+09
8.904147200000000000e+08
1.110782720000000000e+09
1.053301760000000000e+09
9.195074560000000000e+08
1.276245248000000000e+09
9.980974080000000000e+08
1.315952640000000000e+09
1.090884480000000000e+09
1.207582464000000000e+09
9.747341440000000000e+08
9.197093120000000000e+08
8.881048320000000000e+08
8.970712960000000000e+08
1.059921920000000000e+09
9.060636800000000000e+08
1.162499584000000000e+09
1.048798528000000000e+09
1.118440704000000000e+09
9.118018560000000000e+08
9.779326720000000000e+08
9.166938240000000000e+08
9.459454080000000000e+08
9.527084800000000000e+08
1.027794048000000000e+09
8.062474880000000000e+08
1.080864256000000000e+09
1.213242368000000000e+09
9.044034560000000000e+08
1.051694912000000000e+09
1.220055680000000000e+09
1.027524992000000000e+09
1.258296832000000000e+09
9.429587840000000000e+08
8.850894720000000000e+08
8.358064000000000000e+08
1.299081472000000000e+09
1.218950400000000000e+09
1.267499136000000000e+09
9.023129600000000000e+08
1.161316864000000000e+09
9.899175040000000000e+08
8.602369280000000000e+08
1.073902080000000000e+09
1.021052736000000000e+09
1.060314752000000000e+09
1.022137024000000000e+09
1.208274432000000000e+09
8.827776000000000000e+08
1.217566976000000000e+09
1.136776960000000000e+09
9.281182720000000000e+08
9.197467520000000000e+08
1.073389184000000000e+09
8.591305600000000000e+08
9.725489280000000000e+08
9.931400960000000000e+08
1.159424768000000000e+09
1.164422656000000000e+09
1.043146624000000000e+09
9.028549760000000000e+08
9.932853120000000000e+08
1.018196800000000000e+09
9.252365440000000000e+08
8.494508160000000000e+08
1.036211520000000000e+09
1.142131456000000000e+09
1.049763200000000000e+09
9.091006720000000000e+08
1.089589632000000000e+09
9.144883200000000000e+08
1.023329920000000000e+09
9.608258560000000000e+08
1.042198720000000000e+09
1.017864320000000000e+09
1.023119552000000000e+09
8.787704960000000000e+08
9.799082240000000000e+08
1.035354944000000000e+09
1.142988032000000000e+09
1.076481152000000000e+09
1.110482816000000000e+09
1.011328128000000000e+09
1.255225728000000000e+09
1.217983360000000000e+09
1.029617024000000000e+09
9.920204800000000000e+08
9.946893440000000000e+08
8.723827840000000000e+08
9.655238400000000000e+08
1.072028032000000000e+09
1.102242560000000000e+09
9.687203840000000000e+08
1.037943424000000000e+09
1.053699264000000000e+09
1.057952896000000000e+09
7.450999040000000000e+08
8.941842560000000000e+08
9.926236160000000000e+08
1.092706048000000000e+09
8.741251200000000000e+08
1.001492288000000000e+09
9.902144640000000000e+08
1.259708800000000000e+09
8.356424320000000000e+08
9.775276160000000000e+08
8.248070400000000000e+08
8.941866240000000000e+08
9.801519360000000000e+08
7.193998720000000000e+08
1.251047168000000000e+09
8.250846720000000000e+08
8.650412160000000000e+08
1.046831744000000000e+09
1.010723200000000000e+09
9.099680000000000000e+08
1.067706496000000000e+09
8.689849600000000000e+08
9.677026560000000000e+08
8.181070080000000000e+08
1.042115264000000000e+09
9.859621120000000000e+08
8.496176640000000000e+08
9.404837760000000000e+08
9.921090560000000000e+08
8.481089280000000000e+08
1.055730880000000000e+09
1.106589184000000000e+09
8.793990400000000000e+08
1.199262976000000000e+09
9.715834880000000000e+08
9.739749120000000000e+08
9.483697920000000000e+08
8.485336320000000000e+08
1.067624576000000000e+09
9.966160640000000000e+08
8.277074560000000000e+08
9.469964160000000000e+08
9.108029440000000000e+08
1.023740288000000000e+09
9.565228160000000000e+08
8.395964160000000000e+08
7.563823360000000000e+08
9.247614080000000000e+08
1.013689472000000000e+09
1.142610944000000000e+09
8.846222080000000000e+08
1.201366784000000000e+09
8.567929600000000000e+08
8.669152000000000000e+08
1.044403520000000000e+09
9.428217600000000000e+08
1.045379968000000000e+09
8.922197760000000000e+08
1.082530688000000000e+09
9.594224640000000000e+08
9.605488640000000000e+08
1.052673728000000000e+09
1.142584960000000000e+09
1.086767616000000000e+09
1.026124608000000000e+09
1.030401536000000000e+09
1.220037376000000000e+09
9.524842240000000000e+08
8.336487680000000000e+08
8.955086720000000000e+08
8.739244800000000000e+08
8.513050240000000000e+08
1.121801344000000000e+09
9.521747200000000000e+08
9.175031040000000000e+08
8.927280000000000000e+08
1.083651200000000000e+09
9.959661440000000000e+08
9.016185600000000000e+08
9.402231040000000000e+08
8.430794880000000000e+08
1.057144512000000000e+09
8.688039680000000000e+08
8.366192640000000000e+08
1.034807488000000000e+09
9.451441920000000000e+08
8.006051840000000000e+08
8.401921920000000000e+08
8.157066240000000000e+08
8.852862080000000000e+08
9.069003520000000000e+08
1.069057216000000000e+09
8.732622080000000000e+08
8.935804160000000000e+08
8.602686720000000000e+08
7.673592320000000000e+08
8.843567360000000000e+08
8.793093120000000000e+08
8.077191680000000000e+08
9.195404160000000000e+08
1.115195264000000000e+09
7.984627840000000000e+08
7.821748480000000000e+08
9.734166400000000000e+08
8.023669760000000000e+08
8.252987520000000000e+08
1.066316416000000000e+09
9.173498880000000000e+08
8.538680320000000000e+08
9.054741760000000000e+08
8.276552960000000000e+08
1.202032896000000000e+09
8.551258240000000000e+08
7.898087680000000000e+08
8.087136640000000000e+08
8.611599360000000000e+08
7.634113280000000000e+08
8.650369280000000000e+08
1.000732160000000000e+09
8.460109440000000000e+08
8.775393280000000000e+08
9.148061440000000000e+08
8.771947520000000000e+08
7.996302080000000000e+08
8.407996800000000000e+08
9.431358720000000000e+08
8.588615680000000000e+08
8.815146240000000000e+08
7.355123200000000000e+08
1.081537664000000000e+09
8.249065600000000000e+08
8.912044160000000000e+08
8.483296640000000000e+08
8.256522880000000000e+08
8.261706240000000000e+08
8.611606400000000000e+08
8.773102720000000000e+08
1.092821760000000000e+09
9.405776640000000000e+08
8.490808960000000000e+08
9.764901760000000000e+08
8.845733760000000000e+08
9.934653440000000000e+08
9.780782080000000000e+08
8.975518720000000000e+08
8.772244480000000000e+08
9.389560960000000000e+08
9.489546240000000000e+08
1.098922624000000000e+09
1.170443904000000000e+09
9.229678720000000000e+08
8.858588160000000000e+08
9.326629120000000000e+08
1.044099712000000000e+09
8.467982080000000000e+08
1.053459136000000000e+09
9.220325120000000000e+08
9.706983680000000000e+08
8.350597120000000000e+08
9.553708160000000000e+08
1.071910400000000000e+09
9.008325760000000000e+08
9.630887680000000000e+08
1.034032512000000000e+09
1.097759360000000000e+09
9.612660480000000000e+08
8.524947200000000000e+08
8.365025280000000000e+08
8.638402560000000000e+08
8.989894400000000000e+08
9.104662400000000000e+08
9.345670400000000000e+08
8.128740480000000000e+08
8.025992960000000000e+08
9.068223360000000000e+08
9.324120320000000000e+08
9.792654080000000000e+08
9.358503040000000000e+08
9.739692800000000000e+08
9.451547520000000000e+08
9.244523520000000000e+08
1.023081664000000000e+09
9.458210560000000000e+08
7.559642240000000000e+08
9.859832960000000000e+08
8.964401280000000000e+08
9.429342080000000000e+08
8.122837760000000000e+08
7.712210560000000000e+08
8.336508160000000000e+08
9.838040320000000000e+08
8.538270080000000000e+08
9.178935040000000000e+08
7.075216640000000000e+08
9.562849280000000000e+08
9.525000960000000000e+08
8.589150080000000000e+08
8.430160000000000000e+08
7.907736320000000000e+08
8.151796480000000000e+08
1.034400768000000000e+09
8.564813440000000000e+08
7.830949760000000000e+08
9.893589760000000000e+08
9.258038400000000000e+08
9.218064640000000000e+08
8.959177600000000000e+08
9.327576320000000000e+08
9.489674240000000000e+08
1.029581184000000000e+09
1.053253952000000000e+09
8.716661760000000000e+08
8.718152960000000000e+08
8.611786880000000000e+08
8.367397120000000000e+08
8.270869760000000000e+08
8.704673920000000000e+08
8.082510720000000000e+08
9.796814080000000000e+08
1.030020736000000000e+09
8.808584320000000000e+08
9.254245120000000000e+08
7.305227520000000000e+08
8.756804480000000000e+08
9.366001920000000000e+08
1.000352256000000000e+09
8.763601920000000000e+08
9.364876160000000000e+08
8.419911040000000000e+08
8.704403200000000000e+08
6.935338880000000000e+08
8.341756800000000000e+08
9.377064960000000000e+08
9.421729920000000000e+08
8.620253440000000000e+08
9.694781440000000000e+08
8.598384640000000000e+08
8.425180160000000000e+08
8.689288320000000000e+08
7.996248960000000000e+08
1.049227648000000000e+09
8.660650240000000000e+08
8.532093440000000000e+08
9.137552640000000000e+08
9.199547520000000000e+08
9.734014720000000000e+08
9.018483840000000000e+08
7.456740480000000000e+08
7.393360640000000000e+08
9.020772480000000000e+08
8.901729280000000000e+08
8.687921280000000000e+08
7.868389120000000000e+08
7.575865600000000000e+08
9.171058560000000000e+08
9.110405120000000000e+08
8.789262080000000000e+08
9.194426240000000000e+08
1.101532544000000000e+09
8.523889280000000000e+08
9.258622720000000000e+08
8.996135680000000000e+08
1.021566144000000000e+09
7.067379200000000000e+08
7.671084800000000000e+08
9.795229440000000000e+08
9.100296320000000000e+08
8.842629120000000000e+08
9.480764160000000000e+08
9.207838720000000000e+08
8.801488640000000000e+08
1.112927360000000000e+09
9.196318720000000000e+08
9.236957440000000000e+08
9.985870080000000000e+08
7.023064960000000000e+08
8.599024640000000000e+08
9.783297920000000000e+08
9.958318080000000000e+08
8.152465920000000000e+08
8.569316480000000000e+08
9.994241280000000000e+08
9.138176000000000000e+08
9.804901120000000000e+08
7.920047360000000000e+08
8.294683520000000000e+08
7.958889600000000000e+08
9.649278720000000000e+08
8.498108160000000000e+08
8.052332800000000000e+08
9.790391040000000000e+08
8.233475200000000000e+08
8.831306880000000000e+08
9.158094080000000000e+08
8.084152320000000000e+08
9.644376320000000000e+08
8.774734080000000000e+08
1.057488512000000000e+09
8.796248320000000000e+08
1.150564352000000000e+09
7.795978240000000000e+08
8.115402880000000000e+08
8.087796480000000000e+08
7.924715520000000000e+08
8.079399680000000000e+08
1.020049536000000000e+09
8.983749760000000000e+08
8.116884480000000000e+08
8.393523200000000000e+08
8.528206080000000000e+08
7.730361600000000000e+08
9.876336640000000000e+08
8.635824000000000000e+08
7.992441600000000000e+08
9.293434880000000000e+08
9.501267840000000000e+08
8.473032960000000000e+08
1.063799424000000000e+09
7.989656320000000000e+08
8.681659520000000000e+08
8.047477760000000000e+08
8.070264960000000000e+08
7.908674560000000000e+08
8.447682560000000000e+08
7.526736000000000000e+08
1.107553536000000000e+09
7.933246720000000000e+08
8.703336320000000000e+08
7.904520320000000000e+08
9.892242560000000000e+08
6.961150080000000000e+08
8.620606720000000000e+08
8.940724480000000000e+08
9.140682880000000000e+08
9.139475200000000000e+08
9.590524800000000000e+08
8.544039680000000000e+08
7.600739200000000000e+08
7.495106560000000000e+08
8.673950720000000000e+08
9.727340800000000000e+08
9.103005440000000000e+08
9.072879360000000000e+08
7.491573120000000000e+08
8.556985600000000000e+08
8.696789760000000000e+08
8.125160320000000000e+08
7.693769600000000000e+08
8.964152320000000000e+08
7.918501120000000000e+08
8.624394240000000000e+08
7.793775360000000000e+08
9.518726400000000000e+08
7.215697280000000000e+08
8.448174720000000000e+08
8.821180160000000000e+08
8.340414720000000000e+08
7.692659840000000000e+08
8.703360000000000000e+08
7.987831040000000000e+08
8.730471680000000000e+08
1.025180352000000000e+09
8.693404800000000000e+08
8.840428800000000000e+08
7.792236800000000000e+08
9.841928320000000000e+08
9.316583680000000000e+08
1.083438592000000000e+09
9.267845120000000000e+08
7.940787200000000000e+08
8.651128960000000000e+08
8.714552320000000000e+08
8.923237120000000000e+08
1.000049792000000000e+09
8.263280640000000000e+08
8.977566720000000000e+08
6.894206080000000000e+08
9.379793920000000000e+08
7.152047360000000000e+08
7.996949760000000000e+08
9.356130560000000000e+08
8.276250880000000000e+08
8.546982400000000000e+08
7.852952320000000000e+08
8.982752000000000000e+08
8.206148480000000000e+08
9.170525440000000000e+08
8.298777600000000000e+08
8.210815360000000000e+08
6.642268800000000000e+08
7.808920320000000000e+08
9.209987840000000000e+08
8.184736640000000000e+08
8.956081280000000000e+08
7.779520640000000000e+08
8.407063040000000000e+08
9.122348800000000000e+08
8.331123840000000000e+08
8.995447040000000000e+08
6.799752320000000000e+08
7.686838400000000000e+08
7.922702080000000000e+08
9.707247360000000000e+08
7.267256960000000000e+08
8.624350080000000000e+08
8.231818880000000000e+08
9.223136000000000000e+08
8.350795520000000000e+08
7.886637440000000000e+08
8.278342400000000000e+08
8.943675520000000000e+08
8.471207040000000000e+08
1.073005952000000000e+09
7.206411520000000000e+08
8.154256640000000000e+08
7.750042880000000000e+08
9.516555520000000000e+08
9.573059840000000000e+08
6.699168000000000000e+08
9.600736000000000000e+08
7.959097600000000000e+08
9.458179840000000000e+08
8.252897920000000000e+08
9.171124480000000000e+08
7.373478400000000000e+08
7.708414720000000000e+08
7.098940160000000000e+08
7.778170880000000000e+08
8.344549120000000000e+08
8.752018560000000000e+08
8.614346880000000000e+08
7.226231040000000000e+08
8.342394880000000000e+08
7.513511680000000000e+08
8.503651200000000000e+08
9.180312320000000000e+08
8.522451200000000000e+08
8.855645440000000000e+08
9.151968000000000000e+08
9.330348800000000000e+08
8.463893760000000000e+08
8.566920960000000000e+08
9.194496000000000000e+08
8.411580160000000000e+08
8.257647360000000000e+08
7.890428160000000000e+08
7.379852800000000000e+08
7.864240640000000000e+08
7.753112320000000000e+08
7.973589760000000000e+08
9.186983040000000000e+08
9.353600000000000000e+08
7.815556480000000000e+08
7.771298560000000000e+08
6.910904960000000000e+08
8.372775680000000000e+08
9.087549440000000000e+08
7.649968000000000000e+08
8.059308160000000000e+08
9.539232000000000000e+08
7.816407040000000000e+08
1.056889344000000000e+09
8.074227200000000000e+08
8.899745920000000000e+08
7.691253120000000000e+08
7.275315200000000000e+08
9.942666240000000000e+08
9.508912000000000000e+08
7.051656960000000000e+08
9.608659840000000000e+08
1.062540480000000000e+09
7.699349760000000000e+08
8.104392960000000000e+08
8.480315520000000000e+08
9.328684800000000000e+08
8.142176000000000000e+08
7.715370880000000000e+08
8.903917440000000000e+08
8.913839360000000000e+08
8.284609280000000000e+08
9.067229440000000000e+08
7.953427200000000000e+08
7.601235200000000000e+08
8.573125760000000000e+08
8.220822400000000000e+08
1.120076160000000000e+09
9.069668480000000000e+08
9.520371840000000000e+08
8.742846720000000000e+08
9.787011200000000000e+08
8.775921920000000000e+08
9.771907200000000000e+08
1.035161408000000000e+09
1.003706560000000000e+09
9.367356160000000000e+08
7.894180480000000000e+08
9.540702080000000000e+08
9.213890560000000000e+08
7.885250560000000000e+08
8.053255040000000000e+08
9.494053120000000000e+08
8.359843200000000000e+08
7.950873600000000000e+08
9.876507520000000000e+08
1.020522816000000000e+09
7.281404800000000000e+08
7.446540160000000000e+08
8.621185920000000000e+08
8.786715520000000000e+08
6.636202880000000000e+08
7.488189440000000000e+08
8.581022720000000000e+08
6.848574080000000000e+08
9.584647040000000000e+08
9.953585280000000000e+08
8.014146560000000000e+08
9.164042240000000000e+08
7.173017600000000000e+08
8.287874560000000000e+08
8.370071680000000000e+08
8.696570880000000000e+08
9.041109120000000000e+08
9.424653440000000000e+08
7.812449920000000000e+08
8.738843520000000000e+08
7.941751040000000000e+08
9.045096320000000000e+08
8.118083840000000000e+08
8.773604480000000000e+08
9.376371840000000000e+08
6.766791040000000000e+08
9.685213440000000000e+08
8.771669760000000000e+08
9.088433280000000000e+08
7.041373440000000000e+08
8.317882240000000000e+08
9.015292160000000000e+08
8.829523200000000000e+08
8.737863680000000000e+08
7.676570880000000000e+08
8.321218560000000000e+08
7.218853760000000000e+08
8.825459840000000000e+08
6.997840640000000000e+08
7.479724160000000000e+08
8.922392320000000000e+08
8.941881600000000000e+08
9.283792000000000000e+08
8.491789440000000000e+08
8.596993280000000000e+08
9.668378880000000000e+08
7.788368000000000000e+08
8.030252800000000000e+08
8.012592640000000000e+08
7.782756480000000000e+08
9.721396480000000000e+08
7.722986240000000000e+08
8.028668800000000000e+08
8.073111040000000000e+08
7.686449280000000000e+08
9.159393280000000000e+08
8.756179840000000000e+08
9.269669760000000000e+08
9.341216640000000000e+08
7.670629120000000000e+08
8.050248960000000000e+08
9.542492160000000000e+08
9.146472320000000000e+08
7.032940800000000000e+08
7.529134720000000000e+08
6.742184960000000000e+08
6.974388480000000000e+08
7.478908160000000000e+08
7.796786560000000000e+08
6.727349760000000000e+08
8.017549440000000000e+08
9.132606720000000000e+08
9.350698240000000000e+08
7.219009920000000000e+08
9.028968320000000000e+08
7.476573440000000000e+08
1.029039488000000000e+09
8.250247040000000000e+08
6.323180800000000000e+08
7.212117760000000000e+08
7.388663040000000000e+08
8.862161920000000000e+08
8.970712960000000000e+08
8.195259520000000000e+08
6.969110400000000000e+08
7.257191040000000000e+08
7.929160960000000000e+08
7.553155840000000000e+08
7.431235840000000000e+08
8.281936000000000000e+08
8.152126720000000000e+08
8.397686400000000000e+08
7.593430400000000000e+08
7.086042240000000000e+08
7.018432640000000000e+08
8.117795840000000000e+08
7.026161280000000000e+08
7.180611840000000000e+08
8.592400640000000000e+08
8.361358080000000000e+08
7.761667840000000000e+08
7.934758400000000000e+08
7.356297600000000000e+08
9.179416320000000000e+08
7.671466240000000000e+08
7.280974080000000000e+08
8.030051200000000000e+08
7.264714880000000000e+08
7.085826560000000000e+08
7.771966080000000000e+08
7.697321600000000000e+08
6.454288000000000000e+08
7.328778240000000000e+08
6.465245440000000000e+08
7.278478720000000000e+08
9.053658240000000000e+08
7.385505920000000000e+08
6.532996480000000000e+08
7.371633920000000000e+08
6.403955840000000000e+08
7.783719680000000000e+08
7.177777920000000000e+08
7.675042560000000000e+08
7.332111360000000000e+08
7.442031360000000000e+08
7.102549760000000000e+08
7.632320000000000000e+08
7.912165120000000000e+08
7.873243520000000000e+08
7.985848960000000000e+08
6.894768000000000000e+08
7.979843200000000000e+08
8.223888000000000000e+08
7.649289600000000000e+08
7.541127680000000000e+08
8.085600000000000000e+08
8.470103040000000000e+08
7.422920960000000000e+08
6.666848640000000000e+08
7.729166080000000000e+08
6.923678720000000000e+08
7.271813120000000000e+08
8.642331520000000000e+08
9.020243200000000000e+08
8.204504320000000000e+08
7.039809280000000000e+08
8.098704640000000000e+08
7.084072320000000000e+08
7.077726080000000000e+08
8.295540480000000000e+08
7.608392960000000000e+08
7.299946880000000000e+08
6.784279680000000000e+08
7.086695680000000000e+08
6.675847040000000000e+08
7.311276160000000000e+08
6.953337600000000000e+08
7.567635840000000000e+08
6.806066560000000000e+08
6.376510080000000000e+08
6.889299200000000000e+08
7.066912640000000000e+08
7.931907840000000000e+08
6.860343040000000000e+08
6.867987840000000000e+08
7.900579200000000000e+08
7.477907840000000000e+08
5.722919040000000000e+08
7.784501760000000000e+08
7.536544000000000000e+08
8.958519040000000000e+08
6.995256960000000000e+08
6.979296000000000000e+08
7.362174720000000000e+08
8.653187840000000000e+08
7.156997120000000000e+08
7.021141760000000000e+08
6.703681280000000000e+08
7.072637440000000000e+08
7.820726400000000000e+08
6.688897280000000000e+08
6.633167360000000000e+08
5.959183360000000000e+08
7.199317760000000000e+08
5.615783040000000000e+08
6.526910720000000000e+08
7.442760320000000000e+08
7.824531840000000000e+08
7.018585600000000000e+08
7.069984640000000000e+08
6.420209280000000000e+08
7.012028800000000000e+08
7.524803840000000000e+08
6.720947840000000000e+08
7.870808320000000000e+08
6.503059840000000000e+08
7.275095040000000000e+08
6.967248640000000000e+08
8.401283840000000000e+08
7.159253120000000000e+08
6.739014400000000000e+08
6.614506240000000000e+08
8.574059520000000000e+08
6.842484480000000000e+08
6.631688320000000000e+08
7.762286720000000000e+08
6.744766720000000000e+08
7.264785280000000000e+08
8.467971840000000000e+08
6.892451200000000000e+08
7.557034880000000000e+08
7.066702720000000000e+08
8.571774720000000000e+08
6.703475200000000000e+08
7.664391040000000000e+08
7.346576640000000000e+08
6.065517440000000000e+08
7.744185600000000000e+08
6.415257600000000000e+08
6.376380800000000000e+08
6.408551680000000000e+08
7.074512640000000000e+08
7.427930880000000000e+08
7.747528960000000000e+08
7.593223040000000000e+08
7.068472960000000000e+08
7.620721920000000000e+08
7.040694400000000000e+08
7.326773120000000000e+08
8.473891840000000000e+08
7.614138880000000000e+08
6.486288000000000000e+08
8.052709120000000000e+08
7.562353280000000000e+08
6.612719360000000000e+08
7.693272960000000000e+08
7.226855040000000000e+08
7.823008000000000000e+08
6.431515520000000000e+08
7.717579520000000000e+08
7.450112000000000000e+08
7.100886400000000000e+08
7.253116160000000000e+08
7.668637440000000000e+08
7.535901440000000000e+08
6.476672640000000000e+08
8.174340480000000000e+08
9.112047360000000000e+08
6.747011840000000000e+08
8.894232320000000000e+08
7.195334400000000000e+08
7.656125440000000000e+08
6.624048640000000000e+08
7.563741440000000000e+08
7.616122880000000000e+08
6.476357760000000000e+08
7.083258880000000000e+08
8.184282240000000000e+08
7.123362560000000000e+08
7.023674240000000000e+08
6.476594560000000000e+08
6.911686400000000000e+08
6.248522880000000000e+08
8.173699200000000000e+08
6.930736640000000000e+08
6.631048960000000000e+08
7.626167680000000000e+08
7.583756160000000000e+08
6.949128960000000000e+08
6.602972800000000000e+08
7.232077440000000000e+08
6.564640000000000000e+08
7.206593280000000000e+08
7.021811840000000000e+08
7.468255360000000000e+08
6.445403520000000000e+08
7.611240960000000000e+08
8.136992000000000000e+08
6.764806400000000000e+08
8.043130240000000000e+08
6.515447680000000000e+08
7.624659200000000000e+08
6.538483200000000000e+08
6.922288000000000000e+08
9.704502400000000000e+08
7.579174400000000000e+08
7.993949440000000000e+08
6.763595520000000000e+08
6.581876480000000000e+08
7.201227520000000000e+08
6.511853440000000000e+08
8.267270400000000000e+08
6.088028160000000000e+08
7.019840000000000000e+08
6.748810240000000000e+08
6.453672320000000000e+08
6.018936320000000000e+08
8.086398080000000000e+08
7.758897280000000000e+08
7.023456000000000000e+08
6.978257920000000000e+08
7.652511360000000000e+08
7.165526400000000000e+08
7.544567040000000000e+08
6.322164480000000000e+08
7.452542720000000000e+08
7.289420160000000000e+08
7.378411520000000000e+08
6.923587840000000000e+08
7.997009920000000000e+08
7.901372160000000000e+08
8.152238720000000000e+08
7.476294400000000000e+08
7.081863680000000000e+08
6.305119360000000000e+08
6.773079680000000000e+08
8.234220800000000000e+08
6.942419200000000000e+08
7.196408320000000000e+08
7.863509760000000000e+08
6.245104640000000000e+08
5.790669440000000000e+08
6.785921920000000000e+08
7.486579200000000000e+08
8.186778240000000000e+08
6.669822720000000000e+08
7.443517440000000000e+08
7.242413440000000000e+08
7.667374080000000000e+08
8.553032320000000000e+08
7.691851520000000000e+08
7.355410560000000000e+08
7.876870400000000000e+08
7.889579520000000000e+08
7.722394880000000000e+08
7.385300480000000000e+08
6.950564480000000000e+08
8.030383360000000000e+08
6.377084160000000000e+08
7.650590720000000000e+08
7.366654720000000000e+08
6.686094080000000000e+08
7.305524480000000000e+08
6.874361600000000000e+08
7.265299200000000000e+08
7.931248000000000000e+08
7.209744640000000000e+08
6.745104000000000000e+08
7.252583680000000000e+08
5.860725760000000000e+08
7.965336320000000000e+08
6.928236800000000000e+08
7.105468160000000000e+08
6.593107840000000000e+08
7.576259840000000000e+08
7.094410240000000000e+08
7.131359360000000000e+08
7.578885760000000000e+08
6.545996800000000000e+08
6.620739840000000000e+08
7.428104960000000000e+08
7.313462400000000000e+08
7.612513280000000000e+08
8.548409600000000000e+08
7.179786240000000000e+08
7.201690880000000000e+08
6.372519680000000000e+08
7.285701760000000000e+08
6.776273280000000000e+08
7.660241920000000000e+08
8.102007040000000000e+08
6.755501440000000000e+08
8.429879040000000000e+08
7.181719040000000000e+08
7.703893120000000000e+08
7.199607680000000000e+08
7.773633280000000000e+08
6.262721280000000000e+08
8.164284160000000000e+08
7.824894720000000000e+08
7.024257920000000000e+08
7.410441600000000000e+08
6.264810880000000000e+08
6.257659520000000000e+08
8.235240320000000000e+08
6.689280640000000000e+08
7.735361920000000000e+08
7.377695360000000000e+08
6.700825600000000000e+08
6.705791360000000000e+08
8.707703680000000000e+08
7.275744640000000000e+08
6.821155200000000000e+08
8.062899200000000000e+08
6.967553280000000000e+08
6.442502400000000000e+08
7.795534720000000000e+08
8.149141120000000000e+08
9.152285440000000000e+08
7.924225280000000000e+08
7.083825280000000000e+08
6.774192000000000000e+08
7.821643520000000000e+08
7.529895680000000000e+08
7.676115200000000000e+08
7.944500480000000000e+08
6.714152960000000000e+08
6.473023360000000000e+08
6.653362560000000000e+08
8.103573760000000000e+08
8.270136320000000000e+08
6.960632960000000000e+08
6.250929280000000000e+08
8.144451200000000000e+08
7.344876160000000000e+08
6.660166400000000000e+08
6.696487680000000000e+08
7.068448000000000000e+08
7.954749440000000000e+08
6.996499200000000000e+08
7.672772480000000000e+08
8.985946880000000000e+08
6.555363200000000000e+08
7.161030400000000000e+08
6.999480960000000000e+08
7.296235520000000000e+08
6.991726720000000000e+08
7.218306560000000000e+08
7.664163200000000000e+08
6.385944320000000000e+08
6.915294080000000000e+08
6.869248000000000000e+08
7.188747520000000000e+08
8.810087680000000000e+08
7.076547840000000000e+08
6.593733760000000000e+08
7.564192000000000000e+08
8.505783040000000000e+08
6.954277760000000000e+08
7.548902400000000000e+08
6.147141760000000000e+08
6.122771200000000000e+08
8.667700480000000000e+08
7.881327360000000000e+08
6.742844160000000000e+08
8.009022720000000000e+08
7.439538560000000000e+08
7.699164160000000000e+08
6.905945600000000000e+08
6.993842560000000000e+08
6.089314560000000000e+08
6.688597760000000000e+08
6.770937600000000000e+08
8.872516480000000000e+08
7.677040000000000000e+08
7.542848000000000000e+08
8.415205120000000000e+08
7.451141760000000000e+08
7.163015040000000000e+08
7.302673920000000000e+08
8.115416320000000000e+08
8.515495680000000000e+08
6.815624320000000000e+08
8.203258240000000000e+08
7.946111360000000000e+08
7.022889600000000000e+08
7.116952960000000000e+08
6.877232000000000000e+08
6.729073280000000000e+08
6.931928960000000000e+08
7.460785280000000000e+08
7.518229120000000000e+08
6.832055040000000000e+08
7.723449600000000000e+08
6.926426240000000000e+08
8.119312640000000000e+08
7.314487680000000000e+08
7.801731840000000000e+08
6.895889920000000000e+08
8.583297920000000000e+08
6.720264960000000000e+08
7.726896000000000000e+08
7.427383040000000000e+08
8.527279360000000000e+08
6.770775040000000000e+08
7.653064960000000000e+08
6.692285440000000000e+08
7.870402560000000000e+08
7.915220480000000000e+08
6.644048640000000000e+08
7.535389440000000000e+08
7.106777600000000000e+08
7.595997440000000000e+08
7.179123840000000000e+08
8.525781120000000000e+08
9.618259840000000000e+08
6.519827200000000000e+08
7.807868800000000000e+08
6.519977600000000000e+08
6.438928640000000000e+08
7.385291520000000000e+08
7.045564160000000000e+08
7.247431040000000000e+08
7.288610560000000000e+08
6.331847680000000000e+08
7.767936000000000000e+08
8.266641920000000000e+08
8.151397120000000000e+08
6.665063040000000000e+08
6.712357760000000000e+08
9.363971200000000000e+08
7.663020800000000000e+08
7.725021440000000000e+08
7.836624640000000000e+08
8.888819840000000000e+08
6.863969920000000000e+08
6.735472640000000000e+08
7.637918080000000000e+08
7.174561920000000000e+08
