-4.267385028674712521e+04
-1.937625481739599707e+02
-5.872678301516078818e+02
-2.512036071261297911e+06
-1.225746119207907654e+07
-2.548637228148867935e+07
-3.947485179492998123e+07
-5.803712358512916416e+07
-7.854771703154903650e+07
-3.118107635376666859e+07
-3.049258435933156684e+07
-2.949245586944500101e+05
-6.599588552650403290e+04
-2.563096849772619024e+01
-1.021373433375672221e+03
-3.249846894304064790e+03
-3.187444493199056339e+01
-2.846369253430471756e+06
-1.580647164703291096e+07
-1.177251329203609005e+07
-1.052928742940263450e+07
-1.724538108010778204e+07
-2.360553574323476478e+07
-3.364386547369556129e+07
-4.927309474563945085e+07
-6.834812824624894559e+07
-2.899673809635616094e+07
-2.996825777813411877e+07
-3.642979846598003060e+07
-4.340226155326403677e+07
-4.993784034334414452e+07
-5.850694202881433815e+07
-4.925222451933266595e+06
-1.756571469381026179e+07
-3.062854528249387071e+07
-4.786527566227684915e+07
-4.008468448450331390e+07
-1.201323668388273334e+06
-8.240440006591796409e+05
-7.386569701596883988e+02
-2.116688951889694203e+06
-8.474148555531352758e+06
-1.503241729414610565e+07
-2.269008044663001597e+07
-1.264101099803680927e+07
-1.754588719720582276e+03
-2.418358796083750804e+02
-1.608183569235804025e+06
-8.203731865881154314e+06
-2.155353247514847666e+07
-3.294884464155096933e+07
-3.884654253239496052e+07
-3.618144927502114326e+07
-5.382433449628637731e+07
-7.365176077167722583e+07
-9.739362720264235139e+07
-1.047293387186378390e+08
-7.199737606597496569e+07
-8.594575401669427752e+07
-6.494214174131892622e+07
-3.751433021030803025e+07
-4.440263518348769099e+07
-5.168991128779005259e+07
-6.385144774766419828e+07
-7.717705874618850648e+07
-1.838736886878794059e+07
-6.560860815889628604e+06
-1.713446671300739795e+07
-3.037354854828760773e+07
-3.881561264963071793e+06
-1.328855823622835451e+05
-3.507959241764970124e+06
-1.519714271068181098e+07
-1.491561922209651396e+07
-2.172728562316236645e+07
-2.859356090383475274e+07
-3.549126211096890271e+07
-4.401910839761684090e+07
-5.713007373562777042e+07
-7.258029904669362307e+07
-6.962468053371180594e+07
-2.764935101210180670e+07
-3.421724496772930771e+07
-4.173534559498834610e+07
-5.686491085784149170e+07
-3.505172202361242473e+07
-4.476107272181741148e+07
-6.510622934795069695e+07
-8.565297291015878320e+07
-1.062752905385762304e+08
-1.267142803436048031e+08
-1.470467496165254116e+08
-1.673678410517718196e+08
-6.869580763796094060e+07
-6.508742961329169571e+07
-7.823693192273049057e+07
-1.042206763827289979e+05
-5.928858180865285021e+02
-2.889323731081657343e+02
-5.375145598902345512e+01
-2.988828409708990108e+01
-9.051370236563786875e+01
-1.399027960315686414e+03
-1.204873849385057127e+02
-1.579888000706371851e+06
-8.105853896889112890e+06
-1.478779189932853542e+07
-2.342225084178591147e+07
-4.145069091759593785e+07
-6.168156745216027647e+07
-6.875267358365014195e+07
-5.621812964108248055e+07
-7.615224396086552739e+07
-6.681092457910285890e+07
-4.763398813039084524e+07
-5.409257817512633651e+07
-5.033913353524409980e+07
-1.177987193839568086e+07
-2.537528997692630813e+07
-4.047388444789041579e+07
-6.454367900069224834e+07
-7.291036920649775863e+07
-2.319800665149320662e+07
-1.253594804399644318e+03
-1.894752707205427811e+01
-4.659032413541957141e+01
-1.496944006078841483e+02
-9.708865306026167445e+02
-3.078717008707184277e+01
-3.239347796442703498e+01
-6.609417777533664662e+01
-4.360018063674980112e+03
-1.230570300809991750e+03
-4.403026748744100332e+05
-5.594420968833682127e+06
-1.308013428852532431e+07
-2.756042676221098751e+07
-4.527209828801678866e+07
-3.230469587045300007e+07
-4.115119748304231465e+07
-5.427947523076119274e+07
-7.298571388087923825e+07
-9.966788912417444587e+07
-4.902704007939654589e+07
-1.444193868850783929e+03
-1.073874666957121462e+03
-5.805423617653085557e+02
-1.502728181094695117e+02
-4.154250047199738212e+06
-8.031098386064819992e+06
-1.720825954553119838e+07
-3.057278371862176061e+07
-4.419737520313902944e+07
-6.448249879845397174e+07
-9.153976872296194732e+07
-8.700888356012220681e+07
-6.927314547240850516e+06
-1.285445243233823404e+07
-1.933200567152339965e+07
-2.631542426475464180e+07
-3.308265441930440068e+07
-4.049920391665280610e+07
-5.173847136910857260e+07
-1.149659111996042356e+07
-2.143905541515307128e+07
-3.493983120152755827e+07
-2.747168754764007777e+07
-1.501263089056113529e+02
-2.426863496749215119e+04
-3.660477119806343893e+01
-3.605743891512840094e+01
-2.812497012361452216e+05
-9.730727200998838991e+06
-2.275045823607479781e+07
-3.817912000059452653e+07
-4.557774078145752847e+07
-4.967921813087462634e+07
-6.762536368720811605e+07
-7.490581713316926360e+07
-7.288080733542387187e+07
-4.514518890690291673e+07
-5.834328659130380303e+07
-7.162965329382327199e+07
-1.782544563000900671e+07
-8.071681310184245929e+06
-1.523749106413537636e+07
-2.666456551912787557e+07
-4.064472259146535397e+07
-3.156956627121677995e+07
-1.383850310200411640e+07
-2.318965786970494688e+07
-1.107512381710867584e+07
-7.452100419698325917e+06
-1.394103867349445447e+07
-2.161044097510942444e+07
-3.823301964515779912e+07
-2.096300524278327823e+07
-1.958673103999753669e+07
-2.809867971007462218e+07
-4.128141176063822210e+07
-4.278752791766339540e+07
-1.654874068236936349e+06
-9.439347897018048912e+06
-2.504902628462808579e+07
-4.886049263133888692e+07
-3.393927057211914659e+07
-1.675981334870356880e+07
-4.998582451256214654e+02
-1.364449465966495154e+02
-2.427179013230324257e+06
-1.281475189249370061e+07
-3.027922063906832784e+07
-5.365042400051393360e+07
-7.664643926477698982e+07
-6.052450735997082293e+07
-4.231449464375759475e+06
-1.059950748500514692e+03
-2.655840816446791869e+05
-5.308891481567707844e+06
-1.219703905402517505e+07
-1.965644620830634981e+07
-3.154115111234493926e+07
-4.487226882898308337e+07
-5.444370337370562553e+07
-4.699542450695361197e+07
-6.008864719365656376e+07
-4.812889097401081026e+07
-3.199719367951439694e+07
-4.541696341999520361e+07
-4.333246590015982836e+07
-5.281122020690176636e+06
-1.206105085025188699e+07
-1.886796282196754962e+07
-3.158149926616730541e+07
-5.113750544693724811e+07
-7.160289257572069764e+07
-7.281148981653262675e+07
-5.907343058736227453e+07
-7.234614051752172410e+07
-5.406260662312461436e+07
-3.318187027002326772e+07
-4.687147371191572398e+07
-6.057060563541594893e+07
-5.278725326608213037e+07
-8.035667700724708848e+06
-1.666491105679827797e+03
-2.064941967650764564e+05
-5.955286907068513334e+06
-1.853281206510364637e+07
-3.524461017803531885e+07
-5.687244789874304831e+07
-7.073220270981852710e+07
-9.054683793501615524e+07
-9.167072892347994447e+07
-4.876219328307665884e+07
-1.281182398436485045e+07
-1.936011243285817653e+07
-2.937928827874195576e+07
-2.948751433612956852e+07
-1.477935356100416720e+04
-1.110239953933930519e+04
-7.913850941158866044e+05
-7.708184931055499241e+06
-2.309092067684829980e+07
-2.558093198205304146e+07
-1.070472615946882963e+07
-2.268829958783223480e+07
-3.992277771142286062e+07
-6.184441753973486274e+07
-4.393374676133680344e+07
-5.771878643293899298e+07
-2.308881478989185300e+06
-8.501495599410533905e+06
-1.506354896380452439e+07
-3.057040690479420498e+07
-3.301463432970706373e+07
-2.299528162267243862e+07
-3.641209000011297315e+07
-5.001734341894264519e+07
-1.849362293563514203e+07
-2.645781682011330304e+03
-2.999522170117008034e+06
-9.580797360842743888e+06
-1.649861763484233245e+07
-2.334379108421295509e+07
-3.090436145323555544e+07
-3.167463064591308683e+07
-3.055159153299721656e+05
-2.221189295793306082e+06
-8.647553363902229816e+06
-1.933179955678020790e+07
-2.792240669437884167e+07
-3.161672244744081050e+07
-4.610440710162975639e+07
-5.464627290736877918e+07
-2.906376627858763188e+07
-4.304438291038927436e+07
-2.008369219423296396e+06
-2.705291878926103163e+04
-1.701510911026343820e+05
-2.367497646808106637e+01
-1.019524139235016264e+04
-3.179113266012319364e+06
-1.637230272785480693e+07
-3.583555596667276323e+07
-6.052366612419579178e+07
-6.837582668524064124e+07
-5.399341413221571594e+07
-4.668238454816156626e+07
-1.670247448890942335e+07
-7.549862806960705086e+01
-1.198981557313808007e+05
-7.832317316671135835e+06
-2.122696703379517794e+07
-3.709641931799931824e+07
-5.714478667070823908e+07
-7.841593776972039044e+07
-5.851985485329858959e+07
-7.788587590412966907e+06
-1.434929709726301953e+07
-2.207354951283417270e+07
-1.360369846289493702e+07
-7.221305009986129589e+06
-1.426935714677553810e+07
-2.808758562988178805e+07
-3.066454921253203228e+07
-1.622942064522304572e+07
-3.134207527762235329e+07
-5.205216095141917467e+07
-5.196897576813824475e+07
-4.929578869291673601e+07
-6.294903150525370985e+07
-7.876973395075294375e+07
-7.559109253764997423e+07
-7.094137030221919715e+07
-8.400730127632936835e+07
-2.562321298170968145e+07
-8.123630208174797706e+06
-1.924645225697744638e+07
-3.964120419407787174e+07
-4.964817094048137218e+07
-6.521544357239148766e+07
-6.628045356821261346e+07
-2.628490583947062120e+07
-4.167119146526855230e+07
-5.338314875635869801e+07
-6.938868338717550039e+07
-8.975287525478665531e+07
-1.150680757243120968e+08
-6.626401536941599846e+07
-7.113885492416448891e+07
-8.472964327841386199e+07
-9.825036705168136954e+07
-1.116407145470369756e+08
-1.194997206171966344e+07
-1.692015577505413262e+02
-9.644480163967317310e+01
-8.833062137025461880e+01
-6.424817880826084604e+01
-2.937743167724612169e+06
-1.056969196869231388e+07
-3.629137482994259801e+06
-1.045874430410863832e+07
-1.718769579314840212e+07
-2.408796528870487958e+07
-3.557067896113368869e+07
-4.972218514928586781e+07
-6.947196363629010320e+07
-6.666725448007252067e+07
-7.767811322821658850e+07
-9.753551942136117816e+07
-5.951997111782622337e+07
-1.930787331949255615e+07
-2.127987604219961941e+04
-2.805887629441492027e+05
-8.568385630457090883e+03
-2.996644599820671137e+06
-1.001474577805484459e+07
-1.706779465226031095e+07
-2.924683156947631761e+07
-4.616661000162027776e+07
-4.440005946023847908e+07
-1.629884665869666077e+07
-2.380515134866573662e+07
-3.405900197445172071e+07
-3.556227888839528314e+05
-1.428633326146516774e+05
-2.767223968086886998e+03
-2.071990947967035623e+01
-2.583696851644772571e+06
-9.364367157693432644e+06
-2.097195502344495803e+07
-1.886979183421079069e+07
-3.348513668437383324e+07
-1.890148661491516232e+07
-2.186382494622305781e+07
-2.901467138854829222e+07
-3.715297766404084861e+06
-1.028917929548521712e+07
-1.691222389556290209e+07
-2.333174686488314345e+07
-3.464444025944292545e+07
-3.636823791169377416e+07
-2.961040637550413609e+07
-4.993500836523388326e+07
-6.530896209067819268e+07
-7.263496833924800158e+07
-4.808895534857596457e+07
-5.238527123987720907e+07
-6.564782796749170125e+07
-7.934858975428499281e+07
-9.298269757645837963e+07
-1.076725769864549935e+08
-1.306597081751981527e+08
-2.433402512941836193e+07
-1.228183107908000602e+04
-3.083895914794736655e+03
-2.070726695768452373e+03
-2.442017232660372247e+04
-2.153437500058825026e+04
-4.468780974414630793e+06
-1.153006129946351424e+07
-2.205059383047124371e+07
-3.599084984138444811e+07
-4.850159797884969413e+07
-6.693552391071128845e+07
-8.802858122810915112e+07
-1.143318176696457565e+08
-1.125060193593205661e+08
-5.650977648415406793e+07
-3.033714539531232731e+03
-1.028852247943626480e+03
-2.087411324164349224e+01
-2.357658871158932452e+05
-5.106241198210483417e+06
-6.004027788543595932e+06
-2.220585885780065382e+03
-1.037069063581766568e+04
-1.502640444392306745e+04
-3.953225353363450617e+06
-1.602705514655489102e+07
-3.504959839549963176e+07
-1.301886556651439145e+07
-2.045474058640975505e+07
-2.953199162018185109e+07
-1.058870420342368260e+07
-1.716445737543157861e+07
-2.382137153436905891e+07
-3.350976066896962002e+07
-4.712025460700351745e+07
-6.534595367090282589e+07
-8.551479817855593562e+07
-1.057216242794398069e+08
-1.257427793653413057e+08
-3.449898083077073842e+07
-3.850693764916083217e+07
-4.947710746689971536e+07
-6.334476805182311684e+07
-7.235210002490749955e+07
-3.702464381207699887e+06
-1.013073091310461611e+07
-1.740034494649624825e+07
-2.983894539130928367e+07
-4.818782052531947196e+07
-7.463953213047125936e+07
-8.797109063016062975e+07
-7.746886078394547105e+07
-9.772374940470692515e+07
-1.182172130890192688e+08
-1.328746369670222104e+08
-1.024602972264268994e+08
-1.227192697293667495e+08
-1.427824815537406206e+08
-1.543834924756487608e+08
-1.608737087276983857e+08
-1.812498724902221859e+08
-2.028314391092527807e+08
-1.859087344455904663e+08
-1.524098399973654151e+08
-1.255235195912987739e+08
-2.752107794189750031e+07
-3.427221757469452918e+07
-4.100185846228496730e+07
-4.051830701581333578e+07
-5.231730833802728914e+06
-1.176306348717446998e+07
-1.848021436130315810e+07
-2.534416659701102600e+07
-3.227435575751544163e+07
-3.964745978985487670e+07
-5.676969211648392677e+07
-3.715014874843317270e+07
-1.979683176871550828e+07
-2.645336316438807920e+07
-3.324664123642309755e+07
-3.986099431591133028e+07
-4.660129169849676639e+07
-5.337925699908046424e+07
-6.386521589567103237e+07
-7.744181813135507703e+07
