1.010360640000000000e+09
5.708168320000000000e+08
5.343988800000000000e+08
8.311227392000000000e+09
5.908638105600000000e+10
1.692997058560000000e+11
3.170772582400000000e+11
4.964398530560000000e+11
7.197113057280000000e+11
8.524812124160000000e+11
8.683411210240000000e+11
8.433449697280000000e+11
7.676023930880000000e+11
7.094069493760000000e+11
6.653766533120000000e+11
6.328600494080000000e+11
6.070625894400000000e+11
5.382508380160000000e+11
5.387738808320000000e+11
5.288619868160000000e+11
5.358882979840000000e+11
5.204878622720000000e+11
5.326542274560000000e+11
5.513914613760000000e+11
5.632583270400000000e+11
6.347953274880000000e+11
6.820742430720000000e+11
6.869410119680000000e+11
6.976068648960000000e+11
7.177577431040000000e+11
7.117086392320000000e+11
7.479603363840000000e+11
7.547279114240000000e+11
7.548550512640000000e+11
7.232233799680000000e+11
7.387245445120000000e+11
7.354537082880000000e+11
7.264547635200000000e+11
6.822649528320000000e+11
6.663468482560000000e+11
6.609757798400000000e+11
6.232660377600000000e+11
6.041925058560000000e+11
5.811930398720000000e+11
5.747898449920000000e+11
5.538380513280000000e+11
5.105921884160000000e+11
5.011342295040000000e+11
4.672965181440000000e+11
4.667209809920000000e+11
4.492345344000000000e+11
4.374574530560000000e+11
4.193041448960000000e+11
4.234710220800000000e+11
4.184003051520000000e+11
4.209543086080000000e+11
4.237922795520000000e+11
4.191204802560000000e+11
3.890550210560000000e+11
3.687359447040000000e+11
3.322920632320000000e+11
2.940501688320000000e+11
2.613296168960000000e+11
2.291921879040000000e+11
1.978024919040000000e+11
1.720403558400000000e+11
1.441107804160000000e+11
1.098527375360000000e+11
9.284132864000000000e+10
7.966180147200000000e+10
7.166486118400000000e+10
6.240486604800000000e+10
5.648767385600000000e+10
5.475305472000000000e+10
4.252455731200000000e+10
3.584702054400000000e+10
3.422238515200000000e+10
3.478006579200000000e+10
2.999635148800000000e+10
3.471174860800000000e+10
3.214535270400000000e+10
3.459651993600000000e+10
2.853072691200000000e+10
2.420493107200000000e+10
2.888885862400000000e+10
2.914428518400000000e+10
2.563986841600000000e+10
2.778272563200000000e+10
2.358358835200000000e+10
2.272024371200000000e+10
2.322760704000000000e+10
2.222305484800000000e+10
2.802910822400000000e+10
2.777466060800000000e+10
2.410673561600000000e+10
2.315895193600000000e+10
2.343724032000000000e+10
2.354106777600000000e+10
2.389651046400000000e+10
2.251173273600000000e+10
2.121937920000000000e+10
2.362053017600000000e+10
2.255433523200000000e+10
2.001202176000000000e+10
2.072955699200000000e+10
1.440363110400000000e+10
2.023246028800000000e+10
1.633471078400000000e+10
2.049354342400000000e+10
1.854577049600000000e+10
1.654542131200000000e+10
1.772879462400000000e+10
1.603118387200000000e+10
1.602528665600000000e+10
1.715398758400000000e+10
1.844699955200000000e+10
1.747311411200000000e+10
1.613606297600000000e+10
1.649209036800000000e+10
1.709799833600000000e+10
1.775130419200000000e+10
1.766746726400000000e+10
1.902939955200000000e+10
1.604085964800000000e+10
1.646594150400000000e+10
1.538918604800000000e+10
1.782982041600000000e+10
1.629772697600000000e+10
1.702884659200000000e+10
1.767371161600000000e+10
1.664034918400000000e+10
1.436850073600000000e+10
1.198849024000000000e+10
1.510920192000000000e+10
1.505423872000000000e+10
1.259763814400000000e+10
1.146085785600000000e+10
1.261680128000000000e+10
1.189983641600000000e+10
1.476351283200000000e+10
1.243952128000000000e+10
1.388959539200000000e+10
1.312852787200000000e+10
1.114336153600000000e+10
1.421026099200000000e+10
1.251318476800000000e+10
1.165741772800000000e+10
1.138734387200000000e+10
1.342212300800000000e+10
1.252086886400000000e+10
1.210685440000000000e+10
1.161051955200000000e+10
1.297926348800000000e+10
1.274260992000000000e+10
1.086341529600000000e+10
9.872328704000000000e+09
1.011854438400000000e+10
1.322299392000000000e+10
1.240728883200000000e+10
1.502138675200000000e+10
1.460147507200000000e+10
1.031152742400000000e+10
1.201698508800000000e+10
1.032481177600000000e+10
8.975591424000000000e+09
9.046497280000000000e+09
1.421303500800000000e+10
1.071785676800000000e+10
1.187208499200000000e+10
1.055292928000000000e+10
1.348890624000000000e+10
1.026025267200000000e+10
1.151202099200000000e+10
1.208275660800000000e+10
1.223217561600000000e+10
1.380395929600000000e+10
1.219842355200000000e+10
1.108990156800000000e+10
1.260203008000000000e+10
1.009012736000000000e+10
1.317930086400000000e+10
1.280310272000000000e+10
1.300191334400000000e+10
1.365110886400000000e+10
1.285300633600000000e+10
1.118234419200000000e+10
1.206024089600000000e+10
1.223789260800000000e+10
1.126119526400000000e+10
1.498662297600000000e+10
1.214768435200000000e+10
1.412774912000000000e+10
1.323539046400000000e+10
1.037176320000000000e+10
1.120008601600000000e+10
1.350917120000000000e+10
1.065820876800000000e+10
1.157398732800000000e+10
1.222342041600000000e+10
1.189046272000000000e+10
1.326233088000000000e+10
1.399102976000000000e+10
1.048840294400000000e+10
1.021908992000000000e+10
1.090344038400000000e+10
1.126198272000000000e+10
1.478955520000000000e+10
1.173770854400000000e+10
1.003978137600000000e+10
9.593645056000000000e+09
1.108173721600000000e+10
1.280323072000000000e+10
1.332809113600000000e+10
8.648869888000000000e+09
1.081216204800000000e+10
1.322485760000000000e+10
1.533486694400000000e+10
1.208142643200000000e+10
1.156587417600000000e+10
1.274916966400000000e+10
1.112590643200000000e+10
1.062960537600000000e+10
1.041996492800000000e+10
9.774728192000000000e+09
1.123248742400000000e+10
1.087474176000000000e+10
1.293988044800000000e+10
1.246842060800000000e+10
1.164437196800000000e+10
1.652338892800000000e+10
1.142106419200000000e+10
1.104337920000000000e+10
1.133236019200000000e+10
9.810544640000000000e+09
1.028533145600000000e+10
1.347364659200000000e+10
1.033373900800000000e+10
1.399622553600000000e+10
1.222052454400000000e+10
1.220183961600000000e+10
1.276236185600000000e+10
1.105748480000000000e+10
1.359745228800000000e+10
1.494475776000000000e+10
1.203559116800000000e+10
1.436720844800000000e+10
1.508054937600000000e+10
1.151578726400000000e+10
1.166466355200000000e+10
1.155464396800000000e+10
1.291593318400000000e+10
1.342317568000000000e+10
1.051107225600000000e+10
1.371116953600000000e+10
1.164134502400000000e+10
1.083648204800000000e+10
1.256297369600000000e+10
1.190436556800000000e+10
1.126552064000000000e+10
1.071175577600000000e+10
1.198039654400000000e+10
1.226071449600000000e+10
9.161510912000000000e+09
9.929840640000000000e+09
1.074788352000000000e+10
1.347931136000000000e+10
9.179472896000000000e+09
1.471371366400000000e+10
1.295470284800000000e+10
8.800624640000000000e+09
1.333120307200000000e+10
1.235398860800000000e+10
1.227527168000000000e+10
1.357715558400000000e+10
1.281761075200000000e+10
1.050723123200000000e+10
9.433757696000000000e+09
1.049824256000000000e+10
1.709160550400000000e+10
1.113461248000000000e+10
1.203606937600000000e+10
1.300970496000000000e+10
1.311974400000000000e+10
1.283462656000000000e+10
1.094965248000000000e+10
9.209194496000000000e+09
1.212275814400000000e+10
1.297556275200000000e+10
1.104809062400000000e+10
1.299673088000000000e+10
1.172339507200000000e+10
1.299201024000000000e+10
1.143123763200000000e+10
1.090791424000000000e+10
1.089289216000000000e+10
1.119078195200000000e+10
1.012534476800000000e+10
1.382860595200000000e+10
1.184435200000000000e+10
1.109871001600000000e+10
1.374987059200000000e+10
1.558866534400000000e+10
1.165562368000000000e+10
1.025458790400000000e+10
1.076460544000000000e+10
1.224830873600000000e+10
1.289272524800000000e+10
1.296102912000000000e+10
1.472245145600000000e+10
1.125235507200000000e+10
1.195113164800000000e+10
1.424205414400000000e+10
9.931601920000000000e+09
1.210068480000000000e+10
1.350372249600000000e+10
9.653909504000000000e+09
1.078286438400000000e+10
1.008385638400000000e+10
1.220267008000000000e+10
1.219868057600000000e+10
1.349601280000000000e+10
1.320515379200000000e+10
1.145795072000000000e+10
1.064916480000000000e+10
9.632159744000000000e+09
1.208119091200000000e+10
1.343413145600000000e+10
1.197222297600000000e+10
1.436318105600000000e+10
8.955824128000000000e+09
1.134955212800000000e+10
9.642776576000000000e+09
1.009397248000000000e+10
1.154547916800000000e+10
1.375579955200000000e+10
1.113790668800000000e+10
1.337414041600000000e+10
1.134082252800000000e+10
9.831274496000000000e+09
1.092900556800000000e+10
1.319099596800000000e+10
1.229106073600000000e+10
1.241035776000000000e+10
1.342198169600000000e+10
1.207982489600000000e+10
9.363886080000000000e+09
1.471751475200000000e+10
1.077736038400000000e+10
1.085003468800000000e+10
1.076563251200000000e+10
1.069156044800000000e+10
1.227632435200000000e+10
1.010494054400000000e+10
1.166448640000000000e+10
1.227014144000000000e+10
1.134886195200000000e+10
1.190208921600000000e+10
1.063775948800000000e+10
1.069353164800000000e+10
9.431548928000000000e+09
1.053274624000000000e+10
1.043680768000000000e+10
1.433669836800000000e+10
1.074299494400000000e+10
1.188742758400000000e+10
1.038149734400000000e+10
1.253724774400000000e+10
1.179503616000000000e+10
1.151130726400000000e+10
1.205511577600000000e+10
1.188856832000000000e+10
8.650594304000000000e+09
1.324373606400000000e+10
1.331660288000000000e+10
1.113411379200000000e+10
1.289327820800000000e+10
1.032845824000000000e+10
1.136771174400000000e+10
9.980481536000000000e+09
1.067884953600000000e+10
1.044374425600000000e+10
1.178944000000000000e+10
1.045444403200000000e+10
1.154750156800000000e+10
1.333426483200000000e+10
1.141474918400000000e+10
1.036726681600000000e+10
1.201832038400000000e+10
1.245557760000000000e+10
1.247476428800000000e+10
1.168869171200000000e+10
1.220841472000000000e+10
9.884642304000000000e+09
1.200892211200000000e+10
1.469001728000000000e+10
1.060721049600000000e+10
9.682939904000000000e+09
1.063435161600000000e+10
8.713088000000000000e+09
1.231617228800000000e+10
1.383518515200000000e+10
1.194055680000000000e+10
1.348246118400000000e+10
1.305479475200000000e+10
1.303392563200000000e+10
1.014147276800000000e+10
1.034692505600000000e+10
1.368042905600000000e+10
1.364081254400000000e+10
1.418800640000000000e+10
1.193991270400000000e+10
1.291960115200000000e+10
1.221408051200000000e+10
1.259792486400000000e+10
9.048195072000000000e+09
1.055215513600000000e+10
1.239996211200000000e+10
1.052312166400000000e+10
1.055193804800000000e+10
9.875744768000000000e+09
1.359672422400000000e+10
1.345945395200000000e+10
1.175751065600000000e+10
1.222607360000000000e+10
1.052549734400000000e+10
1.307421491200000000e+10
9.525776384000000000e+09
1.277482803200000000e+10
1.149082624000000000e+10
1.194561843200000000e+10
1.176128204800000000e+10
1.301318553600000000e+10
1.109171507200000000e+10
1.311028326400000000e+10
1.247732019200000000e+10
1.137463091200000000e+10
1.475836825600000000e+10
1.080579276800000000e+10
1.227023974400000000e+10
1.357465190400000000e+10
1.072327168000000000e+10
1.183470592000000000e+10
9.609152512000000000e+09
1.172783616000000000e+10
1.386267750400000000e+10
9.676957696000000000e+09
1.033144524800000000e+10
1.016096563200000000e+10
1.389192499200000000e+10
1.413949337600000000e+10
9.495969792000000000e+09
9.818200064000000000e+09
1.294678630400000000e+10
1.195429068800000000e+10
1.097513984000000000e+10
1.181943500800000000e+10
1.209377280000000000e+10
8.781203456000000000e+09
1.230561075200000000e+10
1.050167091200000000e+10
1.184067379200000000e+10
1.130388480000000000e+10
1.303763660800000000e+10
1.097278566400000000e+10
9.760054272000000000e+09
1.250580275200000000e+10
1.138869145600000000e+10
1.215898009600000000e+10
1.120518348800000000e+10
1.173870796800000000e+10
1.116797747200000000e+10
1.174049792000000000e+10
1.286012928000000000e+10
1.346815180800000000e+10
8.881993728000000000e+09
1.073296179200000000e+10
8.399776256000000000e+09
1.028550041600000000e+10
1.016377446400000000e+10
1.154169241600000000e+10
1.095554457600000000e+10
8.795527168000000000e+09
1.280403968000000000e+10
1.229266739200000000e+10
1.017430220800000000e+10
1.007945523200000000e+10
8.874441728000000000e+09
1.025603788800000000e+10
1.420117401600000000e+10
1.185210572800000000e+10
1.115532185600000000e+10
1.217311641600000000e+10
1.291581747200000000e+10
1.250798796800000000e+10
8.430462464000000000e+09
9.633677312000000000e+09
8.604191744000000000e+09
1.542660300800000000e+10
1.164845875200000000e+10
1.298121420800000000e+10
