-5.680000000000000000e+02
1.645953923976630904e+04
2.475533712970681518e+04
1.286675271979344325e+04
3.144435935648027225e+04
2.506551231402293706e+04
7.886250281989605355e+03
3.811389363429545938e+03
5.788999621284167006e+03
5.544497230245582614e+03
1.358666105631726896e+04
5.306168103109125695e+03
5.260811208517099294e+04
3.088138814639748944e+03
3.300948329805263711e+03
2.403009593330700955e+04
6.045567240657840557e+03
7.735203171247376304e+03
6.184245346204011184e+03
2.560684720481198019e+04
1.738670193150835257e+04
1.569461169561438692e+04
7.192708541307449195e+03
7.926656163607644885e+02
1.090334908731540781e+04
2.151148982244117360e+04
1.591718368205583283e+04
5.256497493309213496e+03
1.090619359204042848e+04
8.078476037635763532e+03
4.606178082178678596e+04
3.393117618995368684e+04
1.698453344643328455e+04
1.779530690054503066e+04
2.796395831426543737e+04
4.936172645834901778e+04
8.141567247768110974e+03
2.712078296076254628e+04
1.745712759375983660e+04
2.971846592315425369e+04
2.745805519372540402e+03
1.650009252129610832e+04
1.633379445475722150e+03
1.964789273632870754e+04
7.722989695873438905e+03
1.186854930560079447e+04
2.342648945634599659e+04
1.309428200709639168e+04
4.294905440554302186e+04
1.625097712757980298e+04
4.239952144459150441e+04
4.335724252025886926e+03
2.924209718837615583e+04
6.045841501779470491e+03
2.344461046127261579e+04
1.194896638236173385e+04
1.575375199405766580e+04
4.048007170645824999e+02
7.986486571281468969e+03
1.986313175678511834e+04
2.504380184073430428e+04
2.046283167344161939e+03
3.847251607498496014e+03
2.812135159877330443e+04
2.105807690533079494e+03
2.044041464141893812e+04
4.435041801298103564e+03
1.415672640678794050e+04
3.274612064316271062e+04
3.883157705135944707e+04
2.318276210167314275e+03
4.117636588492020383e+04
2.940782609502891137e+04
4.755397161239671732e+03
1.271559396772570472e+04
7.196280571968624827e+03
5.453269137179233076e+04
5.542316984898984811e+04
3.255254599748444434e+03
-1.035263364101766115e-01
2.407662663414421331e+03
4.847643651924795995e+04
8.525823669882858667e+03
9.727138597001818198e+03
3.120233310357410664e+04
4.357504685966423858e+04
1.282872538560153953e+04
6.416152121991607601e+03
7.382169339516661239e+03
6.329699287359415393e+03
1.078041212986752544e+04
8.788337358872435289e+03
2.319308938226167447e+04
9.079484779170214097e+03
1.885719665199471638e+04
1.951065314042834871e+04
2.114800447526510197e+03
1.127162955739619974e+04
4.342562486365950463e+04
8.354053597558111505e+03
4.559797086483197745e+03
1.358140405503908551e+04
4.760203493110452837e+04
2.489330109504669053e+03
2.284582190721961888e+04
3.990115991632254463e+03
1.317113404697862279e+04
9.079134462685547987e+03
7.239163296849552353e+03
1.177035456452627659e+04
1.296748390405696045e+04
4.879199996598312282e+04
2.470146341486752135e+03
4.812756866591200378e+03
2.535567346654682115e+04
6.325085466393620663e+03
2.314718466566377629e+03
1.605618904960953842e+04
1.129584309891062367e+04
5.094345084730937742e+03
1.108597279349601013e+04
2.552773377651542887e+03
1.400037115564033229e+04
1.833347208274880904e+04
1.508111296390399548e+04
1.216839609160341070e+03
1.255263043569572073e+04
2.490216347901452536e+04
1.221925740951410808e+04
3.890657187793491175e+04
7.866858159489699574e+03
5.435162769763427605e+03
2.547184531988691015e+04
7.830279677498600904e+03
1.916906506209326471e+04
1.124901827058479466e+04
9.131007864031700592e+03
1.830908597173263479e+04
9.378703424462724797e+03
1.106534021261881753e+04
1.266453059665253022e+04
4.931045763583664666e+03
1.044436127793304513e+04
1.052192803360754260e+04
4.683051852137974493e+03
8.759939374170960946e+03
3.620343324948244117e+04
1.959953761009350637e+04
5.986832909991926499e+03
1.296219393940474401e+04
1.703142706333357637e+04
2.969646793085892205e+04
4.528828625799067595e+03
2.399926450933782326e+04
4.752388769963472441e+03
5.044100362170004519e+04
1.365093850917674899e+04
5.436225772492767646e+03
3.102694904031544866e+04
1.087778269055060264e+04
2.536302690171634367e+03
2.742118431335568403e+03
1.717162553232563369e+04
1.241641693127292092e+04
8.706452356218265777e+03
2.962977148511683481e+04
2.363933745525239647e+04
9.342372438272839645e+03
4.912480836579089555e+03
1.487903120577736991e+04
3.196980021227091129e+03
1.336832619686881662e+04
8.584205777926043083e+03
5.714407812005360029e+03
1.649057185670139370e+04
1.689165937991590545e+04
6.394889241230044718e+03
7.076209514734759068e+03
2.216347401400687522e+04
4.733494859414686289e+03
6.830142512759111924e+03
2.793776594422408380e+04
1.208406516952881429e+04
1.236381177366809789e+04
1.540261099282878968e+04
2.180330615113095519e+03
8.882199776662544537e+03
4.273848048072984238e+04
5.019838499255517490e+03
1.441397597047586169e+04
1.610259065560914860e+04
2.990854399155257852e+03
5.000464422917973934e+03
2.424296635539587442e+03
8.575368775192682733e+03
2.920838472780385564e+04
8.574814342735540777e+03
5.875414583993780070e+03
9.284835206379837473e+03
1.902241443916818025e+04
1.997987202985250769e+04
3.414971671230651282e+03
5.267052704808235831e+03
2.549469824020926899e+04
2.675353016948195545e+03
4.395048733623101725e+03
8.691531225082810124e+03
1.004288721621659352e+04
3.189071802668640885e+04
2.929071801241964204e+04
2.799086872753939019e+02
2.623966679367892721e+04
7.697690232771675255e+03
1.846644798728525711e+04
1.079187334223351354e+04
8.774387367174889732e+03
2.453450104237595224e+04
2.911308424987362741e+04
2.740279341991111869e+04
3.551592944570315922e+03
6.696210380027055180e+03
2.231235446895977293e+04
3.184125713531217843e+04
6.304304115432217259e+03
2.466674428908864138e+04
1.310665136222754154e+04
2.576291371998795876e+04
7.332045858927734116e+03
2.776548912701835434e+03
3.627321290379163838e+04
3.013569543014716328e+04
1.571536659455424524e+04
1.452366392931238988e+04
5.211803972513115696e+03
1.020246135045415940e+04
5.480069540334125122e+03
2.164900446449420633e+04
2.816028204682527576e+04
5.905781609464609573e+03
9.650458863494124671e+03
7.081192557928180577e+03
1.463736031219451979e+04
1.807364588091475161e+04
1.143520274597125535e+04
2.641936473416357330e+04
1.431048890038106219e+04
2.965793182916197111e+04
2.431203589952671609e+04
2.709774833874133719e+02
1.036428718319275504e+04
1.932011299007169873e+04
5.959903291618271396e+03
1.737936242334429699e+04
3.289117039523885069e+03
1.821789446030100225e+04
1.699783093560456109e+04
8.088631615658912779e+03
4.028777224862375442e+04
9.861162527098640567e+03
1.481927462980846394e+04
2.008515993422834435e+04
8.317004830048428630e+03
2.230168527417408040e+04
2.255617395650791877e+04
1.270562923971834243e+04
1.760733276313160604e+04
9.697144046731988055e+03
9.017012190335928608e+03
3.861433457287122292e+04
2.130154403181098314e+04
1.315887642975979543e+04
2.534723228000728705e+04
1.517829999453632081e+04
2.868639974977771999e+04
1.464546352145552919e+04
1.309462031732350624e+04
1.034587819023635711e+04
9.035585319255527793e+03
5.671694865910680164e+03
1.965932481288091140e+03
1.031925903539650244e+04
6.953744114778128278e+02
1.116487490188763695e+04
1.951032830120164726e+04
1.677775814277952668e+04
8.185971262726165151e+03
1.745150487836590401e+03
1.826367658657427091e+04
1.079723341644794891e+04
1.850942462759993214e+04
1.297500790241082996e+03
1.570007544633430371e+04
1.387796426334578791e+04
6.131554350038272787e+03
1.696579315865162425e+04
2.485103087973583752e+04
1.262610498595338868e+04
2.990088355264859729e+03
1.225409356298877174e+04
1.412637873386140927e+04
6.189781403869355927e+03
7.721582417074881050e+03
4.812170275445682819e+03
3.733321305746345024e+04
3.197792874587281403e+03
2.912289010527788378e+03
5.377497141994023877e+03
1.301879927328643316e+04
1.904808908732638156e+04
5.188044039288710337e+03
1.065858530281337516e+04
1.424139231438708339e+04
4.468243089617598889e+04
6.511991521251600716e+03
1.714880817611248494e+04
1.275478725306486376e+04
4.875219959427582580e+03
3.085330150255218905e+04
1.012468779910416924e+04
9.848691230750557224e+03
1.685254689950617103e+04
2.229864344729823642e+04
8.472858245603329124e+03
5.693002394345048742e+03
1.027580080446519605e+04
5.522813293931575572e+03
4.037475807826520759e+04
1.645023036742921977e+04
1.159430280932234018e+04
8.301783773294362618e+03
6.494321879104740219e+03
3.751677300688956893e+04
1.878522933456075407e+04
2.316795759055837334e+04
2.051648531155075034e+03
8.338948619165714263e+03
9.053607588209899404e+03
4.287642590818521057e+03
1.661568137326807482e+04
5.880455631412840376e+03
2.565607268626663426e+04
2.301150091894508660e+04
3.581118634634511182e+03
1.411236459759264653e+04
5.338175565423875014e+03
2.795442739803699624e+03
2.257424196942172784e+04
5.263283661249064608e+03
1.119767497597341753e+04
2.040831413109101413e+04
1.051705688121052481e+04
3.220260697575483937e+04
4.921870259183247981e+03
1.623965525490579239e+04
6.919874200238781668e+03
2.065673125472376341e+02
3.600386601650111697e+04
1.136210171404206812e+04
2.939349886802284527e+04
1.429720889879585957e+04
2.043511469017586569e+04
6.364384496828071860e+03
1.907372165937162208e+04
2.000099553637553618e+04
4.247195911437138420e+04
5.804011167459219905e+03
1.836523466627698144e+04
2.710233544218977841e+03
9.463419852736597022e+03
7.225832879076810059e+03
1.026892345720203593e+04
1.098786703928313727e+04
3.273179120759829402e+03
4.657762923772816430e+04
2.224992855011851589e+03
1.603960892314425109e+04
4.157977482885487552e+04
1.670677396058465092e+03
2.655667125005880007e+04
4.096511381754914328e+04
2.228114302911864797e+04
1.497764915132883834e+04
1.679424538345084329e+03
2.031184604538779604e+04
4.507840787497194469e+03
9.184510207734012511e+03
5.253856604520684641e+02
1.052112785149857882e+04
1.762784634887021821e+04
7.295715558022873665e+03
1.902633187295620883e+04
1.155090765710004598e+04
5.054336545467571341e+03
2.264943518111985759e+04
9.535931906582300144e+03
3.757564245251362445e+04
2.249100262993662454e+03
1.736075185016682008e+04
7.815678866548924816e+03
1.191418141311024010e+04
7.940392928566105184e+03
1.486390767203578434e+03
4.761553129149824599e+03
5.592899423300547824e+03
8.711242342655132234e+03
5.708750801211100452e+02
6.260524056347973783e+03
2.364019714356510303e+04
7.031610449603273082e+03
7.413425777216355527e+03
1.225746935935199508e+04
1.104476512424702923e+04
2.770805724066390758e+04
6.400323727738561502e+03
6.076935171524843099e+03
2.421742795809699601e+04
4.384091372706349148e+02
1.110944552923352967e+04
7.633009149055127637e+03
3.193943860570148900e+03
7.477117288209366052e+03
2.403591090803763655e+04
1.043726032915258293e+04
1.022183467455525169e+04
4.475944671985931200e+04
8.076926092913610773e+03
4.207885604433207482e+04
1.844409474317284185e+04
2.194316099419927014e+03
1.641098890779978319e+04
4.812448384847084526e+04
6.288998104112841247e+03
1.837369931329211249e+04
1.525449551711537970e+04
1.135558731006146263e+04
3.944200324630478281e+04
-5.914578818078049949e+01
2.254611124700681830e+04
2.072550889916062806e+04
1.276718057096606753e+04
4.796821949917814891e+03
3.672453685701890663e+03
3.353060970737588832e+03
2.203730549819681255e+04
3.872239008635222854e+04
2.283569934841644135e+04
9.860719741635239188e+03
2.129235760294159263e+04
1.288148879969577683e+04
1.075302118574302403e+04
1.178146633020534136e+04
1.915244148937636783e+04
4.655312033189399517e+04
3.793282462596834193e+03
1.049498693905506661e+04
1.139597997486714485e+04
2.790186727639652599e+04
5.029154258586120704e+03
2.678641570185322780e+04
9.661896435719436340e+03
3.334061961669708580e+03
1.834991121032174124e+04
6.351103883736699936e+04
3.582650605236943375e+04
2.143324439923565660e+04
1.326777313589152618e+04
2.125908254006362040e+04
5.341003038404689505e+03
3.452117609949730831e+04
9.011744189041768550e+03
2.103024134619588040e+03
1.148019486650971339e+04
1.462518528461352616e+04
1.866798930858314998e+04
2.265397327829003552e+04
1.937394467033379260e+04
1.200566184030226941e+04
3.609545226455022657e+02
5.597808175286681035e+03
3.254948399000477366e+04
2.498969781141100157e+03
4.506504504234244450e+03
1.075565492055843060e+04
1.693004982491464762e+04
3.209257961494631672e+04
8.073042315714401411e+03
1.546946493630927580e+04
5.046620618272898355e+03
9.261953804624554323e+03
8.604523131627443945e+03
6.160425222266757373e+03
1.983458418612787500e+04
4.594348738934399989e+03
1.366906633903482088e+03
8.420848819687509604e+03
1.743906294270778017e+04
3.296140921584758325e+04
2.698224081626749467e+03
2.425903507471231205e+04
1.147908918982909199e+03
1.361770076847018572e+04
2.209021378268166518e+04
1.851479714953042276e+04
2.307891249529198831e+04
2.584452262273997258e+04
2.518973255203020017e+03
1.013841749514844560e+04
7.167564966206961799e+03
8.115063971999966270e+03
5.505133683067404490e+03
1.081629904163256469e+04
1.665810964756062822e+04
9.780597219414670690e+03
9.675726686732741655e+03
1.171617825420632471e+03
8.542172313196451796e+03
1.288059260925686249e+04
1.358272138428966537e+04
1.340547257624722624e+04
1.978358968428239564e+02
5.781895819998684601e+03
9.009865065046516975e+03
2.129706276676473135e+04
2.435579993643948183e+04
3.318295807184882869e+04
3.157136260109550858e+04
1.177312328929043906e+04
8.405647535901491210e+03
9.678119093530647660e+03
2.175154320276295402e+04
2.074618981797244487e+04
9.712015919758045129e+03
1.114528857760555911e+04
1.616961461745498309e+04
1.573368824471991957e+03
7.518300019611519019e+03
1.847956085910488764e+04
1.463574331674320820e+04
3.530842514849177405e+03
1.346915972604382114e+04
7.031468119020502854e+03
1.353743219886230463e+03
7.670973008624922841e+03
9.326978183711524252e+03
2.324320940931527366e+04
5.358440697142900717e+03
1.121072810446338735e+04
1.850390947519492693e+04
1.459702860148420586e+04
2.039233000540442299e+04
1.129159827384005439e+04
9.001265518543235885e+03
3.285503799916031858e+04
5.881713766645258147e+03
1.261413335386712788e+04
9.732164803456620575e+03
2.938306547188761033e+04
3.749826679045716446e+03
1.843345983671740760e+04
5.379148251426895513e+03
4.003832653480804765e+03
1.237104042452504655e+04
1.753688184528121383e+03
5.368706984953646497e+03
1.783404356978710712e+04
1.024545984425019742e+04
5.045333480350300306e+03
9.081316858328937087e+03
5.081372765267743489e+03
1.710027724741738348e+04
1.398035053904602137e+04
6.280859172810126438e+03
1.373081729204171279e+04
8.389244992695845212e+03
2.157942379593912483e+04
3.389286944728059461e+04
4.638993663803836171e+03
1.292391735159647214e+04
7.608709424833443336e+03
1.286593254068614078e+04
2.844880007523659515e+04
1.550969408282712175e+04
2.474562737989265315e+03
5.400378781909557802e+03
1.609551614474364760e+04
1.313681600706918289e+04
2.432579584509590859e+04
3.446792245735671167e+04
2.075927688519443109e+04
1.123893980952902348e+04
2.023905005133291706e+04
6.525520556507125548e+03
1.918304955122959655e+04
2.523258523797200723e+03
3.417429352909327918e+03
2.125641373353270865e+03
2.168110317825778839e+04
2.705204862114778371e+04
1.657153665745490071e+04
1.235408312773481885e+04
1.170615922901524937e+04
9.682596578186017723e+03
2.454883053597325488e+04
1.436141461929164143e+04
1.700997067165344197e+04
2.953748399974781205e+04
5.068352614936788996e+03
1.733149548161778148e+04
1.604615859158142484e+04
3.123195055308869996e+03
1.222123047102304554e+04
9.127015384261505460e+03
1.294545318723506716e+04
2.913288108987310352e+03
1.926065682473680135e+04
5.204359495566687656e+03
7.148251683729819888e+03
3.405478529847011669e+04
2.622548794593639832e+04
2.733860754467813877e+03
1.184075064727582867e+04
5.236667035955922984e+03
1.130346710352314039e+04
2.285496104186478624e+04
2.326928929382946808e+04
8.124855682105301639e+03
2.074186173054966275e+04
5.591619211203477607e+04
2.121847259279955324e+03
8.668214150531443011e+03
9.735564878046539889e+03
1.343290209882250929e+04
1.630824813251824344e+04
4.045609419066299779e+03
7.246369808840263431e+03
7.709622737003446673e+03
3.329975162528018700e+04
5.030353227650652116e+04
7.580024525280435228e+03
6.325920252693817747e+04
1.278632981918121914e+04
1.629615326583683964e+04
8.843414019467600156e+03
7.599970322889581666e+02
2.029703164722448128e+04
6.981315478682708090e+03
1.096340842635184708e+04
5.714146958500982873e+04
1.759720451627675357e+04
2.526683279726753426e+03
1.988925058035925031e+04
1.696841473097902417e+04
3.650912921199944685e+04
1.411688807283959613e+04
6.629400142031844553e+03
3.642263997894602653e+04
4.678655256647511123e+04
4.151035770850125846e+04
3.400912545833234162e+03
2.808157130913461151e+04
2.002658809591078170e+04
1.170477604030323710e+04
4.824250313286185701e+03
7.858532284083359627e+03
1.411741585239815868e+04
3.006794024002572405e+04
2.191875661366985150e+04
1.184718157421714204e+04
1.916479719439224937e+04
3.063765865424147250e+03
5.739748845780548436e+03
7.173879432351284777e+03
5.242505630317478062e+04
2.002342257274477743e+04
1.322918559344052301e+04
3.856388183961062168e+03
1.384470462059287911e+03
8.622853576291381614e+03
1.405052673430077994e+04
1.918339925398795822e+04
9.755685963191579503e+03
1.578089513657103453e+04
1.356439687205868358e+04
3.686024840260383826e+03
2.568966557256161468e+04
9.685114557757513467e+03
3.215389284882918946e+04
7.420160618200572571e+03
1.284826671016466571e+04
4.601643446873196808e+03
1.278036200249889407e+04
2.868125793229324245e+03
6.803053751411953272e+03
2.526085503218107533e+03
3.668077282228421973e+04
1.351505189251994852e+04
1.014890655017391146e+04
1.252909915153365728e+04
2.240153284970747336e+04
6.688069606224958989e+03
6.024845159754912311e+04
1.046409335456540430e+04
1.669842821564172482e+04
5.316168606385508610e+03
3.651902423990231910e+03
1.253042377403357750e+04
1.735071998083467770e+04
1.085880007414928514e+04
1.362269988042480691e+04
9.807634775593871382e+03
5.060922450402983941e+02
1.681166072664672174e+04
1.135583881147924149e+04
1.717216813118528808e+04
1.022792591323179295e+04
4.268961417036786770e+03
1.695910964162891833e+04
2.702238535802068509e+04
1.038996153860773666e+04
1.396005711535481169e+04
9.400772990398156253e+03
3.358430090367672619e+03
2.231994189315441690e+04
5.416069455014482628e+03
7.211835006510273161e+03
1.063944769395835101e+04
1.314400829778397929e+04
1.169973612312067780e+04
1.570134245636877677e+04
7.845287068397778967e+03
4.808538271074002296e+03
3.387554328409731625e+03
9.984547193278836858e+03
2.079726278994765744e+04
1.860826917394242628e+04
1.550702097177039468e+04
1.085553431271261252e+04
2.245948623679938100e+04
4.380220937057202718e+03
2.471542591715105118e+03
5.533794088254945564e+03
2.783615930799599664e+04
1.412146924476368804e+04
7.383337685332664478e+03
1.350192346974196880e+03
9.103903267836532905e+03
2.091109970199587042e+04
1.099498507361116026e+04
6.651187173328474273e+03
1.886852247188135880e+04
7.635940079223807516e+03
2.369477067620730304e+04
1.955292766885747187e+04
6.913037765791850688e+02
3.724820313703637567e+03
1.219112225795973427e+04
1.439980587599873979e+04
2.395258663488221828e+03
2.869613736158950269e+04
9.853623000403855258e+03
5.484447795122050593e+03
2.281681055348463269e+04
4.045498095972157898e+03
9.548235372278155410e+03
1.759655994769215249e+04
2.065894034252453275e+04
1.805717367193592145e+04
2.046448200856141557e+04
1.076867813155612203e+04
1.272251151334572569e+04
6.801291988296573436e+03
2.396090199265912815e+04
1.425517240138715351e+04
2.664463535237959513e+04
1.496316803582373268e+03
1.994174864861445030e+03
7.769802652203218713e+03
1.635544014874069762e+04
1.848836994197870808e+04
1.717825308096491062e+04
2.665537620486912056e+04
5.031544106847511102e+03
1.063151173320362432e+04
1.095065964404608349e+04
1.529568458017015291e+04
9.768190915305593080e+03
1.957239638699789066e+04
1.227629101934552818e+04
5.415105904893542856e+02
5.669208105166909263e+03
5.002806080672867211e+03
6.927733683838401703e+03
2.331712534921849874e+04
3.607823328459682671e+04
1.485474460244327202e+04
1.633902127244080293e+04
3.290715168911738874e+04
1.676195130960203869e+03
6.005690059538819696e+03
1.703367645463399094e+04
7.832708288436809198e+03
2.830662786330573363e+04
1.336628658531862675e+04
1.723893492881988277e+04
1.017276758767745196e+04
1.272580505299535616e+04
1.945227027332883517e+04
1.028072815910441568e+04
4.551916450894435911e+03
1.028464614944823188e+04
2.078052316090854583e+04
8.807992786072045419e+03
3.429024413620264386e+04
1.790304171035985200e+04
4.546453526571112889e+03
1.568788244111430686e+04
1.197707474183032218e+03
1.551242263861303945e+04
1.402239121878550213e+04
1.997777085857658676e+04
1.730306650182707017e+04
3.521293833777995314e+04
1.709236427496197211e+04
2.276980633611943176e+03
1.360407053613385142e+04
1.492315489369456191e+04
2.654140356215996144e+04
7.460972424541634609e+03
6.462638854395912858e+03
2.688789034504116717e+04
1.013732061558646637e+04
2.184010016387400537e+04
1.295912800480694023e+04
3.224956584956937877e+04
6.153910385515160669e+03
9.991862069313867323e+03
4.292230905026520304e+03
4.526046768280641118e+04
8.521561674061791564e+03
3.607435420196196901e+03
4.936124478972258657e+04
6.600222853052709979e+03
1.684260310310584100e+04
8.670621209708780952e+03
7.347177376710370481e+03
6.717168060986150522e+04
5.696652022788751492e+04
3.031082104229736433e+04
9.225769086943624643e+03
1.824964378318438321e+04
3.548367501901456126e+04
1.894118527822965189e+04
1.302061044543948083e+04
1.689093453495684662e+04
9.067386195644781765e+03
1.431791005633729583e+04
7.216682331285071996e+03
6.688585318364870545e+03
4.963884471183562709e+03
5.862702463526191423e+03
2.298543647323422192e+04
3.414486698086559772e+04
1.526015927162977641e+04
3.944772320617856167e+04
8.538921391874628171e+03
3.327401500909294555e+03
1.680147828448619111e+04
1.772082256926385526e+04
1.741256305368080211e+04
9.461151503445100388e+03
2.840153903898841236e+03
1.353286585558494380e+03
1.531662851466741449e+04
1.451163980447289759e+04
1.086959998854345577e+04
2.073132923271046093e+04
1.440995905509690419e+04
1.210628760343917065e+03
1.393266351961614419e+04
1.042792789780197381e+04
9.518173773004267787e+03
8.833794258725793043e+03
1.176598479145450983e+04
5.637148434985507629e+04
8.983020655637828895e+03
1.464115023093450873e+04
1.687119776585073123e+04
5.768262692535202405e+03
1.296227437990323779e+04
7.830471554577129609e+03
2.104567142250694451e+04
2.440542564133740962e+04
2.153291407619191523e+04
8.398315472519881951e+03
1.638754813974068384e+04
3.475559910372448940e+03
1.519597144431343258e+04
1.114755845187268642e+04
1.599617967127063457e+04
8.886040949500933493e+03
2.091231462019333776e+03
1.585830751645782038e+04
4.144698275194886264e+03
1.673527269267739030e+04
7.760462954782504312e+03
6.050585715872451146e+03
1.920399039703889503e+04
5.429701054193145865e+03
3.164412425774227813e+04
7.989860311279708185e+03
3.883393859264934235e+03
2.320241729902521911e+04
5.657513887135926780e+04
-3.481260286898074128e+02
2.499754223978782466e+04
3.478928182497656962e+03
2.010193583875827971e+04
2.491199125944996194e+04
1.596879012953707388e+04
1.012270218312560246e+04
4.145081010280347255e+04
1.614380947529517289e+04
2.337181556324473786e+04
8.147321172727148223e+03
1.498461594579829034e+04
3.005529225671151653e+04
4.392837045145162847e+03
2.682196485377903809e+04
3.449009447418861964e+04
1.365899639581620590e+02
3.807267136029507583e+03
6.015048793866367305e+03
2.691301184637599363e+04
1.179728382152186714e+04
8.295536544561873598e+03
2.865351176613573443e+03
6.527417197576897706e+03
6.241532865003657207e+03
1.659344768540883524e+04
4.854958065647287731e+04
2.288759505864485982e+04
2.205709936052522244e+04
5.780568031338460423e+04
6.049862326494875015e+04
8.615490116915292674e+03
2.560237665875809853e+03
6.130149447498818517e+03
4.790745146634474622e+03
9.782377838716158294e+03
1.095604284443858523e+04
-3.451433268994029504e+02
1.839100452689345911e+04
1.205637185287880129e+04
8.635113973660500051e+03
1.404069292341714026e+04
3.427212398118294914e+03
5.447718893869090607e+03
5.925515988203565939e+03
1.272418008809934690e+04
2.386511828677384619e+04
1.523303484254512296e+04
3.306792283950398269e+04
4.585781556116735010e+04
4.708100586441771156e+03
2.021226980563242250e+04
2.945363772985207106e+03
4.330109579536309866e+03
1.016076379677715522e+04
1.153235405647975676e+04
2.631214698139933716e+03
1.617277090313144981e+04
3.561971255810657749e+04
3.410441775788222003e+03
1.738265024866790191e+04
4.645629121023751395e+03
1.828663472306792755e+04
1.619154659891448500e+04
4.379222856209706151e+03
4.758910380665228877e+04
4.925364427767442248e+04
2.617255476476697731e+04
7.475490536351600895e+03
1.047660157693935253e+04
1.939611180803101161e+04
2.149369316980614258e+03
1.876944369927037042e+04
9.693346139274201050e+03
7.915254157580773608e+03
3.534493036199315247e+04
4.215782400858060100e+03
1.578918713587813909e+04
4.402521774090719191e+03
9.560181210479346191e+03
9.522357984335187211e+03
7.339454187030967660e+03
3.826776025565034797e+04
4.111594667249462873e+03
1.265069212479877206e+04
7.858096705023039249e+03
1.106880225937153955e+04
1.708849350402559867e+04
2.319146830356699502e+04
5.161265175988692135e+03
4.872140888765055934e+03
1.226884941277251164e+04
2.188123570761910014e+04
4.854365277700230763e+03
9.966144692168272741e+03
7.641124826630294592e+03
1.401545576946768415e+04
5.672726373915075783e+03
1.470584634463132352e+04
4.890573977172032755e+03
9.900460199247749188e+03
1.189780807865588213e+04
2.287972189766819065e+04
1.280367367755694795e+04
1.550425629327498791e+04
5.455165939784591501e+03
3.215475683523199405e+04
1.705207550524136605e+04
1.521930128673028958e+04
1.892088820996118739e+04
9.652019569024585508e+03
1.970950449278382803e+04
3.295558085763228883e+04
2.963720517371248661e+03
5.841745393383707778e+03
1.347338310815754085e+04
3.414022201677637895e+03
5.283210887443835418e+03
1.371008486559716584e+04
1.303761996501885187e+04
3.652844456303001789e+04
1.124147360396080876e+04
7.525097787118540509e+03
1.789308666701078255e+04
-4.084195895737876754e+02
5.500185482267813313e+03
1.270395692809042885e+04
2.360658454378868555e+04
5.998241905222748755e+03
1.068816596356001537e+04
4.804764781194398529e+04
1.597552956928180720e+03
2.286883094894394526e+04
1.074690764665608731e+04
3.358550540277486289e+04
2.208591800095253348e+03
1.411935302072878130e+03
5.910009300034763328e+03
1.946042864706156615e+04
1.584999904203913866e+04
1.811021222196284725e+04
1.785406263540235886e+04
-1.228141645419930228e+02
1.870587475568130685e+04
1.138120398523648873e+04
1.361238897869548236e+04
1.978821627053542397e+04
8.435033539688593009e+03
4.131951516349539816e+03
1.221314808042992081e+04
5.081485330069907650e+04
9.362280920026252716e+03
8.437721182567167489e+03
8.950129131404259169e+03
1.856861023469678184e+04
3.350368863218527258e+04
2.352388092615918504e+04
1.138898697602718130e+04
2.470681525532102387e+04
6.332458361511913972e+04
1.006079911004670430e+04
1.370020068477581299e+04
1.301206825179916268e+04
1.204579655488889330e+04
2.441607209863167009e+04
9.232042920540532577e+03
5.404121631108784641e+04
3.818196429268708016e+03
1.112263868081762848e+04
1.988988905457211877e+04
1.305318633871598286e+04
1.377095883748422966e+04
6.613611850597325429e+03
1.398584238601887228e+04
7.244453293072619999e+03
2.882022112454655598e+03
6.687633526697522939e+03
2.035815113016240139e+04
1.142726863246917856e+04
7.885022261570776209e+03
1.428331979593548749e+04
1.145053650329053926e+04
4.801530719282140126e+03
4.654476784813987251e+03
8.830125191667095351e+03
1.180401165403433697e+04
2.787768516995380924e+04
3.316481213517712604e+04
2.351687238890159733e+03
1.223698498436822956e+04
8.449090154153684125e+03
2.729144316172847994e+03
4.894769021967517619e+04
1.968756060733816412e+04
8.088789027541872201e+03
3.299615125290216383e+03
1.986194442108537623e+04
5.589439450029926229e+04
6.029753585659181226e+03
2.252169113849766291e+04
1.306652677504427629e+04
1.060179443728224214e+04
6.855822055196053952e+03
8.411069554021138174e+03
2.766432400796471848e+04
-3.801962674203489883e+02
1.597026393044215183e+04
2.112286068413985413e+04
7.605358437546251480e+02
6.409370083109021834e+03
1.309881126532520466e+04
1.691523633087948110e+04
2.442848012301775088e+04
1.044795251531899521e+04
2.211954914568470849e+04
1.764318053946525470e+04
2.774487067997668419e+04
6.104681962851204844e+03
1.045390753971529375e+04
1.947125265231679077e+04
2.392469621139108494e+04
5.282418942428270384e+03
5.586626794374813471e+03
1.928658879867295400e+04
3.511763091408381115e+03
7.159917897437260763e+03
5.167347024261213846e+03
4.346916491604420116e+03
1.322179013146919715e+04
1.222929641232159520e+04
7.717594031083796835e+03
2.172892480456618068e+04
2.808837239318045613e+04
2.013815440168390069e+03
3.195375991233989771e+04
8.960329813611273494e+03
2.287553121224329152e+04
1.286957658401618210e+04
4.932556536965261330e+04
2.574328294590389123e+04
1.572627912569667387e+04
1.010221047923611877e+04
4.564296737894283069e+03
1.023432453061378692e+04
1.662551930640353476e+03
2.149159927075793894e+04
2.056541314675713147e+04
3.520982209339214751e+04
2.913063662412369740e+04
1.087082810729289486e+04
2.015056652680319894e+04
2.211720302020735471e+04
7.639204091200488620e+03
3.456952605337960267e+04
2.892488052318693008e+04
2.769139443043164647e+03
8.886133601709971117e+03
7.645750618552690867e+03
1.174060765865780922e+04
1.544231088180544430e+04
1.984327078048087424e+04
1.469941251971046768e+03
8.956419414090763894e+03
1.007950857867616105e+04
4.297859995293778775e+04
3.980442972478408774e+04
1.076570428249563338e+04
1.501359783595296904e+04
2.325338139709939423e+04
1.960634691170061706e+04
2.785555982262233374e+04
4.898423162943708121e+03
8.282583302006434678e+03
5.342447534363881232e+02
1.712087234107605400e+04
1.618008991123590204e+04
1.745315702580927609e+04
1.653814283374760271e+04
1.207861947777551723e+04
3.859886808721509169e+03
1.068916279348708304e+04
1.084787003055944115e+04
7.207132125354005439e+03
1.023958177625388453e+04
1.509067066714698376e+04
1.040055937146207361e+04
4.026149659846381110e+04
1.133212995150881761e+04
3.579644331622618483e+04
2.127110372873285814e+04
2.951054527895390129e+04
3.382354854589455044e+03
1.658039316363324906e+04
1.613150685807298578e+04
9.234600282232648169e+03
1.427163467870597378e+04
1.270093431688881719e+04
1.257994028733112827e+04
5.237921447407949017e+03
1.536568770292259069e+04
4.310004700743543799e+04
4.608577425858621609e+03
3.699353494774421506e+03
3.840406742909990953e+03
2.127029619930298213e+04
9.010205847320135945e+03
1.355307037064430187e+04
9.298486573128850068e+03
6.565824967575102164e+03
1.229721101048575292e+04
1.068234257953572069e+03
8.007091685804407462e+03
1.902731585014786333e+03
7.407035251541065008e+03
1.101468574537366476e+04
1.358112068473285035e+04
2.255526491280989649e+04
3.184889589535482810e+04
1.067273247465943678e+04
8.078340513606337481e+03
4.833708468883944988e+03
1.792836099966807524e+04
8.210862086047513003e+03
9.383280277212159490e+03
1.319141975642646867e+04
2.527894942294079010e+04
3.072336996636175172e+03
2.747323225188720971e+04
1.385673506306022136e+04
1.027865384332204121e+04
2.021878791671243380e+04
5.826880701878764739e+03
1.475503508763608806e+04
1.193190672927384912e+04
1.282807598497747131e+04
2.177232381892743797e+04
2.160678871755058935e+04
3.105432581597983517e+04
3.136171958179546345e+04
2.640627174344546802e+03
1.722250806804171225e+04
5.682211397789391413e+03
4.785171038278068409e+03
7.107350784590642434e+03
7.452143577410617581e+03
1.737565390782709073e+03
5.808054540322718822e+03
7.610622849211216089e+04
1.844923938574228669e+04
9.368284305522849536e+03
7.073364935451273823e+02
3.439782210742436291e+04
1.008292770311684944e+04
7.602663319716449223e+03
1.579599170449989288e+04
7.430966766146377267e+03
9.310089170571796785e+03
7.944309553888331720e+03
4.963297370761039929e+03
1.256307110253159408e+04
1.038101562517138973e+03
1.035340762531489236e+04
1.273092098359866941e+04
9.842914973078175080e+02
1.500392200356998728e+04
2.511527942933540544e+04
2.623298435047974272e+04
1.254964141736607417e+04
4.039716204732011647e+03
1.331376621611755399e+04
3.963514854786619708e+03
1.486236865863627645e+04
1.765900689489377328e+04
1.721965381648708717e+04
9.021031286369898226e+03
1.005301731436568843e+04
2.433377046280454306e+04
6.434822647585165396e+04
1.890736580360749576e+04
2.398605188988878126e+03
1.048416516425219379e+04
3.954749256159594552e+03
2.601762089909433416e+04
-6.255767201701657996e+02
-1.141541160423496706e+02
1.920374023592625599e+04
8.280156356831348603e+03
9.837986721306566324e+03
1.492543125520883950e+04
1.338381748824893657e+04
1.088600317885898585e+04
1.145784425206739434e+04
2.672019274111685809e+04
6.377276903897235570e+03
3.370442222558541289e+03
6.428416816002036285e+03
1.403985924833521494e+04
1.303460331343849066e+04
5.117861191617071745e+04
4.071811881645135145e+04
5.943612113936539572e+03
9.017583336133238845e+03
8.438635991835679306e+03
4.867044730811843692e+03
1.855594582218049254e+04
5.772461327067887396e+03
7.067285644592768222e+03
3.169450980106731095e+03
5.478208324501605966e+04
6.200333342790865572e+03
1.914828778631197792e+03
1.329780796470493624e+04
5.047784020141089059e+03
7.849997295190891236e+03
5.752365856768105004e+03
4.270234995905404503e+03
2.325905844959048045e+04
2.547537056466062131e+04
2.633269483276214032e+03
7.097491140782898583e+03
9.067837559229064937e+03
2.271645237308957076e+04
1.911665082997869831e+04
8.670989946816029260e+03
9.917597086674086313e+03
1.364070554047716723e+04
4.158554551229764002e+03
3.141714285753707009e+04
6.847611575636777161e+03
5.290047376751317643e+04
7.533213094308366635e+03
1.934463916361101292e+04
1.840840052951024336e+04
4.219385434694369906e+03
5.583097347128402362e+03
6.908615217558428412e+03
8.311168687787547242e+03
7.435412850237924431e+03
2.939246592955657979e+04
4.698142051332409210e+03
5.930549909043042135e+03
3.692056373021048785e+04
1.682987891336134635e+04
1.087923159639565347e+04
1.385307805783959702e+04
2.259015874993843681e+03
7.361873356000555759e+03
6.087758350025635991e+03
3.058909674813186939e+04
7.261719092671128237e+03
2.328181027472873029e+04
1.664461070657313030e+04
1.122659901827039357e+04
1.032995637895552682e+04
2.443848902649316369e+04
5.574118514785108346e+03
7.018570037013647379e+03
6.349289906874326334e+03
8.419110058654910972e+03
4.635452146648022790e+03
5.839274686711521099e+03
1.438643380041332784e+04
1.190215494754257634e+04
1.115268764980437118e+04
4.377778917011491103e+03
5.608074900498493662e+03
3.150875605939396337e+03
1.832809490650288717e+04
4.440705827690637670e+04
1.711470749931309183e+04
1.024682258926732902e+04
2.731458939326839754e+03
1.586218218822060044e+04
9.789725924236136052e+03
2.452287400653914574e+03
2.461546583658364762e+04
2.898437031484200270e+04
2.897091704415824279e+04
1.194551638101757271e+04
4.623735406575508023e+03
3.186522969948436003e+04
2.122329872784198233e+04
8.254331783569929030e+03
5.946521977603225423e+03
4.149554237884935719e+04
2.199391430207077065e+04
5.251913303753822220e+03
1.275058236069224949e+04
1.137082167702352126e+04
4.809341637759776859e+03
1.061244021857924599e+04
7.219212428258502769e+03
1.568035985526843251e+04
2.151820582785043734e+04
5.040675095055800193e+04
1.894083352432273159e+03
1.504714608790798411e+04
2.800426086005855905e+04
6.407259086923262657e+03
4.211590312764778901e+03
7.068082345173579597e+03
4.840011591748603678e+03
1.043093589366211017e+04
1.948963719647548351e+04
2.635324315289903097e+04
6.138122268651109152e+03
1.047845794958155784e+04
4.370254170280194558e+03
1.983514108640138147e+04
1.269356269580833214e+04
4.616632878545227868e+03
1.983996342526521403e+04
3.963967501184419234e+03
1.328307143604099656e+04
1.908031476401913096e+04
1.154005913293689264e+04
6.711617063013582083e+03
6.763526248419204876e+02
5.017960905516214552e+03
1.549393172387329469e+04
1.651885630340082935e+04
2.502324629923304747e+04
2.186591447072233132e+04
3.619545790767166181e+03
1.023626701738247721e+04
1.521142700770146985e+04
3.003559812883455015e+04
1.070271385413208918e+03
2.583076887092388006e+03
1.760237255447620919e+04
1.267219891495417869e+04
2.166396429405276649e+04
9.273113514307024161e+03
1.004310869607263521e+04
5.072694921246400554e+03
9.584270245917232387e+03
1.444255858159039599e+04
5.479055426835771868e+03
1.061834611508290982e+04
1.000931942601861920e+04
2.361256432539793241e+04
5.507314603967680159e+04
5.893733066117258204e+03
2.205439027299516601e+04
4.560700292108997928e+03
2.180662427065769589e+04
3.219848951940668485e+04
1.253864047453677267e+04
1.371988751355577551e+04
1.636765417016744323e+04
1.849088233556973501e+04
3.171288760738262226e+03
2.422772170067429761e+04
1.455069164207420545e+04
1.308416470932770244e+04
3.103234639528047410e+03
5.945970146515998749e+03
4.955597074950475871e+03
3.514467091795162560e+04
1.014187977305803361e+04
5.484849800293691260e+03
1.799151030832137621e+04
3.367025835159735834e+03
1.522894133843958116e+04
2.656330727878273319e+04
3.824361351990974072e+03
5.645421482957214721e+03
5.853399502446690349e+03
1.126055720676586861e+04
1.248759869600526690e+04
1.293918802027190031e+04
7.197230709079948610e+03
2.608885328260369715e+04
1.593482928072345203e+04
6.088451686179632816e+03
1.063650521216276866e+04
1.249891401587535029e+03
4.172927431282815814e+04
2.008103114488577194e+04
1.255463490500729313e+04
3.621517165093704534e+03
1.019674261489544006e+04
2.924083387665934060e+04
4.107302080144840147e+03
2.668523777621605404e+03
1.602482349725297536e+04
2.893010730158877050e+04
