3.310690858289186144e+05
4.336578179911138723e+05
3.384597970848181867e+05
2.831706220055951271e+05
3.703916680688604247e+05
4.305755914467773982e+05
3.600890311174653471e+05
3.069258132419454632e+05
3.264920668625663966e+05
3.864531369167545927e+05
3.136432634136895649e+05
3.051391978737252066e+05
3.423083350322244805e+05
3.501592535412166617e+05
3.859296213610895211e+05
3.212651148371591698e+05
2.671853027295694337e+05
2.961726134104850935e+05
3.504935714447225910e+05
3.594662330777859897e+05
2.983644990462359274e+05
2.618016095195587259e+05
3.545593182991565554e+05
3.211528360098844860e+05
3.118681455866498873e+05
4.332971703962277970e+05
3.253195527649832657e+05
3.712704302690215409e+05
3.808983361486283829e+05
2.467921841964599444e+05
