5.675593872070312500e+02
1.070922265625000000e+04
1.661887500000000000e+04
1.408622753906250000e+04
1.984208984375000000e+04
1.928975390625000000e+04
1.797068359375000000e+04
1.814625195312500000e+04
1.747421484375000000e+04
1.612218164062500000e+04
1.574704101562500000e+04
1.695480273437500000e+04
1.879300390625000000e+04
1.808378125000000000e+04
1.520597949218750000e+04
1.452862402343750000e+04
1.759164257812500000e+04
1.815120117187500000e+04
1.775022851562500000e+04
1.534444238281250000e+04
1.744287890625000000e+04
1.301373632812500000e+04
1.722892187500000000e+04
1.617247558593750000e+04
1.969701367187500000e+04
1.373302148437500000e+04
1.772832226562500000e+04
1.644529296875000000e+04
1.796446093750000000e+04
1.325080664062500000e+04
1.312321582031250000e+04
1.673670898437500000e+04
1.537116503906250000e+04
1.623986718750000000e+04
1.949656640625000000e+04
1.825797265625000000e+04
1.720951171875000000e+04
1.853450000000000000e+04
2.060585156250000000e+04
1.458083398437500000e+04
1.314889453125000000e+04
2.071353515625000000e+04
1.786454687500000000e+04
1.385272265625000000e+04
2.009189453125000000e+04
2.117100585937500000e+04
1.818812304687500000e+04
1.734992187500000000e+04
2.014525585937500000e+04
1.780598632812500000e+04
1.687174414062500000e+04
2.270794140625000000e+04
2.022876757812500000e+04
2.075681054687500000e+04
1.348264843750000000e+04
1.859209765625000000e+04
1.653944140625000000e+04
2.060859765625000000e+04
1.690320703125000000e+04
1.931910156250000000e+04
1.578573632812500000e+04
1.997847851562500000e+04
2.098290039062500000e+04
1.530120898437500000e+04
1.948692968750000000e+04
1.939291406250000000e+04
2.023730273437500000e+04
1.869395117187500000e+04
1.895096484375000000e+04
1.801410351562500000e+04
1.733168750000000000e+04
1.806311914062500000e+04
1.805913867187500000e+04
1.439299609375000000e+04
2.118592187500000000e+04
2.077010937500000000e+04
1.670554492187500000e+04
1.916715234375000000e+04
2.064933593750000000e+04
2.030671679687500000e+04
1.883926171875000000e+04
2.290400585937500000e+04
2.248160546875000000e+04
1.789653906250000000e+04
1.463599023437500000e+04
2.049253125000000000e+04
2.017268750000000000e+04
1.871971093750000000e+04
1.960789257812500000e+04
1.733851367187500000e+04
1.779249218750000000e+04
1.640587500000000000e+04
1.699316992187500000e+04
2.208171093750000000e+04
1.952622265625000000e+04
1.965252343750000000e+04
2.462094921875000000e+04
2.469924609375000000e+04
2.308922851562500000e+04
1.967747265625000000e+04
1.778849023437500000e+04
1.774168359375000000e+04
1.719123828125000000e+04
1.595507031250000000e+04
1.878291992187500000e+04
1.353127441406250000e+04
1.528447265625000000e+04
1.572333496093750000e+04
1.856348242187500000e+04
2.048549609375000000e+04
2.074633593750000000e+04
1.862654687500000000e+04
1.714422656250000000e+04
1.579769238281250000e+04
2.006432031250000000e+04
1.702412304687500000e+04
1.813784765625000000e+04
2.016875585937500000e+04
1.829229101562500000e+04
2.085379492187500000e+04
1.706792578125000000e+04
2.021645312500000000e+04
1.621519140625000000e+04
2.148670898437500000e+04
1.930752148437500000e+04
1.934274023437500000e+04
1.429333398437500000e+04
1.743911523437500000e+04
1.799849023437500000e+04
1.900337109375000000e+04
1.786318164062500000e+04
1.934048242187500000e+04
2.062997656250000000e+04
1.811747460937500000e+04
1.537965625000000000e+04
2.160327148437500000e+04
2.036807421875000000e+04
1.659125390625000000e+04
1.830367968750000000e+04
2.001164453125000000e+04
1.611773046875000000e+04
2.009118164062500000e+04
1.675631835937500000e+04
1.506276171875000000e+04
2.130582031250000000e+04
2.060081445312500000e+04
1.853344140625000000e+04
1.790546093750000000e+04
1.791522851562500000e+04
1.780708398437500000e+04
1.334706152343750000e+04
1.795569726562500000e+04
2.105466406250000000e+04
1.672978710937500000e+04
1.539745605468750000e+04
1.752412304687500000e+04
1.847551562500000000e+04
2.111828515625000000e+04
1.581545214843750000e+04
1.824027734375000000e+04
1.706746875000000000e+04
1.429120703125000000e+04
1.868997265625000000e+04
1.747873242187500000e+04
1.885995117187500000e+04
1.616290625000000000e+04
2.059552148437500000e+04
1.667971679687500000e+04
2.119969531250000000e+04
2.188735351562500000e+04
1.812405859375000000e+04
1.606137500000000000e+04
1.782358984375000000e+04
1.532957714843750000e+04
1.825388281250000000e+04
1.720549609375000000e+04
1.742710937500000000e+04
1.820639843750000000e+04
1.859575000000000000e+04
1.936993359375000000e+04
1.340726367187500000e+04
2.131121289062500000e+04
1.681436523437500000e+04
1.396636914062500000e+04
1.852114062500000000e+04
1.752131054687500000e+04
1.804486523437500000e+04
1.885570507812500000e+04
1.549568457031250000e+04
1.809286328125000000e+04
1.789996484375000000e+04
1.704866015625000000e+04
1.732837890625000000e+04
1.787744921875000000e+04
1.829515234375000000e+04
1.693324218750000000e+04
1.373047070312500000e+04
2.036149218750000000e+04
2.004451953125000000e+04
1.771414843750000000e+04
1.339271093750000000e+04
1.713394140625000000e+04
1.887808984375000000e+04
1.672338085937500000e+04
1.688009570312500000e+04
1.811084179687500000e+04
1.770623242187500000e+04
1.661408984375000000e+04
1.921287890625000000e+04
1.706041406250000000e+04
1.972801171875000000e+04
1.659053710937500000e+04
1.490299316406250000e+04
1.612634375000000000e+04
1.586929199218750000e+04
1.912695507812500000e+04
1.707398828125000000e+04
1.613944531250000000e+04
1.398702539062500000e+04
1.862935546875000000e+04
1.448166503906250000e+04
1.675594726562500000e+04
1.595515917968750000e+04
1.933916796875000000e+04
1.159159765625000000e+04
1.659922656250000000e+04
1.590454296875000000e+04
1.719816796875000000e+04
1.437447753906250000e+04
1.719458984375000000e+04
1.599898242187500000e+04
1.425863867187500000e+04
1.712507617187500000e+04
1.536500976562500000e+04
1.835191796875000000e+04
1.839138867187500000e+04
1.893545898437500000e+04
1.982327343750000000e+04
1.472474218750000000e+04
1.491997753906250000e+04
1.938797265625000000e+04
1.562650000000000000e+04
1.835937304687500000e+04
2.139123046875000000e+04
1.845758398437500000e+04
1.552866113281250000e+04
1.391407910156250000e+04
1.520339648437500000e+04
1.620927148437500000e+04
1.566326757812500000e+04
1.605962304687500000e+04
1.696601367187500000e+04
1.736720703125000000e+04
1.775773632812500000e+04
1.627307031250000000e+04
1.383864062500000000e+04
1.725821679687500000e+04
2.028499023437500000e+04
2.038351562500000000e+04
1.897751953125000000e+04
1.975759375000000000e+04
1.617176171875000000e+04
1.762927929687500000e+04
1.929146875000000000e+04
1.909499414062500000e+04
2.205010156250000000e+04
1.811116992187500000e+04
1.993251953125000000e+04
1.763916406250000000e+04
1.688678710937500000e+04
1.431470996093750000e+04
2.092310937500000000e+04
1.863690039062500000e+04
1.755699609375000000e+04
1.735682812500000000e+04
1.755627539062500000e+04
1.562086816406250000e+04
1.776463281250000000e+04
2.118112109375000000e+04
1.732714453125000000e+04
1.959359960937500000e+04
1.679464843750000000e+04
1.639049218750000000e+04
1.582377734375000000e+04
1.823218945312500000e+04
1.498103027343750000e+04
1.497529101562500000e+04
2.044406640625000000e+04
1.760693359375000000e+04
1.780739062500000000e+04
1.578144140625000000e+04
2.010502343750000000e+04
1.856959375000000000e+04
1.839675585937500000e+04
1.768746289062500000e+04
1.518751074218750000e+04
2.283909570312500000e+04
1.571703906250000000e+04
1.777949218750000000e+04
1.761150390625000000e+04
1.621210644531250000e+04
1.672620117187500000e+04
1.858730859375000000e+04
1.547404687500000000e+04
1.881216796875000000e+04
1.729959179687500000e+04
1.838502148437500000e+04
1.389584570312500000e+04
1.737131054687500000e+04
1.734411132812500000e+04
1.478778906250000000e+04
1.606261914062500000e+04
1.916380664062500000e+04
1.543634960937500000e+04
1.671891406250000000e+04
1.748951953125000000e+04
1.831330859375000000e+04
1.596968652343750000e+04
1.583218359375000000e+04
1.965086132812500000e+04
1.382937304687500000e+04
1.897707617187500000e+04
1.782595312500000000e+04
1.436227734375000000e+04
2.007475000000000000e+04
1.393596679687500000e+04
1.733688867187500000e+04
1.748319140625000000e+04
2.097676171875000000e+04
1.582125390625000000e+04
1.576682226562500000e+04
1.390930859375000000e+04
1.483841796875000000e+04
1.293762695312500000e+04
1.670145898437500000e+04
1.830880078125000000e+04
1.617544335937500000e+04
1.758792578125000000e+04
1.966233203125000000e+04
1.668988281250000000e+04
1.939489648437500000e+04
1.799136914062500000e+04
1.684160351562500000e+04
1.506257812500000000e+04
1.811500976562500000e+04
1.628086230468750000e+04
1.701484179687500000e+04
2.084608789062500000e+04
1.548938476562500000e+04
1.961547656250000000e+04
1.765331250000000000e+04
1.831421484375000000e+04
1.749392968750000000e+04
1.634987304687500000e+04
1.792925000000000000e+04
1.412776953125000000e+04
1.564063671875000000e+04
1.665599218750000000e+04
1.741635156250000000e+04
1.344084277343750000e+04
1.929920312500000000e+04
1.715856640625000000e+04
2.135841796875000000e+04
1.759432421875000000e+04
1.696925000000000000e+04
1.539937304687500000e+04
1.913341210937500000e+04
1.589152343750000000e+04
2.089690625000000000e+04
1.447535742187500000e+04
1.556273632812500000e+04
1.890070703125000000e+04
1.404734179687500000e+04
1.613177539062500000e+04
1.425536328125000000e+04
1.702009960937500000e+04
1.477222265625000000e+04
1.716277343750000000e+04
2.019448437500000000e+04
1.709872070312500000e+04
2.029004882812500000e+04
1.567503125000000000e+04
1.542633398437500000e+04
1.656777539062500000e+04
1.403186328125000000e+04
1.850939843750000000e+04
1.948808593750000000e+04
1.811456250000000000e+04
1.639379687500000000e+04
1.783773632812500000e+04
1.551806933593750000e+04
1.831254882812500000e+04
1.687279882812500000e+04
1.776871093750000000e+04
2.150251953125000000e+04
2.016237109375000000e+04
1.994684179687500000e+04
1.666347656250000000e+04
1.927144921875000000e+04
1.812239843750000000e+04
1.964657812500000000e+04
1.716055468750000000e+04
1.745124609375000000e+04
1.833762695312500000e+04
1.462736718750000000e+04
1.923752148437500000e+04
1.598847167968750000e+04
1.696261718750000000e+04
1.407132910156250000e+04
1.749714843750000000e+04
1.769695507812500000e+04
1.615432519531250000e+04
1.762070507812500000e+04
1.568128417968750000e+04
1.454087109375000000e+04
1.688212500000000000e+04
1.869361914062500000e+04
1.894710742187500000e+04
1.393380468750000000e+04
1.503012500000000000e+04
1.884226562500000000e+04
1.739695312500000000e+04
1.584568945312500000e+04
1.589406347656250000e+04
1.358012695312500000e+04
1.924197656250000000e+04
1.614495410156250000e+04
1.750777929687500000e+04
1.396171875000000000e+04
1.683110546875000000e+04
1.312277832031250000e+04
1.962032421875000000e+04
1.442574414062500000e+04
1.949983203125000000e+04
1.701871875000000000e+04
1.840960156250000000e+04
1.530715820312500000e+04
1.743669921875000000e+04
1.875314843750000000e+04
1.744866210937500000e+04
1.331851171875000000e+04
1.505817968750000000e+04
1.593115429687500000e+04
1.773241015625000000e+04
1.766937890625000000e+04
1.964843359375000000e+04
1.629658203125000000e+04
1.751892187500000000e+04
1.819406250000000000e+04
2.053872460937500000e+04
1.906900195312500000e+04
1.737502539062500000e+04
1.458842773437500000e+04
1.753244335937500000e+04
1.359904882812500000e+04
1.847603125000000000e+04
2.076191406250000000e+04
1.708502343750000000e+04
1.663633789062500000e+04
1.372464257812500000e+04
1.621870703125000000e+04
1.558091992187500000e+04
1.666827734375000000e+04
1.946217968750000000e+04
1.752467968750000000e+04
1.556186230468750000e+04
1.548245703125000000e+04
1.982694140625000000e+04
1.953134765625000000e+04
1.505135449218750000e+04
1.704236718750000000e+04
1.564375292968750000e+04
1.622067578125000000e+04
1.933080859375000000e+04
1.933977148437500000e+04
1.843676953125000000e+04
1.712133984375000000e+04
1.503901562500000000e+04
1.707739062500000000e+04
1.671374609375000000e+04
1.577662890625000000e+04
1.573490234375000000e+04
1.306859375000000000e+04
2.045599023437500000e+04
1.454873046875000000e+04
2.069826367187500000e+04
1.952288281250000000e+04
1.924583007812500000e+04
2.033552929687500000e+04
1.328045703125000000e+04
1.894513867187500000e+04
1.723262500000000000e+04
1.456324121093750000e+04
1.765089453125000000e+04
1.953719140625000000e+04
1.937427148437500000e+04
1.505775000000000000e+04
1.762842968750000000e+04
1.998355468750000000e+04
1.531172070312500000e+04
1.430609082031250000e+04
1.562920898437500000e+04
1.719351562500000000e+04
1.375183886718750000e+04
1.385383105468750000e+04
1.888535742187500000e+04
1.397823242187500000e+04
1.544165429687500000e+04
2.108932031250000000e+04
1.596263476562500000e+04
1.696651953125000000e+04
1.597659960937500000e+04
1.741213671875000000e+04
1.625544335937500000e+04
1.781811132812500000e+04
1.551357226562500000e+04
1.445201367187500000e+04
1.642188281250000000e+04
1.448859960937500000e+04
1.568568261718750000e+04
1.386259277343750000e+04
1.845305078125000000e+04
1.333900585937500000e+04
1.998665234375000000e+04
1.761816601562500000e+04
1.811551367187500000e+04
1.722561328125000000e+04
1.725194921875000000e+04
1.792197460937500000e+04
1.807340820312500000e+04
1.918601562500000000e+04
1.754601171875000000e+04
1.885957812500000000e+04
1.749640625000000000e+04
1.578692187500000000e+04
1.492284765625000000e+04
1.690618359375000000e+04
1.299581835937500000e+04
1.829812890625000000e+04
1.608434472656250000e+04
1.556530859375000000e+04
2.103580078125000000e+04
2.185715039062500000e+04
1.444489550781250000e+04
1.585164648437500000e+04
1.352301855468750000e+04
2.103548046875000000e+04
1.558000195312500000e+04
2.334124218750000000e+04
1.671282031250000000e+04
1.548933203125000000e+04
1.706575195312500000e+04
1.744045703125000000e+04
1.190405273437500000e+04
1.674783203125000000e+04
1.834014843750000000e+04
1.842520507812500000e+04
1.432518652343750000e+04
1.474730273437500000e+04
1.804110742187500000e+04
1.986761523437500000e+04
1.662093554687500000e+04
1.503164843750000000e+04
1.378986718750000000e+04
1.627970996093750000e+04
1.780430468750000000e+04
1.839101562500000000e+04
1.730315625000000000e+04
1.775950000000000000e+04
1.740904687500000000e+04
1.525537500000000000e+04
1.560558398437500000e+04
9.935734375000000000e+03
1.479338574218750000e+04
1.550649218750000000e+04
1.715272656250000000e+04
1.611403222656250000e+04
1.998031640625000000e+04
2.195369335937500000e+04
1.406789550781250000e+04
1.641168359375000000e+04
1.476015234375000000e+04
1.568358984375000000e+04
1.955633593750000000e+04
1.542404980468750000e+04
1.328703125000000000e+04
1.679577929687500000e+04
1.942555859375000000e+04
1.632781445312500000e+04
1.374689843750000000e+04
1.748353515625000000e+04
1.819597460937500000e+04
1.253692187500000000e+04
1.653865039062500000e+04
1.955594726562500000e+04
1.876944140625000000e+04
1.773187890625000000e+04
1.771643164062500000e+04
1.374662695312500000e+04
1.559948535156250000e+04
2.098247070312500000e+04
1.576979492187500000e+04
1.250710449218750000e+04
1.440667871093750000e+04
1.764546289062500000e+04
1.627721484375000000e+04
1.778814843750000000e+04
1.658310351562500000e+04
1.452772851562500000e+04
1.805712109375000000e+04
1.808347070312500000e+04
1.647562695312500000e+04
1.722624218750000000e+04
1.732253320312500000e+04
1.730759375000000000e+04
1.454208984375000000e+04
1.581567675781250000e+04
1.561417382812500000e+04
1.786864257812500000e+04
1.673837890625000000e+04
1.747911718750000000e+04
1.545361230468750000e+04
1.629938867187500000e+04
1.544919921875000000e+04
1.728379687500000000e+04
1.996015234375000000e+04
1.569573437500000000e+04
1.945991992187500000e+04
1.220884179687500000e+04
1.380763281250000000e+04
1.853722265625000000e+04
1.768335742187500000e+04
1.817369335937500000e+04
1.602239355468750000e+04
1.298537695312500000e+04
1.535984765625000000e+04
1.385831445312500000e+04
1.782930468750000000e+04
1.597444531250000000e+04
1.475477929687500000e+04
1.525763476562500000e+04
1.682363671875000000e+04
1.486553027343750000e+04
1.351003320312500000e+04
1.680180468750000000e+04
1.653143359375000000e+04
1.616708398437500000e+04
1.667171679687500000e+04
1.636126757812500000e+04
1.573733398437500000e+04
1.740629101562500000e+04
1.649576367187500000e+04
1.470993652343750000e+04
1.822349804687500000e+04
1.509896386718750000e+04
1.871414843750000000e+04
1.570289160156250000e+04
1.630606542968750000e+04
2.055168359375000000e+04
1.845121875000000000e+04
1.490635449218750000e+04
1.522771875000000000e+04
1.713249609375000000e+04
1.588158007812500000e+04
1.623628320312500000e+04
1.526959765625000000e+04
1.508071777343750000e+04
1.520289550781250000e+04
1.570448437500000000e+04
1.510208593750000000e+04
1.710521484375000000e+04
1.419929785156250000e+04
1.885472656250000000e+04
1.564110449218750000e+04
1.668394726562500000e+04
1.713050976562500000e+04
1.398329492187500000e+04
1.562529003906250000e+04
1.659851953125000000e+04
1.625410937500000000e+04
1.740875195312500000e+04
1.531820117187500000e+04
1.755981250000000000e+04
1.433821484375000000e+04
1.481364550781250000e+04
2.110708984375000000e+04
1.450126757812500000e+04
1.418827539062500000e+04
1.632583203125000000e+04
1.503391796875000000e+04
1.525929296875000000e+04
1.490633984375000000e+04
1.766266796875000000e+04
1.482921093750000000e+04
2.156019140625000000e+04
1.691500390625000000e+04
1.754716796875000000e+04
1.505652343750000000e+04
1.889959570312500000e+04
1.685954492187500000e+04
1.705675781250000000e+04
1.727923046875000000e+04
1.948572656250000000e+04
1.353415820312500000e+04
1.481502148437500000e+04
1.762574218750000000e+04
1.468975781250000000e+04
1.388599414062500000e+04
1.776319140625000000e+04
1.716511328125000000e+04
1.752260546875000000e+04
2.025322851562500000e+04
1.634967187500000000e+04
1.757441406250000000e+04
1.645707812500000000e+04
1.611309570312500000e+04
1.602444726562500000e+04
1.968832421875000000e+04
2.192896875000000000e+04
1.125974414062500000e+04
2.101358203125000000e+04
1.685911328125000000e+04
1.094528906250000000e+04
1.522975000000000000e+04
1.659947265625000000e+04
1.761196679687500000e+04
1.718961132812500000e+04
1.709149414062500000e+04
1.561622851562500000e+04
1.958677539062500000e+04
1.800832031250000000e+04
1.701044140625000000e+04
1.702964843750000000e+04
1.899521679687500000e+04
1.437825000000000000e+04
1.886472656250000000e+04
1.625822265625000000e+04
1.585484667968750000e+04
1.913106640625000000e+04
1.750607031250000000e+04
1.466751562500000000e+04
1.742010351562500000e+04
1.839569531250000000e+04
1.859201171875000000e+04
1.866812500000000000e+04
1.845225390625000000e+04
1.619018847656250000e+04
1.732063281250000000e+04
1.783952929687500000e+04
1.769172070312500000e+04
1.971661914062500000e+04
1.438146484375000000e+04
1.562225195312500000e+04
1.660696484375000000e+04
1.678236328125000000e+04
1.621288281250000000e+04
1.957577539062500000e+04
1.926835156250000000e+04
1.639325585937500000e+04
1.778084960937500000e+04
1.709456250000000000e+04
1.700039062500000000e+04
1.698087695312500000e+04
1.397157031250000000e+04
1.925340625000000000e+04
1.328351562500000000e+04
1.706382226562500000e+04
1.665752343750000000e+04
1.544259179687500000e+04
1.658865234375000000e+04
1.681637890625000000e+04
1.771829296875000000e+04
1.534633496093750000e+04
1.379258886718750000e+04
1.737899414062500000e+04
1.551707421875000000e+04
1.460657421875000000e+04
1.586241992187500000e+04
1.566279785156250000e+04
2.020966406250000000e+04
1.380583496093750000e+04
1.803194726562500000e+04
1.413859960937500000e+04
1.543782617187500000e+04
2.007489648437500000e+04
2.023095507812500000e+04
1.581549414062500000e+04
1.857484960937500000e+04
1.470601757812500000e+04
1.604546679687500000e+04
1.781168359375000000e+04
1.779591406250000000e+04
1.389076660156250000e+04
1.474856152343750000e+04
1.350136914062500000e+04
1.726483984375000000e+04
1.624908300781250000e+04
1.414132910156250000e+04
1.657188476562500000e+04
1.895461914062500000e+04
1.632106250000000000e+04
1.773674023437500000e+04
1.453256347656250000e+04
1.845459375000000000e+04
1.567239550781250000e+04
1.812761328125000000e+04
1.479029980468750000e+04
1.593876464843750000e+04
1.483623046875000000e+04
1.611244726562500000e+04
1.496738671875000000e+04
1.549280078125000000e+04
1.462165136718750000e+04
1.901837500000000000e+04
1.782602148437500000e+04
1.634348339843750000e+04
1.700835351562500000e+04
1.469945898437500000e+04
1.810037500000000000e+04
1.526968261718750000e+04
1.496811132812500000e+04
1.488499316406250000e+04
1.830428320312500000e+04
1.489748437500000000e+04
1.418538671875000000e+04
1.345522656250000000e+04
1.672327343750000000e+04
1.789422265625000000e+04
1.633228906250000000e+04
1.935705859375000000e+04
1.370519042968750000e+04
1.387111718750000000e+04
1.581919531250000000e+04
1.804573046875000000e+04
1.708590234375000000e+04
1.819025000000000000e+04
1.783950781250000000e+04
1.774369140625000000e+04
1.387952246093750000e+04
1.993953125000000000e+04
1.729635546875000000e+04
1.422280175781250000e+04
1.646879296875000000e+04
1.741335156250000000e+04
1.626637695312500000e+04
1.722257812500000000e+04
1.643396289062500000e+04
1.583851074218750000e+04
1.760523437500000000e+04
1.673424804687500000e+04
1.727092968750000000e+04
1.631064746093750000e+04
1.814955273437500000e+04
1.699470117187500000e+04
1.599113085937500000e+04
1.510120898437500000e+04
1.602526562500000000e+04
1.527259960937500000e+04
1.843481054687500000e+04
1.814705468750000000e+04
2.090712500000000000e+04
1.804274804687500000e+04
1.518789257812500000e+04
1.747633398437500000e+04
1.885762109375000000e+04
1.901798632812500000e+04
1.827880078125000000e+04
1.456840917968750000e+04
1.765115429687500000e+04
1.650810742187500000e+04
1.722760156250000000e+04
1.436107421875000000e+04
1.407757812500000000e+04
1.626587207031250000e+04
1.342569140625000000e+04
1.459858593750000000e+04
1.484481835937500000e+04
1.644981835937500000e+04
1.671948242187500000e+04
1.666787109375000000e+04
1.681182031250000000e+04
1.739760742187500000e+04
1.676273242187500000e+04
1.813222656250000000e+04
1.577322656250000000e+04
1.489588964843750000e+04
1.724464453125000000e+04
1.532228710937500000e+04
1.419600976562500000e+04
2.008758007812500000e+04
1.368516894531250000e+04
1.690752539062500000e+04
1.857983203125000000e+04
1.574646093750000000e+04
1.493633886718750000e+04
1.648628710937500000e+04
1.907071093750000000e+04
1.528830078125000000e+04
1.754913476562500000e+04
1.687098632812500000e+04
1.244014648437500000e+04
1.812130078125000000e+04
1.733917382812500000e+04
1.714371093750000000e+04
1.795554296875000000e+04
1.756490625000000000e+04
1.714365625000000000e+04
1.648460156250000000e+04
1.753121875000000000e+04
1.466193652343750000e+04
1.633592675781250000e+04
1.666628125000000000e+04
1.806966015625000000e+04
1.557786328125000000e+04
1.555655078125000000e+04
1.576914843750000000e+04
1.602844531250000000e+04
1.835185156250000000e+04
1.465223828125000000e+04
1.631363867187500000e+04
1.300665429687500000e+04
1.553302929687500000e+04
1.262669238281250000e+04
1.643943554687500000e+04
1.423365527343750000e+04
1.334417968750000000e+04
1.315743164062500000e+04
1.514010058593750000e+04
1.695805468750000000e+04
1.659164453125000000e+04
1.478717382812500000e+04
1.708364062500000000e+04
1.648968945312500000e+04
1.931881640625000000e+04
1.714407031250000000e+04
1.724966796875000000e+04
1.601367480468750000e+04
1.812115234375000000e+04
1.666118750000000000e+04
1.671726757812500000e+04
1.701261718750000000e+04
1.492875097656250000e+04
1.806647851562500000e+04
1.680962304687500000e+04
1.647141015625000000e+04
1.488544042968750000e+04
1.748813476562500000e+04
1.782421093750000000e+04
1.447926464843750000e+04
1.444578906250000000e+04
1.826425781250000000e+04
1.702155468750000000e+04
1.841653320312500000e+04
1.470131152343750000e+04
1.931145312500000000e+04
1.493796289062500000e+04
1.634134472656250000e+04
2.040171484375000000e+04
1.766930078125000000e+04
2.062050390625000000e+04
2.102598046875000000e+04
1.720347265625000000e+04
1.600373925781250000e+04
1.497423828125000000e+04
1.507137792968750000e+04
1.335402539062500000e+04
1.843117382812500000e+04
1.811671679687500000e+04
1.374197656250000000e+04
1.709879882812500000e+04
1.750668164062500000e+04
1.469551660156250000e+04
1.482832910156250000e+04
1.328490039062500000e+04
1.689568750000000000e+04
1.642244140625000000e+04
1.245372851562500000e+04
1.576070605468750000e+04
1.774869921875000000e+04
1.915919140625000000e+04
1.878004882812500000e+04
1.509990234375000000e+04
1.739966992187500000e+04
1.535076464843750000e+04
1.727208789062500000e+04
1.515424609375000000e+04
1.647770703125000000e+04
1.492133300781250000e+04
1.571666210937500000e+04
1.756817187500000000e+04
1.664960156250000000e+04
1.648683203125000000e+04
1.540002441406250000e+04
2.142242968750000000e+04
1.783321679687500000e+04
1.774341210937500000e+04
1.940684765625000000e+04
1.465698925781250000e+04
1.729557812500000000e+04
1.924822265625000000e+04
1.780562695312500000e+04
1.785907812500000000e+04
2.096653125000000000e+04
1.994400390625000000e+04
1.308213574218750000e+04
1.716031250000000000e+04
1.875760156250000000e+04
1.717691210937500000e+04
1.418998632812500000e+04
2.216775781250000000e+04
2.160036523437500000e+04
1.824677539062500000e+04
1.555458984375000000e+04
1.753813671875000000e+04
1.624594824218750000e+04
1.628233984375000000e+04
1.736460351562500000e+04
1.397231835937500000e+04
1.914162500000000000e+04
1.582871484375000000e+04
1.557333789062500000e+04
1.683355859375000000e+04
1.946266796875000000e+04
1.581289355468750000e+04
1.477435253906250000e+04
1.971285156250000000e+04
2.090275781250000000e+04
1.556054101562500000e+04
1.619717382812500000e+04
1.555293164062500000e+04
1.806183789062500000e+04
2.020578710937500000e+04
1.753678320312500000e+04
1.850620312500000000e+04
1.493953808593750000e+04
1.635564062500000000e+04
1.584799316406250000e+04
1.808141406250000000e+04
1.521716699218750000e+04
1.837183984375000000e+04
1.741956250000000000e+04
1.520219531250000000e+04
1.728748437500000000e+04
1.667967578125000000e+04
1.785226757812500000e+04
1.624715429687500000e+04
1.612586914062500000e+04
2.021567578125000000e+04
1.615239648437500000e+04
1.774571289062500000e+04
2.030194140625000000e+04
1.756835937500000000e+04
1.854518750000000000e+04
1.959593750000000000e+04
1.498879199218750000e+04
1.656810156250000000e+04
1.520460449218750000e+04
1.688820703125000000e+04
1.333313281250000000e+04
1.959326171875000000e+04
2.148749218750000000e+04
1.742257226562500000e+04
1.579905468750000000e+04
1.700133789062500000e+04
1.466447167968750000e+04
1.800892578125000000e+04
1.831060937500000000e+04
1.680166015625000000e+04
1.367459082031250000e+04
1.669173828125000000e+04
1.201244140625000000e+04
1.392479296875000000e+04
1.962675000000000000e+04
1.522565234375000000e+04
1.748594140625000000e+04
1.615263671875000000e+04
1.897262109375000000e+04
1.728492187500000000e+04
1.449356445312500000e+04
1.686904882812500000e+04
1.668450976562500000e+04
1.844767773437500000e+04
1.920182031250000000e+04
1.650458984375000000e+04
1.683780664062500000e+04
1.713856640625000000e+04
1.392245898437500000e+04
1.733372265625000000e+04
2.034891406250000000e+04
1.573729199218750000e+04
1.681080078125000000e+04
1.881059375000000000e+04
1.834477929687500000e+04
1.536205664062500000e+04
1.843363671875000000e+04
1.938939062500000000e+04
1.834450585937500000e+04
1.294945312500000000e+04
1.985899218750000000e+04
1.695647070312500000e+04
1.557137792968750000e+04
1.994591601562500000e+04
1.998629101562500000e+04
1.515790039062500000e+04
1.993737890625000000e+04
1.882679296875000000e+04
1.956398632812500000e+04
1.831842382812500000e+04
1.620171679687500000e+04
1.537636132812500000e+04
1.895039453125000000e+04
1.437309082031250000e+04
1.441279882812500000e+04
1.862657421875000000e+04
1.724050390625000000e+04
1.771175390625000000e+04
1.617950195312500000e+04
1.699113476562500000e+04
1.780652734375000000e+04
1.398785058593750000e+04
1.185912011718750000e+04
1.823741015625000000e+04
1.670452343750000000e+04
1.609927050781250000e+04
1.592125585937500000e+04
1.453432617187500000e+04
1.921117578125000000e+04
2.089972656250000000e+04
1.550907031250000000e+04
1.698644335937500000e+04
1.611122265625000000e+04
1.560848828125000000e+04
1.377015039062500000e+04
1.933843554687500000e+04
1.449841015625000000e+04
1.626074609375000000e+04
1.818892773437500000e+04
1.333603222656250000e+04
1.686120703125000000e+04
1.653839843750000000e+04
2.123746484375000000e+04
1.419722070312500000e+04
2.066551757812500000e+04
1.515946386718750000e+04
1.599804296875000000e+04
1.537086425781250000e+04
1.851000000000000000e+04
1.862894140625000000e+04
1.471156445312500000e+04
1.677375000000000000e+04
1.713917578125000000e+04
1.621216796875000000e+04
1.859738671875000000e+04
1.504030761718750000e+04
1.933750976562500000e+04
1.239307617187500000e+04
1.658868554687500000e+04
2.290234765625000000e+04
1.505153125000000000e+04
1.285424023437500000e+04
1.636312500000000000e+04
1.656851367187500000e+04
1.297945800781250000e+04
1.869638671875000000e+04
1.816266406250000000e+04
1.694530078125000000e+04
1.546753125000000000e+04
1.713944921875000000e+04
1.490299804687500000e+04
1.665808398437500000e+04
1.859374218750000000e+04
1.898850781250000000e+04
1.846931250000000000e+04
1.925227734375000000e+04
1.818213085937500000e+04
1.487486621093750000e+04
1.359020019531250000e+04
1.630230566406250000e+04
2.409461523437500000e+04
1.966278320312500000e+04
1.740983593750000000e+04
1.757680078125000000e+04
1.462582519531250000e+04
1.623045312500000000e+04
1.580639941406250000e+04
1.572193261718750000e+04
1.576037695312500000e+04
1.589793945312500000e+04
1.332299121093750000e+04
1.730497265625000000e+04
1.398367578125000000e+04
1.935885546875000000e+04
1.856576953125000000e+04
1.723800000000000000e+04
1.222767968750000000e+04
1.822742968750000000e+04
2.015189843750000000e+04
1.658154687500000000e+04
1.466991113281250000e+04
1.558719628906250000e+04
2.172058007812500000e+04
1.781186718750000000e+04
1.826201171875000000e+04
1.370430468750000000e+04
1.892572265625000000e+04
2.090296484375000000e+04
1.757651953125000000e+04
1.521157324218750000e+04
1.691292578125000000e+04
1.735525195312500000e+04
1.618378710937500000e+04
1.663839062500000000e+04
1.466405859375000000e+04
1.667229296875000000e+04
1.486470312500000000e+04
1.462926171875000000e+04
1.923132226562500000e+04
1.928949804687500000e+04
1.750236914062500000e+04
1.864275781250000000e+04
1.782898437500000000e+04
1.730865234375000000e+04
1.496099023437500000e+04
1.458395703125000000e+04
1.583896289062500000e+04
1.498674023437500000e+04
1.536731152343750000e+04
1.740790039062500000e+04
1.726735546875000000e+04
1.762732226562500000e+04
1.586659570312500000e+04
1.697655078125000000e+04
1.572442578125000000e+04
1.445485644531250000e+04
1.439066992187500000e+04
1.699464843750000000e+04
1.476259667968750000e+04
1.378922656250000000e+04
1.667306250000000000e+04
1.478960253906250000e+04
1.335455664062500000e+04
1.476636523437500000e+04
1.641288867187500000e+04
1.453888964843750000e+04
1.638014257812500000e+04
1.542986718750000000e+04
2.396169140625000000e+04
1.855765234375000000e+04
1.612049804687500000e+04
1.864563085937500000e+04
1.556561230468750000e+04
1.639699218750000000e+04
1.871533789062500000e+04
1.769881445312500000e+04
1.637890429687500000e+04
1.503637304687500000e+04
1.561481054687500000e+04
1.437669531250000000e+04
1.516088085937500000e+04
1.799102734375000000e+04
1.569242773437500000e+04
1.675104687500000000e+04
1.555123046875000000e+04
1.422691601562500000e+04
1.865369531250000000e+04
1.757647460937500000e+04
1.606504687500000000e+04
1.927848046875000000e+04
1.717851171875000000e+04
1.435241601562500000e+04
1.813282421875000000e+04
1.544496875000000000e+04
1.698987109375000000e+04
1.885730468750000000e+04
1.646911914062500000e+04
1.639037890625000000e+04
1.862263671875000000e+04
2.016021679687500000e+04
1.313027832031250000e+04
1.705020703125000000e+04
1.728669726562500000e+04
1.719391406250000000e+04
1.919390234375000000e+04
2.154583984375000000e+04
1.894227929687500000e+04
1.617638281250000000e+04
1.720228710937500000e+04
1.549812402343750000e+04
1.884528906250000000e+04
1.451108007812500000e+04
1.923006250000000000e+04
1.630448437500000000e+04
2.203700000000000000e+04
1.648082031250000000e+04
2.045335156250000000e+04
1.601206738281250000e+04
1.457451171875000000e+04
2.216721093750000000e+04
1.374881054687500000e+04
1.724738671875000000e+04
1.455704980468750000e+04
1.937467187500000000e+04
1.963436328125000000e+04
1.760285546875000000e+04
2.124736132812500000e+04
1.884102539062500000e+04
1.655544531250000000e+04
1.491396289062500000e+04
1.794725390625000000e+04
1.885585937500000000e+04
1.749093750000000000e+04
1.513348632812500000e+04
1.618756445312500000e+04
1.405917675781250000e+04
1.751596875000000000e+04
1.640140234375000000e+04
1.879635742187500000e+04
2.090721484375000000e+04
1.831758203125000000e+04
1.479610156250000000e+04
1.678332031250000000e+04
1.796205273437500000e+04
1.532609570312500000e+04
1.775277929687500000e+04
1.643779296875000000e+04
1.860072656250000000e+04
1.729500781250000000e+04
1.526607031250000000e+04
2.044920117187500000e+04
1.353988085937500000e+04
1.786471484375000000e+04
1.555985449218750000e+04
1.652695898437500000e+04
1.647071679687500000e+04
1.536145703125000000e+04
1.370026562500000000e+04
1.749663671875000000e+04
1.299271582031250000e+04
1.480831738281250000e+04
1.518862304687500000e+04
1.714966992187500000e+04
1.790681640625000000e+04
2.384328906250000000e+04
1.804510156250000000e+04
1.543375781250000000e+04
1.648316210937500000e+04
1.941532031250000000e+04
1.816546484375000000e+04
1.854685742187500000e+04
1.673783984375000000e+04
1.969101171875000000e+04
1.698631250000000000e+04
1.765153906250000000e+04
1.668697656250000000e+04
1.382560058593750000e+04
1.719090625000000000e+04
1.957200781250000000e+04
1.600430175781250000e+04
1.882027734375000000e+04
1.502487988281250000e+04
1.537679101562500000e+04
1.517537207031250000e+04
1.645292187500000000e+04
1.585510351562500000e+04
1.773584375000000000e+04
1.537293554687500000e+04
1.657376953125000000e+04
1.533419824218750000e+04
1.352904492187500000e+04
1.904729296875000000e+04
1.786588085937500000e+04
1.361239257812500000e+04
1.472500585937500000e+04
1.756151953125000000e+04
1.529620800781250000e+04
1.533654394531250000e+04
1.686677734375000000e+04
1.787883984375000000e+04
1.584238476562500000e+04
1.400320800781250000e+04
1.529249023437500000e+04
1.585113281250000000e+04
1.548286816406250000e+04
1.999470703125000000e+04
1.519509570312500000e+04
1.649806835937500000e+04
1.498886328125000000e+04
1.964538671875000000e+04
1.982866796875000000e+04
1.626554296875000000e+04
1.536525488281250000e+04
1.674014843750000000e+04
1.673188085937500000e+04
1.723124218750000000e+04
2.257465625000000000e+04
2.075902148437500000e+04
1.708962304687500000e+04
1.599820898437500000e+04
1.908459179687500000e+04
1.494664257812500000e+04
1.462159179687500000e+04
1.715936718750000000e+04
1.272764453125000000e+04
1.799478515625000000e+04
1.402429296875000000e+04
1.730859179687500000e+04
1.752641601562500000e+04
1.653823242187500000e+04
1.433033007812500000e+04
1.710332226562500000e+04
1.527705664062500000e+04
1.493296289062500000e+04
1.807974218750000000e+04
1.585430859375000000e+04
1.509696582031250000e+04
1.260114453125000000e+04
1.429247363281250000e+04
1.561371289062500000e+04
1.608264648437500000e+04
1.497550781250000000e+04
1.991358789062500000e+04
1.775260156250000000e+04
1.609970507812500000e+04
1.918524023437500000e+04
1.783042578125000000e+04
1.241173242187500000e+04
1.978042382812500000e+04
1.536854492187500000e+04
1.772433398437500000e+04
1.389254003906250000e+04
1.713509375000000000e+04
1.513817382812500000e+04
1.409061718750000000e+04
1.334255664062500000e+04
1.339764648437500000e+04
2.076777539062500000e+04
1.488738281250000000e+04
1.866019140625000000e+04
1.725773828125000000e+04
1.509547070312500000e+04
1.784001953125000000e+04
1.535150976562500000e+04
1.412658007812500000e+04
1.561494335937500000e+04
1.789579492187500000e+04
1.672723242187500000e+04
2.121444140625000000e+04
1.433968359375000000e+04
1.468958789062500000e+04
1.623475781250000000e+04
1.523534375000000000e+04
1.618849609375000000e+04
1.613070312500000000e+04
1.623523046875000000e+04
1.364395800781250000e+04
1.502319335937500000e+04
1.231877148437500000e+04
1.501129882812500000e+04
1.790725390625000000e+04
1.658901367187500000e+04
1.242229394531250000e+04
1.478635449218750000e+04
1.955670703125000000e+04
1.762866796875000000e+04
1.739183984375000000e+04
1.761335351562500000e+04
1.613050390625000000e+04
1.657640625000000000e+04
1.770725781250000000e+04
1.592081445312500000e+04
1.666622656250000000e+04
1.565279492187500000e+04
1.598120019531250000e+04
1.799208203125000000e+04
1.521926464843750000e+04
1.478452343750000000e+04
1.598643652343750000e+04
1.704510742187500000e+04
1.733298437500000000e+04
1.582705859375000000e+04
1.508759179687500000e+04
1.444265332031250000e+04
1.576141015625000000e+04
1.717567968750000000e+04
1.894637304687500000e+04
1.746010351562500000e+04
2.083027539062500000e+04
1.550414648437500000e+04
1.726644726562500000e+04
1.652207421875000000e+04
1.860800390625000000e+04
1.868598437500000000e+04
1.657822070312500000e+04
1.561114257812500000e+04
1.580442773437500000e+04
1.696331054687500000e+04
1.817656640625000000e+04
1.556261914062500000e+04
1.140211718750000000e+04
1.676859375000000000e+04
