6.775523463101468224e+03
5.298115354408441817e+03
1.696098728783206752e+03
-2.699265858103073697e+03
-9.383038528646636678e+02
-1.513991091501130541e+03
-2.207474293674690853e+04
-2.660779743812685047e+04
-1.291716248786859614e+04
-4.912846726262353627e+02
-1.330469955594634257e+03
-4.810643226458842037e+03
-1.514410384661534044e+04
-2.774288325628467646e+04
-2.839247646131042711e+04
-1.400166979726190402e+04
-4.011062224838914062e+03
-9.814931877593351601e+03
-1.815270644984251021e+03
-6.051027222762289057e+03
-1.356249313262114811e+04
-2.534564785215554730e+04
-1.034365561079455438e+04
-9.514574127745567239e+03
-1.056745429091276128e+04
-4.951792380053173474e+03
-7.119272661657965727e+03
-1.192511631416275668e+04
-1.204710244731408056e+04
-1.102832081330707661e+04
