2.887624755859375000e+03
3.894354980468750000e+03
2.080455078125000000e+03
2.734371337890625000e+03
4.323966796875000000e+03
4.721475585937500000e+03
4.958570312500000000e+03
6.245699707031250000e+03
4.849938476562500000e+03
5.502164062500000000e+03
6.066410644531250000e+03
6.682375976562500000e+03
7.136926269531250000e+03
7.578898437500000000e+03
7.653279296875000000e+03
8.654117187500000000e+03
7.881864257812500000e+03
8.119239746093750000e+03
6.379750488281250000e+03
7.563136718750000000e+03
7.094229492187500000e+03
8.144894042968750000e+03
8.195819335937500000e+03
9.929461914062500000e+03
8.073239257812500000e+03
8.591706054687500000e+03
9.845902343750000000e+03
1.090121777343750000e+04
9.998610351562500000e+03
7.784997070312500000e+03
1.018982714843750000e+04
9.616912109375000000e+03
1.093079492187500000e+04
9.602002929687500000e+03
9.861773437500000000e+03
1.062359472656250000e+04
1.123147167968750000e+04
1.002358007812500000e+04
1.101866699218750000e+04
8.963185546875000000e+03
7.609909179687500000e+03
9.293750976562500000e+03
8.916333007812500000e+03
1.097956445312500000e+04
1.210841601562500000e+04
9.561304687500000000e+03
1.077808398437500000e+04
9.013035156250000000e+03
9.714742187500000000e+03
1.126758203125000000e+04
8.056452148437500000e+03
1.038835644531250000e+04
1.170943554687500000e+04
1.284669628906250000e+04
1.200343652343750000e+04
1.251078710937500000e+04
1.093769238281250000e+04
1.267252148437500000e+04
1.047967773437500000e+04
9.320103515625000000e+03
1.127643945312500000e+04
1.174649218750000000e+04
1.051756445312500000e+04
1.217080273437500000e+04
1.016044628906250000e+04
1.194374023437500000e+04
1.132934179687500000e+04
1.100447851562500000e+04
1.352129101562500000e+04
1.047070117187500000e+04
1.004453417968750000e+04
9.954129882812500000e+03
1.074649023437500000e+04
1.201189355468750000e+04
1.029996875000000000e+04
1.180060351562500000e+04
1.148716308593750000e+04
1.166109375000000000e+04
1.226273632812500000e+04
1.087085449218750000e+04
9.887628906250000000e+03
1.232008496093750000e+04
1.069059570312500000e+04
1.342871777343750000e+04
1.308135644531250000e+04
1.019626367187500000e+04
1.021848828125000000e+04
1.250657812500000000e+04
1.122425781250000000e+04
1.356045703125000000e+04
9.832382812500000000e+03
1.093170117187500000e+04
9.977750976562500000e+03
9.364507812500000000e+03
1.165308203125000000e+04
1.053066015625000000e+04
9.285179687500000000e+03
1.237747167968750000e+04
1.239844042968750000e+04
1.059948339843750000e+04
1.115427929687500000e+04
1.206989550781250000e+04
1.056974902343750000e+04
9.835740234375000000e+03
1.179050390625000000e+04
1.118981347656250000e+04
1.240549609375000000e+04
1.105974414062500000e+04
1.176781054687500000e+04
1.191802539062500000e+04
1.336768359375000000e+04
1.304366894531250000e+04
1.064864257812500000e+04
1.008308691406250000e+04
9.964958984375000000e+03
1.293401953125000000e+04
1.349315136718750000e+04
1.265405761718750000e+04
1.505377050781250000e+04
1.096902148437500000e+04
1.126694433593750000e+04
1.224143457031250000e+04
1.336054785156250000e+04
9.461967773437500000e+03
1.293718359375000000e+04
1.263027148437500000e+04
1.282925488281250000e+04
1.186226562500000000e+04
1.279187890625000000e+04
1.562138671875000000e+04
9.379255859375000000e+03
1.569330566406250000e+04
1.313016796875000000e+04
1.063674804687500000e+04
1.364740722656250000e+04
1.263414453125000000e+04
1.162518457031250000e+04
1.272065917968750000e+04
1.293610839843750000e+04
1.296199804687500000e+04
1.264259570312500000e+04
1.229333789062500000e+04
1.212335546875000000e+04
1.075905664062500000e+04
1.384247070312500000e+04
1.288093750000000000e+04
1.127035156250000000e+04
1.186096093750000000e+04
1.414512207031250000e+04
9.379711914062500000e+03
1.165490917968750000e+04
1.228576074218750000e+04
1.593233593750000000e+04
1.194104296875000000e+04
1.364758691406250000e+04
1.315578906250000000e+04
1.264362304687500000e+04
1.013895800781250000e+04
1.039549707031250000e+04
1.016887597656250000e+04
1.154944238281250000e+04
1.121253808593750000e+04
1.611993554687500000e+04
1.097352343750000000e+04
1.211170703125000000e+04
1.540015625000000000e+04
1.457819335937500000e+04
1.409494335937500000e+04
1.401466015625000000e+04
1.193864257812500000e+04
1.161077148437500000e+04
1.451925683593750000e+04
1.539245605468750000e+04
1.392600976562500000e+04
1.161259960937500000e+04
1.330697460937500000e+04
1.106662988281250000e+04
1.402464355468750000e+04
1.414140429687500000e+04
1.010926953125000000e+04
1.235732812500000000e+04
1.260528906250000000e+04
1.378576562500000000e+04
1.346931152343750000e+04
1.284794531250000000e+04
1.272446093750000000e+04
1.246047656250000000e+04
1.064122460937500000e+04
1.597240429687500000e+04
1.137872753906250000e+04
1.366705957031250000e+04
1.342385058593750000e+04
1.313519628906250000e+04
1.356169531250000000e+04
1.499668164062500000e+04
1.420343359375000000e+04
1.320064550781250000e+04
1.257373144531250000e+04
1.281507812500000000e+04
1.354239160156250000e+04
1.313549609375000000e+04
1.286093359375000000e+04
1.259541308593750000e+04
1.365445019531250000e+04
1.059795800781250000e+04
1.445284375000000000e+04
1.393050195312500000e+04
1.266252441406250000e+04
1.251551953125000000e+04
1.391057519531250000e+04
1.375869726562500000e+04
1.297456933593750000e+04
1.379445605468750000e+04
1.302492382812500000e+04
1.308856250000000000e+04
1.492956347656250000e+04
1.341656152343750000e+04
1.093114257812500000e+04
1.225722167968750000e+04
1.382874218750000000e+04
1.520979394531250000e+04
1.379169335937500000e+04
1.282541601562500000e+04
1.121470019531250000e+04
1.345945898437500000e+04
1.510140234375000000e+04
1.306294824218750000e+04
1.415643945312500000e+04
1.288900488281250000e+04
1.173864843750000000e+04
1.482127929687500000e+04
1.298043164062500000e+04
1.368291210937500000e+04
1.428100878906250000e+04
1.121370019531250000e+04
1.332224121093750000e+04
1.345055761718750000e+04
1.313347949218750000e+04
1.325275292968750000e+04
1.249960058593750000e+04
1.458808789062500000e+04
1.395508984375000000e+04
1.437150781250000000e+04
1.257798339843750000e+04
1.209451171875000000e+04
1.476079394531250000e+04
1.370441015625000000e+04
1.314502539062500000e+04
1.447085937500000000e+04
1.237228906250000000e+04
1.505545703125000000e+04
1.511487402343750000e+04
1.244193359375000000e+04
1.590021289062500000e+04
1.479888574218750000e+04
1.405416113281250000e+04
1.303971875000000000e+04
1.212931250000000000e+04
1.354231640625000000e+04
1.228102148437500000e+04
1.426858593750000000e+04
1.353046386718750000e+04
1.510823828125000000e+04
1.523377148437500000e+04
1.206391992187500000e+04
1.301868066406250000e+04
1.200263671875000000e+04
1.348894628906250000e+04
1.237099902343750000e+04
1.348088183593750000e+04
1.332896484375000000e+04
1.272928125000000000e+04
1.397439843750000000e+04
1.495932812500000000e+04
1.204921777343750000e+04
1.421170312500000000e+04
1.284561621093750000e+04
1.218485546875000000e+04
1.280547265625000000e+04
1.411977343750000000e+04
1.144785058593750000e+04
1.471560937500000000e+04
1.342996972656250000e+04
1.436313085937500000e+04
1.340786132812500000e+04
1.526567675781250000e+04
1.333881445312500000e+04
1.348523339843750000e+04
1.464325781250000000e+04
1.670535937500000000e+04
1.506792578125000000e+04
1.595059960937500000e+04
1.588445019531250000e+04
1.465805273437500000e+04
1.464225488281250000e+04
1.452704980468750000e+04
1.383732128906250000e+04
1.515426464843750000e+04
1.124375292968750000e+04
1.392726562500000000e+04
1.514946093750000000e+04
1.610181152343750000e+04
1.532850683593750000e+04
1.277623437500000000e+04
1.577503906250000000e+04
1.337970019531250000e+04
1.600277148437500000e+04
1.404691699218750000e+04
1.466127539062500000e+04
1.539931640625000000e+04
1.413844921875000000e+04
1.364915136718750000e+04
1.507076660156250000e+04
1.484019726562500000e+04
1.419271093750000000e+04
1.570345703125000000e+04
1.524904296875000000e+04
1.583027539062500000e+04
1.456349609375000000e+04
1.537107421875000000e+04
1.674222851562500000e+04
1.958205468750000000e+04
1.572497460937500000e+04
1.542944921875000000e+04
1.627013867187500000e+04
1.740349609375000000e+04
1.709525585937500000e+04
1.720756640625000000e+04
1.532102636718750000e+04
1.810371875000000000e+04
1.627649121093750000e+04
1.570952441406250000e+04
1.484450878906250000e+04
1.871045898437500000e+04
1.694941601562500000e+04
1.831012500000000000e+04
1.711010546875000000e+04
1.500447949218750000e+04
1.400718847656250000e+04
1.866999218750000000e+04
1.725201953125000000e+04
1.798227148437500000e+04
1.510852539062500000e+04
1.466465625000000000e+04
1.719989648437500000e+04
1.860165625000000000e+04
1.654254687500000000e+04
1.850356640625000000e+04
1.732393945312500000e+04
1.715709570312500000e+04
1.597626074218750000e+04
1.678591796875000000e+04
1.758537109375000000e+04
1.772242773437500000e+04
1.947238476562500000e+04
1.974966796875000000e+04
1.644690625000000000e+04
1.766554101562500000e+04
1.645034765625000000e+04
1.637042382812500000e+04
2.001356640625000000e+04
1.927206835937500000e+04
1.864481640625000000e+04
1.893091796875000000e+04
1.642947656250000000e+04
1.522773632812500000e+04
1.707691992187500000e+04
1.445050000000000000e+04
1.766695117187500000e+04
1.767950000000000000e+04
1.680656835937500000e+04
1.896919531250000000e+04
1.766649218750000000e+04
1.785692968750000000e+04
1.759991210937500000e+04
1.543907226562500000e+04
1.830116601562500000e+04
2.117429101562500000e+04
1.688300585937500000e+04
1.826156835937500000e+04
1.840559570312500000e+04
1.787615820312500000e+04
1.870467578125000000e+04
1.702101562500000000e+04
1.710187109375000000e+04
2.111217187500000000e+04
2.085615234375000000e+04
1.747314453125000000e+04
1.996541406250000000e+04
1.763278515625000000e+04
1.759473046875000000e+04
2.058348046875000000e+04
2.056569726562500000e+04
1.744800585937500000e+04
1.879292773437500000e+04
1.869229296875000000e+04
1.849977734375000000e+04
2.076057421875000000e+04
1.669185937500000000e+04
1.910855273437500000e+04
2.005008203125000000e+04
2.119835546875000000e+04
2.166367773437500000e+04
2.073594140625000000e+04
1.942345312500000000e+04
1.882964062500000000e+04
2.199073437500000000e+04
2.071084570312500000e+04
2.120286523437500000e+04
2.087945312500000000e+04
1.990833593750000000e+04
1.787625000000000000e+04
1.991861328125000000e+04
1.909216015625000000e+04
2.070656640625000000e+04
1.922962109375000000e+04
2.085877539062500000e+04
2.328633007812500000e+04
2.252773046875000000e+04
2.388679101562500000e+04
2.539772265625000000e+04
2.187503125000000000e+04
2.298780468750000000e+04
2.058687500000000000e+04
2.401606640625000000e+04
2.176001171875000000e+04
2.468519531250000000e+04
2.137650781250000000e+04
2.316183203125000000e+04
2.170102539062500000e+04
2.362076562500000000e+04
2.455546289062500000e+04
2.131207617187500000e+04
2.310137500000000000e+04
2.314676171875000000e+04
2.121611132812500000e+04
2.347482421875000000e+04
1.908606445312500000e+04
2.662011328125000000e+04
2.250424609375000000e+04
2.042443554687500000e+04
2.226931054687500000e+04
2.289676953125000000e+04
2.310901953125000000e+04
2.131528906250000000e+04
2.284905859375000000e+04
2.339475195312500000e+04
2.306042578125000000e+04
2.380740039062500000e+04
2.143928515625000000e+04
2.093442187500000000e+04
2.353012304687500000e+04
2.145097851562500000e+04
2.477505664062500000e+04
2.310153320312500000e+04
2.331358593750000000e+04
2.207858203125000000e+04
2.657137890625000000e+04
2.438729492187500000e+04
2.480824414062500000e+04
2.386511914062500000e+04
2.404694140625000000e+04
2.382184179687500000e+04
2.554663867187500000e+04
2.065879492187500000e+04
2.195690820312500000e+04
2.633872851562500000e+04
2.609279687500000000e+04
2.299236914062500000e+04
2.389897070312500000e+04
2.456148632812500000e+04
2.507318164062500000e+04
2.850737890625000000e+04
2.815923046875000000e+04
2.660175585937500000e+04
2.336678320312500000e+04
2.339570507812500000e+04
2.627485546875000000e+04
2.209019531250000000e+04
2.433598437500000000e+04
2.612331640625000000e+04
2.403771484375000000e+04
2.182110156250000000e+04
2.525308203125000000e+04
2.492973828125000000e+04
2.436517187500000000e+04
2.668010156250000000e+04
2.730176953125000000e+04
2.369510937500000000e+04
2.617460351562500000e+04
2.702369921875000000e+04
2.491400195312500000e+04
2.860749804687500000e+04
2.169501757812500000e+04
2.466515820312500000e+04
2.559628320312500000e+04
2.600369921875000000e+04
2.691390039062500000e+04
2.532127929687500000e+04
2.443358203125000000e+04
2.660621484375000000e+04
2.611819921875000000e+04
2.738166015625000000e+04
2.712940039062500000e+04
2.240300195312500000e+04
2.586994140625000000e+04
2.396839062500000000e+04
2.661748828125000000e+04
2.628036914062500000e+04
2.539595117187500000e+04
2.471031250000000000e+04
2.762650000000000000e+04
2.717730078125000000e+04
2.978843554687500000e+04
2.607131250000000000e+04
2.963639648437500000e+04
2.464226562500000000e+04
2.721580859375000000e+04
2.476743750000000000e+04
3.070810156250000000e+04
3.040640039062500000e+04
3.203762890625000000e+04
2.691322851562500000e+04
3.258666601562500000e+04
3.606382421875000000e+04
2.742907617187500000e+04
2.547065234375000000e+04
3.278905468750000000e+04
3.264358398437500000e+04
2.941332812500000000e+04
2.908368554687500000e+04
2.741300781250000000e+04
2.971049609375000000e+04
3.147077148437500000e+04
3.218606250000000000e+04
3.060310742187500000e+04
3.216829882812500000e+04
3.584481250000000000e+04
2.629543164062500000e+04
3.523260156250000000e+04
2.583675976562500000e+04
3.579653906250000000e+04
3.283008984375000000e+04
3.457511328125000000e+04
3.195040820312500000e+04
2.906630468750000000e+04
3.057790820312500000e+04
3.791242578125000000e+04
3.575739843750000000e+04
3.205627343750000000e+04
3.139506250000000000e+04
3.165251953125000000e+04
3.075235156250000000e+04
3.373708203125000000e+04
3.466498828125000000e+04
3.194693164062500000e+04
3.377585937500000000e+04
3.601055859375000000e+04
3.874607812500000000e+04
3.571180078125000000e+04
3.362114062500000000e+04
4.216645703125000000e+04
3.450229296875000000e+04
3.381841015625000000e+04
3.998979687500000000e+04
3.745372656250000000e+04
3.302998437500000000e+04
3.562334765625000000e+04
3.646535937500000000e+04
3.570428906250000000e+04
3.892108203125000000e+04
3.797687890625000000e+04
3.771623437500000000e+04
3.831965625000000000e+04
3.549389843750000000e+04
3.728589843750000000e+04
3.422999609375000000e+04
4.344939062500000000e+04
3.417325781250000000e+04
3.482143359375000000e+04
4.144800781250000000e+04
4.432413671875000000e+04
4.092510156250000000e+04
4.060514843750000000e+04
3.687355859375000000e+04
3.908800390625000000e+04
3.763872656250000000e+04
4.675929687500000000e+04
3.955846484375000000e+04
3.940766015625000000e+04
3.463955468750000000e+04
3.657537500000000000e+04
3.436842578125000000e+04
4.276007812500000000e+04
4.426543359375000000e+04
3.648181640625000000e+04
4.069237109375000000e+04
3.486332812500000000e+04
3.602839062500000000e+04
4.099917968750000000e+04
4.380933593750000000e+04
4.080799609375000000e+04
4.842330859375000000e+04
4.049448437500000000e+04
4.386854687500000000e+04
4.432790234375000000e+04
4.046958593750000000e+04
5.149202734375000000e+04
4.389770703125000000e+04
5.219512109375000000e+04
4.274912109375000000e+04
4.283682421875000000e+04
4.441771093750000000e+04
4.226353125000000000e+04
4.936125000000000000e+04
4.160683593750000000e+04
3.984648046875000000e+04
5.112103906250000000e+04
4.853809375000000000e+04
5.174594531250000000e+04
5.029378125000000000e+04
4.123691796875000000e+04
4.400449218750000000e+04
4.212390234375000000e+04
4.465988671875000000e+04
4.551360156250000000e+04
4.340499218750000000e+04
4.712760546875000000e+04
5.215291406250000000e+04
4.182109375000000000e+04
4.999530078125000000e+04
4.843244531250000000e+04
4.193548437500000000e+04
4.290664843750000000e+04
5.609292187500000000e+04
5.564346093750000000e+04
5.207670312500000000e+04
4.442473437500000000e+04
5.139571875000000000e+04
4.780711718750000000e+04
4.602683203125000000e+04
5.455176562500000000e+04
4.603265625000000000e+04
5.089288281250000000e+04
5.122541406250000000e+04
4.874093750000000000e+04
4.986006250000000000e+04
4.353812500000000000e+04
4.901377734375000000e+04
4.510717578125000000e+04
5.537614843750000000e+04
4.835118750000000000e+04
5.240757812500000000e+04
4.946868359375000000e+04
5.805524218750000000e+04
5.586951562500000000e+04
4.960047265625000000e+04
5.627604296875000000e+04
4.897133203125000000e+04
5.124351171875000000e+04
5.489564843750000000e+04
5.095657031250000000e+04
5.958356640625000000e+04
5.647176562500000000e+04
5.003888671875000000e+04
4.940194140625000000e+04
5.189474218750000000e+04
5.175721093750000000e+04
5.841766406250000000e+04
5.026560937500000000e+04
5.744368750000000000e+04
5.219218359375000000e+04
5.280581250000000000e+04
5.247544140625000000e+04
5.173056250000000000e+04
5.745241796875000000e+04
5.840266406250000000e+04
5.539296093750000000e+04
5.460067187500000000e+04
5.286800390625000000e+04
5.548896093750000000e+04
4.942828125000000000e+04
5.860423828125000000e+04
5.289026562500000000e+04
5.137103125000000000e+04
5.275743750000000000e+04
5.217216015625000000e+04
5.366267968750000000e+04
6.385249609375000000e+04
5.461512500000000000e+04
5.549273828125000000e+04
5.456526171875000000e+04
5.655373437500000000e+04
5.072580468750000000e+04
5.773855859375000000e+04
5.436258203125000000e+04
4.967317578125000000e+04
6.221857031250000000e+04
5.487681640625000000e+04
5.251786718750000000e+04
6.313237500000000000e+04
5.331447656250000000e+04
5.210852734375000000e+04
4.713621875000000000e+04
5.481019531250000000e+04
5.701680078125000000e+04
5.627826562500000000e+04
5.393691406250000000e+04
5.259034375000000000e+04
5.955537890625000000e+04
5.910878906250000000e+04
5.234963281250000000e+04
5.266667187500000000e+04
5.624029296875000000e+04
5.681928515625000000e+04
5.962404687500000000e+04
7.034032812500000000e+04
5.355762890625000000e+04
5.703860546875000000e+04
5.841286328125000000e+04
5.676510156250000000e+04
5.332700000000000000e+04
5.292898828125000000e+04
5.046049609375000000e+04
6.621786718750000000e+04
6.022780468750000000e+04
5.848326953125000000e+04
5.639978906250000000e+04
5.623275390625000000e+04
5.682989062500000000e+04
5.987244531250000000e+04
6.362714062500000000e+04
5.856496875000000000e+04
6.138514843750000000e+04
5.623831250000000000e+04
6.006388281250000000e+04
5.361272656250000000e+04
6.068120703125000000e+04
5.347535937500000000e+04
5.399204296875000000e+04
5.119597265625000000e+04
5.789221093750000000e+04
5.462027734375000000e+04
5.919314843750000000e+04
5.516393359375000000e+04
5.805391015625000000e+04
5.359514453125000000e+04
5.609433984375000000e+04
6.021921093750000000e+04
5.688572265625000000e+04
5.605795312500000000e+04
5.687425000000000000e+04
5.075160937500000000e+04
5.631123828125000000e+04
5.856546093750000000e+04
5.718364062500000000e+04
5.200246875000000000e+04
5.185695312500000000e+04
5.613052343750000000e+04
6.341478906250000000e+04
6.273228906250000000e+04
5.607943750000000000e+04
5.384238671875000000e+04
6.064642968750000000e+04
6.485358593750000000e+04
5.934018750000000000e+04
5.364029687500000000e+04
6.292130468750000000e+04
5.459787109375000000e+04
5.319120312500000000e+04
6.320396093750000000e+04
5.653684765625000000e+04
5.611930859375000000e+04
5.601062500000000000e+04
6.226835156250000000e+04
5.849499609375000000e+04
6.213329687500000000e+04
6.150373437500000000e+04
5.682675781250000000e+04
5.839728906250000000e+04
5.464321875000000000e+04
5.078139453125000000e+04
6.260442187500000000e+04
5.672953125000000000e+04
5.626164843750000000e+04
5.878898046875000000e+04
5.820283593750000000e+04
6.384086718750000000e+04
6.034719531250000000e+04
5.594336718750000000e+04
5.380607812500000000e+04
5.718283984375000000e+04
5.622449609375000000e+04
5.535824609375000000e+04
5.168548828125000000e+04
5.118590625000000000e+04
5.229189453125000000e+04
5.352389453125000000e+04
5.630266796875000000e+04
5.435634375000000000e+04
5.974767187500000000e+04
5.587302734375000000e+04
5.483693359375000000e+04
5.609358203125000000e+04
5.612970312500000000e+04
5.257023437500000000e+04
5.933409765625000000e+04
6.426877734375000000e+04
5.764837500000000000e+04
5.790565625000000000e+04
6.565509375000000000e+04
6.110039843750000000e+04
5.865914062500000000e+04
4.784506250000000000e+04
5.038695312500000000e+04
5.387752343750000000e+04
5.981866406250000000e+04
6.108438281250000000e+04
5.326322656250000000e+04
5.969336718750000000e+04
5.128479687500000000e+04
5.252348046875000000e+04
5.825408593750000000e+04
6.129497656250000000e+04
6.285835546875000000e+04
5.142800390625000000e+04
5.556645703125000000e+04
5.700640625000000000e+04
5.621847265625000000e+04
5.272033593750000000e+04
6.300942578125000000e+04
5.190882421875000000e+04
5.569182031250000000e+04
5.612387890625000000e+04
5.557889062500000000e+04
6.077925781250000000e+04
5.402803906250000000e+04
5.377419140625000000e+04
5.540527343750000000e+04
5.751202343750000000e+04
5.601967968750000000e+04
5.172200000000000000e+04
5.191542578125000000e+04
5.135688671875000000e+04
4.952627343750000000e+04
5.140044140625000000e+04
6.213335937500000000e+04
5.735377343750000000e+04
5.424023046875000000e+04
5.835214062500000000e+04
5.540240625000000000e+04
5.646394140625000000e+04
4.977238281250000000e+04
6.085282812500000000e+04
5.853747265625000000e+04
5.504296875000000000e+04
6.054553906250000000e+04
5.307534765625000000e+04
6.153834375000000000e+04
5.983363281250000000e+04
6.773510937500000000e+04
5.798099218750000000e+04
6.513743750000000000e+04
5.352213671875000000e+04
6.074956640625000000e+04
6.526130468750000000e+04
5.331764843750000000e+04
5.980881250000000000e+04
5.704168359375000000e+04
5.692314062500000000e+04
6.031646093750000000e+04
6.042232812500000000e+04
5.634746093750000000e+04
5.788505859375000000e+04
7.387260937500000000e+04
5.937385937500000000e+04
6.697519531250000000e+04
6.134286718750000000e+04
6.425292187500000000e+04
6.759411718750000000e+04
6.617417187500000000e+04
6.980775000000000000e+04
5.922387890625000000e+04
5.813200781250000000e+04
5.522369140625000000e+04
6.322921093750000000e+04
6.568764062500000000e+04
6.518893359375000000e+04
5.989251953125000000e+04
5.980314062500000000e+04
5.914869531250000000e+04
5.730545312500000000e+04
5.908536718750000000e+04
6.012678906250000000e+04
6.076825000000000000e+04
6.332480859375000000e+04
5.220436718750000000e+04
7.328625000000000000e+04
6.008194531250000000e+04
6.572601562500000000e+04
5.877290625000000000e+04
6.163089843750000000e+04
5.533284375000000000e+04
5.774905859375000000e+04
6.768159375000000000e+04
6.370683593750000000e+04
6.170321484375000000e+04
6.284778125000000000e+04
6.302952343750000000e+04
6.362644140625000000e+04
6.327506250000000000e+04
6.049553125000000000e+04
6.584165625000000000e+04
5.845496093750000000e+04
6.035199609375000000e+04
5.895668359375000000e+04
6.494106250000000000e+04
5.965763671875000000e+04
6.049590234375000000e+04
5.732586328125000000e+04
6.238027343750000000e+04
6.236177343750000000e+04
5.791032812500000000e+04
6.817998437500000000e+04
6.252687890625000000e+04
5.906317187500000000e+04
6.075500000000000000e+04
6.171716796875000000e+04
7.567265625000000000e+04
5.867252343750000000e+04
6.186804687500000000e+04
6.609789062500000000e+04
6.568035156250000000e+04
6.856997656250000000e+04
5.759081640625000000e+04
6.073742187500000000e+04
6.490762890625000000e+04
6.200432031250000000e+04
6.473912500000000000e+04
6.497889062500000000e+04
6.755822656250000000e+04
6.412223437500000000e+04
6.256116015625000000e+04
6.170582031250000000e+04
7.120700000000000000e+04
6.505665625000000000e+04
7.779021875000000000e+04
6.921573437500000000e+04
6.721529687500000000e+04
5.859894921875000000e+04
6.263038281250000000e+04
6.610363281250000000e+04
6.534498046875000000e+04
6.763942187500000000e+04
6.950619531250000000e+04
7.192413281250000000e+04
6.231532812500000000e+04
7.111840625000000000e+04
6.793492968750000000e+04
7.499579687500000000e+04
7.908092968750000000e+04
7.082364062500000000e+04
6.793442968750000000e+04
6.947151562500000000e+04
7.437021093750000000e+04
7.623879687500000000e+04
7.082334375000000000e+04
6.992456250000000000e+04
6.331823046875000000e+04
6.831615625000000000e+04
6.039207812500000000e+04
5.828942968750000000e+04
6.880075781250000000e+04
7.076826562500000000e+04
6.866194531250000000e+04
6.794007812500000000e+04
6.761539843750000000e+04
6.493491406250000000e+04
7.249788281250000000e+04
6.820326562500000000e+04
7.115114062500000000e+04
7.326574218750000000e+04
7.337336718750000000e+04
6.262931250000000000e+04
8.500753125000000000e+04
6.218878515625000000e+04
7.192367968750000000e+04
7.268326562500000000e+04
6.641957031250000000e+04
6.945650000000000000e+04
6.952607812500000000e+04
8.000072656250000000e+04
7.624260937500000000e+04
7.903045312500000000e+04
8.254542187500000000e+04
7.668972656250000000e+04
7.773551562500000000e+04
7.147204687500000000e+04
7.369352343750000000e+04
7.539894531250000000e+04
6.820972656250000000e+04
7.109013281250000000e+04
6.997675781250000000e+04
7.244398437500000000e+04
7.368102343750000000e+04
7.549764843750000000e+04
7.280015625000000000e+04
7.272199218750000000e+04
6.664446875000000000e+04
7.043846093750000000e+04
7.149411718750000000e+04
7.635439843750000000e+04
8.060946875000000000e+04
7.431573437500000000e+04
7.508791406250000000e+04
7.980621875000000000e+04
7.792510937500000000e+04
7.692800781250000000e+04
7.825594531250000000e+04
7.564643750000000000e+04
7.673073437500000000e+04
8.210372656250000000e+04
7.538510937500000000e+04
8.106646875000000000e+04
7.133271093750000000e+04
8.167074218750000000e+04
7.597756250000000000e+04
7.739332031250000000e+04
7.456748437500000000e+04
7.460662500000000000e+04
8.540465625000000000e+04
7.640832031250000000e+04
7.300704687500000000e+04
8.099626562500000000e+04
8.571305468750000000e+04
9.465232812500000000e+04
8.195564843750000000e+04
8.377275000000000000e+04
8.413121875000000000e+04
7.834453125000000000e+04
8.167508593750000000e+04
8.804328125000000000e+04
8.581368750000000000e+04
7.834300781250000000e+04
8.593712500000000000e+04
8.603649218750000000e+04
8.258034375000000000e+04
8.378478125000000000e+04
8.992220312500000000e+04
7.096993750000000000e+04
9.182796093750000000e+04
7.479213281250000000e+04
8.130685937500000000e+04
8.115875781250000000e+04
8.162748437500000000e+04
8.155581250000000000e+04
8.850250000000000000e+04
7.167048437500000000e+04
7.956264843750000000e+04
7.553045312500000000e+04
7.915832812500000000e+04
7.490029687500000000e+04
7.950907031250000000e+04
7.738370312500000000e+04
7.642960156250000000e+04
8.284996875000000000e+04
7.964815625000000000e+04
7.959746093750000000e+04
8.166717968750000000e+04
8.181765625000000000e+04
7.392621093750000000e+04
8.593278906250000000e+04
8.238403906250000000e+04
8.151895312500000000e+04
8.395777343750000000e+04
8.417775000000000000e+04
8.766317968750000000e+04
8.091404687500000000e+04
8.569160937500000000e+04
8.235859375000000000e+04
8.380375000000000000e+04
7.848420312500000000e+04
9.316691406250000000e+04
8.069470312500000000e+04
8.029754687500000000e+04
8.502178906250000000e+04
8.400245312500000000e+04
8.338177343750000000e+04
8.761310156250000000e+04
8.391895312500000000e+04
8.462878125000000000e+04
8.353003125000000000e+04
8.681977343750000000e+04
8.102832812500000000e+04
8.875218750000000000e+04
8.592381250000000000e+04
8.214647656250000000e+04
8.030837500000000000e+04
8.912936718750000000e+04
8.287735156250000000e+04
7.942607812500000000e+04
8.391627343750000000e+04
8.510732812500000000e+04
8.327378125000000000e+04
8.407188281250000000e+04
8.593362500000000000e+04
8.865664062500000000e+04
8.779339062500000000e+04
8.379405468750000000e+04
8.453508593750000000e+04
8.737478125000000000e+04
8.877629687500000000e+04
7.752009375000000000e+04
8.839850000000000000e+04
8.497596093750000000e+04
9.372181250000000000e+04
8.663283593750000000e+04
9.188482812500000000e+04
8.627854687500000000e+04
8.138875000000000000e+04
8.739617187500000000e+04
9.167739062500000000e+04
9.961854687500000000e+04
8.800423437500000000e+04
8.112358593750000000e+04
8.891957031250000000e+04
8.731060156250000000e+04
8.397781250000000000e+04
8.859220312500000000e+04
1.060954531250000000e+05
8.903881250000000000e+04
8.499617187500000000e+04
1.019251718750000000e+05
9.283284375000000000e+04
9.145672656250000000e+04
8.777986718750000000e+04
9.305473437500000000e+04
8.518237500000000000e+04
9.197085937500000000e+04
9.541460937500000000e+04
1.046246015625000000e+05
8.776804687500000000e+04
9.227376562500000000e+04
9.054613281250000000e+04
9.106145312500000000e+04
8.688404687500000000e+04
9.281348437500000000e+04
9.914334375000000000e+04
9.349815625000000000e+04
8.943492187500000000e+04
9.257948437500000000e+04
9.423828125000000000e+04
9.282146093750000000e+04
9.272678125000000000e+04
9.016391406250000000e+04
9.211070312500000000e+04
9.510332031250000000e+04
8.894754687500000000e+04
9.434554687500000000e+04
8.487014062500000000e+04
8.929660156250000000e+04
9.104528906250000000e+04
8.755502343750000000e+04
9.844380468750000000e+04
8.746718750000000000e+04
8.156656250000000000e+04
9.093979687500000000e+04
9.350499218750000000e+04
8.306967187500000000e+04
8.721005468750000000e+04
9.865806250000000000e+04
8.972003125000000000e+04
7.480269531250000000e+04
8.704089843750000000e+04
9.243835937500000000e+04
8.976203125000000000e+04
8.363486718750000000e+04
9.621175000000000000e+04
8.814676562500000000e+04
9.324117968750000000e+04
8.467552343750000000e+04
8.622046875000000000e+04
9.644923437500000000e+04
9.506162500000000000e+04
9.213619531250000000e+04
1.010994453125000000e+05
9.171893750000000000e+04
9.804437500000000000e+04
8.908623437500000000e+04
8.587746093750000000e+04
9.486110156250000000e+04
8.879889062500000000e+04
9.712610937500000000e+04
9.069810937500000000e+04
8.990171875000000000e+04
1.032758281250000000e+05
8.857898437500000000e+04
9.111908593750000000e+04
8.123862500000000000e+04
8.650614062500000000e+04
8.452548437500000000e+04
8.932478125000000000e+04
8.485794531250000000e+04
9.595217968750000000e+04
9.682552343750000000e+04
9.469167187500000000e+04
8.249149218750000000e+04
8.540243750000000000e+04
8.452539062500000000e+04
8.875142187500000000e+04
9.039735156250000000e+04
9.520016406250000000e+04
1.085838906250000000e+05
9.547405468750000000e+04
8.752398437500000000e+04
8.942921093750000000e+04
9.249304687500000000e+04
8.785617187500000000e+04
9.906729687500000000e+04
8.996354687500000000e+04
8.560025000000000000e+04
9.778906250000000000e+04
8.956502343750000000e+04
1.062551328125000000e+05
9.572418750000000000e+04
9.263137500000000000e+04
9.662760156250000000e+04
9.290106250000000000e+04
9.874706250000000000e+04
1.026713125000000000e+05
1.001297968750000000e+05
9.644817187500000000e+04
9.599352343750000000e+04
9.877541406250000000e+04
9.436961718750000000e+04
9.665764062500000000e+04
8.754493750000000000e+04
8.985325000000000000e+04
9.964873437500000000e+04
9.172331250000000000e+04
8.912992187500000000e+04
8.670464843750000000e+04
8.657123437500000000e+04
9.789898437500000000e+04
9.536520312500000000e+04
9.646241406250000000e+04
9.759950000000000000e+04
9.496932812500000000e+04
9.551778125000000000e+04
9.027143750000000000e+04
9.061151562500000000e+04
9.961561718750000000e+04
9.163135937500000000e+04
1.002677500000000000e+05
9.267212500000000000e+04
1.116781484375000000e+05
1.117922421875000000e+05
1.006148671875000000e+05
9.695370312500000000e+04
9.388137500000000000e+04
9.262475000000000000e+04
8.757851562500000000e+04
9.217317968750000000e+04
1.064569531250000000e+05
9.599708593750000000e+04
8.579083593750000000e+04
9.704394531250000000e+04
1.046970625000000000e+05
9.548398437500000000e+04
9.280965625000000000e+04
9.556561718750000000e+04
1.095085156250000000e+05
8.911813281250000000e+04
9.593767187500000000e+04
9.701577343750000000e+04
9.615367187500000000e+04
1.020487500000000000e+05
9.093342187500000000e+04
1.024617031250000000e+05
9.874478906250000000e+04
9.913146093750000000e+04
9.512589062500000000e+04
1.015309687500000000e+05
9.491809375000000000e+04
9.867235156250000000e+04
9.240538281250000000e+04
1.022663437500000000e+05
1.044832187500000000e+05
9.948489062500000000e+04
9.963829687500000000e+04
1.171304140625000000e+05
9.718232812500000000e+04
9.992701562500000000e+04
1.038834062500000000e+05
9.190291406250000000e+04
1.004861484375000000e+05
1.008192812500000000e+05
9.994594531250000000e+04
1.108814140625000000e+05
1.017887031250000000e+05
9.900241406250000000e+04
1.076789921875000000e+05
9.555302343750000000e+04
9.421671875000000000e+04
9.914350000000000000e+04
9.136821875000000000e+04
9.380109375000000000e+04
1.090579296875000000e+05
1.033382421875000000e+05
1.069550937500000000e+05
1.168726250000000000e+05
9.944037500000000000e+04
9.161143750000000000e+04
1.080032500000000000e+05
9.914728906250000000e+04
1.036839062500000000e+05
1.049608828125000000e+05
1.027862734375000000e+05
1.005708359375000000e+05
9.098051562500000000e+04
1.051175703125000000e+05
1.021675000000000000e+05
9.690526562500000000e+04
9.330159375000000000e+04
9.364532812500000000e+04
1.044253593750000000e+05
1.006480156250000000e+05
1.049313125000000000e+05
1.004125156250000000e+05
9.501196875000000000e+04
1.065874765625000000e+05
9.200325000000000000e+04
9.694786718750000000e+04
1.058235156250000000e+05
1.030008125000000000e+05
9.419651562500000000e+04
1.067484843750000000e+05
1.032320859375000000e+05
1.077499375000000000e+05
8.983846875000000000e+04
1.101503671875000000e+05
1.036050390625000000e+05
9.866597656250000000e+04
1.096526796875000000e+05
1.007049843750000000e+05
1.017076250000000000e+05
1.151182500000000000e+05
9.349996875000000000e+04
9.788288281250000000e+04
9.649404687500000000e+04
1.046325312500000000e+05
1.128925078125000000e+05
1.098536250000000000e+05
9.719421093750000000e+04
1.025494062500000000e+05
9.829072656250000000e+04
9.591939843750000000e+04
1.034300781250000000e+05
9.359299218750000000e+04
9.461318750000000000e+04
9.627519531250000000e+04
1.015904687500000000e+05
9.725721875000000000e+04
1.057835234375000000e+05
9.729623437500000000e+04
9.896303125000000000e+04
1.021271796875000000e+05
1.022944765625000000e+05
1.028584218750000000e+05
1.024917812500000000e+05
9.029427343750000000e+04
9.912660937500000000e+04
9.270127343750000000e+04
1.007797421875000000e+05
1.048768906250000000e+05
1.004741796875000000e+05
9.665310937500000000e+04
8.386547656250000000e+04
1.023848046875000000e+05
9.777735937500000000e+04
9.886742968750000000e+04
9.502712500000000000e+04
9.766432812500000000e+04
9.889784375000000000e+04
1.086938203125000000e+05
9.828705468750000000e+04
9.258845312500000000e+04
1.050150390625000000e+05
1.021129531250000000e+05
1.014584765625000000e+05
1.052412890625000000e+05
9.809041406250000000e+04
9.475052343750000000e+04
9.575340625000000000e+04
1.050950390625000000e+05
1.075047500000000000e+05
9.600335156250000000e+04
1.018324453125000000e+05
1.007600000000000000e+05
1.076382812500000000e+05
9.216917187500000000e+04
1.006585000000000000e+05
9.532906250000000000e+04
9.405908593750000000e+04
1.013899375000000000e+05
9.994298437500000000e+04
9.413358593750000000e+04
1.071109062500000000e+05
9.069505468750000000e+04
1.008465781250000000e+05
1.062343281250000000e+05
9.128684375000000000e+04
1.029495937500000000e+05
9.262801562500000000e+04
1.023108984375000000e+05
1.037939843750000000e+05
1.023143750000000000e+05
1.002181093750000000e+05
9.199178125000000000e+04
9.431259375000000000e+04
9.539779687500000000e+04
9.484428125000000000e+04
9.873739062500000000e+04
9.357896875000000000e+04
8.850497656250000000e+04
1.055758906250000000e+05
9.776703125000000000e+04
9.668970312500000000e+04
9.626604687500000000e+04
1.079426093750000000e+05
9.327030468750000000e+04
1.000060625000000000e+05
9.960956250000000000e+04
9.111543750000000000e+04
9.152035156250000000e+04
9.190930468750000000e+04
9.582862500000000000e+04
9.536427343750000000e+04
9.704957031250000000e+04
9.149604687500000000e+04
9.262592187500000000e+04
1.045370937500000000e+05
9.406691406250000000e+04
9.090778906250000000e+04
1.040310468750000000e+05
9.224239062500000000e+04
9.137234375000000000e+04
9.799974218750000000e+04
1.011649609375000000e+05
9.824952343750000000e+04
9.564009375000000000e+04
9.773867187500000000e+04
8.892150781250000000e+04
9.230442187500000000e+04
9.167941406250000000e+04
9.932035937500000000e+04
9.764592187500000000e+04
1.013600625000000000e+05
8.945507812500000000e+04
9.355853125000000000e+04
1.020497656250000000e+05
9.251395312500000000e+04
9.558996093750000000e+04
1.008080937500000000e+05
9.545982812500000000e+04
9.570086718750000000e+04
1.000916875000000000e+05
1.014972109375000000e+05
9.548762500000000000e+04
1.035137656250000000e+05
1.034229531250000000e+05
8.764609375000000000e+04
9.415296875000000000e+04
9.229483593750000000e+04
8.985193750000000000e+04
1.023272109375000000e+05
1.006239531250000000e+05
9.483437500000000000e+04
9.102762500000000000e+04
1.088266562500000000e+05
9.479246875000000000e+04
1.015372968750000000e+05
9.690517187500000000e+04
1.070375156250000000e+05
9.812790625000000000e+04
1.007713515625000000e+05
9.901673437500000000e+04
1.089370546875000000e+05
9.669578125000000000e+04
9.353475781250000000e+04
1.078528437500000000e+05
1.029553125000000000e+05
1.083603281250000000e+05
9.353484375000000000e+04
9.106900000000000000e+04
9.459324218750000000e+04
1.019579375000000000e+05
1.087095312500000000e+05
9.682440625000000000e+04
9.952098437500000000e+04
