-9.264951978753929725e+05
-6.909350143954877410e+01
-4.665566677900542913e+01
-1.025356557602528937e+02
-4.347375206920163748e+01
-3.515405609333045334e+01
-2.381193706718856265e+04
-2.785960066082428739e+02
-3.756338830498368964e+01
-6.276624053944848214e+01
-4.325242695993890152e+01
-4.226501290068103600e+01
-4.758195769858029678e+01
-4.980183824836728945e+01
-1.694786029046492501e+02
-2.764214589627828289e+01
-4.703224735161773395e+01
-2.936797122597162613e+01
-4.538780202341632020e+01
-3.571565699412447259e+01
-3.129979119930420595e+01
-6.369761769331986301e+01
-7.403806240433996777e+01
-7.529262172456661517e+01
-5.057374814094139026e+01
-6.357650148975536553e+01
-5.872593876567536597e+01
-3.094495650839663625e+01
-2.531077693330663436e+01
-2.585983180606296372e+01
-9.906332080363068826e+02
-2.667957620919523379e+03
-7.253693905275117970e+01
-1.746047895818948632e+02
-1.550286638771886771e+02
-2.065975554720237710e+02
-2.172111446414986347e+02
-1.204807844836006296e+02
-1.028569107334094781e+02
-1.115706045176961823e+02
-1.494901960434098953e+02
-1.233656541927153256e+02
-6.910686296509217641e+01
-1.586277410116960596e+02
-9.510467581321726982e+01
-1.215595726986277441e+05
-9.413806768071293831e+06
-2.286484151399124041e+07
-3.625903429857464135e+07
-4.981620954327978194e+07
-6.342599324700759351e+07
-7.585687529380713403e+07
-8.930505807652428746e+07
-1.024906463635724783e+08
-1.153721940906087160e+08
-1.286089879497304410e+08
-1.421849895743721724e+08
-1.555449765056734383e+08
-1.690819432988834381e+08
-1.824905875843688548e+08
-1.953600325664072037e+08
-2.090061093771822751e+08
-2.223462922052589059e+08
-2.355050299472243190e+08
-2.485063161804121435e+08
-2.622678634044747949e+08
-2.757152380270668864e+08
-2.890090762322698236e+08
-3.023172918350161910e+08
-3.161152160341728926e+08
-3.295149257994350791e+08
-3.429405222295308709e+08
-3.570067502669506669e+08
-3.744352432645248771e+08
-4.010464176965857148e+08
-4.284138258099806905e+08
-1.243536766651901007e+08
-2.895336644119071252e+02
-2.329835722977691148e+02
-1.808272511168809444e+02
-6.439861077559401110e+02
-7.728035422189398105e+02
-1.386807022120535976e+03
-8.452990678240014404e+02
-4.075836963753869213e+02
-1.582196132832421199e+03
-1.642805429890358255e+03
-2.624577714922734231e+03
-2.815178089276461833e+03
-2.589617344529457341e+02
-4.237777219569045997e+02
-4.336118379276214796e+02
-3.661705303958984814e+02
-5.166506263320735570e+02
-9.188789773453418093e+02
-6.311112951564257401e+02
-1.045133575395246680e+03
-3.659667440639017286e+02
-1.308743747021966044e+02
-1.122474684469879520e+02
-1.727407418972753135e+02
-1.213744356801256856e+02
-1.615877443808460043e+02
-6.739057403426282633e+01
-1.227153110575588073e+02
-8.139588089736756160e+01
-7.975047794125924838e+01
-9.174982834047830238e+01
-6.686366235157598226e+01
-8.010046471503964938e+01
-5.860650893664733019e+01
-3.092439563139503633e+01
-6.623937334176977743e+01
-7.716634080188319444e+01
-4.849789918050869630e+01
-9.957716984238523139e+01
-5.228085242937824972e+01
-7.147388001935466662e+01
-5.097446372779047152e+01
-8.508275953006355508e+01
-5.741724534708358618e+01
-5.040460296178445532e+01
-3.889724175093848402e+01
-2.469795419820239246e+01
-2.868951484676322750e+01
-2.595109961131283782e+01
-2.674515541297035526e+01
-2.339495432411726128e+01
-2.575901771957374109e+01
-4.553162786061734835e+01
-7.239071503626698245e+01
-1.047507678687021837e+02
-4.246202608670419920e+01
-7.224996398387722252e+01
-6.820611954862789617e+01
-4.307736058739025964e+01
-3.921882049795411262e+01
-3.339419025703063681e+01
-5.128716016162430691e+01
-7.640747527691361540e+01
-4.947398535772240535e+01
-1.465796444202099451e+02
-3.085608791095334524e+01
-4.652504730726621318e+01
-9.266717240649671794e+01
-6.403235378740062345e+01
-9.584777597113115633e+01
-7.815963153293104426e+01
-3.071373471462966265e+01
-1.569155383053266384e+01
-4.570375251798544980e+01
-6.166265457121680527e+01
-5.700611526076568225e+01
-1.223777838961135132e+02
-4.345907609359434076e+01
-5.682675806938569707e+01
-7.157864712546464148e+01
-9.961636647645561027e+01
-1.242205998036871080e+02
-1.064821859997859548e+02
-1.268588105049108492e+02
-7.702782569245775335e+01
-1.107366663504915039e+02
-1.452605660047113929e+02
-1.199123252372383774e+02
-1.475714121393119456e+02
-1.345752696097421222e+02
-1.806181944776415094e+02
-2.366871032365760925e+02
-2.609310751281111607e+02
-2.118430591043107256e+02
-1.288032059894556483e+02
-1.399636835500344603e+02
-1.693574149211658835e+02
-1.739955421185744910e+02
-1.278670602736218882e+02
-1.715055347683425566e+02
-1.189084101908680822e+02
-2.842826033731738562e+02
-1.682911387629509932e+02
-2.965316579387658180e+02
-1.204208174476818840e+02
-1.074792153803814045e+02
-1.283990547742301089e+02
-1.915294104557385140e+02
-1.342131608945977348e+02
-8.590472959570234934e+01
-6.413101531266524091e+01
-3.176168973041504984e+01
-3.364674258391061556e+01
-3.574742147833178763e+01
-3.203769864893294539e+01
-4.424564229841079310e+01
-2.667368046647802160e+01
-2.854278138185629743e+01
-3.152955761811418967e+01
-3.193150935993714512e+01
-3.492834334333173274e+01
-4.271211824676582580e+01
-2.842012794665157571e+01
-2.056019005438855984e+01
-3.005789097465562421e+01
-6.621750692731474430e+01
-3.593994065228680768e+01
-4.156675839063683497e+01
-2.612215495706723090e+01
-3.127040205091187275e+01
-2.765382618826831163e+01
-3.238514133134721362e+01
-3.463977154782490686e+01
-2.994972190966041836e+01
-3.644667120973791441e+01
-3.980432519146492609e+01
-3.107839800004630959e+01
-3.398417331203248892e+01
-2.861121434430055643e+01
-4.314887806741740661e+01
-2.248822232775497554e+01
-3.778661591035772460e+01
-3.404169839193288993e+01
-2.567411409444062542e+01
-3.101084968793438179e+01
-2.306292939212349680e+01
-2.471655718585978079e+01
-1.462065098907632965e+01
-4.707630124602138721e+01
-3.537731847058152823e+01
-2.782673306089753851e+01
-2.777005426432898361e+01
-3.030647448107514563e+01
-2.413621962746247718e+01
-3.167876182883364322e+01
-1.552987615688708445e+01
-2.363861723826140349e+01
-3.843298710939689045e+01
-4.144628596397063802e+01
-6.774345832048324212e+01
-7.427568915615648848e+01
-7.305133157000103949e+01
-4.292325066420104918e+01
-7.995857795154788050e+01
-5.067073886566325314e+01
-6.443738555374454791e+01
-3.813905661448617934e+01
-3.466140801202910637e+01
-2.396136021101769487e+01
-1.919113003999222755e+01
-1.945391654341111476e+01
-2.549100930219686489e+01
-4.069402048691097917e+01
-4.191055122171879077e+01
-3.898364689614007972e+01
-3.864017079012915445e+01
-2.077509840342762715e+01
-3.032447088064895269e+01
-3.903150662752378963e+01
-3.128448605496043200e+01
-3.929083364426389835e+01
-5.003541487326901915e+01
-4.047238203751676622e+01
-2.114648681229628124e+01
-3.356945265176076987e+01
-2.921142885682322543e+01
-3.207030971105390904e+01
-3.532647282926642163e+01
-5.067199780771125717e+01
-3.407183134730533425e+01
-4.497712018828920577e+01
-3.120862603733297647e+01
-4.343387243357526017e+01
-2.500996582097819854e+01
-2.734768014353497279e+01
-2.509345507601502590e+01
-2.367553910568254594e+01
-2.167641894566969896e+01
-2.102981861660449070e+01
-3.309211772509634386e+01
-3.926260117991800769e+01
-3.043417162190364067e+01
-3.883105945559487537e+01
-3.856932382203177667e+01
-2.064995544740059330e+01
-4.975327915923084277e+01
-2.988658318548169746e+01
-3.111972730224580275e+01
-2.508934911511562760e+01
-2.873010805312500793e+01
-3.041293010063760605e+01
-3.206484347119529588e+01
-1.669134251716419115e+01
-2.696735512146380387e+01
-4.206747295130024611e+01
-2.890868639455584344e+01
-4.639114632156383067e+01
-4.688898380327064785e+01
-3.872907660353878612e+01
-5.158696790386424169e+01
-5.150080948174574758e+01
-3.766170556792458513e+01
-3.516680507447118487e+01
-4.176225884381479148e+01
-3.243595986250371510e+01
-3.026021338315360509e+01
-2.200935051260801956e+01
-3.049081714874696303e+01
-3.865097961001271898e+01
-4.131360967962390873e+01
-9.517570125228635902e+01
-8.620285794920008016e+01
-4.586924666881932922e+01
-8.834423441617471440e+01
-4.448595327886724959e+01
-2.635161339400606195e+01
-4.304614772680265133e+01
-6.800564640584897802e+01
-3.052738155144036725e+01
-4.179155410889376299e+01
-4.103757288636717959e+01
-5.901793810146190111e+01
-3.230150456512613744e+01
-3.675908489662582213e+01
-2.471382485841156651e+01
-4.890170947342640773e+01
-5.546565735951887888e+01
-6.625323669147385885e+01
-5.599920487595792196e+01
-6.330816683211588725e+01
-5.151594680704079110e+01
-7.724820331471821078e+01
-5.669721558455181309e+01
-4.972689579192187637e+01
-1.002389295545000607e+02
-8.802560687372189818e+01
-6.878319842915399818e+01
-5.935551456490122746e+01
-3.921866743984212889e+01
-1.021350084962541729e+02
-1.707340306107627725e+02
-7.134369963849047735e+01
-6.023379070992634610e+01
-6.651446627132490619e+01
-6.977237669473120718e+01
-7.943967852990651579e+01
-5.329575290673301424e+01
-8.440713974431993449e+01
-7.085296307106607117e+01
-1.314101682366816988e+02
-7.652052028005545026e+01
-5.628585258738304731e+01
-8.893296296047870442e+01
-1.182560160899874262e+02
-7.459206300135025458e+01
-1.354766545264134834e+02
-6.908718347442658114e+01
-5.698154706550701576e+01
-6.244699599171546822e+01
-6.858166141159144047e+01
-5.412857905359769717e+01
-5.238031013365264243e+01
-2.612408663258698382e+01
-4.115938095779308981e+01
-4.900642529238654532e+01
-4.169332205882907516e+01
-5.301765051369206816e+01
-5.621987382546512890e+01
-4.500389794544554434e+01
-3.741473949538341515e+01
-2.991657983488767059e+01
-1.586702237874648880e+01
-1.396684208773170255e+01
-2.184433688656507755e+01
-3.405576073152472105e+01
-3.085776946500627105e+01
-5.117563983083152124e+01
-2.907899882178327289e+01
-2.736906648300137590e+01
-3.099978424633781060e+01
-3.480064899394503186e+01
-6.463432451573007143e+01
-2.896177502325581798e+01
-3.528383391443983896e+01
-2.191333508744638436e+01
-4.302051940344144043e+01
-2.929241251903028598e+01
-5.020657409823782302e+01
-2.373810839463559930e+01
-2.196773594532876928e+01
-2.880173166159419296e+01
-2.219720174144505620e+01
-3.909445998121445598e+01
-2.929766405911527016e+01
-3.272177363664290084e+01
-2.673238733876191375e+01
-3.845234950651038730e+01
-2.641390425552698318e+01
-2.142048440364143858e+01
-4.309863739687542505e+01
-3.595582260953677434e+01
-3.328075884208252688e+01
-3.318186394009548223e+01
-5.691472934352201207e+01
-3.762304806045903405e+01
-3.551990160297348353e+01
-4.631674215267100436e+01
-1.773806881420246384e+01
-5.573425554746582122e+01
-6.379386196354179361e+01
-3.840030243584233460e+01
-7.454205346504633667e+01
-3.682635003928054829e+01
-5.447084605437646587e+01
-3.671749170138301821e+01
-2.488066037560341215e+01
-2.821906743354998071e+01
-3.138590938325170399e+01
-2.579532003387994976e+01
-2.076143465430272528e+01
-2.840032838089794609e+01
-3.203290335912465991e+01
-4.103223574179411060e+01
-5.812931083903090723e+01
-5.638730588310219360e+01
-5.789604546471283442e+01
-4.071437438728675318e+01
-5.136743669793828815e+01
-3.042224217834972322e+01
-2.477625417508088645e+01
-2.641810180941635622e+01
-4.283557539935090119e+01
-5.366803452644030870e+01
-3.396131129008280425e+01
-2.830344184601739244e+01
-2.723529537856990856e+01
-3.665816514246883173e+01
-3.104178413110872725e+01
-4.563424458166588238e+01
-2.915568221211395183e+01
-2.440238398597914582e+01
-2.274839739861365473e+01
-3.327966322106232866e+01
-1.994628789151730786e+01
-2.657327221086411484e+01
-3.534380089531062197e+01
-3.818378158771641040e+01
-3.833263874773819424e+01
-3.284428440851660014e+01
-3.406633296734704430e+01
-3.129071125058674241e+01
-1.426810923090501149e+01
-2.340290158657684572e+01
-1.354468831970734399e+01
-1.834037170284274509e+01
-3.105518122605112552e+01
-5.569391481468488792e+01
-8.135035840096108473e+01
-2.568397793740522772e+01
-2.622056890528348916e+01
-4.510584914508817178e+01
-4.257102410603675935e+01
-3.821157328303558387e+01
-3.510659157787585372e+01
-6.459425495248666493e+01
-4.284914849973385742e+01
-5.741105508465534513e+01
-7.431094678687624366e+01
-1.075345839017348055e+02
-7.006389034777517111e+01
-4.722982152070192541e+01
-5.405643890934000950e+01
-5.320472071273857040e+01
-4.971203441883634611e+01
-3.323848740999686413e+01
-2.435733646122841733e+01
-3.248705736040700032e+01
-2.821261645729561707e+01
-2.449196086732110089e+01
-2.166453266621151741e+01
-3.140755925309022700e+01
-2.899904493410555162e+01
-5.232037303864060362e+01
-4.164514245672748416e+01
-4.571526965025390155e+01
-3.216935722299417222e+01
-7.621991442759706104e+01
-3.397270484444935335e+01
-3.131486423306690625e+01
-2.770053092692149477e+01
-2.393014102527515519e+01
-3.992650261257436028e+01
-5.029746040131931295e+01
-5.417301078802761083e+01
-5.558201990403046011e+01
-3.676748033085228684e+01
-4.097263728536341176e+01
-4.164078415900577568e+01
-2.200296387439229306e+01
-3.395212908932926155e+01
-3.088147456496410115e+01
-3.702618366468212230e+01
-2.952216851400412878e+01
