2.204899000000000000e+06
5.992929375000000000e+05
4.241475625000000000e+05
3.032489375000000000e+05
1.874559062500000000e+05
2.139967812500000000e+05
1.204821484375000000e+05
8.567093750000000000e+04
1.371987812500000000e+05
9.898052343750000000e+04
1.013237265625000000e+05
7.808769531250000000e+04
8.433114062500000000e+04
7.069639062500000000e+04
6.155439453125000000e+04
6.617982031250000000e+04
8.096070312500000000e+04
4.838794531250000000e+04
3.805455078125000000e+04
3.677346875000000000e+04
3.235377148437500000e+04
4.763423437500000000e+04
3.963621484375000000e+04
4.188093359375000000e+04
4.213088281250000000e+04
4.227776953125000000e+04
6.760166406250000000e+04
2.559010156250000000e+04
2.569262109375000000e+04
3.109382421875000000e+04
3.104638476562500000e+04
2.378177734375000000e+04
3.725089062500000000e+04
2.663903515625000000e+04
3.708372265625000000e+04
1.591247656250000000e+04
1.858075195312500000e+04
2.979354296875000000e+04
3.077418750000000000e+04
3.458149218750000000e+04
3.458118359375000000e+04
1.412518164062500000e+04
2.391733203125000000e+04
1.749000781250000000e+04
3.131401562500000000e+04
1.273876269531250000e+04
1.248911015625000000e+05
5.068265937500000000e+05
1.152239750000000000e+06
2.486188250000000000e+06
3.249143500000000000e+06
4.478685500000000000e+06
5.808673500000000000e+06
8.376886500000000000e+06
8.885422000000000000e+06
1.134210000000000000e+07
1.140275000000000000e+07
1.546705600000000000e+07
2.006138600000000000e+07
2.261970600000000000e+07
2.341169200000000000e+07
3.114379600000000000e+07
2.822079600000000000e+07
3.549530000000000000e+07
3.894721600000000000e+07
4.111901600000000000e+07
4.410372400000000000e+07
4.686507200000000000e+07
4.940642000000000000e+07
6.130854400000000000e+07
5.512181200000000000e+07
5.993664800000000000e+07
6.267180800000000000e+07
6.975851200000000000e+07
7.246251200000000000e+07
8.248765600000000000e+07
7.306991200000000000e+07
8.395068800000000000e+07
8.382978400000000000e+07
7.473396800000000000e+07
7.743144000000000000e+07
8.517324800000000000e+07
7.313572800000000000e+07
7.426551200000000000e+07
7.652740800000000000e+07
7.173985600000000000e+07
7.459462400000000000e+07
7.067678400000000000e+07
7.100425600000000000e+07
6.876088800000000000e+07
7.110984800000000000e+07
6.737147200000000000e+07
7.535849600000000000e+07
7.353399200000000000e+07
6.577926400000000000e+07
6.630488400000000000e+07
6.611593600000000000e+07
5.775455200000000000e+07
5.677094400000000000e+07
6.154631600000000000e+07
7.146768000000000000e+07
6.219916000000000000e+07
6.163409200000000000e+07
5.920419200000000000e+07
6.331127200000000000e+07
6.356012000000000000e+07
6.219256800000000000e+07
4.636396000000000000e+07
5.991104000000000000e+07
5.793642800000000000e+07
5.736202400000000000e+07
5.665863200000000000e+07
6.359431600000000000e+07
5.723701600000000000e+07
6.125824000000000000e+07
5.457040000000000000e+07
5.275830800000000000e+07
5.395886800000000000e+07
5.379843200000000000e+07
5.194492800000000000e+07
5.718239200000000000e+07
4.971018400000000000e+07
5.104255200000000000e+07
5.429888800000000000e+07
4.969534000000000000e+07
5.037372400000000000e+07
5.134956000000000000e+07
5.621458000000000000e+07
5.214208400000000000e+07
4.096954400000000000e+07
4.609919200000000000e+07
3.846206800000000000e+07
4.356240400000000000e+07
4.392896800000000000e+07
4.811670800000000000e+07
4.749178400000000000e+07
4.928728800000000000e+07
4.323938800000000000e+07
5.171919600000000000e+07
3.869677600000000000e+07
4.248683200000000000e+07
3.946864400000000000e+07
4.556676400000000000e+07
4.326012400000000000e+07
4.417666800000000000e+07
5.184937600000000000e+07
4.578633200000000000e+07
4.342530400000000000e+07
4.020660400000000000e+07
5.008235200000000000e+07
3.623185600000000000e+07
4.573383200000000000e+07
3.986084400000000000e+07
3.886076400000000000e+07
3.732266400000000000e+07
4.119753600000000000e+07
3.940052400000000000e+07
3.641769600000000000e+07
4.228544400000000000e+07
4.134880800000000000e+07
3.567062400000000000e+07
3.864145600000000000e+07
3.247013400000000000e+07
4.511322400000000000e+07
3.723574400000000000e+07
4.300833600000000000e+07
3.538821600000000000e+07
3.751513600000000000e+07
4.229095200000000000e+07
4.093478800000000000e+07
3.949357200000000000e+07
3.113463400000000000e+07
3.590912400000000000e+07
3.892087200000000000e+07
3.528060800000000000e+07
3.353132400000000000e+07
3.991212000000000000e+07
3.315498800000000000e+07
4.050556400000000000e+07
3.739808400000000000e+07
3.406074000000000000e+07
3.480032800000000000e+07
3.413124000000000000e+07
3.647284000000000000e+07
2.977497600000000000e+07
3.710276000000000000e+07
3.696973200000000000e+07
2.841516800000000000e+07
3.098749800000000000e+07
3.286680400000000000e+07
3.272905000000000000e+07
3.338575400000000000e+07
2.910329600000000000e+07
3.292229200000000000e+07
2.925543400000000000e+07
2.764669200000000000e+07
3.649946000000000000e+07
3.063553000000000000e+07
2.992459200000000000e+07
3.212497200000000000e+07
3.312487600000000000e+07
3.681975200000000000e+07
2.931849000000000000e+07
3.256405800000000000e+07
3.026206800000000000e+07
3.166675200000000000e+07
3.292831600000000000e+07
3.136159400000000000e+07
3.089585000000000000e+07
2.735932200000000000e+07
2.474337800000000000e+07
3.160114600000000000e+07
3.595923200000000000e+07
2.701173200000000000e+07
3.133916800000000000e+07
3.424875200000000000e+07
2.887224400000000000e+07
2.671716200000000000e+07
3.308407600000000000e+07
2.674213800000000000e+07
2.613263600000000000e+07
2.635026800000000000e+07
3.069674600000000000e+07
2.400992400000000000e+07
2.925426800000000000e+07
2.745340200000000000e+07
2.645537000000000000e+07
3.162653400000000000e+07
2.848058000000000000e+07
2.775125400000000000e+07
2.995132400000000000e+07
3.196881600000000000e+07
3.054718800000000000e+07
2.785345000000000000e+07
2.633326200000000000e+07
2.542505600000000000e+07
2.820723200000000000e+07
2.095163400000000000e+07
2.298785000000000000e+07
2.960660400000000000e+07
2.465997600000000000e+07
2.585184600000000000e+07
2.652408000000000000e+07
3.225797400000000000e+07
3.023930200000000000e+07
2.754634000000000000e+07
2.823046800000000000e+07
2.627984200000000000e+07
2.254814400000000000e+07
2.288237200000000000e+07
2.478512400000000000e+07
2.368310000000000000e+07
2.800488400000000000e+07
2.572816000000000000e+07
2.276064200000000000e+07
2.656199600000000000e+07
2.144939400000000000e+07
1.989807400000000000e+07
2.131692000000000000e+07
2.448578200000000000e+07
2.332243200000000000e+07
2.799388400000000000e+07
2.409522000000000000e+07
2.277960400000000000e+07
1.878394600000000000e+07
2.603473200000000000e+07
2.343627800000000000e+07
2.701463000000000000e+07
2.616873600000000000e+07
2.468908600000000000e+07
2.482493400000000000e+07
2.874639600000000000e+07
1.843059600000000000e+07
2.270890000000000000e+07
1.666155700000000000e+07
2.018041200000000000e+07
2.245283600000000000e+07
2.483674200000000000e+07
1.831718000000000000e+07
2.073538000000000000e+07
2.259964400000000000e+07
2.470921000000000000e+07
2.557491000000000000e+07
2.452293400000000000e+07
1.987644400000000000e+07
2.514909000000000000e+07
2.422453200000000000e+07
2.041657600000000000e+07
2.095774400000000000e+07
1.691310800000000000e+07
1.620026600000000000e+07
2.465296400000000000e+07
1.560189400000000000e+07
1.959366600000000000e+07
1.868711400000000000e+07
2.124119600000000000e+07
2.256036200000000000e+07
1.975363000000000000e+07
2.021064600000000000e+07
2.163518400000000000e+07
1.891946600000000000e+07
1.612017400000000000e+07
2.193034000000000000e+07
2.996658800000000000e+07
1.764152400000000000e+07
2.152578000000000000e+07
2.153661200000000000e+07
2.733790000000000000e+07
1.867050400000000000e+07
1.905067800000000000e+07
2.393410800000000000e+07
1.662009300000000000e+07
1.989118400000000000e+07
2.148508400000000000e+07
1.803621000000000000e+07
1.730062600000000000e+07
1.710690600000000000e+07
2.174752200000000000e+07
1.654231800000000000e+07
1.897310800000000000e+07
1.798755000000000000e+07
1.585855000000000000e+07
1.663372300000000000e+07
1.712155600000000000e+07
1.676369900000000000e+07
1.768736800000000000e+07
1.763625000000000000e+07
1.817078400000000000e+07
2.208337400000000000e+07
1.503831800000000000e+07
1.867280200000000000e+07
2.032096000000000000e+07
1.423388300000000000e+07
1.911372400000000000e+07
1.830963600000000000e+07
1.738269000000000000e+07
1.937812000000000000e+07
1.947601000000000000e+07
1.572945000000000000e+07
1.610622200000000000e+07
1.817080400000000000e+07
1.997731400000000000e+07
2.590022000000000000e+07
1.996139800000000000e+07
1.937237600000000000e+07
1.876340800000000000e+07
1.539177800000000000e+07
2.561839200000000000e+07
1.838916400000000000e+07
1.566069400000000000e+07
1.694809800000000000e+07
1.795010200000000000e+07
1.463575700000000000e+07
2.073064000000000000e+07
1.653629100000000000e+07
1.618104300000000000e+07
1.638694100000000000e+07
1.499484500000000000e+07
1.413683500000000000e+07
1.812661800000000000e+07
2.105204400000000000e+07
2.002024000000000000e+07
1.542884600000000000e+07
1.805077400000000000e+07
1.807420800000000000e+07
1.790710000000000000e+07
1.647116000000000000e+07
1.307376700000000000e+07
1.750652400000000000e+07
2.025613600000000000e+07
1.832509600000000000e+07
1.939239200000000000e+07
1.472899400000000000e+07
1.593521100000000000e+07
2.033606400000000000e+07
1.565876300000000000e+07
1.208488900000000000e+07
1.937386000000000000e+07
1.691008800000000000e+07
1.819480000000000000e+07
1.538876500000000000e+07
1.465419700000000000e+07
1.766048000000000000e+07
1.391502200000000000e+07
1.619861300000000000e+07
1.780318000000000000e+07
1.604157300000000000e+07
1.592709400000000000e+07
1.546899400000000000e+07
1.914118000000000000e+07
1.513420300000000000e+07
1.451175700000000000e+07
1.456782900000000000e+07
1.622401100000000000e+07
1.430935400000000000e+07
2.055686000000000000e+07
1.565139800000000000e+07
2.239300400000000000e+07
1.664296600000000000e+07
1.826763800000000000e+07
1.624186600000000000e+07
1.336343800000000000e+07
1.495783500000000000e+07
1.349577000000000000e+07
1.153352500000000000e+07
1.614043000000000000e+07
1.627197600000000000e+07
1.847075000000000000e+07
1.743309800000000000e+07
1.738463600000000000e+07
1.324439300000000000e+07
1.653280500000000000e+07
1.598871800000000000e+07
1.655558900000000000e+07
1.290026700000000000e+07
1.448747400000000000e+07
2.017916000000000000e+07
2.146242400000000000e+07
1.516508800000000000e+07
1.630894700000000000e+07
1.583757100000000000e+07
1.706366600000000000e+07
1.179681700000000000e+07
1.296829600000000000e+07
1.368663800000000000e+07
1.336055700000000000e+07
1.479178400000000000e+07
1.599862600000000000e+07
1.287492200000000000e+07
1.327826400000000000e+07
1.843233600000000000e+07
1.488715500000000000e+07
1.542651700000000000e+07
1.426538200000000000e+07
9.632975000000000000e+06
1.647947800000000000e+07
1.670457600000000000e+07
1.846932000000000000e+07
1.157394200000000000e+07
1.284135000000000000e+07
1.779124200000000000e+07
1.663459000000000000e+07
1.593290700000000000e+07
1.019333700000000000e+07
1.508226200000000000e+07
1.785971000000000000e+07
1.603676000000000000e+07
1.053364200000000000e+07
1.840506800000000000e+07
1.445978600000000000e+07
1.269989800000000000e+07
1.208589300000000000e+07
1.347982100000000000e+07
1.289465100000000000e+07
1.328491400000000000e+07
1.498901900000000000e+07
1.127847300000000000e+07
1.617213400000000000e+07
1.337532500000000000e+07
1.418219500000000000e+07
1.337035400000000000e+07
1.424764600000000000e+07
1.086512600000000000e+07
1.613496600000000000e+07
1.399340500000000000e+07
9.683648000000000000e+06
1.530490200000000000e+07
1.318006300000000000e+07
1.403220600000000000e+07
1.124644300000000000e+07
1.291372200000000000e+07
1.529852300000000000e+07
1.261963100000000000e+07
1.036050400000000000e+07
1.255598300000000000e+07
1.295902500000000000e+07
1.462842900000000000e+07
1.386467700000000000e+07
1.583278100000000000e+07
1.278780900000000000e+07
1.378615700000000000e+07
1.567562200000000000e+07
1.631955500000000000e+07
1.173450600000000000e+07
1.602568500000000000e+07
1.428721600000000000e+07
9.051886000000000000e+06
1.180479000000000000e+07
1.474319800000000000e+07
1.362347000000000000e+07
1.865160400000000000e+07
1.270006800000000000e+07
1.031985000000000000e+07
1.320525600000000000e+07
1.144478700000000000e+07
1.357098400000000000e+07
1.241765000000000000e+07
1.335328100000000000e+07
1.185375400000000000e+07
1.452187400000000000e+07
