1.963761352539062500e+03
4.631327148437500000e+03
7.231548828125000000e+03
1.167043554687500000e+04
1.001911328125000000e+04
1.385181054687500000e+04
1.471713476562500000e+04
1.486119433593750000e+04
1.218502148437500000e+04
1.419630371093750000e+04
1.389113867187500000e+04
1.338862500000000000e+04
1.390502343750000000e+04
1.295710644531250000e+04
1.189432617187500000e+04
1.297661328125000000e+04
1.366529882812500000e+04
1.304161328125000000e+04
1.664717187500000000e+04
1.719292187500000000e+04
1.525005957031250000e+04
1.480514648437500000e+04
1.255201171875000000e+04
1.417323535156250000e+04
1.639881250000000000e+04
1.908979687500000000e+04
1.932513281250000000e+04
1.749944140625000000e+04
1.530016503906250000e+04
1.969212500000000000e+04
1.839524804687500000e+04
1.309633300781250000e+04
1.702417187500000000e+04
1.675912890625000000e+04
1.776542968750000000e+04
1.732539843750000000e+04
1.701628906250000000e+04
1.442778222656250000e+04
1.875016992187500000e+04
1.889238281250000000e+04
1.736420703125000000e+04
1.934249414062500000e+04
1.558870312500000000e+04
1.528094531250000000e+04
1.513158691406250000e+04
1.464518359375000000e+04
1.411371289062500000e+04
1.755358398437500000e+04
1.802082812500000000e+04
1.782966601562500000e+04
1.739133007812500000e+04
1.940331250000000000e+04
1.977587304687500000e+04
2.021987890625000000e+04
1.993534960937500000e+04
2.199180468750000000e+04
1.715194921875000000e+04
1.722849609375000000e+04
1.697971093750000000e+04
1.895980468750000000e+04
1.802152734375000000e+04
1.435532421875000000e+04
1.588651757812500000e+04
1.593341406250000000e+04
1.839517578125000000e+04
1.763306640625000000e+04
1.905684765625000000e+04
1.524517480468750000e+04
2.021516796875000000e+04
2.006423046875000000e+04
1.659577929687500000e+04
1.795935742187500000e+04
1.953209765625000000e+04
1.969688867187500000e+04
1.839424218750000000e+04
1.783965039062500000e+04
1.897708593750000000e+04
1.835680859375000000e+04
1.754347070312500000e+04
1.811156445312500000e+04
1.702658593750000000e+04
1.822550390625000000e+04
1.936521484375000000e+04
1.756252343750000000e+04
2.105064648437500000e+04
1.466489257812500000e+04
1.676898437500000000e+04
1.862122265625000000e+04
1.657635546875000000e+04
1.471070507812500000e+04
2.066604687500000000e+04
1.642131445312500000e+04
2.054289453125000000e+04
1.701540625000000000e+04
1.527223437500000000e+04
1.636441406250000000e+04
2.094358984375000000e+04
1.979396679687500000e+04
1.868290234375000000e+04
1.464248144531250000e+04
1.834063281250000000e+04
2.049941210937500000e+04
1.804323437500000000e+04
1.505904199218750000e+04
1.973729101562500000e+04
1.509851367187500000e+04
1.785501757812500000e+04
2.023348242187500000e+04
1.842648437500000000e+04
1.549417089843750000e+04
1.772530859375000000e+04
2.003300976562500000e+04
1.704766406250000000e+04
1.837560937500000000e+04
1.746632812500000000e+04
1.698372851562500000e+04
1.841207421875000000e+04
1.672902929687500000e+04
1.654530468750000000e+04
1.998705859375000000e+04
1.791681640625000000e+04
1.765108789062500000e+04
1.945075195312500000e+04
1.755220312500000000e+04
1.746817187500000000e+04
1.502547851562500000e+04
1.850006445312500000e+04
1.904450195312500000e+04
1.592843945312500000e+04
1.626391015625000000e+04
1.938845703125000000e+04
1.726712695312500000e+04
1.776835156250000000e+04
1.584366503906250000e+04
1.813234570312500000e+04
1.968414062500000000e+04
1.766670507812500000e+04
1.959779687500000000e+04
2.176223632812500000e+04
1.652173046875000000e+04
1.877618750000000000e+04
1.872000390625000000e+04
1.581597851562500000e+04
2.041059765625000000e+04
1.666130273437500000e+04
1.419985156250000000e+04
1.977840429687500000e+04
1.863055468750000000e+04
2.003329687500000000e+04
1.735639843750000000e+04
1.982537109375000000e+04
1.822943359375000000e+04
1.895309765625000000e+04
1.748003515625000000e+04
1.814206445312500000e+04
1.505826757812500000e+04
2.006071679687500000e+04
1.825559179687500000e+04
2.079311523437500000e+04
1.594980273437500000e+04
1.879087695312500000e+04
1.842495703125000000e+04
2.096916015625000000e+04
1.667437109375000000e+04
1.745299804687500000e+04
2.041457617187500000e+04
1.956088671875000000e+04
1.822970507812500000e+04
1.839310351562500000e+04
1.992989257812500000e+04
1.680188281250000000e+04
1.639396484375000000e+04
1.740479687500000000e+04
1.628802929687500000e+04
1.812475390625000000e+04
2.125505078125000000e+04
1.784447070312500000e+04
1.890533203125000000e+04
2.081889062500000000e+04
2.046170703125000000e+04
2.038592968750000000e+04
1.922747851562500000e+04
1.969337109375000000e+04
1.946216992187500000e+04
1.980068164062500000e+04
1.606042675781250000e+04
1.836281445312500000e+04
1.805043554687500000e+04
2.051238671875000000e+04
1.731515625000000000e+04
1.887901757812500000e+04
2.161828906250000000e+04
1.988983203125000000e+04
1.762982812500000000e+04
1.879450585937500000e+04
1.886462304687500000e+04
1.869103515625000000e+04
1.862653125000000000e+04
1.734309765625000000e+04
1.756371093750000000e+04
1.813407421875000000e+04
1.612829687500000000e+04
1.922728906250000000e+04
1.596377832031250000e+04
2.079246679687500000e+04
1.578931835937500000e+04
1.637335351562500000e+04
1.915098242187500000e+04
1.786830273437500000e+04
1.773559375000000000e+04
1.901633007812500000e+04
1.752409960937500000e+04
1.637047265625000000e+04
1.691519140625000000e+04
2.058902539062500000e+04
1.904260546875000000e+04
1.944913671875000000e+04
1.753661914062500000e+04
1.846667187500000000e+04
1.772984765625000000e+04
1.745751953125000000e+04
1.874212304687500000e+04
1.578583007812500000e+04
1.552520410156250000e+04
1.962415820312500000e+04
2.161205859375000000e+04
1.789738867187500000e+04
2.187160351562500000e+04
1.886578125000000000e+04
1.771117578125000000e+04
2.251988476562500000e+04
2.186852539062500000e+04
2.028292578125000000e+04
1.955988671875000000e+04
2.106359765625000000e+04
2.069869531250000000e+04
1.840903125000000000e+04
1.788676953125000000e+04
1.834144726562500000e+04
1.794560156250000000e+04
1.776739062500000000e+04
1.820933398437500000e+04
1.965906250000000000e+04
1.871967968750000000e+04
1.898770507812500000e+04
1.673380468750000000e+04
2.110464843750000000e+04
1.720474609375000000e+04
2.034534765625000000e+04
2.025931445312500000e+04
1.798153125000000000e+04
1.877731835937500000e+04
2.081546093750000000e+04
1.834071093750000000e+04
1.991034570312500000e+04
1.669254296875000000e+04
1.656749218750000000e+04
1.917892382812500000e+04
1.964143359375000000e+04
1.955445703125000000e+04
1.751584765625000000e+04
1.742200000000000000e+04
1.795768164062500000e+04
1.642498437500000000e+04
1.885647656250000000e+04
1.911758789062500000e+04
1.836156640625000000e+04
1.810320507812500000e+04
1.678658789062500000e+04
2.050915429687500000e+04
2.156049414062500000e+04
1.857718359375000000e+04
1.929061132812500000e+04
1.738852343750000000e+04
1.828136718750000000e+04
1.631885449218750000e+04
1.698197265625000000e+04
1.866757226562500000e+04
1.860248242187500000e+04
1.858779687500000000e+04
1.453663867187500000e+04
2.022498437500000000e+04
1.765018945312500000e+04
1.990816601562500000e+04
1.830856835937500000e+04
1.906928906250000000e+04
1.875037109375000000e+04
2.165211718750000000e+04
1.976295507812500000e+04
1.903037500000000000e+04
1.697526757812500000e+04
1.955496093750000000e+04
1.940439062500000000e+04
2.073772265625000000e+04
1.695764843750000000e+04
1.832090429687500000e+04
2.184170117187500000e+04
1.728193554687500000e+04
1.933364843750000000e+04
1.834655468750000000e+04
1.813659179687500000e+04
2.001469726562500000e+04
1.956960937500000000e+04
1.878382421875000000e+04
1.548555078125000000e+04
1.888328320312500000e+04
1.893237500000000000e+04
1.777859570312500000e+04
1.798880468750000000e+04
1.861230078125000000e+04
1.970749414062500000e+04
1.854757031250000000e+04
1.589326953125000000e+04
2.031506250000000000e+04
1.695276367187500000e+04
1.628075781250000000e+04
1.779116406250000000e+04
2.160004296875000000e+04
1.678665625000000000e+04
1.712969140625000000e+04
1.876126953125000000e+04
1.878323828125000000e+04
1.741051171875000000e+04
2.190581640625000000e+04
1.843183789062500000e+04
1.827428906250000000e+04
2.204142187500000000e+04
1.864366210937500000e+04
1.988448828125000000e+04
1.893336328125000000e+04
2.056517187500000000e+04
1.702552148437500000e+04
1.808628515625000000e+04
1.947541210937500000e+04
1.955943164062500000e+04
1.876624023437500000e+04
1.886689648437500000e+04
1.774011328125000000e+04
1.811403906250000000e+04
1.802330468750000000e+04
1.634874511718750000e+04
1.750222851562500000e+04
1.881534960937500000e+04
2.079155468750000000e+04
1.912637304687500000e+04
1.686175390625000000e+04
1.973447070312500000e+04
1.921839648437500000e+04
1.655629296875000000e+04
1.853527734375000000e+04
1.799353710937500000e+04
2.058027929687500000e+04
1.868058593750000000e+04
1.703370117187500000e+04
1.863019531250000000e+04
1.405154687500000000e+04
1.651938671875000000e+04
1.540823828125000000e+04
1.747729101562500000e+04
1.421480273437500000e+04
1.635753417968750000e+04
1.741416992187500000e+04
1.764318164062500000e+04
1.889636132812500000e+04
1.779219921875000000e+04
1.460707031250000000e+04
1.641483593750000000e+04
1.793659960937500000e+04
1.738521289062500000e+04
2.136158789062500000e+04
2.130847851562500000e+04
1.829079882812500000e+04
1.659718945312500000e+04
1.929156835937500000e+04
1.862484570312500000e+04
1.737896484375000000e+04
2.094163671875000000e+04
1.769346289062500000e+04
1.742721093750000000e+04
1.508378515625000000e+04
1.521519628906250000e+04
1.844909375000000000e+04
1.686712109375000000e+04
1.732707812500000000e+04
1.992646289062500000e+04
1.949039648437500000e+04
1.771477343750000000e+04
1.365766601562500000e+04
1.691016601562500000e+04
1.772168750000000000e+04
1.935679296875000000e+04
2.032198828125000000e+04
1.895916406250000000e+04
1.845263671875000000e+04
1.843228515625000000e+04
1.675169531250000000e+04
1.821472851562500000e+04
1.783543359375000000e+04
1.810554492187500000e+04
1.831864648437500000e+04
2.192637304687500000e+04
1.773760937500000000e+04
1.882477148437500000e+04
2.002703710937500000e+04
1.272565820312500000e+04
1.606203710937500000e+04
1.392461132812500000e+04
1.431459667968750000e+04
1.548779785156250000e+04
1.984327148437500000e+04
2.140155468750000000e+04
1.771496679687500000e+04
1.957935546875000000e+04
1.843933984375000000e+04
1.277356640625000000e+04
1.716776171875000000e+04
1.807008789062500000e+04
1.645466015625000000e+04
1.826436718750000000e+04
1.616085839843750000e+04
1.760657031250000000e+04
1.777330078125000000e+04
1.687265234375000000e+04
2.099182226562500000e+04
2.106313085937500000e+04
1.753722460937500000e+04
1.668334765625000000e+04
1.688117382812500000e+04
1.736498437500000000e+04
1.806570117187500000e+04
1.990105664062500000e+04
1.800730859375000000e+04
1.817133007812500000e+04
1.864778515625000000e+04
1.574807031250000000e+04
1.787379492187500000e+04
1.963661328125000000e+04
1.551392285156250000e+04
1.483156640625000000e+04
1.654449804687500000e+04
1.922821875000000000e+04
1.469131054687500000e+04
1.677310351562500000e+04
1.788374804687500000e+04
1.519955371093750000e+04
1.623491796875000000e+04
1.695652343750000000e+04
1.918603906250000000e+04
1.988250195312500000e+04
1.578776171875000000e+04
1.611458691406250000e+04
1.550699316406250000e+04
1.677234960937500000e+04
2.168769140625000000e+04
1.896582421875000000e+04
1.565101757812500000e+04
1.781114062500000000e+04
1.593823437500000000e+04
1.699020703125000000e+04
1.895291406250000000e+04
1.565892480468750000e+04
1.843533203125000000e+04
1.622698925781250000e+04
1.742069921875000000e+04
1.754927734375000000e+04
2.093954296875000000e+04
2.002049414062500000e+04
1.915033789062500000e+04
1.955088085937500000e+04
1.844779687500000000e+04
1.748423046875000000e+04
1.936374218750000000e+04
1.765268554687500000e+04
1.753129492187500000e+04
2.029391796875000000e+04
1.894316406250000000e+04
1.828192968750000000e+04
1.603969140625000000e+04
1.649764648437500000e+04
1.558733496093750000e+04
1.719277734375000000e+04
1.897524023437500000e+04
1.858246093750000000e+04
1.626511132812500000e+04
1.729852343750000000e+04
1.787253906250000000e+04
1.821194921875000000e+04
1.740425585937500000e+04
1.836252539062500000e+04
1.883733789062500000e+04
1.849942773437500000e+04
1.767941796875000000e+04
1.697445507812500000e+04
2.115046679687500000e+04
2.022382812500000000e+04
1.481030566406250000e+04
1.779700781250000000e+04
1.766018750000000000e+04
1.784195117187500000e+04
1.989705273437500000e+04
1.696405859375000000e+04
1.765071093750000000e+04
1.594470898437500000e+04
1.582017285156250000e+04
1.703547851562500000e+04
2.172041992187500000e+04
1.741586523437500000e+04
2.301430078125000000e+04
1.874363085937500000e+04
1.714130273437500000e+04
2.103731445312500000e+04
1.980634375000000000e+04
1.890362304687500000e+04
1.627389160156250000e+04
1.664949609375000000e+04
1.743042187500000000e+04
1.976133593750000000e+04
1.508353515625000000e+04
1.837689843750000000e+04
1.765425781250000000e+04
1.785988867187500000e+04
1.863605078125000000e+04
1.693782031250000000e+04
1.929649218750000000e+04
1.837793750000000000e+04
1.842522851562500000e+04
2.076929101562500000e+04
1.887919726562500000e+04
1.363238183593750000e+04
1.811911328125000000e+04
1.812118750000000000e+04
1.865457031250000000e+04
1.784805078125000000e+04
1.846557421875000000e+04
1.741320898437500000e+04
1.697966796875000000e+04
1.822466406250000000e+04
1.992749804687500000e+04
1.644710546875000000e+04
1.615863769531250000e+04
1.450839257812500000e+04
1.588057226562500000e+04
1.990524804687500000e+04
1.736890429687500000e+04
2.062848828125000000e+04
1.876275781250000000e+04
1.667166796875000000e+04
2.040302343750000000e+04
1.606179394531250000e+04
2.048036718750000000e+04
1.749627929687500000e+04
1.672296484375000000e+04
2.031562109375000000e+04
1.782588085937500000e+04
1.690596289062500000e+04
1.825756835937500000e+04
1.990347070312500000e+04
1.651684960937500000e+04
1.635848437500000000e+04
1.672280078125000000e+04
2.161939062500000000e+04
1.678553515625000000e+04
1.751516406250000000e+04
1.722436718750000000e+04
1.769374218750000000e+04
1.900720703125000000e+04
1.805750195312500000e+04
1.651320117187500000e+04
1.824900390625000000e+04
1.939114062500000000e+04
1.592218261718750000e+04
1.706609375000000000e+04
1.503048046875000000e+04
1.755474218750000000e+04
1.554724609375000000e+04
1.689044140625000000e+04
1.749520117187500000e+04
1.649856250000000000e+04
1.815719531250000000e+04
1.939439062500000000e+04
1.697212500000000000e+04
1.597053417968750000e+04
1.950395703125000000e+04
1.994421093750000000e+04
1.511450781250000000e+04
1.781269531250000000e+04
2.023489062500000000e+04
1.614845898437500000e+04
2.017990039062500000e+04
1.750000390625000000e+04
1.657022265625000000e+04
1.854768750000000000e+04
1.913094921875000000e+04
1.724538281250000000e+04
2.041232226562500000e+04
1.566736621093750000e+04
1.565871875000000000e+04
1.758272460937500000e+04
1.629607421875000000e+04
1.603026074218750000e+04
1.625957421875000000e+04
1.587892578125000000e+04
1.876087890625000000e+04
1.973307421875000000e+04
1.941603515625000000e+04
1.683423437500000000e+04
1.656809570312500000e+04
1.823660546875000000e+04
1.665657226562500000e+04
1.613653613281250000e+04
1.799681054687500000e+04
1.524776562500000000e+04
1.516808105468750000e+04
1.813400976562500000e+04
1.765954687500000000e+04
1.980096484375000000e+04
1.756303906250000000e+04
1.542135839843750000e+04
1.809430664062500000e+04
1.788016406250000000e+04
1.730755078125000000e+04
1.806523437500000000e+04
1.534365136718750000e+04
2.069897851562500000e+04
1.658884375000000000e+04
1.804002343750000000e+04
1.753657812500000000e+04
1.885044921875000000e+04
1.879693750000000000e+04
1.785561328125000000e+04
1.902955664062500000e+04
1.918674804687500000e+04
2.007388867187500000e+04
1.789723046875000000e+04
1.609165234375000000e+04
2.003383593750000000e+04
1.642773437500000000e+04
1.664990820312500000e+04
1.928814648437500000e+04
1.642639453125000000e+04
1.827739257812500000e+04
1.796760742187500000e+04
1.744293750000000000e+04
1.885940234375000000e+04
1.926508789062500000e+04
1.603507714843750000e+04
2.163853906250000000e+04
1.624321093750000000e+04
2.020060156250000000e+04
1.766304296875000000e+04
1.793280859375000000e+04
1.662235937500000000e+04
1.923614648437500000e+04
2.200055859375000000e+04
1.474774609375000000e+04
1.650483984375000000e+04
1.594337597656250000e+04
1.724850390625000000e+04
1.833682617187500000e+04
1.670932031250000000e+04
1.770125390625000000e+04
1.700651953125000000e+04
1.883406054687500000e+04
1.743467968750000000e+04
2.094679296875000000e+04
1.849393945312500000e+04
1.780226171875000000e+04
1.561907031250000000e+04
1.997368359375000000e+04
1.918880664062500000e+04
1.851770703125000000e+04
1.821114062500000000e+04
1.930873828125000000e+04
1.811773828125000000e+04
1.832908203125000000e+04
1.586908398437500000e+04
1.931251171875000000e+04
1.483289062500000000e+04
1.935394140625000000e+04
1.844472656250000000e+04
1.515706835937500000e+04
2.032972851562500000e+04
2.013099218750000000e+04
1.487085156250000000e+04
1.522940820312500000e+04
2.350957031250000000e+04
1.798538085937500000e+04
1.754399609375000000e+04
1.824877148437500000e+04
1.586703125000000000e+04
1.659458984375000000e+04
1.775869921875000000e+04
2.035120117187500000e+04
1.819405859375000000e+04
2.116450000000000000e+04
1.750147656250000000e+04
1.779985546875000000e+04
1.729222070312500000e+04
1.694742578125000000e+04
2.148566992187500000e+04
1.731196679687500000e+04
1.849227734375000000e+04
1.680556445312500000e+04
1.926324218750000000e+04
1.752975390625000000e+04
1.705134375000000000e+04
2.097426171875000000e+04
1.672708203125000000e+04
1.883441015625000000e+04
1.627784667968750000e+04
2.027144335937500000e+04
1.830545117187500000e+04
1.799518750000000000e+04
1.593637304687500000e+04
1.723459179687500000e+04
1.803119921875000000e+04
1.706730859375000000e+04
1.448922363281250000e+04
2.122831250000000000e+04
1.635660058593750000e+04
1.677012695312500000e+04
2.031897070312500000e+04
2.144243164062500000e+04
2.055869140625000000e+04
1.752116406250000000e+04
1.659399414062500000e+04
1.866224609375000000e+04
1.730557617187500000e+04
1.797995703125000000e+04
1.771280859375000000e+04
1.654117187500000000e+04
1.628116503906250000e+04
1.932942382812500000e+04
1.720906445312500000e+04
1.770228710937500000e+04
1.582509179687500000e+04
1.743314257812500000e+04
1.636647460937500000e+04
2.068157421875000000e+04
1.497283886718750000e+04
1.712348046875000000e+04
1.684578320312500000e+04
1.752158007812500000e+04
1.492116113281250000e+04
1.720948437500000000e+04
1.797284375000000000e+04
1.660412109375000000e+04
1.670869921875000000e+04
1.699850781250000000e+04
1.910987500000000000e+04
1.968232421875000000e+04
1.541328125000000000e+04
1.866140234375000000e+04
1.744458398437500000e+04
1.646009179687500000e+04
1.734272070312500000e+04
1.952789843750000000e+04
1.946371093750000000e+04
1.885315429687500000e+04
2.093342187500000000e+04
1.681181250000000000e+04
1.937039453125000000e+04
1.799970117187500000e+04
1.550482421875000000e+04
1.824288671875000000e+04
1.685756250000000000e+04
1.624233300781250000e+04
1.940364843750000000e+04
1.741325000000000000e+04
1.643187500000000000e+04
1.872192187500000000e+04
1.845729296875000000e+04
1.485046582031250000e+04
1.829466601562500000e+04
2.134396289062500000e+04
1.729429296875000000e+04
1.716052343750000000e+04
1.858713085937500000e+04
1.578776757812500000e+04
1.753404687500000000e+04
1.743651562500000000e+04
2.095086328125000000e+04
1.842412500000000000e+04
1.810922656250000000e+04
1.866843750000000000e+04
2.138135937500000000e+04
1.631519531250000000e+04
1.905840625000000000e+04
1.849794726562500000e+04
1.818462500000000000e+04
2.047784179687500000e+04
1.798226171875000000e+04
1.676596484375000000e+04
2.058852734375000000e+04
1.643546093750000000e+04
1.553881054687500000e+04
1.809356640625000000e+04
2.226135937500000000e+04
1.723401562500000000e+04
2.084071093750000000e+04
1.580907421875000000e+04
1.808724023437500000e+04
1.678281250000000000e+04
1.904177734375000000e+04
1.703671484375000000e+04
1.356055078125000000e+04
1.485117578125000000e+04
1.778628320312500000e+04
1.697454492187500000e+04
1.659706250000000000e+04
2.148342578125000000e+04
1.815488671875000000e+04
1.696853125000000000e+04
1.980621093750000000e+04
1.714215039062500000e+04
1.765848046875000000e+04
1.541312890625000000e+04
1.714557421875000000e+04
1.893979492187500000e+04
1.813618359375000000e+04
1.907174414062500000e+04
1.601231738281250000e+04
1.654254101562500000e+04
1.749572656250000000e+04
1.538194433593750000e+04
1.970973437500000000e+04
1.956885351562500000e+04
1.579674023437500000e+04
1.809263671875000000e+04
1.808841992187500000e+04
1.591685644531250000e+04
1.939449218750000000e+04
1.954022851562500000e+04
1.600479492187500000e+04
1.890812500000000000e+04
1.837065234375000000e+04
1.862831054687500000e+04
1.937575781250000000e+04
1.719332031250000000e+04
2.202658789062500000e+04
1.598814355468750000e+04
1.641638281250000000e+04
1.709821289062500000e+04
2.103163085937500000e+04
1.819513281250000000e+04
1.772554882812500000e+04
1.775026171875000000e+04
1.827598632812500000e+04
1.954163867187500000e+04
1.926147265625000000e+04
1.642095898437500000e+04
1.804095703125000000e+04
1.962473437500000000e+04
1.714422656250000000e+04
1.700560546875000000e+04
1.719578320312500000e+04
1.621033886718750000e+04
1.760153515625000000e+04
1.681163085937500000e+04
2.056049804687500000e+04
1.752375000000000000e+04
1.623029492187500000e+04
1.991281054687500000e+04
1.701416210937500000e+04
1.793495507812500000e+04
1.766984179687500000e+04
1.526623339843750000e+04
1.747578125000000000e+04
1.769787109375000000e+04
1.558274609375000000e+04
1.710287304687500000e+04
1.666771875000000000e+04
1.746890039062500000e+04
1.939143359375000000e+04
1.801775585937500000e+04
1.832755273437500000e+04
1.569249121093750000e+04
1.835146093750000000e+04
1.911187500000000000e+04
1.569436523437500000e+04
1.912515820312500000e+04
1.693632031250000000e+04
1.847257421875000000e+04
2.036075000000000000e+04
1.660655859375000000e+04
2.240707617187500000e+04
2.023859570312500000e+04
1.628055468750000000e+04
1.649210546875000000e+04
1.965215039062500000e+04
1.659519921875000000e+04
2.027574023437500000e+04
1.584082421875000000e+04
1.442741796875000000e+04
1.632600976562500000e+04
1.624815625000000000e+04
1.695295507812500000e+04
1.685778906250000000e+04
1.889208203125000000e+04
1.900808398437500000e+04
1.655060937500000000e+04
1.718669531250000000e+04
1.499450097656250000e+04
1.508856738281250000e+04
1.685817773437500000e+04
1.609886328125000000e+04
1.554933398437500000e+04
1.699770703125000000e+04
1.906161328125000000e+04
1.929412890625000000e+04
1.782576953125000000e+04
2.000453710937500000e+04
1.828930273437500000e+04
1.823482812500000000e+04
1.698561132812500000e+04
1.696573828125000000e+04
1.730221679687500000e+04
1.631004589843750000e+04
1.905998437500000000e+04
2.225525976562500000e+04
1.456052343750000000e+04
1.669729687500000000e+04
1.946547265625000000e+04
1.875887304687500000e+04
1.743604296875000000e+04
1.826725000000000000e+04
1.884361718750000000e+04
1.566869921875000000e+04
2.092569726562500000e+04
1.584060937500000000e+04
1.554606640625000000e+04
1.715527734375000000e+04
1.587658593750000000e+04
1.787911328125000000e+04
1.750058203125000000e+04
1.726054296875000000e+04
2.004458203125000000e+04
1.554281835937500000e+04
1.813096679687500000e+04
1.712583789062500000e+04
1.780983593750000000e+04
1.911103906250000000e+04
1.621438769531250000e+04
1.653499414062500000e+04
1.801273242187500000e+04
1.718695312500000000e+04
1.982637304687500000e+04
1.862491015625000000e+04
1.740138281250000000e+04
1.717244140625000000e+04
1.813418164062500000e+04
1.656895312500000000e+04
1.687979296875000000e+04
1.855986718750000000e+04
1.599996875000000000e+04
1.941087500000000000e+04
1.874092968750000000e+04
1.740820703125000000e+04
1.659542773437500000e+04
1.758103906250000000e+04
1.873193359375000000e+04
1.726113281250000000e+04
1.889667968750000000e+04
1.493177246093750000e+04
1.741996093750000000e+04
1.831080078125000000e+04
2.009586718750000000e+04
1.465934179687500000e+04
1.760747070312500000e+04
2.023298632812500000e+04
1.652781054687500000e+04
1.949988671875000000e+04
1.799021484375000000e+04
1.605882812500000000e+04
1.637550195312500000e+04
1.413915234375000000e+04
1.810918750000000000e+04
1.789996289062500000e+04
1.676616015625000000e+04
2.052494726562500000e+04
1.605620898437500000e+04
1.902843554687500000e+04
1.822719531250000000e+04
1.841495703125000000e+04
1.541044726562500000e+04
1.988369335937500000e+04
1.729532421875000000e+04
1.994511718750000000e+04
1.797299609375000000e+04
1.593838476562500000e+04
1.989636328125000000e+04
2.013334765625000000e+04
2.148156835937500000e+04
1.492922656250000000e+04
2.039782421875000000e+04
1.916076367187500000e+04
1.552097070312500000e+04
2.213979101562500000e+04
1.786979687500000000e+04
1.855913085937500000e+04
1.484067968750000000e+04
1.827849414062500000e+04
1.915503125000000000e+04
1.635124023437500000e+04
1.787550781250000000e+04
1.689384179687500000e+04
2.048857421875000000e+04
1.695948242187500000e+04
1.842853906250000000e+04
2.144941015625000000e+04
1.725253320312500000e+04
2.010229687500000000e+04
1.919078906250000000e+04
1.752811328125000000e+04
1.673146484375000000e+04
1.940053906250000000e+04
1.742326562500000000e+04
1.789401367187500000e+04
1.732365820312500000e+04
1.712767578125000000e+04
1.924631250000000000e+04
2.163404101562500000e+04
1.778699218750000000e+04
1.819793945312500000e+04
1.865276171875000000e+04
1.620413085937500000e+04
1.843050976562500000e+04
1.854623828125000000e+04
1.841571875000000000e+04
1.980520312500000000e+04
1.689180664062500000e+04
1.327666992187500000e+04
1.839378906250000000e+04
1.885903125000000000e+04
1.744077734375000000e+04
1.963661523437500000e+04
2.006973046875000000e+04
1.817463476562500000e+04
2.174364453125000000e+04
1.656662500000000000e+04
1.787787695312500000e+04
2.183246484375000000e+04
1.619655078125000000e+04
1.904552148437500000e+04
1.908251171875000000e+04
1.812323046875000000e+04
1.996369921875000000e+04
1.929833593750000000e+04
2.116467187500000000e+04
1.745048046875000000e+04
1.777241601562500000e+04
1.790776953125000000e+04
2.261115234375000000e+04
1.951049023437500000e+04
1.886735546875000000e+04
1.834607421875000000e+04
1.594979296875000000e+04
1.970631054687500000e+04
1.858645117187500000e+04
2.073692187500000000e+04
1.691908007812500000e+04
2.063238281250000000e+04
1.562132226562500000e+04
1.803060742187500000e+04
1.975366406250000000e+04
1.365179394531250000e+04
1.671043359375000000e+04
1.860576171875000000e+04
1.656524414062500000e+04
1.850154882812500000e+04
1.806790039062500000e+04
1.793330664062500000e+04
1.479032812500000000e+04
1.731761523437500000e+04
1.903383398437500000e+04
1.867350390625000000e+04
1.845455468750000000e+04
1.802324804687500000e+04
1.787422265625000000e+04
1.616595214843750000e+04
1.766891406250000000e+04
1.547685742187500000e+04
2.017969531250000000e+04
1.798595507812500000e+04
1.785278515625000000e+04
1.631684570312500000e+04
1.755522265625000000e+04
1.627536132812500000e+04
1.738074609375000000e+04
2.002419531250000000e+04
1.827352929687500000e+04
1.686180468750000000e+04
1.684979492187500000e+04
1.764411328125000000e+04
1.860997070312500000e+04
1.874879882812500000e+04
1.437411132812500000e+04
1.971519335937500000e+04
1.822487109375000000e+04
2.057962890625000000e+04
2.031888085937500000e+04
1.864911718750000000e+04
1.639875781250000000e+04
1.924002929687500000e+04
1.507627636718750000e+04
1.539416406250000000e+04
1.984405664062500000e+04
1.744860742187500000e+04
1.990751562500000000e+04
1.757265234375000000e+04
1.780025390625000000e+04
1.913246289062500000e+04
1.823672460937500000e+04
1.737344921875000000e+04
1.893937695312500000e+04
1.958653125000000000e+04
1.900717187500000000e+04
1.870491015625000000e+04
1.970136718750000000e+04
1.776632421875000000e+04
1.552844042968750000e+04
2.176455078125000000e+04
1.929170703125000000e+04
1.707326757812500000e+04
1.346987792968750000e+04
1.876488281250000000e+04
1.847586523437500000e+04
1.562137402343750000e+04
1.811563671875000000e+04
1.811326953125000000e+04
1.855953125000000000e+04
1.728441406250000000e+04
1.816070898437500000e+04
1.966850781250000000e+04
1.838220898437500000e+04
1.697828320312500000e+04
1.890514453125000000e+04
1.483874121093750000e+04
1.745546093750000000e+04
1.491203906250000000e+04
1.803658007812500000e+04
1.914270507812500000e+04
1.932776562500000000e+04
1.819919726562500000e+04
1.921144531250000000e+04
1.921476562500000000e+04
1.543350878906250000e+04
1.523547949218750000e+04
1.729157031250000000e+04
1.924685937500000000e+04
1.883467578125000000e+04
1.844681250000000000e+04
1.746248437500000000e+04
1.787558593750000000e+04
1.833448046875000000e+04
1.711132812500000000e+04
1.843018554687500000e+04
1.739673242187500000e+04
1.773773437500000000e+04
1.820281250000000000e+04
1.629519921875000000e+04
1.471627539062500000e+04
1.857471875000000000e+04
1.627479687500000000e+04
1.682909375000000000e+04
1.821639453125000000e+04
1.805522460937500000e+04
1.968105468750000000e+04
1.730470507812500000e+04
1.952667382812500000e+04
1.558318945312500000e+04
1.648149023437500000e+04
1.691518359375000000e+04
2.056654296875000000e+04
1.601912695312500000e+04
1.805942968750000000e+04
2.090294726562500000e+04
1.536695996093750000e+04
1.665297265625000000e+04
1.873403125000000000e+04
1.562933398437500000e+04
2.027950000000000000e+04
1.895332617187500000e+04
1.455753320312500000e+04
2.012407812500000000e+04
1.563548437500000000e+04
1.477463085937500000e+04
1.636783886718750000e+04
1.960026562500000000e+04
1.767671289062500000e+04
1.750983398437500000e+04
1.843795703125000000e+04
1.905804101562500000e+04
1.826295898437500000e+04
1.940630664062500000e+04
1.724269921875000000e+04
1.744142968750000000e+04
2.025894921875000000e+04
1.631798925781250000e+04
1.987364648437500000e+04
1.913779101562500000e+04
1.778233203125000000e+04
1.693816406250000000e+04
1.775249218750000000e+04
1.775946093750000000e+04
1.778975195312500000e+04
1.765860546875000000e+04
1.841612500000000000e+04
1.998425585937500000e+04
1.732763476562500000e+04
1.761971093750000000e+04
1.740462695312500000e+04
1.945011132812500000e+04
1.668160742187500000e+04
1.853339062500000000e+04
1.738807031250000000e+04
1.857773046875000000e+04
1.999627539062500000e+04
1.779402343750000000e+04
1.794808203125000000e+04
1.835429296875000000e+04
1.815582421875000000e+04
1.782945507812500000e+04
1.510054296875000000e+04
1.692613085937500000e+04
1.671083593750000000e+04
1.773816015625000000e+04
2.179401562500000000e+04
1.705753906250000000e+04
1.763327343750000000e+04
1.596387304687500000e+04
2.166164843750000000e+04
1.983165429687500000e+04
1.708198242187500000e+04
1.444298632812500000e+04
2.165756445312500000e+04
2.108222265625000000e+04
1.897308398437500000e+04
1.762800390625000000e+04
1.727451171875000000e+04
1.644744140625000000e+04
1.830480273437500000e+04
1.852760546875000000e+04
1.913855859375000000e+04
1.701560156250000000e+04
1.838357226562500000e+04
2.196775976562500000e+04
1.824981835937500000e+04
1.657822070312500000e+04
1.598352734375000000e+04
1.674280078125000000e+04
1.689328906250000000e+04
2.113637500000000000e+04
2.216699023437500000e+04
1.543965917968750000e+04
1.592155664062500000e+04
1.724343164062500000e+04
1.630547851562500000e+04
2.041887109375000000e+04
2.156791796875000000e+04
1.858005078125000000e+04
2.080225781250000000e+04
1.573107128906250000e+04
1.870666601562500000e+04
2.029204101562500000e+04
2.396943554687500000e+04
1.923296679687500000e+04
2.160174414062500000e+04
1.815459179687500000e+04
1.786640234375000000e+04
1.681053125000000000e+04
1.917995312500000000e+04
2.043363281250000000e+04
2.010516992187500000e+04
1.808023046875000000e+04
1.831303710937500000e+04
1.754025195312500000e+04
1.570817675781250000e+04
1.703066992187500000e+04
1.980659765625000000e+04
1.502681054687500000e+04
2.045733398437500000e+04
1.637340625000000000e+04
1.807494531250000000e+04
1.474729492187500000e+04
1.783201562500000000e+04
1.713468750000000000e+04
1.822224218750000000e+04
1.772251953125000000e+04
1.792559765625000000e+04
1.739655859375000000e+04
1.818918164062500000e+04
1.671032031250000000e+04
1.829379296875000000e+04
1.711119921875000000e+04
1.674829492187500000e+04
1.585228125000000000e+04
1.679143554687500000e+04
1.656934765625000000e+04
1.611507226562500000e+04
1.818621875000000000e+04
1.768125390625000000e+04
1.538658398437500000e+04
1.772261328125000000e+04
1.860448437500000000e+04
1.980802343750000000e+04
2.197405859375000000e+04
1.713938476562500000e+04
2.149701953125000000e+04
1.742970898437500000e+04
2.012806835937500000e+04
1.622785253906250000e+04
1.747233984375000000e+04
1.707684179687500000e+04
2.017093750000000000e+04
1.788721875000000000e+04
1.788263476562500000e+04
1.872591796875000000e+04
1.706525781250000000e+04
1.669916601562500000e+04
1.751417968750000000e+04
1.964255859375000000e+04
1.957442968750000000e+04
2.073692187500000000e+04
2.048549218750000000e+04
1.789890625000000000e+04
1.871752734375000000e+04
1.875992773437500000e+04
1.789483203125000000e+04
1.629431640625000000e+04
1.622300585937500000e+04
1.670132812500000000e+04
1.857683593750000000e+04
1.895920117187500000e+04
1.538737695312500000e+04
1.601902343750000000e+04
1.611627148437500000e+04
1.697643750000000000e+04
1.753268945312500000e+04
1.855280664062500000e+04
1.793165039062500000e+04
1.792113281250000000e+04
1.734691992187500000e+04
1.533917968750000000e+04
1.839418750000000000e+04
1.632865527343750000e+04
1.676624609375000000e+04
1.923995703125000000e+04
1.751403320312500000e+04
1.781544335937500000e+04
2.078835546875000000e+04
1.594738476562500000e+04
1.654521679687500000e+04
1.859321289062500000e+04
1.890207421875000000e+04
1.755186718750000000e+04
1.923710742187500000e+04
1.695959765625000000e+04
1.774859765625000000e+04
1.857748046875000000e+04
1.794216406250000000e+04
1.735455078125000000e+04
1.584248730468750000e+04
1.703090234375000000e+04
1.909327734375000000e+04
1.871551367187500000e+04
1.801313671875000000e+04
1.963492773437500000e+04
1.517363867187500000e+04
1.702539843750000000e+04
1.813322656250000000e+04
1.596863964843750000e+04
1.729798632812500000e+04
1.751056835937500000e+04
1.851336718750000000e+04
1.789244921875000000e+04
1.668692187500000000e+04
1.651889843750000000e+04
1.745864648437500000e+04
1.695906445312500000e+04
1.877098828125000000e+04
1.763354687500000000e+04
1.788920312500000000e+04
1.939407812500000000e+04
1.822809960937500000e+04
1.755323242187500000e+04
1.750527734375000000e+04
1.711503906250000000e+04
2.001150390625000000e+04
1.988873828125000000e+04
1.850338476562500000e+04
2.179596484375000000e+04
2.131653906250000000e+04
1.836286328125000000e+04
2.113887109375000000e+04
1.714020117187500000e+04
1.759814648437500000e+04
2.027979687500000000e+04
2.004162890625000000e+04
1.841633789062500000e+04
1.593208593750000000e+04
1.806211718750000000e+04
1.661857031250000000e+04
1.900170507812500000e+04
1.788007617187500000e+04
1.862707421875000000e+04
1.746110546875000000e+04
2.016503320312500000e+04
1.750662109375000000e+04
1.957204492187500000e+04
1.686755078125000000e+04
1.535425000000000000e+04
2.187125390625000000e+04
1.759730664062500000e+04
1.565106835937500000e+04
1.759627148437500000e+04
1.931243750000000000e+04
1.671483203125000000e+04
1.845297265625000000e+04
1.964954296875000000e+04
2.080759570312500000e+04
1.598859179687500000e+04
1.730647265625000000e+04
1.547884960937500000e+04
1.713119921875000000e+04
1.625803515625000000e+04
2.058873437500000000e+04
1.804773437500000000e+04
1.854805664062500000e+04
1.998423437500000000e+04
1.804957421875000000e+04
1.642558984375000000e+04
2.085980468750000000e+04
1.751932812500000000e+04
1.626448437500000000e+04
1.784032226562500000e+04
1.886321875000000000e+04
2.138837304687500000e+04
1.700105468750000000e+04
1.653453515625000000e+04
1.556466210937500000e+04
2.063060156250000000e+04
1.976612695312500000e+04
1.763114257812500000e+04
2.039395507812500000e+04
2.037271093750000000e+04
2.248854296875000000e+04
1.865614062500000000e+04
1.759580273437500000e+04
1.613557226562500000e+04
1.956565820312500000e+04
2.016395898437500000e+04
1.538600878906250000e+04
1.865857812500000000e+04
1.557975585937500000e+04
1.794189843750000000e+04
1.655366015625000000e+04
1.954489257812500000e+04
1.915050585937500000e+04
1.730655664062500000e+04
1.912420507812500000e+04
1.833658007812500000e+04
1.861646093750000000e+04
2.139656250000000000e+04
1.955204882812500000e+04
1.987889453125000000e+04
1.735091015625000000e+04
1.917184570312500000e+04
1.719877343750000000e+04
2.038088476562500000e+04
2.375528320312500000e+04
1.989546484375000000e+04
1.754060937500000000e+04
1.624531542968750000e+04
2.045571875000000000e+04
1.811601171875000000e+04
1.970057421875000000e+04
1.603493457031250000e+04
1.589823046875000000e+04
1.694803906250000000e+04
1.821848242187500000e+04
1.618908007812500000e+04
1.713084765625000000e+04
1.701046484375000000e+04
1.772555468750000000e+04
1.720632421875000000e+04
1.684992382812500000e+04
1.532955468750000000e+04
1.769971875000000000e+04
2.213398046875000000e+04
1.488477539062500000e+04
1.999332031250000000e+04
1.944156640625000000e+04
1.868098242187500000e+04
1.787574414062500000e+04
1.767316992187500000e+04
1.721821875000000000e+04
1.954020703125000000e+04
1.752238281250000000e+04
1.749876562500000000e+04
