-6.207072344277049706e+04
-1.336293702272349151e+02
-1.075162782804227035e+01
-1.808883196766086243e+01
-7.254702252682673880e+00
-1.586842032946973191e+01
-6.781918697100815407e+00
-5.350631792841118894e+00
-5.557616273869646406e+00
-3.334540508123620128e+00
-4.084893640594802200e+00
-5.490256226808925888e+00
-7.096184159588186731e+02
-3.808042072272770895e+01
-1.903402036326288993e+01
-9.046347283186474186e+00
-1.465807103184964078e+01
-1.021158697300869221e+03
-4.022005223793649265e+01
-5.504624544620175897e+01
-4.197652942184299718e+01
-1.971358770608097899e+01
-3.990484557750233216e+04
-2.132693883260487579e+06
-5.370810675298568793e+06
-8.683879404738830402e+06
-1.225064792733542249e+07
-1.560038989902179502e+07
-1.891681917980253696e+07
-2.223741788690735772e+07
-2.570216154113362357e+07
-2.882415831993395835e+07
-3.208854528458561748e+07
-3.549338170758028328e+07
-3.883384765751886368e+07
-4.204089526345586032e+07
-4.513438845163869858e+07
-4.847330475550319999e+07
-5.231546094278939068e+07
-5.855674311290152371e+07
-5.173167934359501302e+07
-1.110619725669187756e+05
-8.734443505322238366e+01
-5.353988737986363589e+01
-3.985478165020805363e+02
-2.543554265836614547e+01
-7.000974771964887111e+01
-3.739656394888508828e+01
-9.934679009033221320e+00
-8.403709892329661812e+00
-1.502422161482051308e+02
-4.293210266388683749e+02
-2.898458542927476245e+01
-1.012521724452710856e+02
-4.301555876916404486e+01
-1.443058937005640452e+01
-2.373877447657924478e+01
-1.518033427422170689e+01
-6.871962145924267418e+01
-3.739028785556053663e+03
-5.625363616883886380e+02
-7.572488120622760107e+03
-4.875776945081860504e+03
-5.591601737999586703e+02
-2.363931069669538192e+04
-5.650535599778298092e+03
-8.575633498584225833e+01
-1.143602766100149211e+02
-2.104906589238617869e+02
-1.043777500464694015e+02
-1.257838228593244821e+04
-5.853394875815325577e+03
-6.123750721158249632e+01
-6.234618629820350577e+01
-1.302642244134716066e+03
-1.922935194902246963e+02
-9.402551886559659522e+01
-6.273280300542463550e+01
-5.828595731663041590e+01
-1.926650036799134966e+02
-1.241741972694323631e+05
-2.446932305413089693e+06
-5.719497494945218787e+06
-9.517681647175043821e+06
-1.312849137910307385e+07
-1.653205032090060040e+07
-1.992776278870327026e+07
-2.330955764669604599e+07
-2.711315626671006531e+07
-3.344397130518219993e+07
-4.032028013609957695e+07
-4.716776086769749224e+07
-5.365007737949407846e+07
-6.041988009506181628e+07
-6.726607903585283458e+07
-7.435123801196634769e+07
-8.089745717036144435e+07
-8.752231636992074549e+07
-9.397676376168011129e+07
-1.007608217029111087e+08
-1.074647978115588129e+08
-1.142248309701443911e+08
-1.210840036828221977e+08
-1.278555680058373958e+08
-1.347080139908533692e+08
-1.414425813493078351e+08
-1.482117437926210761e+08
-1.547602058338551223e+08
-1.615107898543796539e+08
-1.709097788519051671e+08
-1.810783373186834753e+08
-1.914003290824651122e+08
-2.018565346990515292e+08
-2.118852734783901572e+08
-2.219418800377670825e+08
-2.316691976651137471e+08
-2.425329963709822595e+08
-2.556563606681174338e+08
-2.684824539482288361e+08
-2.819951531596376896e+08
-2.952615262764211893e+08
-3.086630744372272491e+08
-3.222169347552484274e+08
-3.355508954289362431e+08
-3.491246155492753983e+08
-3.624768344323135614e+08
-3.755897742700785398e+08
-3.888430142685835958e+08
-4.025485461081169844e+08
-4.158024267474749088e+08
-4.294616724055159092e+08
-4.430067261032034755e+08
-4.562924763994308710e+08
-2.852087543090038896e+08
-2.683169554557757378e+08
-2.110742063009178042e+08
-8.345546735611021286e+05
-6.052805909361375961e+05
-8.861539498064294457e+05
-1.039805871862799511e+06
-5.412093220111108385e+05
-4.134563808213643642e+04
-2.195971399979458147e+04
-4.191624485367837042e+04
-5.505972644583704823e+04
-1.946743971205826483e+03
-5.829741158312342577e+02
-1.336930108978778833e+02
-2.989876633141080902e+02
-1.789473186287921465e+02
-1.742306532247887958e+02
-1.043617538571496652e+02
-1.741326323080346015e+02
-1.072430415230779488e+02
-1.086945349337563584e+02
-1.282200354438552949e+02
-1.542585353347702153e+02
-1.085119588342150081e+02
-9.076638012204634265e+01
-3.289454029707482619e+01
-6.919061253870299311e+01
-5.313064375769579328e+01
-3.368565776582438787e+01
-5.530440180888881230e+01
-5.035980924601450859e+00
-3.809209884891109787e+00
-5.303311990465053860e+00
-4.285831297608492463e+00
-4.249065804005546454e+00
-3.119903596277491253e+00
-5.048731333070120897e+00
-3.831039353676993109e+00
-4.412504534380717658e+00
-3.891756332901176840e+00
-2.371883646627383158e+00
-2.933601723004122697e+00
-3.042926666010307812e+00
-3.920987548369360809e+00
-6.212646911379922976e+00
-8.199244477158028843e+00
-3.122960567994649494e+00
-1.613754549287025553e+00
-4.134084353594826844e+00
-2.954809535601602200e+00
-5.544898223055263919e+00
-8.970868178361094181e+00
-7.449045091552302544e+00
-4.816231280832551143e+00
-6.255580420675096676e+00
-1.898979106577163378e+01
-8.386481982112838907e+00
-1.014866531956617557e+01
-3.416438440775534158e+00
-3.950900356824317949e+00
-3.385564069524881425e+00
-6.405285603304337272e+00
-3.518724171442298765e+00
-6.123698292251058106e+00
-3.734511235131127815e+00
-6.627054909180119857e+00
-7.851415745686519010e+00
-4.281372597867102670e+00
-4.072564568540547825e+00
-3.313278597287208527e+00
-4.831451761126086097e+00
-4.687572054394443022e+00
-4.153059809044682638e+00
-7.370470964236808697e+00
-4.417613289540653021e+00
-4.493927265380293967e+00
-6.802314080844404032e+00
-5.592979541226186235e+00
-4.170798061234562759e+00
-5.610090656637303219e+00
-3.376094963451028441e+00
-2.802687309058492282e+00
-6.192900143249511657e+00
-1.707350510332136029e+00
-2.783342008940728363e+00
-5.206938570837438718e+00
-3.352563475848432173e+00
-5.123908329706454268e+00
-4.364012141739330275e+00
-5.061045581204401955e+00
-6.388697679651821559e+00
-4.085880390634090809e+00
-5.945214883324327459e+00
-3.572202654809702782e+00
-4.336169890978487373e+00
-7.866357107551460004e+00
-5.650495689334045224e+00
-9.245704156836819010e+00
-1.371382388941191266e+01
-8.280577440468888994e+00
-1.819329783239185261e+00
-1.634469760494026147e+00
-5.423514891302032126e+00
-2.847094861631888740e+00
-5.094574736183302477e+00
-4.395984631150446909e+00
-6.903864680811361509e+00
-5.383369511212924508e+00
-7.378806710394047563e+00
-4.789543881121463897e+00
-3.041279059144264885e+00
-2.995204698229798623e+00
-6.414443148770738290e+00
-4.787569751597684942e+00
-3.307768772020138304e+00
-3.539942857574680968e+00
-5.126937670449466466e+00
-4.266529603142048543e+00
-3.621933666589820966e+00
-5.160926507782838790e+00
-3.653056123806429412e+00
-4.432574860612279011e+00
-5.790396761540849369e+00
-4.623094313609264816e+00
-7.636880959771360722e+00
-7.352646880066427748e+00
-3.603470331483532796e+00
-3.163629711060500060e+00
-4.034346417109868632e+00
-7.259176833535734730e+00
-8.297666976790184279e+00
-9.335435653190121030e+00
-1.826985828205641127e+01
-5.078797960008081702e+00
-3.634623258905940624e+00
-2.971250563360499974e+00
-4.872126642863539026e+00
-3.359146496431487883e+00
-4.233865042365581921e+00
-4.721718900832565957e+00
-2.710111854297668987e+00
-3.623017507346782740e+00
-3.554259499535964206e+00
-5.041258475093684410e+00
-3.615570532234143819e+00
-4.791655699271042401e+00
-3.727778434297231769e+00
-8.068486721079850099e+00
-5.608781651884468644e+00
-2.049887399572083435e+00
-4.140684794571995120e+00
-3.879475701904749663e+00
-7.608901727547006999e+00
-3.653304077305022268e+00
-3.550332172565952682e+00
-4.177003199082108154e+00
-5.202636395251865054e+00
-9.008884083432334933e+00
-8.230201710130959469e+00
-7.516501857594088953e+00
-6.012416045156137479e+00
-3.267420817741771621e+00
-7.306051869590516112e+00
-2.766343511332513216e+00
-4.101872851081112437e+00
-9.864250343429629808e+00
-4.058008360295709771e+00
-4.511706304468344975e+00
-2.784471349820237140e+00
-4.056933327494128605e+00
-3.253809463808633673e+00
-7.906196260369005024e+00
-8.696206137277616932e+00
-6.900939806019225742e+00
-3.280439458054659863e+00
-6.929358806925298708e+00
-3.133269626731507440e+00
-6.302704884848813194e+00
-1.932809995022556127e+00
-8.975012474593693668e+00
-6.249205919985455715e+00
-4.409878154611838852e+00
-3.246070532364647043e+00
-3.846183997419675649e+00
-1.273329606074529163e+00
-2.889775448899674082e+00
-3.204355693880382994e+00
-4.155018831360124842e+00
-4.521270766148920650e+00
-2.753063853031800345e+00
-2.489134951448543021e+00
-4.300748119256709856e+00
-3.120454789285585839e+00
-3.826815384212556292e+00
-1.454994525343290324e+00
-3.270661928859614598e+00
-6.171077523776820506e+00
-3.466086166212820618e+00
-2.737210702963065678e+00
-3.180094678699434407e+00
-2.139830361607816034e+00
-3.417812688733229631e+00
-3.006292747545905808e+00
-3.658758693433633802e+00
-3.019643345330751849e+00
-3.944111679120383407e+00
-5.251397726927450549e+00
-4.800379091882495786e+00
-3.410755747932690873e+00
-2.555270859344152434e+00
-4.639282079094532385e+00
-3.917489529630402423e+00
-2.280179148495987018e+00
-6.695060412771917768e+00
-3.630174565027431299e+00
-2.693678190923150861e+00
-1.248181927031290828e+00
-6.901758904873746658e+00
-2.722996084710448184e+00
-4.031458061877315480e+00
-2.088158136645793306e+00
-3.268396493134042124e+00
-2.608827417860215103e+00
-4.286826897469785180e+00
-5.187091261162246170e+00
-2.144702092965022899e+00
-3.081983378460123824e+00
-5.911547753860515897e+00
-3.918264117789978407e+00
-5.844651707832132281e+00
-5.910281462816034725e+00
-1.757326682238241178e+00
-2.487901907616606234e+00
-2.606322080457830648e+00
-3.482676376248971195e+00
-5.719445428793397568e+00
-2.986348284633517647e+00
-3.849272839778917099e+00
-4.096803452889217212e+00
-4.188786448010445085e+00
-2.930386859042946490e+00
-4.417600957722526367e+00
-3.370521229455372580e+00
-3.741177804162459264e+00
-4.663316042086652402e+00
-1.792378133271686380e+00
-3.510935569007725299e+00
-6.331846448512678194e+00
-7.184787995500530933e+00
-6.335714953333472010e+00
-9.319850160830728925e+00
-4.511008855706368337e+00
-5.674421958269079802e+00
-5.935487025108959536e+00
-3.008065298488329375e+00
-1.335135942173231527e+01
-5.986974365390032027e+00
-1.138831876700386481e+01
-1.472426359245345395e+01
-1.655375671824916495e+01
-6.031895831495385885e+00
-1.477137065271930716e+01
-5.000570595992610556e+00
-6.510183428880400136e+00
-3.341097030610507002e+00
-6.630152563803425103e+00
-6.534920032751500685e+00
-6.152176124490852160e+00
-6.117048643254682005e+00
-1.292338586471817941e+01
-1.309751555951997659e+01
-1.237969983771492721e+01
-4.866720619368361866e+00
-1.002051271067716698e+01
-6.532160960375827941e+00
-9.435007123994589406e+00
-1.590561487968348064e+00
-5.193976294904817159e+00
-2.395371873828132880e+00
-6.328445337859635700e+00
-1.717587151302324600e+01
-1.895351612542436825e+01
-1.947208859935210512e+01
-1.680260908353996996e+01
-3.887365641188661414e+01
-7.870180972648003426e+00
-7.927478665958622273e+00
-6.006906745590141483e+00
-3.649283202865818421e+00
-4.704353661957940247e+00
-3.692772523231757642e+00
-3.213015962604774955e+00
-6.390355011195152812e+00
-3.225456861689296240e+00
-2.901535473007854193e+00
-3.757442152914122424e+00
-4.367154098270395579e+00
-3.608341686977960538e+00
-8.419050036103442380e+00
-3.841572386165450048e+00
-1.035231273090133897e+01
-2.784114579188813998e+00
-4.175822534973136158e+00
-1.262035170143699325e+01
-1.834452111440139532e+01
-2.655246949725721350e+01
-1.203067206083775176e+01
-4.759160889138303929e+00
-6.081006496498607028e+00
-4.375871375538626928e+00
-4.919370726268818217e+00
-5.450567517648816640e+00
-3.629064999761442145e+00
-2.509044593707162818e+00
-3.783682894489476922e+00
-3.733119479777366134e+00
-2.776640073312244716e+00
-5.909265860200384246e+00
-7.002028079406434458e+00
-4.129218402563441970e+00
-3.986389886612792033e+00
-7.878614359524760857e+00
-5.008983663977437217e+00
-7.734547160681609412e+00
-9.731358798878794403e+00
-2.661872292290613728e+00
-7.713578599749567388e+00
-1.404947885517459838e+01
-2.308837162924631414e+01
-3.648846684019265751e+01
-3.433012505363750222e+01
-1.027453251989479988e+01
-4.877364435370179052e+00
-6.118099812793186487e+00
-4.319586086213332621e+00
-2.962929049073104615e+00
-5.422195984631507315e+00
-7.553867965359678749e+00
-6.462313579970931698e+00
-1.522692011510704546e+01
-2.978600537666248371e+01
-2.049770589495496154e+01
-3.613638709545869521e+00
-4.117046105207995410e+00
-7.398799543917045973e+00
-4.017636566245580632e+00
-6.755697220445556539e+00
-5.067842399830062128e+00
-6.411990997238883772e+00
-4.343306914144851483e+00
-1.042175908359808645e+01
-2.842639215460279534e+00
-4.915073355867130900e+00
-2.975840272435669398e+00
-3.342785714247814788e+00
-4.420379252258474168e+00
-6.254057240574633525e+00
-3.301735063086183253e+00
-4.441370642966079529e+00
-6.065522780286286775e+00
-4.893461099757398181e+00
-3.649018594302450680e+00
-2.469765373991037904e+00
-5.165992803570309988e+00
-4.031387579896366979e+00
-3.852239407851316688e+00
