1.592649472000000000e+09
9.715024000000000000e+08
8.708888320000000000e+08
9.715959680000000000e+08
1.040117760000000000e+09
1.105606400000000000e+09
1.217483520000000000e+09
1.290366336000000000e+09
1.405731584000000000e+09
1.420950784000000000e+09
1.512435456000000000e+09
1.549745792000000000e+09
1.604545536000000000e+09
1.618844416000000000e+09
1.709422848000000000e+09
1.759296768000000000e+09
1.807602048000000000e+09
1.802600192000000000e+09
1.863185152000000000e+09
1.898306944000000000e+09
1.934796416000000000e+09
1.962421888000000000e+09
2.051037952000000000e+09
5.086087168000000000e+09
1.414088908800000000e+10
3.130521600000000000e+10
5.244211200000000000e+10
7.716858265600000000e+10
1.152845086720000000e+11
1.479031029760000000e+11
1.795305308160000000e+11
2.446176747520000000e+11
2.585514475520000000e+11
3.397132615680000000e+11
3.617675345920000000e+11
4.120382996480000000e+11
4.258213068800000000e+11
4.861547970560000000e+11
5.146688225280000000e+11
5.707500748800000000e+11
6.124853002240000000e+11
6.032060579840000000e+11
5.774892072960000000e+11
5.340901539840000000e+11
5.233981849600000000e+11
4.773693685760000000e+11
4.500196556800000000e+11
4.264966881280000000e+11
3.939796910080000000e+11
3.765462630400000000e+11
3.377589780480000000e+11
3.139277291520000000e+11
3.031318200320000000e+11
2.795318149120000000e+11
2.562934374400000000e+11
2.445629194240000000e+11
2.213544263680000000e+11
2.153000796160000000e+11
1.736609300480000000e+11
1.668300472320000000e+11
1.420925992960000000e+11
1.324716933120000000e+11
1.155201351680000000e+11
1.014951034880000000e+11
9.143676108800000000e+10
6.800481484800000000e+10
5.808874291200000000e+10
4.902873497600000000e+10
4.009990144000000000e+10
3.484182937600000000e+10
3.085226188800000000e+10
2.444487884800000000e+10
2.135164928000000000e+10
1.418279526400000000e+10
1.067613286400000000e+10
6.189550080000000000e+09
5.703837696000000000e+09
6.951498752000000000e+09
5.561957376000000000e+09
5.497587200000000000e+09
5.238431232000000000e+09
5.013923328000000000e+09
5.874749952000000000e+09
4.496067072000000000e+09
4.795678208000000000e+09
4.295610880000000000e+09
4.493617152000000000e+09
6.174403584000000000e+09
4.073750016000000000e+09
6.946294272000000000e+09
7.219157504000000000e+09
7.744416768000000000e+09
7.393823744000000000e+09
7.688358400000000000e+09
1.059120947200000000e+10
6.932630528000000000e+09
8.601086976000000000e+09
9.148959744000000000e+09
8.084100608000000000e+09
1.005449830400000000e+10
7.927943168000000000e+09
6.896186880000000000e+09
8.989470720000000000e+09
6.379292160000000000e+09
6.606776832000000000e+09
5.730803712000000000e+09
4.937487360000000000e+09
5.484510208000000000e+09
6.470316544000000000e+09
6.295176192000000000e+09
7.404269568000000000e+09
6.575838208000000000e+09
5.132017152000000000e+09
6.334945280000000000e+09
5.327620096000000000e+09
6.945465344000000000e+09
5.600674816000000000e+09
6.403005952000000000e+09
6.537435648000000000e+09
7.130712576000000000e+09
6.482504704000000000e+09
6.322779136000000000e+09
5.679055872000000000e+09
8.622808064000000000e+09
6.925435904000000000e+09
6.589649408000000000e+09
9.319184384000000000e+09
8.014033920000000000e+09
6.651696128000000000e+09
7.380376576000000000e+09
6.897261568000000000e+09
7.277497344000000000e+09
6.695984128000000000e+09
9.093124096000000000e+09
1.088080588800000000e+10
1.280795955200000000e+10
8.803519488000000000e+09
9.639206912000000000e+09
1.474641612800000000e+10
1.418889318400000000e+10
1.195658752000000000e+10
9.646918656000000000e+09
1.160021811200000000e+10
1.049064550400000000e+10
1.292088934400000000e+10
9.289959424000000000e+09
1.281486745600000000e+10
6.725060096000000000e+09
8.812770304000000000e+09
1.033315020800000000e+10
1.154636492800000000e+10
8.389232128000000000e+09
1.027226112000000000e+10
7.828234240000000000e+09
9.050597376000000000e+09
9.942243328000000000e+09
1.048221696000000000e+10
9.853786112000000000e+09
7.767531520000000000e+09
6.227216896000000000e+09
7.336123392000000000e+09
8.303434240000000000e+09
6.517784064000000000e+09
6.867316224000000000e+09
9.759760384000000000e+09
6.946359808000000000e+09
7.110775808000000000e+09
9.642319872000000000e+09
9.537087488000000000e+09
9.891833856000000000e+09
1.109000192000000000e+10
8.902124544000000000e+09
1.058634342400000000e+10
6.615405568000000000e+09
7.268725760000000000e+09
7.591097344000000000e+09
8.032619520000000000e+09
7.907990016000000000e+09
7.197531136000000000e+09
6.673456640000000000e+09
1.056854732800000000e+10
8.330425344000000000e+09
7.923248128000000000e+09
4.961710592000000000e+09
6.288300544000000000e+09
9.576436736000000000e+09
5.746744320000000000e+09
5.673611264000000000e+09
5.998061056000000000e+09
5.431610880000000000e+09
5.954024960000000000e+09
4.161805568000000000e+09
4.892975616000000000e+09
8.487539712000000000e+09
8.620212224000000000e+09
9.012411392000000000e+09
7.213086208000000000e+09
6.110176768000000000e+09
3.382290944000000000e+09
5.059383296000000000e+09
4.678270976000000000e+09
6.862435328000000000e+09
6.755499008000000000e+09
7.619917312000000000e+09
5.829485568000000000e+09
6.736638464000000000e+09
7.229680640000000000e+09
5.279702016000000000e+09
6.764056576000000000e+09
5.896562688000000000e+09
6.162691584000000000e+09
5.411324928000000000e+09
3.261189632000000000e+09
5.744212992000000000e+09
6.090235904000000000e+09
6.691156480000000000e+09
6.998673920000000000e+09
5.974551040000000000e+09
6.217440256000000000e+09
5.097462784000000000e+09
4.470774784000000000e+09
4.866153472000000000e+09
3.582383360000000000e+09
4.918203392000000000e+09
5.419503616000000000e+09
4.008065024000000000e+09
5.305407488000000000e+09
5.314874368000000000e+09
4.820671488000000000e+09
3.175738112000000000e+09
5.055971328000000000e+09
4.830344192000000000e+09
6.395966464000000000e+09
5.163629568000000000e+09
5.694088192000000000e+09
4.179337984000000000e+09
3.713375744000000000e+09
3.306548480000000000e+09
4.237410816000000000e+09
3.804448000000000000e+09
5.084569600000000000e+09
4.850220032000000000e+09
3.938598400000000000e+09
4.042892800000000000e+09
4.342512640000000000e+09
3.343474176000000000e+09
4.469950464000000000e+09
4.732908032000000000e+09
5.536750080000000000e+09
4.010495488000000000e+09
6.240425984000000000e+09
2.806020864000000000e+09
3.248358144000000000e+09
5.084015104000000000e+09
3.814202624000000000e+09
4.237135872000000000e+09
3.713279488000000000e+09
2.173699072000000000e+09
4.092488960000000000e+09
3.716163072000000000e+09
4.282166784000000000e+09
2.604723712000000000e+09
4.509187072000000000e+09
5.370896384000000000e+09
4.843626496000000000e+09
4.617800192000000000e+09
5.262987776000000000e+09
6.127616000000000000e+09
4.954945024000000000e+09
3.622141184000000000e+09
3.608313088000000000e+09
4.508688896000000000e+09
2.801661440000000000e+09
2.362062336000000000e+09
2.798272000000000000e+09
3.342978048000000000e+09
4.564016128000000000e+09
3.054604800000000000e+09
2.747293440000000000e+09
5.055909888000000000e+09
2.236102144000000000e+09
6.067889664000000000e+09
3.079815168000000000e+09
4.022260224000000000e+09
3.827441152000000000e+09
2.566645248000000000e+09
4.397825024000000000e+09
2.885611008000000000e+09
3.904186368000000000e+09
4.010728704000000000e+09
2.580902144000000000e+09
2.218732288000000000e+09
4.474380288000000000e+09
4.375707136000000000e+09
3.268226048000000000e+09
4.592928256000000000e+09
3.375901184000000000e+09
3.233655552000000000e+09
2.567710464000000000e+09
5.944713216000000000e+09
6.649758720000000000e+09
4.000704512000000000e+09
4.348519424000000000e+09
3.721620224000000000e+09
4.553126912000000000e+09
1.813723904000000000e+09
3.940477440000000000e+09
4.111358464000000000e+09
3.404788224000000000e+09
2.930950656000000000e+09
4.271485696000000000e+09
2.642355968000000000e+09
2.733103872000000000e+09
3.130616832000000000e+09
3.710937600000000000e+09
3.109875200000000000e+09
3.088167936000000000e+09
2.718179072000000000e+09
3.545825280000000000e+09
3.186919424000000000e+09
2.573022720000000000e+09
2.232708608000000000e+09
3.448392192000000000e+09
2.397389824000000000e+09
1.954032256000000000e+09
3.796553728000000000e+09
2.562604288000000000e+09
3.683354624000000000e+09
3.179420672000000000e+09
3.865141760000000000e+09
1.780808320000000000e+09
3.949053184000000000e+09
3.526967296000000000e+09
1.333261440000000000e+09
2.641541120000000000e+09
3.980233984000000000e+09
4.001260288000000000e+09
2.928290304000000000e+09
2.418368512000000000e+09
3.602745856000000000e+09
1.615449984000000000e+09
2.696634368000000000e+09
5.611290112000000000e+09
3.851961856000000000e+09
2.361780736000000000e+09
2.137921536000000000e+09
2.007258880000000000e+09
2.660643328000000000e+09
2.000962944000000000e+09
1.737567488000000000e+09
1.976102912000000000e+09
1.582816000000000000e+09
2.543147008000000000e+09
2.170996480000000000e+09
1.743795968000000000e+09
3.017930752000000000e+09
1.549378688000000000e+09
1.931288192000000000e+09
3.423323648000000000e+09
2.336108288000000000e+09
1.828020992000000000e+09
3.698008832000000000e+09
5.018737152000000000e+09
5.925847040000000000e+09
2.343150080000000000e+09
3.022382592000000000e+09
2.621865472000000000e+09
2.417323520000000000e+09
3.621639424000000000e+09
4.727101952000000000e+09
2.727667200000000000e+09
2.284476160000000000e+09
2.891904512000000000e+09
3.148614656000000000e+09
2.417304320000000000e+09
2.980616448000000000e+09
1.807050368000000000e+09
1.743500928000000000e+09
4.696617984000000000e+09
2.927656704000000000e+09
1.744654336000000000e+09
1.809734912000000000e+09
4.038913536000000000e+09
5.177653248000000000e+09
1.488925952000000000e+09
1.720282496000000000e+09
3.052402176000000000e+09
2.830995200000000000e+09
3.695607040000000000e+09
1.503712896000000000e+09
1.442294144000000000e+09
1.629421312000000000e+09
4.358482944000000000e+09
2.861398784000000000e+09
2.410278656000000000e+09
1.943784192000000000e+09
3.151137024000000000e+09
2.424726784000000000e+09
2.290146304000000000e+09
1.473800064000000000e+09
1.143505280000000000e+09
2.799900928000000000e+09
1.070763904000000000e+09
2.727074304000000000e+09
1.644560384000000000e+09
1.477259008000000000e+09
2.262173696000000000e+09
1.896720640000000000e+09
2.094581504000000000e+09
3.109323264000000000e+09
2.166766592000000000e+09
2.262064640000000000e+09
1.868050816000000000e+09
3.127381248000000000e+09
3.000407296000000000e+09
1.872780288000000000e+09
2.970537216000000000e+09
2.234420224000000000e+09
2.322819840000000000e+09
2.550724352000000000e+09
3.268043520000000000e+09
2.565218304000000000e+09
1.566624512000000000e+09
2.839621888000000000e+09
2.754925056000000000e+09
1.594188416000000000e+09
3.769184768000000000e+09
2.565767936000000000e+09
3.439289088000000000e+09
2.496676096000000000e+09
1.455704832000000000e+09
2.282044928000000000e+09
1.143601664000000000e+09
1.618162432000000000e+09
1.888539648000000000e+09
1.960471168000000000e+09
4.744056320000000000e+09
2.396214784000000000e+09
2.282098432000000000e+09
1.711202688000000000e+09
2.148365568000000000e+09
1.917193984000000000e+09
1.734925056000000000e+09
1.522739968000000000e+09
2.376910080000000000e+09
1.867130880000000000e+09
2.776780032000000000e+09
2.623066624000000000e+09
2.424390656000000000e+09
2.331053568000000000e+09
4.003508992000000000e+09
2.656691200000000000e+09
2.001959680000000000e+09
3.594117888000000000e+09
2.013991296000000000e+09
3.024737792000000000e+09
3.872199168000000000e+09
2.033840512000000000e+09
2.582550784000000000e+09
2.289345024000000000e+09
1.294093056000000000e+09
1.773485312000000000e+09
2.268258560000000000e+09
2.286317312000000000e+09
2.453341696000000000e+09
2.525227008000000000e+09
1.724438144000000000e+09
2.391366144000000000e+09
1.577654528000000000e+09
2.527489536000000000e+09
1.760328704000000000e+09
1.798155520000000000e+09
2.360164096000000000e+09
1.845780224000000000e+09
1.187940608000000000e+09
1.593207168000000000e+09
2.830181120000000000e+09
1.520410240000000000e+09
1.583898496000000000e+09
1.722294656000000000e+09
3.566454016000000000e+09
1.685300352000000000e+09
1.788460672000000000e+09
1.282225920000000000e+09
2.032237824000000000e+09
2.411643136000000000e+09
2.275341056000000000e+09
2.257498624000000000e+09
2.116055040000000000e+09
3.755967232000000000e+09
1.553380608000000000e+09
1.895274112000000000e+09
3.477702656000000000e+09
3.564283136000000000e+09
1.907954688000000000e+09
1.475252480000000000e+09
7.511105280000000000e+08
2.969551872000000000e+09
3.558113792000000000e+09
2.140940672000000000e+09
