-3.630400000000000091e+03
-6.018505574822766903e+03
7.267234867874103657e+03
8.506475987466759761e+03
6.332564142164430450e+03
9.900664140723334640e+03
-1.800286331306714374e+03
2.799573120990563257e+04
1.100241715667245262e+04
3.842986815804889375e+03
2.970397845260939357e+04
9.290816921322821145e+03
1.558547333120917574e+04
1.904703300297594615e+04
1.131576694660387147e+04
-1.187252658310309471e+03
2.062777931589492073e+04
2.611784069337404071e+04
1.103608880854185918e+04
1.565506436937671970e+04
3.937977925018907263e+04
2.907970671890754602e+04
2.968865343383657091e+04
2.049117548150759831e+04
4.200018831022809900e+04
1.026828477269841278e+04
8.146144968607583905e+03
1.236707536982536112e+04
1.434094554766699730e+04
3.453468796834288514e+04
8.851824969929604777e+03
1.359602470221949807e+04
3.620782341735318187e+04
4.017414224678405299e+04
3.089968385795582071e+04
1.218458587804105991e+04
2.751092653855806566e+04
3.466561695615553617e+03
2.878697494238326180e+04
2.807544003140117638e+03
3.529131228219638615e+03
8.734229200042358570e+03
8.846727164869473199e+04
7.797129055799681737e+03
2.575080837373635586e+04
1.447439480102682865e+04
2.450059961076643231e+04
2.679852997836022769e+04
7.882281395374826388e+04
9.052216412488885908e+03
1.292983087800726207e+04
3.877598047015606426e+04
2.946567283800439691e+04
3.379525308010041772e+04
5.551305682390669244e+04
1.508195140709678890e+04
3.110170633806104524e+04
1.515170421121873733e+04
2.100080702959579867e+04
2.500832158738087674e+04
2.989619975360159879e+04
1.720446627602191074e+04
4.125487017566458962e+04
2.301456457544090154e+04
1.450629665028916861e+04
1.823848530981177100e+04
9.608119817967817653e+03
3.490970916728438169e+04
4.103146133062977242e+03
1.691046312274581578e+04
4.083786933888433850e+04
1.804857370163869200e+04
3.092094400510942069e+04
2.481980304773170246e+03
1.832130771999499848e+04
3.656432534487001249e+04
4.416987650521425530e+04
2.240459523236576388e+03
4.489389088779871599e+03
1.316350175787206899e+04
9.279230654641231013e+03
4.260706037635800021e+04
6.693588596121809132e+03
5.269045411101110221e+04
1.608472704179881475e+04
-3.105175708508388652e+03
3.067630510758795572e+04
2.973253551839787542e+04
4.233640030822038170e+03
1.566505058479515174e+04
1.412942476263639765e+04
1.129760794588331737e+04
3.015640855920299509e+04
2.334957108735646398e+04
1.377121978530317574e+04
1.405032904205260638e+04
3.634368217568174441e+04
1.339611514045628974e+04
7.971929889001939955e+03
2.595542404222437835e+04
-1.884298885043366681e+03
4.796465334422260639e+04
2.465994561717845500e+03
1.275538845321782355e+04
-1.657967172389417101e+02
4.118191998876655998e+04
-9.589712174162923475e+02
-3.269634336748993519e+03
3.165349931935559653e+04
8.111652363478327970e+03
1.617878653110552841e+04
1.144045555756022441e+04
1.865582891032665793e+04
2.053202066119111623e+04
4.755421230981537519e+03
1.228591964229130645e+04
1.300456655051641246e+04
8.607217387359349232e+03
1.563586066623490115e+04
4.259820471845911379e+04
1.877605789778103644e+04
5.993131698207283989e+03
3.572983093099854159e+04
2.893876807645175722e+04
1.698984354489302859e+04
2.232454566615860676e+04
4.614925738746353090e+03
3.218563843043867382e+04
1.016195575205558271e+04
2.457426508952336007e+04
4.641410384165447613e+04
1.949059929575298884e+04
3.919127573265691171e+04
1.568767110810599843e+04
1.617635700942633230e+04
9.387298694261477067e+03
4.631264606211755563e+03
2.721951147002404105e+04
-2.908564151188837968e+03
5.438019382127653444e+03
2.434844498787422344e+04
-3.526106604267479270e+03
1.446500189498786494e+04
1.667097306443180787e+04
1.466941530456565033e+03
3.740057399263714615e+03
1.287068897910789201e+04
-3.196182707379866770e+03
5.551595049576164456e+04
6.399140550123254070e+04
3.430291936017496937e+03
2.595990276665077181e+04
2.791362461509068089e+04
-2.786523605731763382e+02
8.700770951088758011e+03
2.699187638266998329e+04
4.681371335270276177e+03
1.062974696986955678e+04
9.740567437282905303e+03
7.735480363167227551e+03
1.825062488410398146e+04
4.635414308815072582e+04
5.437223267924650827e+02
1.208683865595625321e+04
1.477785994474359177e+04
-5.409902894425531485e+02
-2.679154862556310491e+03
1.168434206582666957e+04
5.333063983391379224e+03
3.478318897837085387e+04
6.492043834136165970e+03
1.702742071577216120e+04
1.034985286727240782e+04
1.060061858174064037e+04
3.066809329519060702e+04
3.525474640855548842e+03
-1.186222951364504752e+03
1.499611319710098724e+04
3.239120615293644732e+04
9.196220354200373549e+03
7.233572837459710718e+04
1.154858612572511629e+04
8.079911123074744864e+03
1.354874384829541304e+04
-6.634906677510443842e+03
6.196262771580340996e+03
2.977523812805793932e+04
2.104650312857678000e+04
4.434423034227720564e+02
2.959882689989748542e+04
3.105372280826175847e+04
9.580396404305893157e+02
2.106606593057005011e+04
4.616142732086154865e+01
1.678181498999302858e+04
7.581608824915052537e+03
7.110973061118391342e+04
2.271030739354236721e+04
-1.351408406338675559e+04
-9.097267036962704879e+03
7.928097913359668382e+03
5.123266500080217156e+03
8.144630979365911116e+03
-5.564023852004433138e+03
-1.179626759293155192e+04
2.305842083569563329e+03
3.748968460844991932e+04
5.241049468342811451e+03
-1.251557313953711855e+03
-1.530864304697698753e+04
-1.100427851268220911e+04
-1.876641323968707002e+04
1.802049277707972215e+04
-5.269992864654732330e+03
-2.772814383611257654e+03
-9.385677962538100473e+03
-8.667720702257005541e+03
9.738014700698047818e+03
3.554346566424569755e+04
-1.242451044885788360e+04
1.278000757479077720e+03
5.265288951176857154e+03
2.096248568498077293e+04
1.344348943861828593e+04
2.330999601611365870e+04
-5.649500664858076561e+03
-7.554237948995902116e+03
-3.591785466598981657e+03
3.774852360412101552e+04
4.815807550031554456e+03
5.849354955152359253e+03
8.778480408762696243e+03
1.005718248485711592e+04
1.014120840982952723e+04
4.739311910756192810e+04
3.361129355260751254e+03
2.829248228711732008e+04
4.826536686709759124e+03
1.298918118606203279e+04
3.301801511435302382e+04
2.325159667363683184e+04
4.822542551818708307e+04
2.288943167969717615e+04
3.138431917740039353e+04
2.822911222889294731e+04
1.124047650564832475e+04
1.816417356712660330e+04
3.078017279689433781e+04
1.257756241622698553e+03
6.323866491407408830e+03
1.650115552191986717e+04
1.727375600775787461e+04
7.906564229515819534e+03
1.009940796352848156e+04
2.881634234446559640e+04
4.762401007182545436e+04
1.296018529976091486e+04
4.070434814769701916e+04
8.754233877226808545e+03
9.672859174625733431e+03
6.970491590394964078e+03
2.456252811576394379e+04
7.549439699231867053e+03
-4.659973799245318332e+03
3.689782577683293493e+04
5.817951530215475032e+03
1.810820438138211466e+04
8.204351416184175832e+03
3.309343455363612156e+04
1.565075857149623516e+03
5.836462234575637012e+03
-3.350647667257262583e+03
4.148092024441515605e+03
-7.160866728729887654e+03
1.033442555668927071e+03
-1.302276592522227111e+04
-1.057780020545869775e+04
-5.278242170967268976e+03
2.873632507194252685e+04
-1.076919870311742125e+04
1.396157940099311963e+04
-4.400389601695906094e+01
-9.967580529403101536e+03
-7.295142356545680741e+03
1.452424366381262735e+04
1.057157215771978008e+04
6.529440460092052945e+01
-8.154527153272618307e+03
2.362664436342431145e+03
-1.584727634608312837e+04
2.486470818423270248e+04
1.449858043210988217e+04
9.753999154083485337e+03
2.479430127598712716e+03
-7.598457232341865165e+03
-4.087325428628917507e+03
9.820927778862062041e+03
-1.051095594191062082e+04
-2.150359318859158884e+04
7.320121456090791071e+03
-7.084700799048177032e+03
3.827903142990902415e+04
-8.692265505907569604e+03
-1.930061060978645401e+04
-9.789220683757732331e+03
-1.605698303529096665e+04
-1.825985667602966350e+04
-7.217441997216450545e+03
-9.675359230563793972e+03
1.043293257189554606e+04
-2.253529902378617044e+04
-2.551731768402962189e+04
-1.147253316584991626e+04
-1.866599334733964133e+04
1.212732172703274045e+04
1.201279953831253260e+04
-2.116111012907509576e+04
-2.365766683805225694e+04
1.077448299928282358e+04
-1.434060672002129832e+04
-1.289915371960839911e+04
-7.525644706981134732e+03
2.722587117364395908e+03
-4.861813045901841178e+03
6.763047630387722165e+03
7.194535875936936463e+03
2.337010790335009915e+03
8.048560064072420573e+03
1.767934259309693516e+04
2.270922385820889394e+04
1.940274676746825571e+04
-3.452926119033233590e+03
2.160152610806722805e+04
1.996699361130286343e+04
1.227724747967385520e+04
-2.152231109713720798e+02
7.564948169003423573e+03
6.334023787709921453e+04
2.047977710869574366e+04
1.782866829986181619e+04
-4.830463613373385670e+02
1.403050126034366622e+04
5.656255430958326178e+04
1.569532526687829159e+04
2.317089699388241570e+04
1.659035315028608693e+03
1.168686416148857461e+04
-1.796213699685768006e+03
-6.929986697952055692e+03
4.133664748878504906e+04
2.388049379818108719e+04
6.842287997011443076e+04
1.567270442209701832e+04
-2.144647524923415403e+03
1.924022569733371347e+04
9.144785889308252081e+03
1.504682820928209594e+03
1.028912387748000037e+04
9.802989836472905154e+03
-1.607596937161631104e+03
1.524648302285972932e+04
1.996478102887711066e+04
3.452511070749489591e+04
6.511791148223699565e+03
2.987124657621006918e+03
1.406295770767333670e+04
3.445516944117825915e+04
2.146093106043597436e+04
2.769459602976287715e+04
1.848913480651196369e+04
6.880830653329750930e+03
1.382901836955173349e+04
6.965708418435604472e+03
4.327895948502724787e+04
4.273805354849412106e+04
1.905379091709975910e+04
1.423327600813106983e+04
-7.945622476639992783e+03
5.599427580785595637e+01
-4.049522629971479546e+02
-9.291679830514782225e+03
9.040596152734713542e+03
1.727939962093719805e+04
3.129966147341735632e+04
4.278420061462077138e+04
1.076591402695527904e+04
2.009224800161639359e+04
9.041741430142370518e+03
1.164263021948128335e+04
9.091979860611685581e+03
3.535684778961051052e+04
2.733201552956322848e+04
2.233581506906341019e+04
2.703020639091771955e+04
2.359880994752262632e+04
1.947886823295104841e+04
6.040020911012020224e+04
4.005597922264660883e+04
1.937499109647689693e+04
3.842495509096854221e+04
1.195155575488019167e+04
1.653355874723683155e+04
1.560346710776890632e+03
4.582528841187384387e+04
1.364937937603792670e+04
1.438319142469489088e+04
2.702866381685801753e+04
8.672938242308395274e+03
7.587080120997628910e+03
3.723975706462097151e+03
5.503740225757390726e+04
9.902587878121590620e+03
1.140337206140993658e+04
2.313018231628128706e+04
1.705090515587034679e+04
2.928840585355705844e+04
2.718869984938896232e+04
8.131070876769343158e+03
1.293040353118677740e+04
1.084181297182434901e+04
1.610924022333168614e+04
1.571619422948800639e+04
2.180912584205167514e+04
6.537163582176384807e+04
1.297120154578197980e+04
1.089380211140587744e+04
4.462116725924647471e+04
4.680081860553227307e+04
2.730995663060053266e+04
2.441917036225809716e+04
4.019140286345581990e+04
1.258740728992661752e+04
2.914181293732088307e+03
1.162699249787180997e+04
1.953573957528739265e+04
2.483434779712362069e+04
2.121535792535283326e+04
1.493669227288786897e+04
4.249862502482211858e+04
4.315308954009761692e+03
1.782530972900699271e+04
3.441521323740078515e+04
3.069166875587269897e+04
9.666355770326550555e+03
6.555179620042890747e+03
2.457863046262463058e+02
4.210671921035367996e+04
-6.479014379518903297e+02
1.508830020001062985e+04
4.640602124575019843e+03
1.405945133063496723e+04
4.657630477853837510e+04
1.835270330127137277e+04
4.783356162437316925e+03
2.255847123362648199e+04
1.178579851467176559e+04
1.171781341011056975e+04
-1.846731508196900904e+03
2.463297322583451023e+04
1.219983453766630555e+04
2.297435484591517525e+04
-2.235636149570811085e+03
3.455076696649214136e+04
3.098308140236545569e+03
-6.179775826125169260e+02
1.632728337087624095e+04
3.617364494155222928e+03
3.450675130582529164e+03
7.908000796043968876e+04
6.121277088004670986e+03
-9.250331803006443806e+03
6.084620126293350768e+04
1.409469240272083516e+04
-2.090139078502660141e+03
9.308906710553825178e+03
3.202799390202836366e+04
2.279179324134208946e+04
2.756055243463009901e+04
1.671941662392510989e+04
8.119144867191466801e+03
4.634243060955319379e+03
2.014235239100768376e+04
2.863395553264395858e+03
1.092401255839340956e+04
3.283124606831606070e+04
1.323347220289008328e+04
1.513395534140974269e+04
3.780323450978434266e+04
-1.874660750241479036e+03
5.066852129645226341e+03
2.810069418524433786e+04
1.120796903641658719e+04
2.250883187869108951e+04
1.525970087945682099e+04
4.386467234525845015e+03
4.128438258801386110e+04
1.048360843369682334e+04
1.144445329761592802e+04
1.715387260036650332e+04
2.761558838673445734e+03
1.648020655527574127e+04
3.779233183556736185e+04
1.687422676674944341e+03
8.862887175678391941e+03
7.891365308935266512e+03
1.755098380710292986e+04
1.719016492819347332e+04
5.523853351499963901e+04
3.988463943100318284e+04
5.999506786319401726e+03
3.370347215230405709e+04
1.928545173994568904e+04
2.499239499451552547e+04
1.789185733190063183e+04
3.655362820491963066e+04
2.236607478157865262e+04
2.134908191389812782e+04
1.941989133865903568e+04
8.991183421895968422e+03
1.856877425460786617e+04
2.067589277789668267e+04
1.810228490086238526e+04
4.696420189548576309e+04
6.793681466981965059e+03
4.495209525951580872e+03
4.471336072224473173e+04
4.291448426213901257e+04
2.132091651058550633e+04
2.721650440843984143e+03
7.753699058408170458e+03
1.981395277260625517e+04
2.242752305164895370e+04
7.993302621731450927e+03
1.126851135603271723e+04
6.920639890667222062e+03
-2.804190967323270797e+03
1.258871281664636444e+04
3.078074876890773521e+04
3.059390715244064995e+04
4.595417649070157040e+02
1.031953004093718118e+04
2.832086910907073616e+02
2.168822576472499350e+04
1.989718367002560262e+04
2.662068415965378517e+04
6.700509344359732495e+03
-2.089813276934955866e+03
4.596253090602556767e+03
2.303180802917513938e+04
1.218525430208108446e+04
1.434538994819223808e+04
2.433577885344559036e+03
1.638092050763216321e+04
3.032332836816677809e+04
2.679936101484618848e+04
-4.366013715165629037e+03
1.980461126027901628e+04
1.642825363981831470e+04
1.715191580990889634e+04
-3.613297513557394268e+03
1.757404099723890613e+04
-2.319113065413162985e+03
-2.496773601792740919e+03
-8.402553007357309980e+02
2.974203739204657177e+04
1.668532430678167657e+04
8.083120352537143845e+03
1.638669427783510400e+04
7.853025205857935362e+03
6.570455756739253047e+03
4.716443820545101516e+03
2.003695885728932990e+04
6.555301158970281904e+03
-1.721175714721140139e+03
1.537100198922007985e+04
-2.617257105159669663e+02
4.526750393236268792e+03
4.547910548853703403e+03
1.154222163913436998e+04
8.453600130540360624e+03
-6.079564385618617052e+03
3.686129063781007517e+03
2.573872878361639596e+04
3.672358519914375938e+04
-3.701824931097994522e+03
5.694592768856822659e+04
7.205102056436544444e+02
-4.219403582923458089e+03
2.173174583706970225e+04
-3.421850264126375805e+03
5.334395119704845456e+03
-4.082477712992726993e+03
2.224281597858263467e+03
-3.837280666668266349e+01
1.218114943577118174e+04
2.470120375236864857e+04
6.347170611499945153e+03
9.508809860269750061e+03
4.679204988454801423e+03
-1.102354468150218054e+04
1.449045453243531665e+04
8.314269947565655457e+03
3.107948127333009325e+03
1.997694262231771972e+03
-6.375767983301248023e+02
-5.627212985839392786e+03
6.771069550831363813e+03
3.559570779087142000e+04
1.506651596997350134e+04
3.266286625575894504e+04
3.346055424898831916e+02
1.163222601408350329e+03
3.095944778769404729e+04
3.878906572492694067e+03
1.923910230439366569e+04
-5.027745666523865111e+03
2.079750961202528924e+04
-1.521346214687755491e+03
8.952875970238588707e+03
1.206817933499307219e+04
1.511892140631811344e+04
7.620815075930237072e+03
-2.976977925113637866e+03
2.334560011523423600e+04
-8.894345902129842216e+03
2.589232592294508868e+04
1.520725100675490103e+04
1.571987034830342600e+04
2.731881209651410609e+04
5.489039434583515686e+03
-4.320565910624738535e+03
-1.197717741700867737e+04
-5.493041756640343010e+03
8.768913023622710170e+03
6.805711567921884125e+03
-1.638290219863029506e+03
6.616874090494517077e+03
1.282273997501199483e+04
1.587984646665554646e+04
-8.128605701650934861e+03
2.019417556881751807e+04
-3.750863708174201747e+02
2.978592540126953099e+04
3.186205216848990312e+04
-1.140169189298230776e+03
-4.775241062402523312e+03
3.681864032242519897e+04
7.305076708817289909e+04
3.822121004060609994e+04
1.981615643779233869e+04
4.544634453336066144e+03
7.009838878943348391e+03
2.224369640163518852e+04
1.612356445114013150e+04
3.754484479250192817e+04
4.359871173803018792e+03
1.844020613147746917e+04
2.676461099912754071e+04
1.899799633294732121e+04
1.509223736305682178e+04
3.758349889204229839e+04
2.291195853968232768e+03
1.864344447018993378e+04
2.773630208454947933e+04
2.518843698317500821e+04
1.986864976516286333e+04
1.267730339099201956e+04
2.457640951840755224e+04
1.525836325655402470e+04
2.936655272041739954e+04
1.296537899964371036e+03
2.735638277613803075e+04
5.035633045166522788e+04
1.195362064041889607e+04
4.184221659098827331e+03
4.350214451447181636e+04
5.590166033299206902e+03
6.425992532638100784e+03
1.731239975726142438e+04
2.200126231165899662e+04
1.464286416538541016e+04
2.257171046798781026e+04
5.842771745721836487e+04
2.968995254563094568e+04
2.644802445286815782e+04
2.203506078578155211e+03
6.171125490592434653e+04
3.037213082539023162e+04
1.715945577230527124e+04
2.928301115826344540e+04
3.917521014503248443e+04
2.274355688378415653e+04
1.227524944774875439e+04
7.504214587190055681e+03
2.161081097658086219e+04
7.546671359381619368e+03
9.539421290835973195e+03
4.295547114373413206e+04
3.138962757718334615e+04
4.362949463678645407e+04
3.168298163083870895e+04
2.484465798301443283e+04
4.029069693218378234e+04
2.970111397548008244e+04
2.487246717316980357e+04
-1.049328293023384049e+02
3.793455949174065609e+04
1.774559096843393127e+04
1.832399413376618395e+04
1.529001572146977196e+04
9.264352889381329078e+03
1.826599767840682398e+04
4.122608204720660069e+03
2.461845297655834656e+04
2.821890474154195545e+04
3.826236002075150463e+04
3.593701035500983562e+04
4.913918612855208266e+03
1.431180881047712319e+02
3.945682059903989284e+04
6.840293983359531921e+03
3.745279583136813017e+04
2.096288171943018824e+04
3.467197116915720926e+03
3.004069533595342000e+04
2.889829481408240099e+03
3.223741233061011371e+04
5.526126254443399375e+03
3.688610863674261054e+04
7.413280861158786138e+03
2.913808635443961248e+04
5.248937087154803157e+04
1.492210400765226223e+04
1.569296780856346959e+04
7.918138211423312896e+03
5.776016798784559796e+04
4.267519458290363400e+04
7.455942759768438464e+02
1.531121328817008907e+04
1.591764590667600351e+04
4.646220322984443919e+04
9.910152227350086832e+03
2.881240343141747508e+04
9.537664385606465657e+03
1.324230005647534927e+04
6.809685807122345432e+04
2.426085572672517446e+04
1.616303208580650971e+04
1.101468454124738491e+04
3.773902972237507493e+04
1.286892052478675214e+04
2.350203325329276777e+04
9.848667941005831381e+03
-5.519282662969526427e+02
3.793282901885719912e+04
8.791455593538261382e+03
2.470060379676083539e+04
1.672589998447669495e+04
1.932658848067180224e+04
3.241108803262165384e+04
2.084041054569483458e+04
2.721096808001437239e+03
3.931326120181575243e+04
1.363410041218676270e+04
2.965364287584121848e+04
1.730049122762906336e+03
2.285776583806343297e+03
1.344196765613363641e+04
2.261222254653648633e+03
3.730980966240355338e+04
-9.935797619520462831e+01
3.329033448442976805e+04
3.626094777144336695e+04
1.842855616927586743e+04
2.893650992280624905e+03
1.338000740893530201e+04
2.034661480154909077e+04
-4.504857867324666586e+03
2.257856387272483062e+03
-4.487607564252633892e+03
2.627344652257743292e+02
1.833238509218038598e+04
-7.401883180781656847e+03
1.727958895885658421e+04
1.077166725942552330e+04
-1.149263228546260507e+01
-3.893346181984923533e+03
-9.224606247081450420e+03
6.540694731276980747e+03
1.834955886401379757e+04
2.193112114428266432e+04
6.959857779753881914e+03
5.503811182446781459e+03
1.416561377315683421e+04
-1.035650865916506700e+04
1.214489392181958101e+04
1.991358800571692700e+04
7.685299030862851396e+03
-3.906113869684944802e+03
-1.224223606261337864e+03
-3.509518800196634402e+03
6.967875792887765783e+03
-4.868162548641015746e+03
-6.387118036327185109e+03
-6.713226503868976579e+03
-1.470335217240006932e+04
-4.632716830523950193e+03
-7.751975883281356801e+03
-3.023903317314598098e+03
-1.085708485340828520e+04
-1.776642378795590048e+04
2.239368577193505553e+04
2.340326407413946436e+04
-8.544242652355842438e+03
-1.426526058052682492e+04
4.548636470899940832e+03
1.170895547773275393e+04
-5.502048577126712189e+03
-2.959790238823464279e+03
-1.713707578001735965e+04
-5.288785359653287742e+03
-1.061427495080916924e+04
-6.420439071836884068e+03
-1.033711364583616160e+04
1.367536656430422681e+03
-9.215755879914504476e+03
-2.459080857979963548e+04
-2.613545644964256644e+04
-8.425836263487259203e+03
-2.958647558202698201e+04
1.755346113671314015e+04
-4.689287401873298222e+03
-8.725900526104567689e+03
-2.316323645877031959e+04
-6.194139388022087587e+03
-6.929534425583539814e+03
-2.471238607698867418e+04
-8.636176588186121080e+03
5.890357441609724447e+03
1.527679623465195073e+04
-4.011661226068011274e+03
-2.501678731329968286e+04
-2.400351714305093265e+04
6.572454365184130438e+02
-1.795855473067196726e+04
-1.843357283701897541e+04
-2.549767729417103692e+04
-1.102601203127690678e+04
-1.655555347415606957e+04
2.084144098868143556e+04
-2.993432926810556637e+03
5.400828631857511937e+03
-4.620223970722234299e+03
-8.894494444097606902e+03
-3.063906774579018384e+04
-2.874282197962919599e+04
-8.511360909822022222e+03
-2.985660278809037118e+04
-2.571896792160817859e+04
-2.010691079495471786e+04
1.851646894787792553e+04
1.503362319680706787e+04
-2.072531154604837866e+04
8.922234005399481248e+03
4.544645810311040805e+03
-2.627708975212800942e+04
-1.665289991586332326e+04
-1.328491413338433267e+04
-2.624992473583532046e+04
-8.961422146251377853e+03
-2.362160329155086947e+04
-1.325651168712633080e+03
-3.422836426747098449e+04
-2.010294964758862261e+04
-3.021075205884627940e+04
-1.908109191777752130e+04
-3.933099205309971876e+04
-1.602043311436799559e+04
4.429373846530950686e+03
1.057379983064488806e+04
-6.666829889564945915e+03
-1.362816471614415786e+04
-2.037850466208436774e+04
-1.671754818681337201e+04
-2.078483388086111881e+04
-6.506007623767225596e+03
-2.115268826234696462e+04
-1.762440820093244110e+04
-1.663822185572353555e+04
-1.092077041316339819e+04
-2.464772888153466192e+04
-2.596185088430319593e+04
-2.665566483982056525e+04
-1.917870829807782866e+04
-2.569573998033705720e+04
-9.197140725246606962e+03
-2.243323059744220518e+04
-1.569317473067478568e+04
-2.494714975904177481e+04
-1.205060708592303308e+04
-2.994715752729347150e+04
-7.242662287483726686e+03
-9.253158364957535014e+03
-2.627904561385666238e+04
-3.002767486219143393e+04
-3.606346028187078628e+04
-3.364979703737857199e+04
-1.961637652082329805e+04
-3.559373604451351275e+04
-1.209518887389144584e+04
2.091191749591810731e+04
-1.623296177167329733e+04
1.689828647986071883e+04
6.914830291916172428e+03
-2.821481110907265247e+04
-2.568151784856371887e+04
-1.979281355333270767e+04
-4.806596119142041061e+02
-1.528010781948592194e+04
4.400849096490454031e+03
-3.039723114398388861e+04
-3.554309326654226606e+04
-1.596345252107222586e+04
-7.985817374574435235e+03
-2.955615070281636508e+04
-2.816543684084086271e+04
-1.339415135489243039e+04
-1.752335770625978694e+04
-2.313901567683124449e+04
-2.761884152066470051e+04
-1.815498259171747122e+04
-4.324748379384368309e+04
-4.141729715241482336e+04
1.671054021751975961e+04
-3.685396738852555427e+04
-3.836581029185283842e+04
-2.107636301424831981e+04
-3.571322142763583543e+04
-2.238393758320669440e+04
-1.750135902649197669e+04
-3.775569351550556894e+04
1.054509336807957516e+04
-2.107661989478412579e+04
-4.203656409828906908e+04
-1.340096949395241063e+04
-1.454416010833447217e+04
1.091479319308743288e+04
-2.810870718374001444e+04
-3.470998756804893492e+04
-1.945876566473925777e+04
-2.125411957424421416e+04
-3.425997243225573038e+04
-2.733140042002757400e+04
-2.259469247199120946e+04
-3.627502717793999182e+04
-2.447662021219400413e+04
-3.872689625052492920e+04
-2.209039255816242439e+04
-3.458164029123775254e+04
2.558218581671459106e+03
-2.912714647244500884e+04
-4.204173619191625039e+04
-1.196198259318703094e+04
-1.613173152084522371e+04
-3.836804896020521846e+04
-1.461697745299537382e+04
-4.267946156064599199e+04
-2.061372672590825823e+04
-1.968394566033873343e+04
-4.355719243947589712e+04
-1.963691014211422225e+04
1.341984713816714429e+04
-2.137311744129511499e+04
-2.425678406514215749e+04
-1.985567366048277836e+04
-3.663444580787638552e+04
-2.891899139578811446e+04
-1.862082070929780457e+04
1.617416899667761390e+04
-4.988703487077521277e+04
-2.260705228554329369e+04
-1.324011745559327755e+04
-3.764212043364308192e+04
-4.410424747473799653e+04
-3.085929325220783721e+04
-2.599651515296890648e+04
-2.491718760751210721e+04
-3.904492832334940613e+04
-3.895719654258177616e+04
-4.737784279983148735e+04
-1.913279370957036372e+04
-2.137115272841935803e+04
-2.926475089844179456e+04
-4.624487405502553156e+04
-3.974065811456934898e+04
-3.965251773929045885e+04
-6.454955528430756203e+03
-3.312162159631089889e+04
-2.663031767054587544e+04
-4.070401511578308418e+04
-4.274904166767769493e+04
-5.421881175802896905e+04
-3.717391075245053071e+04
-3.216664771825178104e+04
-5.311841384811198805e+04
-2.980058612198680930e+04
-1.506373532962981153e+04
-4.505604820151310560e+04
-3.945557547508417338e+04
-3.682657361034528003e+04
-3.594022526163973089e+04
-8.981971927862745360e+03
-5.388489367737435532e+04
-9.225303735466768558e+03
1.140991635426822904e+04
-2.579251552181688749e+04
-3.948740821475459961e+04
-2.293969877423268917e+04
3.166404821692751284e+04
-4.608320704714838939e+04
-6.205810869135677785e+04
-5.610251667747646570e+04
-3.130017895607822720e+04
-2.736262509477454296e+04
7.070634280114827561e+03
-3.494465990173099271e+04
-4.658397768325308425e+04
-4.224263445787952514e+04
-4.354132811338803003e+04
-3.807953807981282444e+04
-9.949820155038723897e+03
-1.693850516875962785e+04
-3.568359099223603698e+04
-4.347714706087769446e+04
-3.821328713286403217e+04
-4.030358703640844760e+04
-3.663758414309654472e+04
-3.855259290902598150e+04
1.977261851002826006e+03
-3.693051825850385649e+04
-3.264011795584620631e+04
-6.467161299791669080e+03
-1.118691676254077902e+04
-1.314982618359668413e+04
-1.151788175845548903e+04
-2.892312082309220932e+04
-3.275573748873188379e+04
-1.618116597614944112e+04
-1.507906827555565087e+03
8.543628809778907453e+03
-1.992268363224520726e+04
-1.173855408869648454e+04
-1.155981933459353058e+04
1.038535373852613702e+04
-1.446736046586730299e+04
8.384233892642427236e+03
-1.385588987609278229e+04
-2.536015014357852124e+04
4.914978857137999512e+03
7.049457838422712484e+03
-6.225159034826188872e+03
-1.647818806461157874e+04
-9.798046018473589356e+03
-4.489190847517420480e+02
-1.593131933779859173e+04
-5.658533685938506096e+03
-1.223538088255286493e+04
8.122899437960982141e+02
-3.882018614575670654e+03
-1.349318487782181182e+04
1.510623545395352994e+04
3.196929783821923047e+04
-1.114060003140572735e+04
1.065537267027902999e+03
6.241952361051782646e+03
-7.296743230868753017e+03
8.143949477015778029e+03
-1.230469051415598915e+04
5.465731088137511688e+04
-8.876688166896074108e+03
8.779382991958116691e+03
1.914693905360800272e+04
-1.628623017979438555e+04
3.488551335948855558e+04
2.369564821079646572e+04
7.996217631227138554e+03
1.228395959723523265e+04
-6.536218412645806893e+03
9.154216386011205032e+03
1.413987906642882081e+04
8.767666070614886848e+03
1.936563144230181024e+03
2.768811757780152402e+04
-4.489943914182869776e+03
-1.656058710012076517e+03
5.089013578785904247e+04
-4.474072438873190549e+01
4.046576613534882199e+04
2.024552122961535861e+04
1.812771649849817913e+04
2.138349455214968839e+04
2.430844964078167322e+03
8.340197918970716273e+02
1.431739644482003132e+04
1.517624348779828779e+03
-6.227235527814187662e+03
2.025803343860500172e+04
1.652383934483318444e+04
1.673673602363096870e+04
2.680976449424770180e+04
1.323975734606963306e+04
7.595626171070778582e+03
8.008804418742497546e+02
5.991682476473339193e+04
1.469662957603368341e+04
5.870720317582085954e+03
4.015536104431081185e+04
1.957009897288137654e+04
2.454791705512345288e+04
4.275206224210690561e+04
4.189954238849173271e+04
2.325097551398089854e+04
2.907741046966753129e+04
1.268621356370928152e+04
5.397801860801485418e+03
2.328443338528559980e+04
6.417560548521406599e+04
3.073086750629093876e+04
1.729456797016096607e+04
3.942573831024107494e+04
6.530449624924911768e+04
1.779715939515160790e+04
7.728442925874383036e+03
1.784069567401924724e+04
4.639517767748721235e+04
1.419389645575465693e+04
1.193572394162459568e+04
1.520080326891704863e+04
2.571718499626184348e+04
2.615706909334451484e+04
1.775786316534155412e+04
3.635754005227868038e+04
2.437227465455365018e+04
1.225349502455503716e+04
1.487266057668993381e+04
6.005445093357122460e+03
1.934760170911614478e+04
9.512819072599662832e+03
8.432924583683552555e+03
2.733103492064897000e+04
2.955686344066066522e+04
4.944726304766265093e+04
1.685338832219991309e+04
4.985855611957407382e+04
2.954865760403984314e+04
7.495935955696683959e+04
1.906470523637558654e+04
1.970839716505383694e+04
8.808575630531811839e+03
2.737406610433613605e+04
3.278228126455911843e+04
1.776745675671198842e+04
3.411389601212228445e+04
2.092432831665521735e+04
2.868757998377360855e+04
2.163236188523589954e+04
1.948199312319729142e+04
1.619881683221206004e+04
1.398995233229558471e+04
2.356680430206548408e+04
8.653373142557244137e+03
2.649163442886089251e+04
7.143794872286089230e+04
3.094735126888156810e+04
4.403983343510658597e+04
1.750628383367474453e+04
1.586230328833634121e+04
2.934816876375795982e+04
1.840415103313849249e+04
3.233962389414556674e+04
3.186654991902190523e+04
4.563948666702132323e+04
6.134516295600315789e+04
6.104919098622101592e+04
4.692199142279450825e+03
9.433814848311452806e+03
3.049714056003598671e+04
2.841381667899514287e+04
1.900010838285868522e+04
2.646544281674434751e+04
2.045478615398126567e+04
2.255015035745449495e+04
1.084856127938263307e+04
1.505068401411508967e+04
3.836368174326102599e+04
3.990150354711551336e+04
5.879068276330399385e+04
1.019697734077991481e+04
1.636036313952909768e+04
1.208602908651827966e+04
8.492335833906632615e+03
4.677441504744319536e+04
7.740456760614739324e+03
8.785362492630702036e+03
1.705911650648155046e+04
6.097165205812783825e+03
5.660510954788384697e+04
4.434579424959967582e+04
5.475037180901847751e+04
1.647426445533571678e+04
2.661789091170024221e+03
1.673001154554939785e+04
4.672187329358430361e+03
3.796066026202826470e+04
2.553869197372586495e+04
1.190768738492479679e+04
3.096506962403830039e+04
4.640740185961504176e+04
4.218848662573704496e+04
2.534861955590829893e+04
1.168450910458201361e+04
1.081426235521236049e+04
1.085514476395657584e+04
5.950576748445291742e+03
1.870616442868137528e+04
8.370372906080470784e+03
2.609565793954981928e+04
5.120499730924786127e+04
2.802771929726885719e+04
8.810597258958730890e+03
2.036117902442526247e+04
2.994372429881153948e+04
3.932038991046382307e+03
1.420006622954210616e+04
2.035224695376924501e+04
4.378935745017220324e+04
1.628708630599627031e+04
2.738722595759780233e+04
1.398808418036741023e+04
4.790244914420058194e+04
2.924181427208452442e+04
1.793418576907274473e+04
2.779141158607376383e+03
1.577507510449738584e+04
3.208345612318396161e+04
1.376920055596204838e+04
1.328510736945561803e+04
1.072385339987199404e+04
3.241824963796379234e+04
1.567301683852792485e+04
1.891211484748409566e+04
2.279656367891500850e+04
3.894578640518188331e+04
5.569596411582142900e+04
1.720310505526319685e+04
2.242161398785485289e+04
1.242367423311372113e+04
2.221727223092734494e+04
2.417005135659352891e+04
2.401141554641618495e+04
1.999741875456363778e+04
2.679357377168143285e+04
3.229629796391071977e+03
1.400663657629837508e+04
2.786664390638702753e+04
4.731888976864654978e+04
1.427876941712832559e+04
2.315349254773744906e+04
1.179841302105351497e+04
2.317568668832212279e+04
1.172687245754130345e+04
2.061588264159299433e+04
8.376724790656817277e+03
1.380283536325430032e+04
6.605751250900101149e+04
3.523597705415201926e+04
3.376979419273390522e+04
2.892536488495059166e+04
3.422060033046075841e+04
6.906779912156289356e+03
2.294751719152490477e+04
4.248462146624524757e+04
3.831841399742520298e+04
6.713579704115842105e+03
1.597710662535852680e+04
1.124587177671389509e+04
3.297631688511902757e+04
1.086403928768124752e+04
2.080804251750432013e+04
1.720537273369822287e+04
1.520498057786115533e+04
1.435127185906116574e+04
1.905641609579918440e+04
2.057486489678108774e+04
8.558731420337713644e+03
6.800723900047098869e+04
3.022450472027532669e+04
1.692359267866464143e+04
1.601304152050763150e+04
3.090174386022515318e+04
2.973816826015491097e+04
8.916545551449142295e+03
8.773572476124449167e+03
8.074084798682871224e+03
2.174655053788386431e+04
3.133280388060599580e+04
3.163611436103889719e+04
1.058064749801979451e+04
1.189278048013391890e+04
2.065087329570095972e+04
3.743368428812622005e+04
3.007172753156085946e+03
1.131222676379953919e+04
9.395104290510878855e+03
4.227003045299316000e+03
2.076055391266185325e+04
3.861148590925824010e+03
6.852864978723217973e+03
3.578653249082643015e+04
4.818022265925019383e+03
4.955204565704704146e+04
2.528294562319507531e+04
1.936411928343336331e+04
5.534832434073567129e+03
7.386856550150498151e+03
2.849844079826675807e+04
1.921976373723744837e+04
1.850418128457124840e+04
3.448259580314555933e+04
1.052050338896170979e+04
4.239084891768787929e+04
8.285034961277960974e+03
1.603412625492987354e+04
2.880441596169928380e+04
1.244173256447814492e+04
2.748288607271121873e+04
3.557610871185173164e+04
1.999952366833111955e+04
3.535981348451199301e+04
2.135494257496005957e+04
2.564008214160384523e+04
1.850733933760545915e+04
1.862397440733608892e+04
1.704141208481835929e+04
1.368215188049479366e+04
2.049744568359959521e+04
1.853653971937670212e+04
1.148064919335793275e+04
1.988521992255358418e+04
2.411048787782935688e+04
1.321054123586654532e+04
2.351483637045499199e+04
2.611270120215078714e+04
1.889908371773828912e+04
4.982507403052790323e+04
5.608500271579723631e+04
4.543679454761862871e+04
3.114448803722201774e+04
1.794767282321240054e+04
1.956855674819275373e+04
3.684758606110538676e+04
7.143200270579805874e+03
2.986873898722903687e+04
7.315298541925752943e+03
3.785773618758256816e+03
3.277061242783431953e+04
2.109440292958433565e+04
1.072790586438059654e+04
3.497770232780974766e+04
1.923955879321552493e+04
5.938569156955388462e+04
4.204420722326557006e+04
2.765592664885077102e+04
4.214838918950737934e+03
3.717278060188515519e+04
2.902190621977734190e+04
3.301189027414374141e+04
1.123016767493007683e+04
3.410240875849542499e+04
2.284199369252961333e+04
3.117840962142140779e+04
2.392682557075176010e+04
9.219504928226244374e+03
8.432603124547455081e+03
9.992374289360182956e+03
7.905305435555554141e+03
2.721325558798892598e+04
2.185546862948844500e+04
7.482777593197077294e+03
1.494953471062598328e+04
2.363432677581047028e+04
5.212396853258569899e+04
4.441780834530774155e+04
2.018974515524687013e+04
3.232005329198002437e+04
2.817871244154764281e+04
2.851442033636541237e+04
2.449334463884984143e+04
2.417007055216555455e+04
1.944807469296165073e+04
3.847915924428377912e+04
3.349505515425896738e+04
3.267151876837189775e+04
4.360978750907426002e+04
4.001221627056683792e+04
2.561887391455649777e+03
2.110989925075793872e+04
1.147723567147954236e+04
3.647933500029961579e+04
2.924063202305306913e+04
7.112631047265279449e+03
2.141699217940702511e+04
7.568489513318074387e+03
7.500627260362636662e+03
3.968035195186169585e+04
1.820091420269086666e+04
6.203834723829071299e+04
2.967433497420600906e+04
2.161473379188721083e+04
1.298930836710694530e+04
2.307588143296201451e+04
3.953917620744538726e+04
2.588697003548649081e+04
2.011641210583665452e+04
2.173290245038755529e+04
3.397650427646759636e+04
2.973347997586690326e+04
5.721753024776097300e+04
2.780229994919647652e+04
2.175550481224646137e+04
2.685578212787260418e+04
1.869586849409346178e+04
2.802872575231764131e+04
1.624235921111901916e+04
2.437857830274789740e+04
8.400150352578682941e+03
3.345748808371994528e+04
1.242377570376836229e+04
2.613458576269871992e+04
1.374856701825919845e+04
6.828687651869896217e+04
2.015810265297469232e+04
7.128454200867638974e+03
5.880053874963842100e+04
1.803078785948291625e+04
4.999817502812348539e+04
1.130675927055353532e+04
1.579671401566496206e+04
2.258574768699924607e+04
1.455312725835532910e+04
1.551869764685504833e+03
1.575099672982017364e+04
9.880294009362944053e+03
1.276419480152942015e+04
1.361109955940031796e+04
2.415076515195077081e+04
5.997156058321791352e+04
4.003765152355008468e+04
6.032630720779104740e+04
5.156355926069457928e+04
2.732503525940382315e+04
3.564943482486693392e+04
1.361572832997014666e+04
2.780804156930442332e+04
6.845556540728452092e+03
1.754153828570594851e+04
4.838601713719959662e+04
4.467709739706446999e+04
1.316728342027230610e+04
2.462336948091832528e+04
7.282034651302523343e+03
1.682223999787665889e+04
2.931341518242175880e+03
1.564468791018361844e+04
1.295325789093255844e+04
4.316412809633233701e+04
1.088810395778569364e+04
1.561936491709723123e+04
2.109746788747137180e+04
2.151135021041643631e+04
2.535051285543366976e+04
4.543039755140979833e+04
1.772078953427536180e+04
3.838228112705214880e+04
1.690504076319998057e+04
2.222023406112659723e+04
1.769879649699961737e+04
2.911213252344215289e+04
2.119038655652787202e+04
1.301377911186243182e+04
2.359682453410614835e+04
3.620107084124081302e+04
1.830939852105869795e+04
2.659330825183102206e+04
4.784340702269179747e+04
3.654745685713776766e+04
3.079937111915526475e+04
2.542287423374578793e+04
4.446127404579731228e+04
3.258411292180041710e+04
