-1.396000000000000000e+03
-1.909851859642375302e+03
1.332664582879674708e+04
2.897001472581525832e+03
-1.003840820715973905e+02
4.589658161923075568e+03
6.329384993924320497e+02
4.238328050142607935e+03
1.295098986507679001e+04
1.072800174237749161e+04
5.104885646881408320e+03
3.483596540254466163e+03
2.802856530400650809e+04
7.898642528191790916e+03
1.343195392131841800e+04
2.772629687380840551e+04
3.987981860158914060e+03
2.002976775872630606e+04
4.427091987725227227e+03
8.518794626487422647e+03
4.387594941136450871e+03
8.701952101405283884e+02
7.573915959603484225e+03
2.852944113847476274e+03
2.777878586788876873e+03
4.611292189635923933e+03
1.279132421704775516e+04
6.062056885605230491e+03
6.681699650160739111e+03
4.256990426749993276e+03
2.520078594321835408e+04
3.281096194967655174e+04
7.154439617571339113e+03
1.033273583155813640e+03
8.253298595832050069e+02
1.680332503852921218e+04
2.014472611121564114e+04
2.742257343316726292e+03
8.741924687256409015e+03
1.852050177917495603e+03
7.522216756572839586e+03
-7.557155684481281241e+02
1.950650893131783960e+03
3.349129173050620011e+03
1.813898360749126732e+04
4.579035938282269854e+03
9.846736746419988776e+03
1.633280230249412489e+04
4.970840229629421083e+04
3.433567961150220981e+03
8.476726407749854843e+03
7.672581284902598782e+03
9.218858789617517004e+02
2.808188232983496709e+04
-2.824774368042379820e+02
6.820809310124588592e+03
3.700161467816857908e+02
1.824571541328721287e+04
2.179910500126754050e+04
9.415325452223709362e+03
3.010931639915853339e+03
4.071352225347146941e+03
2.633399574200267125e+03
1.041018064079599935e+04
1.193275183880490295e+04
1.103852405887327222e+04
9.647020971063870093e+03
5.201015251809197252e+03
1.456319427479253864e+04
1.293629888390106680e+04
5.356313703732528666e+03
1.642560438064057234e+04
2.451566381995127813e+03
6.089579159774510117e+03
7.690737063796751499e+03
2.870445345344209727e+03
2.464150365396840243e+03
1.087927088893055952e+04
2.371108133226357950e+03
4.095168788987882181e+03
1.190649203612520978e+03
1.987689467431382218e+04
1.236688136414672772e+04
1.161888447608805473e+04
1.778892404967595212e+04
5.208420928213494335e+03
1.092120872003284057e+04
4.068091322716233208e+03
3.614614463362932383e+03
2.908728836137771395e+03
1.518431904226729057e+04
4.234932382234882425e+03
2.593840269738592906e+04
3.882382001173988101e+03
3.745579132249821669e+03
3.897053424600954258e+03
7.669617445038938968e+03
-9.331872983633030572e+02
1.326680934207918835e+04
1.420421295921961701e+03
1.325135125389438508e+04
1.611476936595604275e+04
6.933991394520910035e+03
1.564036339223391769e+04
1.411734389489037312e+04
2.930372813493497961e+04
5.292981216957299694e+03
1.910628477311104871e+04
5.914412278304165511e+02
1.075282755963803538e+04
5.193254267720242751e+03
2.362476569465360080e+04
7.169459217533631090e+03
2.618562928137886956e+03
2.364783412530860460e+03
1.714442173969400756e+04
1.335623582853744301e+04
2.092090173228574713e+04
6.506997780010245151e+03
4.363866895005211518e+03
2.311623284291337040e+04
2.000124884794571472e+03
1.079051756089585797e+04
3.507509362479522679e+04
1.434188406270555060e+04
7.877555221230683856e+03
4.454238281244381142e+03
1.544254815206034800e+04
1.203002273053351018e+04
3.797523285268754535e+03
8.874645665058689701e+03
1.904929501812357557e+04
2.854858854489406440e+03
1.075924409408234897e+04
4.158481391894819353e+03
1.145462193792477592e+04
9.792755436421222839e+03
1.042626188746423850e+03
3.144017831087842296e+03
1.970543753283562182e+03
2.509026211089402932e+04
5.122581032375750510e+03
3.896284833878012250e+03
1.099693182173709602e+03
4.380454856688377731e+03
1.559599068341651400e+04
2.923336671245784237e+04
2.685194430433166781e+04
1.351538558896390350e+04
1.266925447539735615e+04
2.392799010071631710e+04
1.361789238519304126e+04
3.166115545216409737e+04
1.285842612899837695e+04
1.756216010628691038e+01
1.948361645388629040e+04
5.693027654342356072e+03
5.231357002038267638e+03
1.846814178126191473e+04
3.872872761695372901e+03
9.735414559725812069e+03
2.213993850843799009e+04
5.497327423737040590e+03
2.701634122236916664e+04
3.980697487738616474e+04
8.263214914383346695e+03
1.817163909748282094e+04
1.743710624467067873e+03
8.309880249979441942e+03
1.315386940246065933e+04
7.352627418613813461e+03
-1.155980333219442855e+03
1.541747267082998223e+04
5.469691717343627715e+03
2.817307226738883401e+03
1.769807708663301673e+04
5.365439891325982899e+03
2.133040472506034348e+03
2.678289309161792335e+04
8.717950815961081389e+03
6.007180598405838282e+03
1.508917381497871975e+04
2.333008264499049801e+03
1.016935006358747341e+04
1.827758019147202140e+04
1.526272921669620337e+04
7.748108575373817985e+03
7.734712522697494023e+03
4.495125971444706920e+03
1.200314910289924228e+03
2.766435144148453219e+03
4.562279919124269509e+04
3.550694146018164611e+04
3.652205688606425610e+03
3.065811694335150605e+03
1.928024976128263370e+04
8.511442442143035805e+03
1.526958166817058100e+03
5.579338613614007772e+04
1.305760875895830395e+04
4.927346778312273273e+03
3.252375818452708700e+03
6.292492422899621488e+03
5.409081183821723243e+03
1.626359106961426278e+03
3.301902066539533735e+03
-6.557255978296406056e+02
2.591288909931094531e+04
1.290068323297440202e+03
4.707738732967427495e+02
4.555223408829419895e+03
2.193312128995444255e+03
1.114838525835475593e+04
9.246670637856801477e+03
3.164540964688188069e+03
5.699440889437802070e+03
1.889949489026978699e+04
7.029938737607324583e+03
3.825922335499592009e+03
1.692997083951789818e+03
1.639117640773882886e+04
1.001199434635272519e+04
2.363202950098821748e+04
-3.137243282601876217e+03
6.026129488337285238e+02
1.855157661153673644e+03
2.732070692987270013e+04
7.827876763485541005e+02
2.342739983482558273e+03
8.687459399841914092e+02
6.006139470762424025e+03
6.279710870842245640e+03
3.359621177914680629e+03
1.090709612730073422e+04
2.870609451213845205e+03
3.707732945129739528e+04
3.294353351160949387e+04
4.115226231034311240e+03
2.419162167673432577e+03
1.843416769767088226e+03
2.288961451997973199e+04
1.366099027806394588e+04
6.526814710905553511e+03
1.769826955967691538e+04
1.789006255047996819e+04
5.349725353137848288e+03
5.674354692770901238e+03
2.150287119112593427e+04
1.387396743533857443e+04
2.572425657089151628e+03
1.463325631045153204e+04
1.245139700636734779e+04
1.142870127798649264e+04
1.524734280953488269e+04
6.539013907302884945e+03
5.686898017309428724e+03
9.758014006303255883e+03
8.937015516331504841e+03
7.221300635390081879e+03
5.581242462857671853e+03
2.911907446911725128e+04
1.025109014076085077e+04
3.805705691360513356e+03
6.561945593175975773e+03
1.233544245319347829e+04
9.294381326910935968e+03
1.713147094131747508e+03
1.565487004346374988e+03
1.206773957191392765e+04
6.676146788848924916e+04
1.082616869857880920e+04
5.886147887794651069e+03
7.712001498087985055e+03
1.018837501297816380e+04
1.032095474468624616e+03
-2.128501471161082463e+03
-1.756887749760639053e+03
1.902233706488887765e+04
1.928318764472690964e+04
2.880515208274574888e+03
-1.266435111581914157e+02
1.040241366035452984e+03
1.271263117632000831e+04
1.665178039541765247e+04
1.066206391904062912e+03
1.026511430126492087e+03
1.946850764471913135e+04
4.249784386048693705e+03
1.985159869853975124e+03
1.811540875806118265e+03
1.054538518353302970e+04
1.139205340976742082e+04
1.353491526560544116e+04
9.042798988263377396e+03
1.859111790155441849e+04
1.625805663988590197e+02
1.464314767652235787e+04
4.394379661616967496e+03
2.454263458862326661e+04
9.662968162956889500e+03
1.159304363063516939e+04
5.671302385177201359e+03
1.609143799651840709e+04
1.853791022974242514e+04
2.550868402855720342e+04
1.219282541188651703e+04
1.638869592392317372e+03
1.449038537018182978e+04
8.649276615647304425e+03
4.371624146795523120e+04
-2.030015720653283779e+03
2.063015330185098719e+03
5.072141078811494026e+02
3.314517817063489019e+03
6.104713126887674662e+03
7.786553658050015656e+03
2.243941040792774220e+04
1.874161621329312766e+04
9.749020754095488883e+03
1.290983823880728960e+04
8.672232381302161230e+03
5.184713936297338478e+03
-1.572268498217016486e+03
-1.267757267479949633e+03
1.372065711102683508e+03
6.681075794827167556e+03
7.161070748476991866e+03
9.587518782754836138e+03
1.755261623440473340e+04
5.056631661760588031e+03
1.154815962447445418e+04
7.392133394801305258e+03
3.780633437172831327e+04
8.725230538985973908e+03
2.034959329291593895e+04
3.236192885933658090e+03
2.761333115433984858e+04
2.135689119148028476e+04
-1.526875458926055671e+03
6.977237844778796898e+03
8.121723688278347254e+03
2.060021486192612429e+03
1.263756448584600912e+04
4.260535704687438738e+03
7.523390270877316652e+03
9.434383760041248024e+03
4.470261715810896931e+03
1.589080778040803852e+04
1.900310897799175291e+04
6.637707465284021964e+03
1.055995807012812111e+04
1.111143935300506655e+03
4.830453456645976985e+03
5.675851682461311611e+03
1.176791989521808500e+04
1.453283791257989833e+03
-2.650906835014677199e+03
1.403178673551614520e+04
2.340643315459594669e+04
-1.108832516135227706e+03
3.402059878176104121e+03
4.242034635092758435e+03
1.495133009512307945e+04
-1.403846925437695290e+03
1.351560072342273997e+04
2.422344741528579561e+03
2.983321306930395167e+03
2.986463138926952070e+03
2.144953405607024615e+04
1.072704826426316504e+04
2.035499791069855564e+04
8.701750601989053393e+03
2.500908735841766611e+04
3.457070445780634145e+03
2.997698624345769349e+04
1.296822191451368235e+04
3.597642745357014792e+04
6.621954899020663106e+03
2.388584637618673696e+03
5.152933519911539406e+03
3.238459664568532389e+04
6.043221286358125326e+02
5.931965031263525816e+03
2.087525999038567534e+03
7.097441273154907321e+03
4.546113040049987467e+04
3.372039730182818857e+03
1.754244524304971719e+03
3.254293577120929967e+03
2.495715215860080934e+04
1.461408306124859155e+04
1.214427364191902598e+04
1.034281121314514166e+04
9.015394850039891026e+03
5.288030962691420882e+02
1.290242753702015398e+04
6.410612688000848721e+03
6.494344636946301762e+03
2.541978718131166261e+03
2.663428249029684957e+04
6.805385239080891552e+03
4.364469434513830493e+03
5.052292436448290573e+03
8.759697483433708840e+03
1.109311626919369337e+04
1.495997666571601621e+04
1.060433024419777394e+04
1.403555335275290417e+04
8.211402643366638586e+03
2.080121560250527182e+04
5.529059023954308941e+03
2.331694682314454258e+04
2.973835022592846144e+03
3.430268393656504941e+03
8.926397227469929931e+03
7.289462569731087569e+03
1.626552670191205834e+03
2.186317581968174181e+03
1.279167586818524433e+04
7.067993252726738319e+03
3.922392052431644515e+03
8.658938211907738150e+03
3.048239474033983788e+04
5.934135958150077386e+02
1.569720676298894796e+04
4.686253695921595863e+03
4.981697792979993210e+03
1.729622370819725984e+04
9.789227064222061017e+03
1.245416188899398730e+04
1.722465503957786859e+04
1.245622330060113018e+04
1.844673930051925254e+03
8.789935648755359580e+03
1.427980563408276976e+04
2.074241644214271946e+04
3.016763857779689715e+03
5.031493661762075135e+03
1.041632207262686097e+04
7.136388629371645948e+03
1.100497759893071270e+04
-1.684981640820965822e+03
5.812782208588381764e+03
-9.858107369817314520e+02
1.377126261349222113e+04
1.857254047096546128e+04
9.561521831997830304e+03
1.017076254388058078e+04
-4.694279196872817010e+02
3.025176239153588995e+03
1.947250557101148388e+03
4.997542815148350928e+04
1.391702055195233879e+04
1.550832288504131611e+04
4.856230928480447915e+02
1.558572590891801519e+04
1.438195260544048324e+04
4.857579924336527256e+03
2.212183191632534363e+04
7.572885810839119586e+03
1.310331916193157303e+04
4.749360617610083864e+03
1.335521851893306120e+03
1.122648264382211892e+04
1.328982617535815007e+04
-9.954278941495717845e+02
1.594369744554067802e+04
4.346830986443256734e+03
3.088306371207031589e+03
7.402288812555040749e+03
1.052658664094460983e+04
1.781737030452935869e+04
1.486250920371018583e+04
8.005106892720554242e+03
1.116619371871713520e+04
3.618172132052151937e+03
1.884434863262555155e+04
2.994822405878590143e+04
4.445367244613416005e+03
4.112942678391456866e+04
1.727527572496154244e+04
-7.036902171771221219e+02
1.632129746568617702e+04
9.299902743004446165e+03
4.063243743240225740e+04
1.600051778886570901e+03
5.852156653833111477e+02
1.372837037139753738e+04
6.396263384132969804e+03
1.648971871995311631e+03
7.553777385920832785e+03
5.497468500257848063e+03
8.398876670293824645e+03
1.008509189196767875e+04
1.564428748236767433e+03
4.317948021119050281e+03
5.638745127857048828e+03
2.331664956825884656e+04
6.428678969237245838e+03
7.238644696401275723e+03
8.372897911491470950e+03
5.331726727533250596e+02
2.652693972683073298e+04
2.166709452000719466e+04
8.892608185324463193e+03
3.084555715517056160e+04
8.135365899697959321e+03
1.127640235663263957e+04
1.660648574545657175e+04
8.532245983666953180e+03
3.010970333639508681e+03
1.304017361966267163e+04
-8.898295367039606845e+02
1.938366766943834227e+04
1.036162458185387004e+04
1.149832288178629096e+04
2.301972434131904811e+04
-1.365878108020193622e+02
4.726676733662496190e+03
1.883127538519149311e+04
6.098417201274788795e+02
1.464869942122662178e+04
5.586571380506267815e+03
1.008099906927924167e+04
6.770917994397856091e+03
1.205509002803211297e+04
5.847407510134436052e+03
3.734761460025990800e+02
8.932098076733038397e+03
4.305338389061391354e+04
8.920725882450176869e+03
6.563686416385676239e+02
1.224737279231550383e+04
6.644527735588695577e+03
1.119533719696422168e+03
1.663432136228517993e+04
4.277091471535524761e+03
1.587647511741580092e+04
2.344592052029473507e+03
1.426212879162683384e+04
2.244556132778488973e+03
1.202546365590047571e+04
4.281029880316589697e+03
4.406769905591274437e+03
9.260738803901185747e+02
1.228146307757758404e+04
5.746457102832798228e+03
-5.231553265873087639e+02
1.228678634047235209e+04
3.928764665678066194e+03
2.605978685536800185e+04
3.488773893125342966e+03
1.074917026051475659e+03
4.787286979562598390e+03
2.669532920480358371e+03
6.305845623410895314e+03
5.318294837098195785e+03
4.889965338519984471e+03
8.311375508660716150e+03
1.738484852339321606e+03
2.532883467187513452e+04
1.208129614553113970e+04
2.002698817916303960e+04
7.453743690334003986e+02
2.036649096693099636e+03
8.026381755749171134e+03
3.002945514528993954e+04
3.283925235694232106e+04
4.016682479620300001e+04
1.655111264050900718e+04
6.449126685901488599e+03
-5.842730899851351296e+02
7.235423376470396761e+03
1.944254349462942628e+03
1.614140602615474199e+04
1.111147348842076644e+04
4.353504102960040655e+03
9.949515639434997865e+03
6.595496466375777345e+03
4.965270840741638676e+04
6.195536862215873043e+03
1.718929865731619793e+04
1.367439102503505637e+04
4.007922810446289532e+03
3.444011843869554286e+04
3.053441338791378257e+03
1.735957346170765231e+04
4.246071959865825193e+03
3.870702780317096767e+03
2.454540389535019585e+03
1.732293703372785603e+04
4.486711248058408273e+03
2.489492009699062692e+03
1.829448044251836109e+04
7.329195310430774043e+03
9.442258624347725345e+03
1.324679129659012688e+04
8.033014335743269839e+03
1.132412248860150430e+04
7.383258722777300136e+03
1.012645797659031086e+04
1.569389316340363621e+04
1.458269541485756235e+04
5.099011734450530639e+03
4.514414829888897657e+03
4.529800053577498147e+03
9.120177305035584141e+03
1.621415579924498161e+04
3.488058286277134812e+01
1.254477181226654011e+03
1.765536030437555382e+04
6.134627286724376972e+03
6.819801989609430166e+03
1.022520810818302198e+04
1.065062841991545793e+04
2.585272173930346980e+04
1.106066877069489237e+03
6.397099114111355448e+03
1.303811774776926723e+04
3.165076138656747844e+02
3.260751389169869071e+03
4.812643542015312050e+03
3.645472756473666323e+03
8.087639807728425694e+03
-1.229543486485225685e+02
1.263675469899516611e+04
2.111724732142311041e+03
2.411160950079800386e+04
1.386680803764993288e+04
-7.034361043757213565e+02
1.833950028772859514e+04
5.195193670036785079e+03
2.682283630531429480e+03
1.066207418095984394e+03
1.306850050387035481e+04
1.329099003804705353e+04
7.037181238423739160e+03
1.606345083022210474e+03
6.824740996728580285e+03
2.586872202705118616e+04
3.181551302076883985e+03
6.377300069945858013e+03
6.054778922906420121e+03
9.673961362951033152e+03
2.485098625007332885e+03
3.379480054102477152e+04
1.085847193937740121e+04
4.932801017973075432e+03
7.013901554796480923e+03
6.492333900935484962e+03
9.436154733251243670e+03
2.688533280484993884e+04
5.053329812107022008e+02
1.886896118068720853e+03
1.073739696401227775e+04
8.063175532196717541e+03
7.180775915331681972e+03
9.660347278263827320e+03
6.744012312295846641e+03
2.629587741907996588e+03
2.171754106027225498e+04
1.164493510283486285e+04
4.923035182554036510e+03
1.218310070136813374e+04
8.043367141004591758e+03
9.058981408047566219e+02
1.198753327746970172e+04
9.603376572711527842e+03
4.730404303046637324e+03
1.185981822902610111e+04
7.038307234638380578e+03
1.238271909279097417e+04
1.119337641322200625e+03
4.474214492664995305e+03
2.318614068923396553e+04
1.036528536861271050e+03
2.281935101904130534e+03
1.506763127775917565e+04
1.201759184120378268e+04
2.376217269953001050e+03
8.156737405689562365e+03
8.824127186915906350e+03
1.890604074156480783e+04
1.715403188901629619e+04
1.953568896744516678e+03
6.343041331494366204e+03
1.654334647026804305e+04
1.585034783510183843e+03
7.034464170046700019e+03
2.452401852031049566e+04
1.270983256181847901e+04
4.148475637673057463e+03
7.145089710870428462e+03
6.678591030226227304e+03
3.111577738968747872e+04
4.661172338473245873e+03
1.141596430993457398e+04
1.449870392804817311e+04
2.096880572310636126e+04
6.039426688778081370e+03
5.043407692851164029e+03
3.104757951715401759e+03
1.271234248687535000e+04
1.437445822400153702e+03
1.777123042375774094e+04
1.144802584434550590e+04
1.626833472995411103e+04
6.051192018455668403e+03
5.260634592760878832e+02
2.501216168492393081e+03
-7.526211476350512157e+02
9.992148341245056145e+03
1.823663103341601186e+02
-1.383390788741881806e+03
1.214882982238367367e+04
1.480596679259310258e+04
3.525619327579904166e+03
4.554263257536282617e+04
2.376713665960129674e+03
4.902244225500479843e+03
1.449614365167874439e+03
7.360654327937507333e+03
1.980372848541940402e+04
1.337217745104639562e+03
1.579870783803669156e+03
1.162415833761628892e+04
7.556979586611473678e+03
9.849567679895657420e+03
1.852456559326950810e+04
1.447696120056184373e+04
1.439157213359906791e+03
2.860096655941090285e+04
7.040372119796933475e+03
1.403617432685502172e+04
7.445321891652911290e+03
2.106981614302287198e+04
7.118272459857900685e+03
6.228660022019980715e+03
2.675511515147162572e+04
8.983897495167802845e+03
4.154932858159725583e+03
6.020015977988505256e+03
2.167345080536590103e+03
1.030495532723508768e+04
3.155064968113321083e+04
1.218309238191057602e+03
1.937554702363218530e+04
2.288254097829527018e+04
1.900980275931038341e+04
3.394415386274863522e+03
2.220656845253056963e+04
1.219924222033728620e+04
2.246925768434546626e+03
1.078975261296178178e+04
8.977928462412190129e+03
6.145806204881048416e+02
9.728464656736305187e+03
2.141132580392738964e+04
2.029841187335073846e+04
4.026005718375684955e+04
-1.564980895916893587e+03
1.286717786626746147e+03
4.783920156233692978e+03
1.380673178695078241e+04
1.632145940164054082e+04
3.501210036674714502e+03
1.357504227788174467e+04
1.469997277873395615e+04
1.005896916635199705e+04
5.566609539575488270e+03
8.202375147537220982e+03
2.559897089722393048e+03
1.386673930750202271e+04
3.027156212547737960e+04
2.206379524848854635e+04
4.906288326190032194e+02
1.511522503008416606e+04
1.253426655776031293e+04
1.253174335183512085e+04
2.224910497203703017e+03
1.499330903889944466e+03
1.991407534495604341e+04
1.080781702994116495e+04
2.821159953086114183e+04
3.133284118849570586e+04
2.305390934590193501e+04
-7.651694731002990011e+02
2.245770538775103887e+03
3.413871413578256124e+03
1.147793252562794260e+04
1.981562397471249278e+04
1.201305910007040075e+04
1.336594260067557116e+04
2.398404300192276423e+04
5.396343902449574671e+03
5.477161853013228210e+03
1.407798977490158723e+04
1.234757571605949852e+04
4.097338834611033963e+04
2.300350459781332120e+03
2.796226766204058549e+03
6.694500799476824795e+03
4.390551326481336582e+04
3.684167893361352981e+03
6.838787100174683928e+02
6.617122025086319809e+03
1.097834642127521147e+04
1.136879583551535688e+04
1.467738780945379585e+04
1.546714658886511461e+04
9.244065575258355238e+03
1.700410366735693606e+04
6.505360036097246848e+03
1.820511625202810683e+04
2.945357839948299443e+03
-4.262105884089556866e+02
4.986902331098102877e+03
1.385345163449756183e+04
2.472102786688413471e+04
3.252282910355448621e+03
1.736824477298219063e+04
9.604681541263510098e+02
1.597495389722614527e+04
1.216863981531758145e+04
1.350326878961962029e+04
6.980162035375354208e+03
2.587679718081030296e+04
1.941105166021524838e+03
4.036598457420894647e+03
1.240553451770445827e+04
5.611301132087423866e+03
1.195441476381514076e+04
2.815135577859718524e+03
4.771257847643755667e+04
3.912891560435652536e+03
1.603813469712556252e+04
1.003625858014708137e+04
1.012782857261865865e+04
5.665374712063672632e+03
2.536062881367121736e+04
1.045932628507559457e+04
4.245805825504977292e+03
-4.672153306626016729e+02
6.449147026799448213e+03
4.586991084735293953e+03
2.793765853838148814e+03
1.467318437292253475e+04
4.947204251080126596e+03
4.409784003511722403e+03
2.213338801998964755e+03
6.370180188326026837e+03
4.397344309189395972e+03
1.104885049536645283e+03
1.785852891289429681e+04
2.467676526431898310e+04
7.034101860450439744e+03
1.529389907977649818e+04
1.673644684118566147e+04
3.833253650440068213e+03
5.158058846553144576e+03
-4.465450985221104929e+02
4.082630770639003458e+03
5.828979871019558232e+03
3.386652880717722383e+03
8.950427915243167263e+02
1.510465994449670143e+04
6.205001839607252805e+03
9.601977075268823683e+03
5.496556232633536638e+03
1.859437387132652657e+04
4.572210969910037966e+04
7.010911976064505780e+02
1.545901851390916818e+04
-3.509383484634083743e+02
1.770186268572996778e+04
1.681811310591571601e+04
2.015449423064347229e+03
3.750350647903650042e+03
7.969675144997867392e+03
1.592241015858873197e+03
3.969570627016043545e+03
3.620296867290005321e+04
-1.415810992823715196e+03
4.829899601700268249e+03
1.353798863385444383e+04
1.389336562075350230e+04
8.595077746446129822e+03
1.670929847001902817e+04
1.626788188715262004e+04
3.490280410508562454e+03
4.219627745407711700e+03
3.850835674883393949e+04
3.430219855856944196e+04
8.997877981086094223e+03
9.101017607883735764e+03
1.704963139748980211e+03
4.899136227989942199e+03
2.120026726819124815e+04
4.787145544894481645e+03
2.527050996486413351e+04
9.543060797980072039e+02
4.030794345493552100e+04
2.180910717252272298e+04
5.050809482379244400e+03
1.117509078422156199e+04
5.033043048570014435e+03
1.215661742125873616e+03
4.438265814773787497e+03
2.024565092450098064e+03
2.475602258569882542e+04
2.147675129935355289e+04
4.420406084551675121e+03
3.469646434095572204e+03
4.840371523579842687e+03
2.142629974192661757e+04
4.453358046905850642e+03
2.455507149934663175e+03
2.617017402226926424e+04
1.921504784600442144e+04
2.229934757838185396e+04
4.980010677362331080e+03
2.040960111843629875e+03
1.204261290219214061e+04
1.463105777038819906e+04
7.889140527793343608e+03
2.737244761196741365e+02
1.781362549908521032e+04
-1.494274944708760131e+02
1.301210133128739108e+04
6.453881228284142708e+03
-1.244446915326689123e+02
2.460650204850874070e+04
1.164424644137651194e+04
5.719702789573272639e+03
1.888212595302563204e+04
4.088677997228827735e+04
2.379460430158358122e+03
1.384004455727815002e+04
4.529333837110280911e+03
9.240345480284406221e+03
3.872113175960071658e+03
-9.771140655456417790e+02
2.007267708927342755e+04
6.192032904365765717e+03
1.608856688131471856e+03
6.880074641901014729e+03
4.299759442719407161e+03
3.964144143568194977e+03
2.607113056348815371e+04
2.247461022500980107e+04
2.330882983254250576e+03
1.022604535457339989e+04
4.597745483231711660e+03
3.651685042012776648e+03
9.225181777936606522e+03
1.015752314515489707e+04
2.026009533805751198e+04
1.837249141514830626e+03
5.800286329130447484e+03
1.758733917053136793e+02
1.128743320969542765e+04
7.330333410042625474e+03
1.346865130714174666e+04
1.050517425603553238e+04
6.680784354746343524e+03
1.498746214037762184e+04
7.053868719414674160e+03
2.527124720819175855e+04
1.429140819897674010e+04
3.061965809701511898e+04
5.064390538168094281e+03
7.295210414792347365e+03
2.702946104081691010e+04
6.434907625450207888e+03
1.037201054178158302e+04
1.866314602506225492e+04
6.888196915415243211e+02
1.664827802708139279e+04
-1.184507299893973027e+02
3.122363767200221446e+03
2.471571885573429427e+03
3.165115278577422487e+03
2.915519375065409236e+01
1.159213743384048030e+04
1.796484101167671179e+04
1.798437558732646266e+03
2.127483092743585075e+04
2.108687325043824239e+04
1.342492014410508818e+04
5.264667338008500519e+04
1.644678102408825725e+04
1.088574670387733204e+04
5.576300428953535402e+02
3.974807207720341466e+03
1.641562088480481179e+04
3.058545619413508575e+03
7.069272773029915697e+03
1.907645536517499204e+04
6.351532904431474890e+03
-1.183016763919462164e+02
3.144728457085366244e+03
3.602515996461233590e+04
3.975644568679158692e+04
1.955888618757862423e+04
7.970551433927458675e+03
2.751075849867420402e+03
5.059252109012983055e+03
9.285152721400882001e+03
2.270175151281340277e+03
8.515905536375921656e+03
1.077373557872595484e+04
2.449723785480216247e+04
1.074974009865669359e+04
2.274764561747582047e+04
1.870939691253424462e+04
1.051798697252807506e+04
1.037492498347560968e+03
1.450804656330672151e+04
7.846208053910174385e+03
3.042866418509520008e+04
1.197519386433230648e+04
8.009012060751350873e+03
2.409021695119250217e+04
7.585170852653171096e+03
1.086555642654375333e+02
2.698675522681163056e+04
-1.474456876104838102e+03
6.691366738162674665e+03
3.518578445207811455e+04
1.599979826308731026e+04
9.243533159731323394e+03
3.614930004874845508e+03
2.060791197999219730e+04
8.718033838626803117e+03
2.880083881067009861e+04
1.307226463542421880e+04
6.745951105146982627e+03
1.744475997818851829e+04
4.034574355763323183e+03
3.823308149390595190e+03
2.301674069591749685e+03
3.518068094492187811e+03
5.476596117230988966e+03
7.553416050852115404e+03
3.850431399948809940e+03
5.180346173408104733e+03
3.883187106536573083e+03
4.607550898019251690e+03
6.985209747308434089e+03
5.588159979473983185e+03
1.450870023108791611e+04
1.130918327876976582e+04
7.478564237635150675e+03
1.407326096247085161e+03
7.737623590212721865e+03
1.969269324034601595e+04
6.736846135601605056e+03
1.705952641157259131e+04
1.083694376638788526e+04
1.548687178470735307e+04
1.688690828490113927e+04
9.167090797597747951e+03
2.172766967714238490e+04
3.215219119065372797e+04
3.842531108038576804e+03
2.321206020590205662e+04
1.543867086779686724e+04
2.473835998002523411e+02
6.520333186447412118e+03
2.082866675895053049e+03
-1.359928044691502464e+03
1.349362310285450076e+04
8.103927635041134636e+03
8.444805859993190097e+03
4.474237570482203409e+03
3.980946782044773499e+03
2.994001357867475599e+04
2.268711620488903918e+03
1.082685785351392951e+04
4.754126429625834135e+03
9.405396706207109219e+02
-1.188092064298541118e+03
8.966570703173503716e+03
2.281195977631845381e+04
1.836675125499417481e+04
4.423774080710401222e+02
1.598346017245660960e+03
2.575697322687567430e+04
1.109897005121595066e+04
1.516480214574358615e+04
1.299143334868029888e+04
1.254986580888809294e+04
4.707232302572994740e+03
2.571191686265676708e+02
9.829419969505287327e+02
2.842874723944284051e+04
1.427835575313325535e+04
9.329950793379388188e+02
5.892611087848341413e+03
4.902545709694328252e+03
8.798341202628069368e+03
6.781752391857028215e+02
4.473354413856718566e+03
8.839467302795072101e+03
1.819422537201741216e+04
6.016246854194992011e+03
4.136488982817975193e+04
1.762512391881675285e+04
5.312272002186197824e+03
6.109640314608065637e+03
1.124239639390983393e+04
6.042583294361584194e+03
2.951896016048087040e+04
1.312159958799081141e+04
-2.281951796395518613e+03
-1.999789356861782608e+02
-1.456414806349072023e+03
2.181650157608449717e+03
9.568516522575937415e+03
4.110250577886266001e+03
5.307138929067938079e+03
3.424699879563250306e+03
1.828839532185805001e+04
1.712714831912749651e+04
5.365510244767132463e+03
8.291045349757905569e+03
6.615220145198554746e+03
1.193716815634834711e+04
8.506141003602169803e+03
1.144358820996269969e+04
1.776788738241507599e+04
7.861141604838346211e+03
1.283699608105762491e+04
8.306424936110492126e+03
1.105621794260669049e+04
4.115824469586341365e+03
2.344278813505874496e+03
7.170313957868233047e+03
5.952899754280960224e+03
1.829327541486540940e+04
-1.063239114502730672e+03
8.445363925542415018e+03
1.466224368194111594e+04
1.557774023741568089e+04
3.779325046086598741e+04
6.780531479677713833e+03
1.394807158025606986e+04
2.429725154174827367e+03
-4.534033397317768959e+02
4.307261286974444374e+03
2.509426550762272382e+04
1.349919761003877647e+04
1.171570000150037231e+04
3.912172000528608805e+03
8.559284751267591673e+01
3.564072517786467506e+04
1.676263191132267821e+03
8.444590181236479111e+03
1.097326465446183465e+04
2.889231809040670851e+04
6.004770643171053962e+03
1.027431312827719012e+04
1.881190548747010325e+04
1.320714720822965137e+04
2.752029478219548400e+04
-3.533987465216807777e+02
2.103916241249288760e+03
1.016828319753459436e+04
-9.539060787702019297e+02
7.004711122864876415e+03
3.301975448418264568e+04
1.346531739928269235e+04
-6.674636764724739351e+02
3.498227653869258575e+03
1.854204472575179534e+04
7.065762489264324358e+03
1.097460750330943029e+03
-5.336370696427050007e+02
6.286500482437756546e+03
2.527107174990766362e+04
6.809918415337449005e+03
5.398363709360032772e+03
1.910808518163694316e+02
1.737734913260333269e+04
2.067448667076806305e+04
2.242936116908645272e+04
1.622319948671093152e+04
8.928614670323939208e+03
4.667017565963740708e+03
1.393969755258244550e+04
1.223657314341784149e+04
1.705092060397517707e+04
6.401887390539818625e+03
-2.590324118464154708e+02
1.463999150730705696e+04
1.863467435145507625e+04
8.206946743655760656e+03
1.090303946003479177e+04
9.558399611456521598e+03
8.643564742385178761e+03
7.764603839266361319e+03
8.216998287456199250e+03
2.972093808909324707e+03
3.105732275772777029e+03
3.423069583228144438e+03
2.385002129502323805e+04
2.255025219456568266e+03
1.282774201532934057e+03
2.233349834942004964e+04
1.354861577916181704e+04
1.418061239008907432e+04
1.451270482144761263e+04
-3.212944269696895390e+02
6.719506297781263129e+03
6.349825320096776522e+03
3.401603547476407130e+03
3.105538639453004180e+03
1.973304624231134585e+04
1.048345625366766399e+04
4.792401035229325498e+04
1.015375938085909911e+04
1.356265527198405834e+03
7.570061452644513338e+03
5.523778911760893607e+03
6.501246470583104383e+03
3.471883515659259956e+03
8.066706779590334008e+03
5.019733105000624164e+03
1.991914485011599754e+04
1.043882898100212878e+04
2.601159630766508599e+03
9.552090254073926189e+03
9.462988226159717442e+02
1.160806758845385048e+04
1.537895931923051467e+04
4.272260453301436428e+03
1.602683337654080242e+04
-1.080328261194667903e+03
1.018098314408747319e+04
1.044375344871613015e+04
7.436528783334609216e+03
1.564798379632344950e+04
3.336699559737910022e+04
3.178349403420388626e+03
9.355303643336724235e+02
3.638020503937477770e+03
2.939681210231845398e+04
1.149202849611142256e+03
1.226886396183142460e+04
3.103239563947032730e+04
9.531279821272553818e+03
6.764168355311279811e+03
5.980139611512710871e+03
2.207883790253128973e+04
1.400349796427795081e+04
3.282678349142861407e+04
2.090655976673410623e+04
9.419260329959881346e+03
2.176930447709318105e+04
1.629055236782527209e+04
5.706778422270459487e+03
2.294963356892954471e+04
2.370124614880765148e+04
1.094100087319893828e+04
1.826905124712771794e+04
-3.540454816761883876e+02
1.504457164364634082e+04
4.830005626178050079e+03
4.718368564839041028e+03
7.207996755094311993e+03
1.112700195497362438e+04
2.075585810754433624e+04
1.754504317571614229e+04
-1.530456769163291710e+02
1.445939354389100845e+04
5.066187957630522760e+03
1.536097856488411708e+04
6.489613215424138616e+03
6.752074071577058021e+03
2.319897829647028266e+04
-1.370408335401427848e+03
2.633920932479530165e+04
2.748000622813436166e+03
1.004287488990815655e+04
2.871118785301749995e+03
1.181698496988543775e+04
3.724564897807777015e+03
2.748218001250948510e+04
4.241507586607272970e+03
1.278754199896754290e+04
-1.677116043830000763e+03
9.919198569520520323e+03
1.220372326215528119e+04
6.143775880581939418e+03
1.591941173489235007e+04
7.467293868572280189e+03
2.372103014189880196e+04
1.220223012268803541e+04
1.848817242010519476e+04
3.115728421340429122e+03
7.984045937971734929e+03
2.014753461698957381e+03
5.321906751289759086e+03
1.100197784732538639e+04
1.337040102449890219e+04
1.522893381717620468e+04
4.853367754970068745e+03
5.095486418031899120e+03
9.396898425821629644e+03
-1.550031797735934560e+03
1.469409407103827652e+04
8.327837046450742491e+03
4.000511526494912573e+02
1.412151269700272223e+03
7.980155097839126938e+03
4.279580747676400279e+03
1.545110551346019201e+04
4.300878437252496951e+03
3.886504587091834310e+03
2.424049477423944154e+03
7.614066364548523779e+03
7.374456910655553656e+03
1.753970193726612706e+04
1.404260967384153264e+04
2.402512438868768186e+03
3.139678225978962655e+04
3.853593616702952204e+03
1.685028544314639294e+04
8.600047112499263676e+03
1.201877003999334011e+04
8.965207255891145905e+03
1.134604094510379764e+04
2.103739674090740300e+04
4.167774778037199576e+04
6.235965109724404101e+03
7.839678787969205587e+03
2.114025175972917623e+03
5.674645366008663586e+03
7.213591770205961438e+03
1.031268323621427771e+04
9.764112041099855560e+03
1.129096034765291552e+04
9.645303714907531685e+03
2.340228778644245176e+04
1.894039177896811088e+04
9.799808478121884036e+03
4.287603484504707012e+03
9.600768167576681662e+03
1.320111200857582298e+04
1.360975625872270211e+04
5.144102486743751797e+03
5.571991093590011587e+03
9.382034942490176036e+03
3.157717888683630008e+04
1.726967976477013144e+04
-9.444611081542429929e+02
8.001578478433470082e+03
-2.653758740105063225e+02
1.346576367915827632e+03
3.420336770375335618e+04
4.711270578724990628e+03
9.207577177819148346e+03
4.380899048842930824e+03
5.412468305973918177e+03
1.263985118261404932e+04
1.432466272400362504e+04
1.742281016169008581e+04
7.604311715143048787e+03
1.959587550238777476e+04
1.791175657914230396e+04
8.863157782654494440e+03
1.912952226182724189e+04
1.762231506763602010e+04
1.863185921669656454e+04
4.894554980016226182e+03
2.870621441622971361e+03
1.856424489886789524e+04
3.541590485152627025e+03
7.318461796544113895e+03
1.315912460319803540e+04
1.492796101854171866e+04
5.597464047607019211e+02
3.081411686187163014e+03
2.225044220667296031e+03
2.302362760606054871e+04
3.334494729128408039e+02
2.165419904669669450e+03
1.246557818249827687e+04
8.209389854690991342e+03
3.420121501318570517e+04
1.517947573444382579e+04
9.954333212473055028e+03
2.223591640733273380e+03
1.580606684517497797e+03
1.508986163544411829e+04
1.373257648142173093e+04
3.703905242082484619e+04
1.452877112304403272e+04
4.673283050301057301e+03
1.083879031096017752e+04
1.248284162617746551e+04
8.611413958725237535e+03
1.737399808455186576e+04
3.850552490096438760e+03
-2.110139907832037238e+02
9.304042108892075476e+02
1.034057828834225074e+04
1.629451495799407667e+03
2.327897854626373373e+03
8.163872904874603591e+03
1.947773598044931532e+03
2.909952457946824507e+04
1.267985266753619180e+04
1.024105767863262372e+04
8.328244692586913516e+03
1.175244702935561872e+04
1.304838540303397895e+04
-1.220552034575450762e+03
2.072920840101249951e+02
8.151356704250592884e+03
2.112988680322356959e+04
-1.107843771361438030e+03
2.235464832921547350e+04
4.959324360111852911e+03
9.222685131448908578e+03
1.068966310960523060e+03
-5.625196094217946552e+01
1.094527010537884053e+04
4.612488397236306810e+03
1.899245287201581050e+03
3.141014570902565174e+04
6.917440346453034181e+03
1.440877409023206610e+02
1.258852562912455687e+04
7.532904292365040419e+03
6.794784924158941976e+03
6.477572951213324814e+03
3.883834525162030332e+03
5.662048360539471469e+04
2.456219069445915011e+03
1.197573847874698004e+03
1.198787645505622640e+04
7.564842795530030344e+03
2.837976116202821868e+04
4.338356061465699895e+03
1.249096365791434800e+04
2.183597852827570932e+03
2.606065626994063678e+01
5.752382695162707932e+03
3.230379263472692764e+04
9.749429901382234675e+03
3.892995040371832147e+03
1.410068498813266842e+03
1.928505265778274406e+04
1.559701930877036466e+04
6.532601543161845257e+03
6.535479045502041117e+03
1.280396889222377104e+04
2.390780554801158360e+03
2.194578347150082845e+04
1.610583371403812453e+04
1.641696623693025231e+03
5.984576267942833510e+03
6.801088724240698866e+03
1.785627896508749473e+04
6.563785077499262115e+03
2.142153982486111636e+04
1.358630716928367656e+04
2.003346716986478350e+04
2.288826149079634706e+04
-1.716185106870421350e+03
1.156575064850476701e+04
1.378654843204523422e+04
6.344320615989327052e+02
1.038944390756860957e+04
4.127364803774790744e+03
3.187396424122867757e+03
1.219908672399860916e+04
1.073760551218006003e+04
2.469588628710048943e+04
1.019003450955467270e+04
6.037516866514297362e+03
6.965498871137737297e+03
1.071945184584807430e+04
6.594475923029172918e+03
1.995235773973102187e+04
2.415310041207218819e+04
1.202476143987734395e+04
-7.096307796483031325e+02
1.042301206351325527e+04
2.542773616354028491e+04
-1.320758573476349966e+03
3.688749759650321266e+03
2.080732054411244462e+04
1.378411388603281375e+04
-6.519170304385036161e+02
5.936947818210341211e+03
8.589443879213818946e+03
7.882149333570424460e+03
5.507956777374396552e+03
