4.528756813247320242e+05
4.155298108625491150e+05
5.738503803082082886e+05
6.563699953924835427e+05
4.354151387006911100e+05
5.003028038820276270e+05
5.316214943233911181e+05
5.234947196705534006e+05
4.581053387448983849e+05
5.670315389893344836e+05
4.927806204746657168e+05
5.711689276806388516e+05
4.369177813845447963e+05
4.927148959849904059e+05
5.105641115214666352e+05
6.315735099565421697e+05
5.219261954868542380e+05
5.516633887320020003e+05
5.520417936413068091e+05
5.341313727433739696e+05
5.863617301852171076e+05
5.183423524399064481e+05
4.836982088738541352e+05
5.634232196038509719e+05
5.108436118298404617e+05
6.013740977986771613e+05
5.035260590738857863e+05
5.651267939112647437e+05
4.758150049302188563e+05
5.186356650850608130e+05
