6.657858886718750000e+03
4.582686523437500000e+03
7.473758789062500000e+03
1.087798242187500000e+04
1.407667968750000000e+04
1.449773828125000000e+04
1.795867773437500000e+04
1.768164062500000000e+04
2.153117968750000000e+04
2.055776757812500000e+04
1.954228906250000000e+04
2.148170898437500000e+04
2.434383593750000000e+04
2.214941796875000000e+04
2.337499414062500000e+04
2.735839648437500000e+04
2.420522265625000000e+04
2.601016406250000000e+04
2.997302343750000000e+04
2.711031250000000000e+04
2.658346679687500000e+04
2.917621484375000000e+04
3.128516015625000000e+04
2.919684765625000000e+04
2.858037890625000000e+04
2.807908203125000000e+04
3.192532617187500000e+04
3.155582617187500000e+04
3.430168750000000000e+04
3.511348437500000000e+04
3.209169921875000000e+04
4.136327734375000000e+04
3.343724218750000000e+04
3.768832421875000000e+04
4.117246093750000000e+04
3.563068359375000000e+04
3.910445312500000000e+04
4.772631250000000000e+04
4.576036718750000000e+04
4.426945312500000000e+04
4.575744531250000000e+04
4.407579687500000000e+04
4.591817968750000000e+04
4.289759375000000000e+04
4.382692968750000000e+04
4.476546875000000000e+04
4.571494531250000000e+04
5.446166015625000000e+04
4.843457812500000000e+04
5.331051953125000000e+04
4.958784375000000000e+04
5.951596875000000000e+04
5.864942968750000000e+04
5.957698046875000000e+04
5.575962500000000000e+04
7.130978125000000000e+04
6.180217968750000000e+04
7.203941406250000000e+04
6.858671093750000000e+04
5.529571093750000000e+04
5.715704687500000000e+04
6.198017968750000000e+04
5.999849609375000000e+04
6.633366406250000000e+04
6.901571875000000000e+04
7.670165625000000000e+04
6.682720312500000000e+04
6.963206250000000000e+04
8.364085937500000000e+04
6.180324218750000000e+04
7.995480468750000000e+04
6.615947656250000000e+04
7.015530468750000000e+04
7.630557812500000000e+04
7.240841406250000000e+04
8.154798437500000000e+04
8.065576562500000000e+04
7.721029687500000000e+04
8.532377343750000000e+04
9.242280468750000000e+04
8.525826562500000000e+04
8.273762500000000000e+04
7.834328906250000000e+04
8.271937500000000000e+04
8.604739843750000000e+04
7.419002343750000000e+04
8.477791406250000000e+04
7.959923437500000000e+04
1.073198750000000000e+05
1.046121015625000000e+05
1.064996875000000000e+05
1.171221015625000000e+05
1.095299296875000000e+05
8.768579687500000000e+04
1.038044531250000000e+05
9.563873437500000000e+04
1.020741953125000000e+05
9.688181250000000000e+04
1.135249375000000000e+05
1.144356328125000000e+05
1.150264375000000000e+05
1.420895468750000000e+05
1.328000156250000000e+05
1.296586250000000000e+05
8.383100781250000000e+04
1.328349531250000000e+05
1.099304375000000000e+05
1.458613593750000000e+05
1.195089531250000000e+05
1.376364843750000000e+05
1.708028281250000000e+05
1.610430312500000000e+05
1.395379687500000000e+05
1.260418750000000000e+05
1.291707187500000000e+05
1.208782656250000000e+05
1.270413984375000000e+05
1.522364218750000000e+05
1.360134687500000000e+05
1.626120312500000000e+05
1.607099687500000000e+05
1.599510937500000000e+05
1.568120937500000000e+05
2.230220156250000000e+05
1.387177656250000000e+05
1.656299531250000000e+05
2.023900937500000000e+05
1.960917812500000000e+05
1.724680937500000000e+05
1.454844375000000000e+05
1.996618437500000000e+05
1.291347656250000000e+05
1.696638593750000000e+05
1.397645156250000000e+05
1.036777500000000000e+05
1.415112031250000000e+05
1.393621562500000000e+05
1.252035625000000000e+05
1.107817421875000000e+05
1.344811718750000000e+05
1.457174531250000000e+05
1.076472500000000000e+05
1.238475390625000000e+05
1.314076250000000000e+05
1.712109062500000000e+05
1.525298281250000000e+05
1.442894218750000000e+05
1.546938750000000000e+05
1.481651562500000000e+05
1.643157187500000000e+05
1.824682968750000000e+05
1.190613984375000000e+05
1.389184843750000000e+05
1.292404765625000000e+05
1.832187968750000000e+05
1.042561484375000000e+05
1.184968828125000000e+05
9.751032031250000000e+04
1.733139375000000000e+05
9.786196093750000000e+04
1.258789296875000000e+05
1.316839218750000000e+05
1.546551250000000000e+05
1.335761250000000000e+05
1.460724687500000000e+05
9.117813281250000000e+04
8.857561718750000000e+04
1.317741718750000000e+05
1.468021875000000000e+05
1.331501875000000000e+05
1.730833437500000000e+05
8.533156250000000000e+04
1.375910625000000000e+05
1.392805937500000000e+05
9.708725000000000000e+04
1.223696640625000000e+05
1.090566796875000000e+05
9.917785937500000000e+04
1.126483359375000000e+05
8.214547656250000000e+04
1.228036406250000000e+05
1.143530937500000000e+05
9.766364062500000000e+04
7.741506250000000000e+04
7.519428125000000000e+04
8.961746875000000000e+04
8.179439843750000000e+04
1.003396093750000000e+05
1.107350468750000000e+05
7.193729687500000000e+04
7.414658593750000000e+04
9.034660937500000000e+04
7.258091406250000000e+04
8.114926562500000000e+04
1.029623750000000000e+05
9.906995312500000000e+04
8.778271875000000000e+04
6.726076562500000000e+04
1.031711093750000000e+05
1.175058671875000000e+05
8.979419531250000000e+04
9.700450000000000000e+04
5.953614453125000000e+04
6.374789062500000000e+04
4.503366015625000000e+04
6.824711718750000000e+04
7.403437500000000000e+04
8.917380468750000000e+04
8.075146093750000000e+04
7.248578906250000000e+04
5.782362890625000000e+04
4.123822656250000000e+04
7.860166406250000000e+04
4.309818750000000000e+04
5.603434375000000000e+04
5.577596484375000000e+04
5.749574218750000000e+04
4.584728125000000000e+04
5.156054687500000000e+04
7.200527343750000000e+04
3.306978125000000000e+04
4.968244531250000000e+04
4.965706640625000000e+04
3.872030078125000000e+04
5.752045312500000000e+04
4.896346875000000000e+04
3.281780859375000000e+04
3.719446875000000000e+04
3.987996875000000000e+04
5.039777734375000000e+04
2.458133398437500000e+04
5.290402343750000000e+04
4.715918359375000000e+04
3.819318750000000000e+04
3.248635937500000000e+04
3.721947656250000000e+04
3.238312500000000000e+04
3.337072265625000000e+04
2.680106250000000000e+04
3.075881640625000000e+04
2.920579687500000000e+04
3.608228515625000000e+04
4.050260156250000000e+04
4.066669140625000000e+04
3.034277148437500000e+04
3.287806250000000000e+04
2.289856640625000000e+04
3.423510937500000000e+04
2.147100781250000000e+04
1.836029882812500000e+04
2.218144921875000000e+04
2.120192187500000000e+04
1.923270703125000000e+04
2.357398046875000000e+04
2.548917968750000000e+04
2.374047851562500000e+04
2.842532226562500000e+04
1.979428710937500000e+04
2.169446484375000000e+04
1.679338281250000000e+04
1.707071289062500000e+04
1.564797070312500000e+04
1.561175390625000000e+04
1.614798242187500000e+04
2.053881640625000000e+04
1.891489453125000000e+04
2.024203515625000000e+04
1.715822851562500000e+04
1.775074609375000000e+04
1.640792968750000000e+04
1.608178515625000000e+04
1.827098437500000000e+04
1.974075390625000000e+04
1.881013671875000000e+04
1.547925976562500000e+04
1.601464550781250000e+04
1.642866406250000000e+04
1.436578906250000000e+04
1.284430566406250000e+04
1.329170703125000000e+04
1.404975488281250000e+04
1.296026562500000000e+04
1.106657617187500000e+04
1.121177246093750000e+04
1.211434570312500000e+04
1.215812988281250000e+04
1.514487500000000000e+04
1.417033105468750000e+04
1.397767480468750000e+04
1.379386523437500000e+04
1.372170019531250000e+04
1.324925292968750000e+04
2.029793945312500000e+04
1.688091406250000000e+04
1.495507128906250000e+04
1.297713769531250000e+04
1.068346093750000000e+04
1.509487402343750000e+04
1.565311718750000000e+04
1.740304296875000000e+04
1.807083593750000000e+04
1.612625683593750000e+04
1.415451464843750000e+04
1.180229882812500000e+04
1.037595019531250000e+04
1.486303613281250000e+04
1.198766699218750000e+04
1.295254785156250000e+04
1.764680468750000000e+04
1.303083789062500000e+04
1.200353808593750000e+04
1.169543164062500000e+04
1.544944433593750000e+04
1.347367773437500000e+04
1.280609570312500000e+04
1.476962109375000000e+04
1.680997656250000000e+04
1.516506835937500000e+04
1.539185839843750000e+04
1.521892187500000000e+04
1.663353906250000000e+04
1.531354394531250000e+04
1.763041015625000000e+04
1.361126953125000000e+04
1.283470312500000000e+04
1.231523242187500000e+04
1.330545214843750000e+04
1.014393554687500000e+04
1.199979101562500000e+04
1.337957128906250000e+04
1.161533398437500000e+04
1.256562500000000000e+04
1.169453222656250000e+04
1.026596191406250000e+04
1.143326660156250000e+04
1.079352050781250000e+04
9.846630859375000000e+03
1.320084082031250000e+04
1.016901562500000000e+04
8.656582031250000000e+03
1.125197460937500000e+04
1.536036523437500000e+04
8.754980468750000000e+03
1.219514648437500000e+04
1.511320410156250000e+04
1.288237304687500000e+04
1.443435839843750000e+04
1.183406835937500000e+04
1.185282421875000000e+04
1.314507421875000000e+04
1.178319238281250000e+04
8.373008789062500000e+03
9.165044921875000000e+03
7.899027343750000000e+03
1.142780371093750000e+04
1.252891503906250000e+04
8.647413085937500000e+03
9.735212890625000000e+03
1.158677929687500000e+04
1.056270898437500000e+04
1.552575781250000000e+04
9.151266601562500000e+03
1.250769628906250000e+04
1.322501953125000000e+04
1.236048535156250000e+04
9.683853515625000000e+03
9.874849609375000000e+03
9.122394531250000000e+03
9.570291015625000000e+03
9.558916015625000000e+03
8.450405273437500000e+03
7.571733886718750000e+03
1.118373046875000000e+04
7.712280273437500000e+03
8.234362304687500000e+03
9.864191406250000000e+03
9.532583984375000000e+03
1.263100585937500000e+04
1.052600390625000000e+04
8.635300781250000000e+03
8.165673828125000000e+03
1.021372265625000000e+04
1.226781640625000000e+04
8.399375000000000000e+03
9.221606445312500000e+03
7.708165527343750000e+03
1.007867968750000000e+04
5.898251953125000000e+03
8.457386718750000000e+03
8.411929687500000000e+03
8.295841796875000000e+03
8.848327148437500000e+03
1.067954980468750000e+04
7.455689453125000000e+03
9.122249023437500000e+03
6.310079101562500000e+03
6.604105957031250000e+03
5.791237792968750000e+03
8.629393554687500000e+03
9.128119140625000000e+03
7.467609375000000000e+03
9.207987304687500000e+03
7.098165527343750000e+03
7.816100585937500000e+03
8.318531250000000000e+03
1.134018261718750000e+04
9.850865234375000000e+03
6.435564941406250000e+03
1.049278808593750000e+04
8.321218750000000000e+03
7.187271972656250000e+03
7.153218261718750000e+03
6.724218750000000000e+03
6.926598632812500000e+03
5.154338867187500000e+03
6.745294433593750000e+03
6.027722167968750000e+03
8.390842773437500000e+03
7.370076171875000000e+03
8.965864257812500000e+03
8.360275390625000000e+03
8.451318359375000000e+03
9.700328125000000000e+03
7.528445800781250000e+03
7.992593261718750000e+03
8.140467773437500000e+03
8.188572265625000000e+03
8.836769531250000000e+03
8.755944335937500000e+03
1.080436914062500000e+04
9.401292968750000000e+03
5.859122070312500000e+03
7.984491210937500000e+03
5.552837890625000000e+03
7.715990234375000000e+03
6.705139160156250000e+03
7.925049804687500000e+03
1.156242968750000000e+04
8.288125000000000000e+03
8.537059570312500000e+03
6.784686523437500000e+03
6.994988281250000000e+03
6.408358398437500000e+03
7.150473144531250000e+03
9.387953125000000000e+03
7.180465332031250000e+03
7.281522460937500000e+03
7.237331542968750000e+03
6.966991210937500000e+03
7.456837890625000000e+03
8.530624023437500000e+03
7.801960937500000000e+03
5.783687988281250000e+03
6.071794433593750000e+03
7.995419921875000000e+03
7.140825195312500000e+03
6.008466796875000000e+03
7.200150878906250000e+03
7.934969238281250000e+03
1.009846679687500000e+04
9.174244140625000000e+03
6.067675781250000000e+03
8.187268554687500000e+03
7.042416503906250000e+03
5.252215820312500000e+03
7.793733398437500000e+03
6.212833984375000000e+03
9.520179687500000000e+03
6.601532714843750000e+03
9.586792968750000000e+03
7.214908203125000000e+03
7.849097656250000000e+03
9.128518554687500000e+03
6.121797363281250000e+03
6.560930664062500000e+03
7.875303710937500000e+03
7.964912109375000000e+03
6.791260253906250000e+03
1.010986718750000000e+04
6.527974121093750000e+03
5.656251464843750000e+03
9.071045898437500000e+03
7.917043457031250000e+03
8.125608398437500000e+03
6.971572265625000000e+03
8.763287109375000000e+03
6.170558593750000000e+03
6.583338867187500000e+03
6.502812500000000000e+03
8.213578125000000000e+03
9.509929687500000000e+03
6.912041015625000000e+03
6.785881835937500000e+03
6.195988769531250000e+03
6.292326660156250000e+03
8.203390625000000000e+03
8.054721679687500000e+03
6.752043945312500000e+03
7.135942871093750000e+03
9.756183593750000000e+03
8.977464843750000000e+03
8.771295898437500000e+03
7.004208984375000000e+03
5.719946289062500000e+03
5.271382324218750000e+03
6.563787109375000000e+03
5.333162109375000000e+03
6.374336914062500000e+03
6.249501953125000000e+03
7.147957031250000000e+03
6.853927246093750000e+03
6.415609375000000000e+03
6.521577148437500000e+03
6.802169921875000000e+03
8.075541015625000000e+03
7.895034179687500000e+03
5.834581054687500000e+03
9.188736328125000000e+03
9.588693359375000000e+03
6.832085449218750000e+03
4.986891601562500000e+03
5.948079101562500000e+03
6.413636718750000000e+03
7.052136230468750000e+03
6.629741699218750000e+03
6.106458007812500000e+03
4.648599609375000000e+03
6.452788085937500000e+03
9.289271484375000000e+03
7.005516601562500000e+03
4.697329101562500000e+03
6.713457031250000000e+03
5.757558105468750000e+03
6.741799316406250000e+03
8.989925781250000000e+03
5.228848144531250000e+03
5.536250000000000000e+03
4.845930664062500000e+03
4.959924804687500000e+03
7.755425781250000000e+03
6.290399414062500000e+03
6.632932128906250000e+03
7.669094726562500000e+03
6.992003906250000000e+03
4.819917968750000000e+03
4.421341796875000000e+03
8.459344726562500000e+03
5.577413574218750000e+03
8.707507812500000000e+03
5.864062500000000000e+03
5.464394531250000000e+03
5.051003906250000000e+03
5.921552734375000000e+03
7.946578125000000000e+03
5.671279785156250000e+03
6.974347656250000000e+03
6.168728027343750000e+03
7.088348632812500000e+03
9.947730468750000000e+03
7.894535156250000000e+03
7.358537109375000000e+03
7.341695312500000000e+03
5.605322753906250000e+03
6.236030273437500000e+03
6.854042968750000000e+03
4.542017578125000000e+03
7.813492675781250000e+03
5.887623046875000000e+03
9.231808593750000000e+03
4.858061523437500000e+03
8.104092285156250000e+03
6.393380859375000000e+03
5.457670410156250000e+03
6.930645507812500000e+03
8.647477539062500000e+03
8.204730468750000000e+03
6.825944335937500000e+03
7.007245117187500000e+03
6.584815429687500000e+03
7.579298339843750000e+03
6.661084960937500000e+03
7.240997070312500000e+03
6.066745605468750000e+03
7.416495117187500000e+03
6.616818847656250000e+03
7.483061523437500000e+03
4.908684570312500000e+03
4.636729492187500000e+03
5.474169921875000000e+03
5.744638671875000000e+03
6.098691406250000000e+03
5.936056640625000000e+03
4.402844726562500000e+03
4.568704101562500000e+03
7.793685546875000000e+03
6.240835937500000000e+03
5.096213867187500000e+03
4.366875976562500000e+03
5.967801757812500000e+03
7.118430664062500000e+03
5.975031738281250000e+03
5.074515625000000000e+03
6.041356445312500000e+03
4.673475585937500000e+03
5.075591308593750000e+03
5.539443359375000000e+03
5.403026367187500000e+03
5.212918945312500000e+03
6.588579101562500000e+03
3.496234130859375000e+03
4.413071289062500000e+03
4.951535156250000000e+03
4.300317382812500000e+03
4.594072265625000000e+03
4.484608398437500000e+03
4.754604492187500000e+03
4.788681640625000000e+03
4.297985351562500000e+03
4.914002929687500000e+03
3.939370361328125000e+03
3.663178222656250000e+03
4.167595214843750000e+03
5.651648925781250000e+03
4.977916015625000000e+03
4.386245605468750000e+03
5.130178710937500000e+03
6.778339843750000000e+03
5.388657714843750000e+03
4.227351074218750000e+03
4.052909912109375000e+03
4.399785644531250000e+03
5.613489746093750000e+03
5.177449707031250000e+03
3.718196533203125000e+03
3.234202880859375000e+03
6.238448242187500000e+03
5.638339843750000000e+03
5.036261230468750000e+03
4.519565429687500000e+03
4.761636230468750000e+03
5.202729003906250000e+03
5.430763671875000000e+03
4.716207031250000000e+03
8.775079101562500000e+03
6.060617675781250000e+03
6.678292968750000000e+03
4.677342773437500000e+03
4.310505859375000000e+03
7.934772460937500000e+03
5.613567871093750000e+03
5.760960937500000000e+03
4.904682617187500000e+03
5.655948242187500000e+03
8.996774414062500000e+03
1.034493164062500000e+04
7.501950683593750000e+03
4.796332031250000000e+03
8.462480468750000000e+03
8.013249511718750000e+03
6.113310546875000000e+03
5.155228515625000000e+03
4.906530273437500000e+03
5.018443847656250000e+03
3.881140136718750000e+03
4.227725097656250000e+03
4.950424316406250000e+03
4.885208007812500000e+03
4.683898437500000000e+03
5.536325683593750000e+03
7.065312011718750000e+03
6.360532714843750000e+03
3.912111083984375000e+03
4.063172363281250000e+03
4.690714355468750000e+03
3.471485595703125000e+03
5.753310546875000000e+03
4.748785156250000000e+03
4.542103515625000000e+03
4.811077636718750000e+03
5.261033691406250000e+03
4.029042480468750000e+03
3.756745849609375000e+03
3.802553955078125000e+03
7.220338378906250000e+03
3.461579101562500000e+03
4.677831542968750000e+03
3.395524902343750000e+03
4.636595703125000000e+03
4.769450195312500000e+03
5.485920898437500000e+03
4.792652343750000000e+03
4.471147460937500000e+03
4.149546875000000000e+03
3.644509277343750000e+03
3.547024658203125000e+03
4.297279296875000000e+03
3.630586669921875000e+03
4.175042480468750000e+03
3.378039306640625000e+03
3.452887939453125000e+03
3.966543457031250000e+03
3.346678222656250000e+03
4.511556640625000000e+03
3.742704345703125000e+03
3.297840576171875000e+03
5.326732910156250000e+03
3.645188964843750000e+03
7.107423828125000000e+03
3.269677246093750000e+03
4.520771972656250000e+03
4.463349609375000000e+03
5.050840332031250000e+03
3.579889648437500000e+03
4.854932128906250000e+03
4.435057617187500000e+03
3.418914062500000000e+03
3.692379638671875000e+03
4.268030273437500000e+03
4.418174804687500000e+03
3.699437744140625000e+03
3.821788085937500000e+03
3.402276855468750000e+03
5.917560058593750000e+03
3.597404785156250000e+03
4.120693359375000000e+03
3.527259277343750000e+03
3.361423095703125000e+03
5.910961914062500000e+03
3.307316406250000000e+03
2.967983886718750000e+03
3.290111572265625000e+03
5.052554687500000000e+03
3.796439697265625000e+03
3.832395507812500000e+03
3.871992431640625000e+03
3.857351318359375000e+03
4.132255859375000000e+03
4.848729980468750000e+03
4.701319824218750000e+03
4.134408203125000000e+03
7.327056640625000000e+03
4.370779296875000000e+03
5.155182617187500000e+03
4.898749023437500000e+03
3.366261230468750000e+03
4.298799804687500000e+03
4.043436279296875000e+03
4.871648437500000000e+03
3.524928222656250000e+03
3.444468750000000000e+03
3.834292968750000000e+03
3.807756347656250000e+03
7.055752441406250000e+03
3.002493896484375000e+03
3.338030273437500000e+03
3.028662597656250000e+03
4.375862792968750000e+03
4.819992675781250000e+03
5.076941406250000000e+03
4.587782714843750000e+03
3.593869628906250000e+03
7.155231933593750000e+03
3.881011230468750000e+03
3.845561035156250000e+03
3.071634521484375000e+03
3.784444335937500000e+03
5.034460449218750000e+03
3.996238281250000000e+03
3.333687988281250000e+03
2.732140625000000000e+03
3.045724121093750000e+03
3.535515625000000000e+03
4.602178710937500000e+03
3.442200927734375000e+03
3.749404296875000000e+03
2.816258544921875000e+03
3.436245117187500000e+03
4.180851074218750000e+03
4.274252929687500000e+03
4.556595703125000000e+03
3.759584472656250000e+03
4.880166015625000000e+03
5.594625976562500000e+03
4.325490234375000000e+03
2.674353027343750000e+03
6.093456542968750000e+03
4.518333007812500000e+03
4.253596679687500000e+03
3.751167480468750000e+03
3.210969238281250000e+03
4.719562500000000000e+03
7.405105468750000000e+03
3.818591064453125000e+03
3.895263916015625000e+03
5.835730957031250000e+03
5.317483886718750000e+03
6.377679687500000000e+03
4.649683593750000000e+03
4.768316894531250000e+03
5.114685546875000000e+03
4.525891601562500000e+03
3.876833007812500000e+03
3.247856445312500000e+03
4.779963867187500000e+03
5.058703125000000000e+03
5.670934082031250000e+03
8.361189453125000000e+03
8.559366210937500000e+03
4.279425781250000000e+03
3.938751220703125000e+03
5.506845703125000000e+03
3.732163818359375000e+03
4.235208984375000000e+03
3.901861816406250000e+03
6.218894042968750000e+03
1.010800878906250000e+04
1.195795507812500000e+04
7.218448730468750000e+03
4.932540039062500000e+03
4.747646484375000000e+03
3.463225097656250000e+03
5.702770996093750000e+03
3.731763916015625000e+03
3.198941894531250000e+03
6.428948730468750000e+03
5.692928222656250000e+03
4.974265625000000000e+03
4.566792968750000000e+03
4.298979492187500000e+03
4.261556640625000000e+03
4.990729492187500000e+03
6.229660156250000000e+03
3.828229980468750000e+03
4.413002441406250000e+03
3.966328613281250000e+03
4.967150390625000000e+03
4.949186523437500000e+03
6.238796875000000000e+03
5.714912109375000000e+03
4.792067382812500000e+03
6.919972656250000000e+03
6.225608398437500000e+03
6.838161132812500000e+03
7.881172363281250000e+03
5.985365234375000000e+03
6.153136718750000000e+03
6.437602539062500000e+03
7.727953613281250000e+03
7.331159179687500000e+03
5.514867187500000000e+03
6.508839843750000000e+03
5.469641601562500000e+03
4.963818359375000000e+03
6.502809570312500000e+03
5.366495605468750000e+03
4.508854003906250000e+03
4.193595703125000000e+03
4.393882324218750000e+03
3.662999267578125000e+03
3.743564453125000000e+03
3.685073486328125000e+03
5.592834960937500000e+03
4.650838867187500000e+03
3.662881591796875000e+03
7.020513671875000000e+03
3.682029541015625000e+03
3.631104492187500000e+03
6.283722656250000000e+03
5.768623046875000000e+03
5.382322265625000000e+03
5.394654296875000000e+03
4.241557617187500000e+03
3.857321289062500000e+03
5.128061523437500000e+03
4.673473144531250000e+03
4.221888183593750000e+03
3.950892089843750000e+03
3.685427246093750000e+03
4.080098144531250000e+03
6.179648437500000000e+03
3.597788818359375000e+03
4.313503906250000000e+03
5.890970703125000000e+03
5.365899414062500000e+03
5.452338867187500000e+03
5.564092773437500000e+03
4.270310546875000000e+03
4.129200195312500000e+03
5.319253417968750000e+03
7.647145507812500000e+03
5.750813476562500000e+03
7.006356445312500000e+03
4.290465820312500000e+03
3.517134521484375000e+03
5.016676757812500000e+03
4.453314453125000000e+03
4.740375000000000000e+03
4.020339355468750000e+03
5.860133789062500000e+03
4.498610351562500000e+03
3.871525146484375000e+03
4.632492675781250000e+03
5.185196289062500000e+03
4.823453613281250000e+03
3.152356933593750000e+03
3.894897460937500000e+03
4.626337890625000000e+03
4.556248535156250000e+03
4.682954101562500000e+03
4.728422363281250000e+03
5.798878417968750000e+03
5.339399414062500000e+03
3.988517089843750000e+03
4.626699218750000000e+03
5.213161621093750000e+03
6.170414550781250000e+03
5.377656250000000000e+03
3.556516601562500000e+03
5.119885742187500000e+03
3.565953613281250000e+03
4.772683593750000000e+03
5.791134765625000000e+03
4.601217285156250000e+03
4.913947265625000000e+03
5.389569335937500000e+03
5.273660156250000000e+03
4.503224121093750000e+03
5.806517089843750000e+03
4.380554199218750000e+03
4.729588867187500000e+03
4.160801757812500000e+03
3.975249023437500000e+03
4.488224121093750000e+03
4.303523437500000000e+03
6.535242187500000000e+03
6.041580078125000000e+03
4.987744140625000000e+03
3.674780761718750000e+03
4.406001953125000000e+03
5.045004882812500000e+03
3.805136962890625000e+03
4.279554687500000000e+03
4.005568847656250000e+03
3.886229980468750000e+03
4.661108398437500000e+03
4.935344726562500000e+03
4.114837402343750000e+03
5.576347167968750000e+03
5.764067382812500000e+03
4.189553710937500000e+03
4.063510498046875000e+03
3.985192382812500000e+03
4.103479492187500000e+03
6.140849609375000000e+03
5.898193359375000000e+03
5.147507324218750000e+03
6.078458984375000000e+03
6.563191894531250000e+03
4.562338867187500000e+03
4.865300781250000000e+03
3.539345947265625000e+03
4.647873046875000000e+03
5.026546875000000000e+03
3.866539550781250000e+03
4.243880859375000000e+03
4.600921875000000000e+03
4.136373046875000000e+03
5.154477539062500000e+03
6.651490234375000000e+03
5.689654296875000000e+03
4.806157226562500000e+03
5.094896484375000000e+03
3.831070068359375000e+03
4.816392578125000000e+03
4.377250000000000000e+03
4.625626953125000000e+03
4.239913085937500000e+03
4.177446777343750000e+03
5.522505371093750000e+03
9.175547851562500000e+03
8.595361328125000000e+03
8.506631835937500000e+03
8.646322265625000000e+03
7.627521484375000000e+03
5.787964355468750000e+03
4.555864746093750000e+03
4.022790527343750000e+03
6.691915039062500000e+03
4.321927246093750000e+03
4.499891113281250000e+03
6.015829101562500000e+03
3.957395751953125000e+03
4.284098144531250000e+03
5.168944335937500000e+03
4.277825683593750000e+03
5.047686523437500000e+03
5.174841308593750000e+03
4.446644042968750000e+03
5.122356445312500000e+03
4.257409179687500000e+03
5.097458496093750000e+03
4.035048828125000000e+03
5.501019531250000000e+03
5.296696289062500000e+03
5.175591308593750000e+03
4.725169433593750000e+03
5.770386718750000000e+03
4.818660644531250000e+03
4.657091796875000000e+03
5.198190429687500000e+03
4.337823242187500000e+03
4.864419433593750000e+03
4.519356933593750000e+03
4.202250000000000000e+03
3.933179687500000000e+03
3.481125732421875000e+03
4.323927734375000000e+03
5.189201171875000000e+03
5.654783691406250000e+03
4.389613769531250000e+03
4.783438476562500000e+03
4.974728027343750000e+03
5.112550292968750000e+03
5.427476074218750000e+03
4.506006835937500000e+03
5.087974121093750000e+03
6.261507812500000000e+03
4.337482421875000000e+03
3.218930175781250000e+03
5.739668945312500000e+03
4.432424804687500000e+03
3.000458984375000000e+03
4.404963867187500000e+03
5.409560058593750000e+03
4.957932128906250000e+03
3.879255615234375000e+03
4.308358886718750000e+03
4.300567382812500000e+03
5.310166992187500000e+03
4.559561523437500000e+03
3.634527832031250000e+03
4.296008789062500000e+03
3.636239257812500000e+03
3.794972167968750000e+03
4.133812011718750000e+03
3.907991699218750000e+03
4.178420898437500000e+03
4.232635253906250000e+03
4.098842285156250000e+03
4.670329101562500000e+03
2.926690917968750000e+03
4.307213867187500000e+03
3.481593994140625000e+03
3.907449707031250000e+03
4.146455078125000000e+03
2.923391845703125000e+03
4.390970214843750000e+03
3.571318847656250000e+03
3.840971679687500000e+03
4.030021972656250000e+03
4.992750976562500000e+03
4.856958984375000000e+03
4.382808105468750000e+03
4.948962890625000000e+03
3.871312988281250000e+03
3.301877929687500000e+03
4.142309082031250000e+03
5.309280761718750000e+03
4.307723632812500000e+03
5.066080566406250000e+03
3.750547607421875000e+03
3.917500732421875000e+03
2.953919921875000000e+03
3.632163818359375000e+03
3.466214843750000000e+03
4.162573242187500000e+03
2.988939208984375000e+03
4.506290039062500000e+03
3.169671386718750000e+03
4.288021972656250000e+03
4.335443847656250000e+03
4.086598144531250000e+03
3.474630859375000000e+03
3.056785644531250000e+03
3.520265380859375000e+03
3.302596191406250000e+03
2.865690185546875000e+03
3.070367187500000000e+03
3.707287597656250000e+03
3.452541015625000000e+03
3.129539550781250000e+03
4.814887207031250000e+03
4.065719238281250000e+03
3.509655273437500000e+03
3.262236572265625000e+03
2.522854003906250000e+03
3.529230712890625000e+03
2.604254882812500000e+03
3.996776367187500000e+03
3.122163085937500000e+03
3.161382812500000000e+03
3.532547363281250000e+03
2.775979492187500000e+03
3.299341552734375000e+03
4.013333984375000000e+03
3.879184082031250000e+03
3.195903808593750000e+03
3.560270507812500000e+03
4.160993164062500000e+03
3.506909667968750000e+03
3.700876220703125000e+03
3.081862792968750000e+03
3.616038330078125000e+03
4.221265625000000000e+03
4.001006835937500000e+03
4.446169433593750000e+03
3.835849365234375000e+03
3.208898925781250000e+03
3.258511962890625000e+03
3.265903320312500000e+03
4.775827636718750000e+03
5.348330078125000000e+03
4.098151367187500000e+03
4.194356933593750000e+03
4.447957519531250000e+03
4.723166015625000000e+03
6.067276367187500000e+03
4.191087890625000000e+03
4.338921386718750000e+03
4.108631835937500000e+03
3.326648925781250000e+03
3.290679931640625000e+03
3.813431152343750000e+03
4.187007324218750000e+03
5.714411621093750000e+03
5.161232910156250000e+03
5.658896972656250000e+03
5.266968750000000000e+03
5.105517089843750000e+03
4.235808593750000000e+03
5.516109375000000000e+03
3.526437500000000000e+03
4.620479492187500000e+03
5.915840332031250000e+03
4.981625488281250000e+03
6.040070312500000000e+03
4.188639648437500000e+03
3.360637695312500000e+03
3.740190429687500000e+03
4.072520263671875000e+03
3.296718750000000000e+03
4.251174804687500000e+03
4.288821289062500000e+03
2.769580566406250000e+03
3.838757568359375000e+03
2.806261718750000000e+03
3.861103271484375000e+03
3.394728515625000000e+03
3.833395019531250000e+03
3.478516601562500000e+03
4.517628906250000000e+03
4.568125000000000000e+03
4.388093750000000000e+03
3.631516113281250000e+03
3.641417724609375000e+03
3.821973388671875000e+03
3.660333251953125000e+03
4.660901367187500000e+03
4.874725585937500000e+03
4.315102539062500000e+03
3.226270263671875000e+03
4.149592773437500000e+03
4.156061523437500000e+03
5.004666015625000000e+03
4.215438964843750000e+03
3.824784912109375000e+03
3.543258300781250000e+03
4.331527832031250000e+03
3.644966308593750000e+03
3.835744628906250000e+03
3.746931884765625000e+03
4.148627441406250000e+03
5.241591796875000000e+03
4.066829101562500000e+03
2.936935546875000000e+03
3.010930419921875000e+03
3.389507324218750000e+03
3.665090576171875000e+03
3.374587402343750000e+03
2.963198730468750000e+03
3.612401367187500000e+03
3.651205078125000000e+03
3.069433349609375000e+03
2.965087646484375000e+03
3.492973388671875000e+03
3.472386474609375000e+03
3.683795166015625000e+03
3.948542480468750000e+03
3.644488037109375000e+03
3.297545898437500000e+03
3.282744140625000000e+03
4.867531250000000000e+03
4.729517089843750000e+03
4.809652343750000000e+03
5.255878906250000000e+03
4.263244628906250000e+03
4.527768066406250000e+03
4.205898437500000000e+03
4.422725585937500000e+03
4.373811523437500000e+03
2.873233154296875000e+03
2.479974365234375000e+03
4.115861328125000000e+03
3.765770263671875000e+03
4.615231445312500000e+03
2.957815429687500000e+03
3.256592041015625000e+03
3.403895507812500000e+03
4.031941162109375000e+03
3.508275390625000000e+03
3.915162841796875000e+03
3.803896484375000000e+03
3.199902832031250000e+03
3.133871337890625000e+03
3.040207031250000000e+03
3.553010742187500000e+03
3.717746582031250000e+03
3.396100585937500000e+03
3.334384033203125000e+03
3.736610839843750000e+03
3.365241210937500000e+03
3.033692138671875000e+03
4.350543945312500000e+03
3.725900146484375000e+03
3.668522216796875000e+03
3.339810546875000000e+03
3.962844482421875000e+03
4.563674804687500000e+03
5.329433593750000000e+03
4.451375976562500000e+03
5.474198242187500000e+03
6.505699218750000000e+03
6.603445312500000000e+03
5.242001953125000000e+03
4.434002929687500000e+03
4.252852539062500000e+03
2.852047119140625000e+03
3.305237304687500000e+03
3.401799804687500000e+03
2.940933349609375000e+03
4.477060058593750000e+03
5.236009277343750000e+03
5.310996582031250000e+03
3.980435546875000000e+03
4.192352539062500000e+03
4.258970214843750000e+03
3.361101074218750000e+03
3.715209960937500000e+03
4.598249023437500000e+03
4.087555175781250000e+03
3.746158935546875000e+03
4.310414550781250000e+03
4.016525878906250000e+03
4.248913574218750000e+03
4.021084960937500000e+03
3.659325683593750000e+03
4.073453125000000000e+03
5.841493164062500000e+03
4.715769531250000000e+03
5.050818359375000000e+03
4.897894042968750000e+03
5.836112304687500000e+03
5.107587890625000000e+03
4.886863281250000000e+03
6.440577636718750000e+03
5.274906250000000000e+03
5.391344238281250000e+03
5.899398437500000000e+03
6.767223144531250000e+03
5.461165039062500000e+03
5.210976074218750000e+03
4.835707031250000000e+03
3.768903808593750000e+03
4.642875976562500000e+03
4.566835937500000000e+03
4.998625000000000000e+03
6.590013671875000000e+03
4.627606445312500000e+03
5.131118652343750000e+03
5.213102539062500000e+03
5.776750000000000000e+03
4.735012207031250000e+03
5.374875000000000000e+03
4.260422851562500000e+03
5.444413085937500000e+03
7.202602539062500000e+03
8.031716796875000000e+03
6.225235839843750000e+03
5.673266113281250000e+03
6.159999023437500000e+03
5.996385742187500000e+03
5.444975097656250000e+03
5.286723632812500000e+03
5.089853515625000000e+03
5.376489746093750000e+03
4.869687500000000000e+03
4.866269531250000000e+03
4.637255859375000000e+03
4.928427734375000000e+03
4.399739257812500000e+03
4.750540527343750000e+03
3.751095458984375000e+03
4.365160156250000000e+03
3.556593505859375000e+03
4.560763183593750000e+03
5.778020507812500000e+03
5.458062500000000000e+03
4.386309570312500000e+03
3.744879394531250000e+03
3.869676269531250000e+03
3.868949218750000000e+03
3.865293212890625000e+03
3.596805664062500000e+03
4.700383300781250000e+03
4.121849609375000000e+03
4.913345703125000000e+03
4.955851562500000000e+03
4.670821289062500000e+03
4.601616210937500000e+03
4.420392578125000000e+03
5.729255859375000000e+03
5.502905273437500000e+03
7.456255371093750000e+03
5.640519531250000000e+03
5.330895996093750000e+03
7.224865234375000000e+03
6.097440429687500000e+03
4.576201171875000000e+03
5.171205566406250000e+03
6.084634277343750000e+03
4.744240234375000000e+03
4.856054687500000000e+03
4.524277343750000000e+03
4.548792480468750000e+03
3.796666748046875000e+03
4.007541503906250000e+03
3.412745605468750000e+03
4.598429199218750000e+03
3.381290039062500000e+03
3.731720703125000000e+03
4.669586914062500000e+03
3.931156250000000000e+03
5.052880859375000000e+03
3.307824218750000000e+03
3.808902587890625000e+03
4.369663085937500000e+03
5.880748046875000000e+03
5.250197265625000000e+03
3.275793457031250000e+03
4.058876708984375000e+03
3.745575439453125000e+03
3.919636718750000000e+03
3.466446289062500000e+03
3.428203125000000000e+03
4.025952636718750000e+03
5.743493652343750000e+03
6.607710937500000000e+03
5.518083984375000000e+03
5.453534179687500000e+03
6.835242187500000000e+03
4.935843750000000000e+03
5.006759765625000000e+03
4.139034179687500000e+03
4.309514648437500000e+03
4.735923828125000000e+03
4.134226074218750000e+03
4.373001953125000000e+03
5.025329101562500000e+03
5.294234863281250000e+03
3.970760253906250000e+03
4.110067871093750000e+03
5.500923828125000000e+03
5.087370605468750000e+03
3.638452636718750000e+03
3.959800537109375000e+03
3.436146728515625000e+03
3.703852050781250000e+03
4.641061523437500000e+03
4.278186523437500000e+03
3.436769042968750000e+03
2.994767578125000000e+03
3.338333007812500000e+03
4.377665527343750000e+03
3.590106445312500000e+03
3.455683349609375000e+03
4.093867919921875000e+03
3.565317626953125000e+03
4.296529296875000000e+03
3.948166503906250000e+03
4.652572265625000000e+03
3.466149169921875000e+03
3.216839355468750000e+03
4.501112792968750000e+03
3.404783935546875000e+03
3.575534179687500000e+03
3.811251953125000000e+03
3.812544433593750000e+03
5.715602539062500000e+03
4.641645996093750000e+03
4.440116210937500000e+03
4.074643066406250000e+03
3.852699218750000000e+03
5.254311523437500000e+03
3.873355468750000000e+03
5.250721679687500000e+03
3.748354492187500000e+03
6.129657226562500000e+03
5.998566894531250000e+03
5.207147949218750000e+03
4.027574462890625000e+03
5.508799804687500000e+03
5.845730468750000000e+03
8.675531250000000000e+03
5.907884765625000000e+03
7.228926757812500000e+03
4.760940429687500000e+03
5.880937500000000000e+03
9.123378906250000000e+03
6.782361328125000000e+03
5.909068847656250000e+03
6.042777832031250000e+03
6.053177734375000000e+03
4.467165527343750000e+03
5.059241210937500000e+03
5.488166015625000000e+03
6.235879882812500000e+03
8.280308593750000000e+03
6.977991210937500000e+03
6.655118652343750000e+03
6.006708007812500000e+03
4.393307128906250000e+03
6.966450195312500000e+03
6.952562988281250000e+03
5.633947753906250000e+03
6.506307128906250000e+03
4.641803222656250000e+03
4.952575195312500000e+03
5.094601562500000000e+03
4.293068359375000000e+03
4.107491699218750000e+03
6.227792968750000000e+03
6.151223144531250000e+03
4.705014648437500000e+03
5.325304687500000000e+03
5.798692382812500000e+03
6.614410644531250000e+03
6.526890136718750000e+03
1.014913867187500000e+04
5.463027343750000000e+03
5.795884277343750000e+03
4.921713378906250000e+03
5.660164062500000000e+03
4.217215332031250000e+03
6.493429199218750000e+03
7.687275878906250000e+03
5.852386718750000000e+03
5.606060546875000000e+03
6.392526855468750000e+03
8.256690429687500000e+03
6.262691406250000000e+03
7.169925781250000000e+03
8.142369628906250000e+03
8.989392578125000000e+03
7.700705078125000000e+03
8.238464843750000000e+03
9.700255859375000000e+03
6.302659667968750000e+03
7.329737304687500000e+03
5.522832519531250000e+03
6.549885253906250000e+03
6.035821289062500000e+03
6.407173828125000000e+03
5.599517089843750000e+03
7.240747070312500000e+03
5.980222167968750000e+03
6.558489746093750000e+03
7.371537109375000000e+03
5.565738281250000000e+03
6.070256347656250000e+03
8.214159179687500000e+03
5.440174804687500000e+03
5.617285156250000000e+03
5.647840820312500000e+03
5.690061523437500000e+03
4.973633789062500000e+03
6.447738281250000000e+03
6.213280273437500000e+03
6.143991699218750000e+03
5.103375000000000000e+03
6.378730468750000000e+03
