2.441382912000000000e+09
1.092095692800000000e+10
1.595756032000000000e+10
2.030630707200000000e+10
2.997984665600000000e+10
3.001597542400000000e+10
3.367444480000000000e+10
3.496746598400000000e+10
3.516951347200000000e+10
3.305431654400000000e+10
3.121778892800000000e+10
2.972481331200000000e+10
2.898334924800000000e+10
3.032267571200000000e+10
3.014294323200000000e+10
2.897606451200000000e+10
2.846278656000000000e+10
2.952832204800000000e+10
3.264116121600000000e+10
3.447350067200000000e+10
3.727311667200000000e+10
3.862414131200000000e+10
3.831551180800000000e+10
3.695552921600000000e+10
3.726213939200000000e+10
3.435846041600000000e+10
3.390093312000000000e+10
3.365820416000000000e+10
3.438664908800000000e+10
3.466761830400000000e+10
3.310775091200000000e+10
3.180361113600000000e+10
3.207720550400000000e+10
3.044813414400000000e+10
2.920951398400000000e+10
2.918250496000000000e+10
2.876390400000000000e+10
2.830492876800000000e+10
2.702187110400000000e+10
2.682448486400000000e+10
2.559928320000000000e+10
2.469363302400000000e+10
2.333295820800000000e+10
2.296620236800000000e+10
2.199996825600000000e+10
2.175007129600000000e+10
2.038850355200000000e+10
1.949100851200000000e+10
1.855916646400000000e+10
1.733267456000000000e+10
1.675558297600000000e+10
1.516394598400000000e+10
1.366695219200000000e+10
1.314054758400000000e+10
1.210847846400000000e+10
1.089146675200000000e+10
9.235734528000000000e+09
7.763535360000000000e+09
6.669190656000000000e+09
5.287595008000000000e+09
3.755357440000000000e+09
2.171078656000000000e+09
2.064589824000000000e+09
1.736916992000000000e+09
1.726432000000000000e+09
1.560916992000000000e+09
1.397261952000000000e+09
1.416140672000000000e+09
1.331564800000000000e+09
1.275468416000000000e+09
1.293470720000000000e+09
1.294240512000000000e+09
1.158854144000000000e+09
1.139256704000000000e+09
1.068432704000000000e+09
1.051600896000000000e+09
1.065733632000000000e+09
9.908947840000000000e+08
9.183704320000000000e+08
8.730030080000000000e+08
9.579265280000000000e+08
8.847905920000000000e+08
8.253761920000000000e+08
7.755197440000000000e+08
7.758048640000000000e+08
7.203308800000000000e+08
6.688693760000000000e+08
6.826684160000000000e+08
7.464590080000000000e+08
7.068671360000000000e+08
6.700599040000000000e+08
7.440711680000000000e+08
5.895728000000000000e+08
6.284328960000000000e+08
6.749582080000000000e+08
5.915135360000000000e+08
6.789185280000000000e+08
5.898071040000000000e+08
5.620780800000000000e+08
6.993314560000000000e+08
5.771337600000000000e+08
6.548880640000000000e+08
5.646816640000000000e+08
6.237137920000000000e+08
6.689797760000000000e+08
7.042369280000000000e+08
6.407232640000000000e+08
6.221798400000000000e+08
6.191271040000000000e+08
6.867260800000000000e+08
6.433045120000000000e+08
7.323042560000000000e+08
6.517237760000000000e+08
6.517214080000000000e+08
5.977431040000000000e+08
6.361059200000000000e+08
6.329184000000000000e+08
6.959791360000000000e+08
5.995045120000000000e+08
6.187614080000000000e+08
6.956519040000000000e+08
6.544395520000000000e+08
6.608510720000000000e+08
6.226481920000000000e+08
5.796450560000000000e+08
6.718451840000000000e+08
7.161758720000000000e+08
5.812128000000000000e+08
6.005940480000000000e+08
6.296137600000000000e+08
5.796798080000000000e+08
7.269602560000000000e+08
6.026994560000000000e+08
7.102519040000000000e+08
6.635080960000000000e+08
6.785409280000000000e+08
6.932890880000000000e+08
6.530676480000000000e+08
7.052650880000000000e+08
5.726245760000000000e+08
5.991891840000000000e+08
5.930427520000000000e+08
6.809452800000000000e+08
6.575684480000000000e+08
7.596672640000000000e+08
5.886609920000000000e+08
6.410138240000000000e+08
6.897189120000000000e+08
6.383688320000000000e+08
5.858684800000000000e+08
7.616984320000000000e+08
5.721710720000000000e+08
6.886960640000000000e+08
7.011388160000000000e+08
6.417772800000000000e+08
7.068212480000000000e+08
7.166728960000000000e+08
6.350886400000000000e+08
7.095205120000000000e+08
6.202827520000000000e+08
6.361597440000000000e+08
6.992037760000000000e+08
6.902191360000000000e+08
6.627399040000000000e+08
7.257993600000000000e+08
6.684128640000000000e+08
6.937137280000000000e+08
6.278718080000000000e+08
6.312376320000000000e+08
7.029996800000000000e+08
6.331692160000000000e+08
6.265276160000000000e+08
6.826854400000000000e+08
7.560588800000000000e+08
6.942437760000000000e+08
6.866508800000000000e+08
6.451659520000000000e+08
6.976554240000000000e+08
7.789930240000000000e+08
7.479293440000000000e+08
7.612610560000000000e+08
7.053406080000000000e+08
7.367503360000000000e+08
6.128350720000000000e+08
5.342539840000000000e+08
7.490684800000000000e+08
6.857315200000000000e+08
7.256192000000000000e+08
6.371457280000000000e+08
6.237459840000000000e+08
6.311249920000000000e+08
6.277361280000000000e+08
6.022413440000000000e+08
6.128267520000000000e+08
5.977251200000000000e+08
6.645737600000000000e+08
6.601909120000000000e+08
5.856380160000000000e+08
5.939680000000000000e+08
6.252550400000000000e+08
6.624978560000000000e+08
6.183295360000000000e+08
6.147964800000000000e+08
6.358020480000000000e+08
6.887871360000000000e+08
6.631998720000000000e+08
6.537703040000000000e+08
6.826672000000000000e+08
6.567711360000000000e+08
6.354213760000000000e+08
7.267120000000000000e+08
7.369611520000000000e+08
6.517394560000000000e+08
6.751849600000000000e+08
5.922000000000000000e+08
6.893034880000000000e+08
7.199200000000000000e+08
6.569478400000000000e+08
6.736638720000000000e+08
5.677699200000000000e+08
7.817744000000000000e+08
7.087686400000000000e+08
6.600853120000000000e+08
6.708107520000000000e+08
6.063299840000000000e+08
6.364972800000000000e+08
6.462759680000000000e+08
7.841314560000000000e+08
6.948923520000000000e+08
6.702490240000000000e+08
7.140561920000000000e+08
6.389609600000000000e+08
7.821251200000000000e+08
7.225363840000000000e+08
6.736853760000000000e+08
7.184823680000000000e+08
7.583191040000000000e+08
7.118506880000000000e+08
6.496435840000000000e+08
7.441521920000000000e+08
7.110069120000000000e+08
6.147248000000000000e+08
6.979345920000000000e+08
7.442115200000000000e+08
6.058959360000000000e+08
6.944059520000000000e+08
6.568029440000000000e+08
7.016474880000000000e+08
7.158823680000000000e+08
7.637009920000000000e+08
6.615681280000000000e+08
7.003530240000000000e+08
6.100618880000000000e+08
7.122163200000000000e+08
6.584538240000000000e+08
6.852419200000000000e+08
7.178506880000000000e+08
6.905941760000000000e+08
6.621215360000000000e+08
6.331896320000000000e+08
6.878590720000000000e+08
6.264671360000000000e+08
7.349194880000000000e+08
7.716104320000000000e+08
6.198705920000000000e+08
6.914894080000000000e+08
6.710950400000000000e+08
7.345519360000000000e+08
7.799905920000000000e+08
7.059362560000000000e+08
6.770536960000000000e+08
7.060087040000000000e+08
7.751627520000000000e+08
7.307575040000000000e+08
7.280610560000000000e+08
6.529921280000000000e+08
7.735566080000000000e+08
7.050469120000000000e+08
6.730170240000000000e+08
7.762081280000000000e+08
6.523579520000000000e+08
6.780725760000000000e+08
6.935930880000000000e+08
6.797789440000000000e+08
7.363450880000000000e+08
7.648926720000000000e+08
7.192469760000000000e+08
7.647995520000000000e+08
6.180053760000000000e+08
6.148601600000000000e+08
6.934001920000000000e+08
6.571486720000000000e+08
7.173162240000000000e+08
7.040714880000000000e+08
6.362753280000000000e+08
7.307380480000000000e+08
6.845115520000000000e+08
6.713067520000000000e+08
6.713692160000000000e+08
6.868967680000000000e+08
6.411448320000000000e+08
6.509420160000000000e+08
6.283288320000000000e+08
6.519809920000000000e+08
7.588694400000000000e+08
6.608305280000000000e+08
7.865301120000000000e+08
7.782616320000000000e+08
6.752969600000000000e+08
6.931800960000000000e+08
7.225848960000000000e+08
6.749820800000000000e+08
6.194935040000000000e+08
6.220881280000000000e+08
7.810840960000000000e+08
6.442177920000000000e+08
6.749584640000000000e+08
5.882983680000000000e+08
8.592849920000000000e+08
6.770031360000000000e+08
8.237080960000000000e+08
6.546025600000000000e+08
7.777685760000000000e+08
7.993776000000000000e+08
7.583878400000000000e+08
7.614140160000000000e+08
6.619696640000000000e+08
7.344569600000000000e+08
7.296851200000000000e+08
7.203155840000000000e+08
6.009299840000000000e+08
6.455633280000000000e+08
6.790165760000000000e+08
6.770563840000000000e+08
7.326655360000000000e+08
7.469090560000000000e+08
6.344400640000000000e+08
7.085807360000000000e+08
7.697506560000000000e+08
7.877286400000000000e+08
7.354336000000000000e+08
7.829358080000000000e+08
7.154378880000000000e+08
6.916655360000000000e+08
6.947429120000000000e+08
6.659720960000000000e+08
7.446403840000000000e+08
8.122346240000000000e+08
6.433351040000000000e+08
6.732037120000000000e+08
6.863458560000000000e+08
6.532823680000000000e+08
6.252586240000000000e+08
7.248062080000000000e+08
7.260654080000000000e+08
7.254786560000000000e+08
6.892475520000000000e+08
7.719671040000000000e+08
7.069758720000000000e+08
7.016597760000000000e+08
7.072003200000000000e+08
6.528855040000000000e+08
8.170733440000000000e+08
7.250484480000000000e+08
7.009742080000000000e+08
6.805803520000000000e+08
6.908629760000000000e+08
6.983623680000000000e+08
7.539521920000000000e+08
7.115807360000000000e+08
7.528958080000000000e+08
8.084689280000000000e+08
7.809767040000000000e+08
8.393366400000000000e+08
6.461730560000000000e+08
7.252302720000000000e+08
7.645408640000000000e+08
6.156837760000000000e+08
7.429322880000000000e+08
6.867109120000000000e+08
6.753583360000000000e+08
7.723481600000000000e+08
6.820209920000000000e+08
7.069023360000000000e+08
7.401868800000000000e+08
7.012196480000000000e+08
7.000318720000000000e+08
7.308668160000000000e+08
6.851432320000000000e+08
6.894696960000000000e+08
7.511080320000000000e+08
7.224732160000000000e+08
6.479582080000000000e+08
6.380271360000000000e+08
6.646074240000000000e+08
6.224359680000000000e+08
8.093556480000000000e+08
8.522533760000000000e+08
7.424266240000000000e+08
6.842394880000000000e+08
7.353048960000000000e+08
7.242588800000000000e+08
6.851584000000000000e+08
6.736672000000000000e+08
6.527000960000000000e+08
6.585854720000000000e+08
6.168254080000000000e+08
6.403692800000000000e+08
7.759006080000000000e+08
7.313754240000000000e+08
8.799020800000000000e+08
7.128408320000000000e+08
6.616506880000000000e+08
7.844012800000000000e+08
7.697178240000000000e+08
6.129176320000000000e+08
6.865283840000000000e+08
6.960849280000000000e+08
7.106832000000000000e+08
6.311897600000000000e+08
7.664218240000000000e+08
6.531932160000000000e+08
6.905292160000000000e+08
6.558603520000000000e+08
6.383155840000000000e+08
7.258822400000000000e+08
5.833349760000000000e+08
7.308192000000000000e+08
7.279143040000000000e+08
6.247887360000000000e+08
7.591246080000000000e+08
7.106798720000000000e+08
6.676636160000000000e+08
6.594446080000000000e+08
5.661588480000000000e+08
7.686067840000000000e+08
7.391984640000000000e+08
7.045839360000000000e+08
6.524852480000000000e+08
7.590838400000000000e+08
6.930048640000000000e+08
7.868987520000000000e+08
7.156530560000000000e+08
6.945226240000000000e+08
6.719210880000000000e+08
7.743662720000000000e+08
7.105047680000000000e+08
6.612654080000000000e+08
7.300233600000000000e+08
6.396558080000000000e+08
6.880572160000000000e+08
6.924919040000000000e+08
7.196167680000000000e+08
7.136138880000000000e+08
7.653064960000000000e+08
6.826633600000000000e+08
6.200528640000000000e+08
7.150552960000000000e+08
7.457048320000000000e+08
6.909945600000000000e+08
5.558189440000000000e+08
7.707718400000000000e+08
5.889692800000000000e+08
6.982389760000000000e+08
7.457002880000000000e+08
7.318752640000000000e+08
6.329242240000000000e+08
7.252199040000000000e+08
7.377063680000000000e+08
6.943091200000000000e+08
6.414611200000000000e+08
6.864410880000000000e+08
7.116273280000000000e+08
7.325557120000000000e+08
7.805692160000000000e+08
6.880323840000000000e+08
6.761726080000000000e+08
7.295230720000000000e+08
6.708944640000000000e+08
6.359478400000000000e+08
6.752263680000000000e+08
6.768276480000000000e+08
6.363081600000000000e+08
6.603720960000000000e+08
6.501899520000000000e+08
6.922269440000000000e+08
6.718922240000000000e+08
7.056220160000000000e+08
7.846947200000000000e+08
6.430328320000000000e+08
7.637265280000000000e+08
7.962672000000000000e+08
6.938419200000000000e+08
5.860024960000000000e+08
7.049855360000000000e+08
7.455466240000000000e+08
6.767546240000000000e+08
6.871833600000000000e+08
7.844612480000000000e+08
7.167392000000000000e+08
6.832221440000000000e+08
6.901665280000000000e+08
7.286597760000000000e+08
8.008965120000000000e+08
6.757820160000000000e+08
7.786652800000000000e+08
6.890672640000000000e+08
6.954704000000000000e+08
7.140579840000000000e+08
7.192748800000000000e+08
7.085172480000000000e+08
8.382690560000000000e+08
6.828798720000000000e+08
6.500812160000000000e+08
7.407619840000000000e+08
7.763738880000000000e+08
7.264378880000000000e+08
7.108850560000000000e+08
7.590914560000000000e+08
6.942832000000000000e+08
7.135630080000000000e+08
7.552121600000000000e+08
7.995688320000000000e+08
7.033551360000000000e+08
6.763854080000000000e+08
8.125280000000000000e+08
7.279324800000000000e+08
6.215385600000000000e+08
7.503146240000000000e+08
7.260055040000000000e+08
7.384126720000000000e+08
6.820651520000000000e+08
6.675623680000000000e+08
6.680411520000000000e+08
8.418408320000000000e+08
6.491966720000000000e+08
6.794490240000000000e+08
7.523986560000000000e+08
7.416567040000000000e+08
6.617611520000000000e+08
7.165623680000000000e+08
6.711852160000000000e+08
7.192075520000000000e+08
6.729499520000000000e+08
6.724173440000000000e+08
5.932759680000000000e+08
8.260601600000000000e+08
6.614224640000000000e+08
7.202354560000000000e+08
6.931424000000000000e+08
7.405758720000000000e+08
7.099746560000000000e+08
7.351127040000000000e+08
7.404688000000000000e+08
8.241415680000000000e+08
7.742308480000000000e+08
6.989738880000000000e+08
7.553681920000000000e+08
7.363490560000000000e+08
6.998839040000000000e+08
8.592389120000000000e+08
7.958667520000000000e+08
6.937711360000000000e+08
7.095733120000000000e+08
8.351069440000000000e+08
7.906551680000000000e+08
7.094645760000000000e+08
6.398606080000000000e+08
8.199027840000000000e+08
6.838664320000000000e+08
6.850525440000000000e+08
7.149327360000000000e+08
8.317775360000000000e+08
6.937491200000000000e+08
8.021760000000000000e+08
6.349723520000000000e+08
8.043377280000000000e+08
7.866507520000000000e+08
6.849638400000000000e+08
6.792311040000000000e+08
7.753904640000000000e+08
5.490129920000000000e+08
7.375709440000000000e+08
5.896820480000000000e+08
6.559226240000000000e+08
7.334334720000000000e+08
6.458452480000000000e+08
7.334835840000000000e+08
6.611778560000000000e+08
6.347635200000000000e+08
6.913537920000000000e+08
7.506958080000000000e+08
7.022823040000000000e+08
7.006816000000000000e+08
6.866218240000000000e+08
7.281429760000000000e+08
7.852809600000000000e+08
6.535642240000000000e+08
8.069585280000000000e+08
6.359712000000000000e+08
8.891676800000000000e+08
8.049235200000000000e+08
6.709792000000000000e+08
5.835619840000000000e+08
7.678181120000000000e+08
6.796053120000000000e+08
7.988081280000000000e+08
5.789336960000000000e+08
7.117590400000000000e+08
7.258208640000000000e+08
7.094663040000000000e+08
7.601665280000000000e+08
5.029850560000000000e+08
6.537096960000000000e+08
7.595879040000000000e+08
6.825623040000000000e+08
7.700874240000000000e+08
6.903653120000000000e+08
6.601790080000000000e+08
7.392226560000000000e+08
6.706259200000000000e+08
6.201350400000000000e+08
7.182151680000000000e+08
7.830122240000000000e+08
6.759312000000000000e+08
6.039585920000000000e+08
7.025045760000000000e+08
7.912649600000000000e+08
7.321403520000000000e+08
7.415410560000000000e+08
7.186868480000000000e+08
7.137644800000000000e+08
6.928608640000000000e+08
7.681723520000000000e+08
8.069561600000000000e+08
7.778085120000000000e+08
7.202573440000000000e+08
8.345271040000000000e+08
7.869577600000000000e+08
6.613646080000000000e+08
7.023376640000000000e+08
7.004305920000000000e+08
7.418922240000000000e+08
6.223192320000000000e+08
7.455845760000000000e+08
6.282751360000000000e+08
6.220594560000000000e+08
6.611264000000000000e+08
7.171409920000000000e+08
6.762772480000000000e+08
7.430137600000000000e+08
7.268446080000000000e+08
6.976413440000000000e+08
7.128624640000000000e+08
6.796127360000000000e+08
7.889655040000000000e+08
6.750549120000000000e+08
5.896365440000000000e+08
6.729432960000000000e+08
6.907145600000000000e+08
9.170764800000000000e+08
6.898444160000000000e+08
7.541761920000000000e+08
7.272199040000000000e+08
6.492514560000000000e+08
7.660176000000000000e+08
6.670291200000000000e+08
8.165900800000000000e+08
7.726152960000000000e+08
7.541532800000000000e+08
6.374672640000000000e+08
7.506860160000000000e+08
6.104715520000000000e+08
7.421977600000000000e+08
7.045805440000000000e+08
7.006035200000000000e+08
8.005565440000000000e+08
6.720133760000000000e+08
7.654834560000000000e+08
7.035720320000000000e+08
6.725655040000000000e+08
7.090734720000000000e+08
8.019475840000000000e+08
7.597664000000000000e+08
7.625735040000000000e+08
5.863822080000000000e+08
7.100076800000000000e+08
7.635333760000000000e+08
7.747920640000000000e+08
7.091836160000000000e+08
7.077554560000000000e+08
6.791991040000000000e+08
6.732629760000000000e+08
7.443541120000000000e+08
7.152176000000000000e+08
6.949901440000000000e+08
7.500068480000000000e+08
7.375833600000000000e+08
6.635562880000000000e+08
7.187960320000000000e+08
7.191064320000000000e+08
6.669725440000000000e+08
6.884618880000000000e+08
7.526730880000000000e+08
8.409013120000000000e+08
6.706819840000000000e+08
7.397829120000000000e+08
6.557120640000000000e+08
7.621896960000000000e+08
6.508452480000000000e+08
6.310342400000000000e+08
7.177464960000000000e+08
6.871466240000000000e+08
7.178565120000000000e+08
6.854684160000000000e+08
7.399486720000000000e+08
6.985221120000000000e+08
6.810374400000000000e+08
5.462138240000000000e+08
8.029123840000000000e+08
7.338078720000000000e+08
7.398045440000000000e+08
6.962827520000000000e+08
6.631053440000000000e+08
6.667876480000000000e+08
7.359694080000000000e+08
6.346999040000000000e+08
7.598022400000000000e+08
7.635708160000000000e+08
7.108443520000000000e+08
7.416179840000000000e+08
7.634574080000000000e+08
7.452965760000000000e+08
6.217871360000000000e+08
7.221113600000000000e+08
7.565214080000000000e+08
8.499640960000000000e+08
7.279834240000000000e+08
6.413820160000000000e+08
8.119916800000000000e+08
9.215427840000000000e+08
7.028982400000000000e+08
6.813472000000000000e+08
6.746919680000000000e+08
7.584634240000000000e+08
6.855535360000000000e+08
7.556755840000000000e+08
7.421566080000000000e+08
6.442384640000000000e+08
7.732218880000000000e+08
7.253072640000000000e+08
7.771059200000000000e+08
6.447480320000000000e+08
7.271402240000000000e+08
6.878391040000000000e+08
7.608238080000000000e+08
7.155697280000000000e+08
7.315791360000000000e+08
7.339001600000000000e+08
7.394895360000000000e+08
6.891395200000000000e+08
6.720259840000000000e+08
7.454197120000000000e+08
7.418146560000000000e+08
6.793299840000000000e+08
6.936632960000000000e+08
6.875205120000000000e+08
6.779440000000000000e+08
6.886283520000000000e+08
7.741468800000000000e+08
6.898476800000000000e+08
7.333344640000000000e+08
7.573135360000000000e+08
7.812838400000000000e+08
7.558549120000000000e+08
7.755929600000000000e+08
6.573407360000000000e+08
6.208659840000000000e+08
6.884736000000000000e+08
7.450633600000000000e+08
6.902728320000000000e+08
7.983258880000000000e+08
6.712415360000000000e+08
6.645923840000000000e+08
7.618134400000000000e+08
7.756550400000000000e+08
7.209389440000000000e+08
7.940595840000000000e+08
6.755106560000000000e+08
7.973242240000000000e+08
8.775619840000000000e+08
7.745683200000000000e+08
6.712444800000000000e+08
7.297199360000000000e+08
6.617227520000000000e+08
7.045970560000000000e+08
7.857276160000000000e+08
6.321127040000000000e+08
6.952789760000000000e+08
6.983448320000000000e+08
7.239123200000000000e+08
6.630033920000000000e+08
7.938889600000000000e+08
6.148314880000000000e+08
6.932035840000000000e+08
6.913455360000000000e+08
7.204404480000000000e+08
8.054062080000000000e+08
7.305802880000000000e+08
6.087123200000000000e+08
6.632543360000000000e+08
6.418462080000000000e+08
5.623420800000000000e+08
6.370407680000000000e+08
6.907482880000000000e+08
6.810298240000000000e+08
7.539111040000000000e+08
6.963679360000000000e+08
6.854899840000000000e+08
8.373823360000000000e+08
7.309480320000000000e+08
7.280035840000000000e+08
6.625753600000000000e+08
6.619107200000000000e+08
6.634247680000000000e+08
6.914327040000000000e+08
6.577128960000000000e+08
8.301542400000000000e+08
7.946337920000000000e+08
7.146176000000000000e+08
7.765249280000000000e+08
6.231583360000000000e+08
7.250899200000000000e+08
7.319091840000000000e+08
9.259260800000000000e+08
8.623056000000000000e+08
7.516939520000000000e+08
7.118428160000000000e+08
7.806331520000000000e+08
6.921840640000000000e+08
7.290330880000000000e+08
6.262533760000000000e+08
6.673012480000000000e+08
7.183271680000000000e+08
7.887434240000000000e+08
7.016768000000000000e+08
7.509167360000000000e+08
7.406260480000000000e+08
7.487327360000000000e+08
7.406725760000000000e+08
6.972531840000000000e+08
7.296137600000000000e+08
8.032200960000000000e+08
7.779492480000000000e+08
7.644855680000000000e+08
7.066547200000000000e+08
6.358160640000000000e+08
6.784727680000000000e+08
6.143786240000000000e+08
7.777319680000000000e+08
6.283097600000000000e+08
7.452417920000000000e+08
7.198219520000000000e+08
7.458454400000000000e+08
7.433843840000000000e+08
6.959280640000000000e+08
6.439449600000000000e+08
6.313114880000000000e+08
7.642167040000000000e+08
6.113542400000000000e+08
6.869490560000000000e+08
7.104535680000000000e+08
7.549911680000000000e+08
7.841516800000000000e+08
6.755812480000000000e+08
8.231566720000000000e+08
8.250951680000000000e+08
7.505305600000000000e+08
7.148947840000000000e+08
6.228879360000000000e+08
6.623606400000000000e+08
7.857288960000000000e+08
6.625568000000000000e+08
7.430399360000000000e+08
7.142335360000000000e+08
7.226858240000000000e+08
8.062040960000000000e+08
6.643048960000000000e+08
6.807599360000000000e+08
7.240023680000000000e+08
7.670568960000000000e+08
8.599650560000000000e+08
7.305698560000000000e+08
7.555886720000000000e+08
7.578831360000000000e+08
6.705376640000000000e+08
8.152346880000000000e+08
7.478399360000000000e+08
7.109685120000000000e+08
8.972572800000000000e+08
7.660965760000000000e+08
7.164813440000000000e+08
7.443039360000000000e+08
7.157768960000000000e+08
7.464415360000000000e+08
6.732709760000000000e+08
6.594810240000000000e+08
7.090502400000000000e+08
7.717558400000000000e+08
6.500241280000000000e+08
6.863210240000000000e+08
6.571072640000000000e+08
6.812104960000000000e+08
7.181788800000000000e+08
8.159747200000000000e+08
7.676119040000000000e+08
8.469737600000000000e+08
7.668577280000000000e+08
7.642976000000000000e+08
7.434970880000000000e+08
5.947101440000000000e+08
6.593259520000000000e+08
7.622758400000000000e+08
7.492977280000000000e+08
7.318927360000000000e+08
8.919392000000000000e+08
6.570297600000000000e+08
8.391904000000000000e+08
7.873183360000000000e+08
7.499152000000000000e+08
7.181102720000000000e+08
6.910124800000000000e+08
7.440060800000000000e+08
7.134649600000000000e+08
6.931071360000000000e+08
6.588523520000000000e+08
8.050270720000000000e+08
7.038987520000000000e+08
6.632945920000000000e+08
6.561037440000000000e+08
7.436614400000000000e+08
7.025878400000000000e+08
7.282599040000000000e+08
6.521166080000000000e+08
7.783625600000000000e+08
6.945466240000000000e+08
7.163819520000000000e+08
7.426400640000000000e+08
7.799381120000000000e+08
7.474962560000000000e+08
6.457403520000000000e+08
7.381999360000000000e+08
7.695862400000000000e+08
7.667088640000000000e+08
6.725042560000000000e+08
6.742900480000000000e+08
7.938024960000000000e+08
7.039060480000000000e+08
6.543955840000000000e+08
8.089859840000000000e+08
7.339134720000000000e+08
7.089629440000000000e+08
7.529886080000000000e+08
6.823358720000000000e+08
6.979818880000000000e+08
7.782156800000000000e+08
6.329685120000000000e+08
7.165190400000000000e+08
7.404485120000000000e+08
6.950943360000000000e+08
7.415307520000000000e+08
7.649324800000000000e+08
7.594952960000000000e+08
7.058642560000000000e+08
7.179495040000000000e+08
6.958268160000000000e+08
6.819203200000000000e+08
7.210023040000000000e+08
7.540874880000000000e+08
8.055320960000000000e+08
7.896419200000000000e+08
7.529480320000000000e+08
6.869452800000000000e+08
7.395848960000000000e+08
7.212161280000000000e+08
6.760936960000000000e+08
6.944622080000000000e+08
7.702079360000000000e+08
8.139478400000000000e+08
8.786162560000000000e+08
7.438776320000000000e+08
7.517146240000000000e+08
7.116384000000000000e+08
7.253850240000000000e+08
5.837536000000000000e+08
7.277725440000000000e+08
6.423636480000000000e+08
6.910881280000000000e+08
8.780223360000000000e+08
7.708483200000000000e+08
7.382464000000000000e+08
7.607289600000000000e+08
6.935304960000000000e+08
7.368723200000000000e+08
7.156921600000000000e+08
7.082796800000000000e+08
7.738430080000000000e+08
7.329288960000000000e+08
6.282649600000000000e+08
6.627834240000000000e+08
6.561632000000000000e+08
7.296705280000000000e+08
7.677254400000000000e+08
6.084748160000000000e+08
7.515272960000000000e+08
8.120638720000000000e+08
6.944300160000000000e+08
8.113204480000000000e+08
6.896910080000000000e+08
7.963307520000000000e+08
7.758598400000000000e+08
7.156601600000000000e+08
7.808235520000000000e+08
7.233274880000000000e+08
6.736403200000000000e+08
6.433885440000000000e+08
6.800894720000000000e+08
6.868619520000000000e+08
7.608124160000000000e+08
7.819265920000000000e+08
7.730956800000000000e+08
6.574816000000000000e+08
7.507066240000000000e+08
7.131270400000000000e+08
7.368725120000000000e+08
6.780999680000000000e+08
6.689847040000000000e+08
6.979641600000000000e+08
6.544026880000000000e+08
6.810368000000000000e+08
7.262204160000000000e+08
6.403376640000000000e+08
6.201480960000000000e+08
7.447873280000000000e+08
6.633468160000000000e+08
6.619344640000000000e+08
6.134060800000000000e+08
6.718021760000000000e+08
6.876588800000000000e+08
7.380798720000000000e+08
6.907801600000000000e+08
6.990251520000000000e+08
7.137489280000000000e+08
8.136206720000000000e+08
7.299137280000000000e+08
6.460371840000000000e+08
7.872060800000000000e+08
7.653676800000000000e+08
7.290680960000000000e+08
7.956000000000000000e+08
6.494954240000000000e+08
7.768507520000000000e+08
7.294145280000000000e+08
7.128923520000000000e+08
7.831504640000000000e+08
6.701386240000000000e+08
7.055394560000000000e+08
7.543395840000000000e+08
7.910073600000000000e+08
8.272471040000000000e+08
6.704967680000000000e+08
7.633239680000000000e+08
7.058437120000000000e+08
7.287070720000000000e+08
7.737513600000000000e+08
7.442319360000000000e+08
7.048669440000000000e+08
7.083779840000000000e+08
7.087499520000000000e+08
6.542110080000000000e+08
7.376066560000000000e+08
7.061676800000000000e+08
8.585115520000000000e+08
7.547773440000000000e+08
7.918197120000000000e+08
7.628345600000000000e+08
8.137752320000000000e+08
7.906130560000000000e+08
7.344315520000000000e+08
6.752807680000000000e+08
7.734005760000000000e+08
7.459374720000000000e+08
6.926910080000000000e+08
7.281464960000000000e+08
7.222181120000000000e+08
6.628714240000000000e+08
6.732876800000000000e+08
7.740259200000000000e+08
7.075911680000000000e+08
6.693280640000000000e+08
8.249759360000000000e+08
6.946727040000000000e+08
7.139516800000000000e+08
7.800167680000000000e+08
7.776806400000000000e+08
7.566542080000000000e+08
7.431768320000000000e+08
7.322903040000000000e+08
6.604856320000000000e+08
7.025702400000000000e+08
8.014120960000000000e+08
8.939714560000000000e+08
6.914834560000000000e+08
7.518792960000000000e+08
7.765575680000000000e+08
7.016074880000000000e+08
6.903848320000000000e+08
7.219736960000000000e+08
7.841655040000000000e+08
6.582069120000000000e+08
7.197491200000000000e+08
7.251523200000000000e+08
7.431987200000000000e+08
7.130574080000000000e+08
8.639141760000000000e+08
6.539605120000000000e+08
7.481392000000000000e+08
8.499802240000000000e+08
8.657799040000000000e+08
7.102286080000000000e+08
7.379393280000000000e+08
7.026524160000000000e+08
8.771126400000000000e+08
7.332343040000000000e+08
7.677475840000000000e+08
7.012576000000000000e+08
6.596593920000000000e+08
7.501795840000000000e+08
8.301438720000000000e+08
8.394060800000000000e+08
7.433368320000000000e+08
6.964544000000000000e+08
6.357652480000000000e+08
6.848381440000000000e+08
7.777174400000000000e+08
7.928271360000000000e+08
6.823132800000000000e+08
7.966782720000000000e+08
7.717260800000000000e+08
7.631486720000000000e+08
7.478390400000000000e+08
7.958451200000000000e+08
6.917911680000000000e+08
7.254457600000000000e+08
6.974119680000000000e+08
7.103127680000000000e+08
7.144677760000000000e+08
7.118536960000000000e+08
7.648265600000000000e+08
7.889823360000000000e+08
6.445864320000000000e+08
8.070085760000000000e+08
7.201841920000000000e+08
7.655296000000000000e+08
6.523782400000000000e+08
6.727575680000000000e+08
9.007312000000000000e+08
7.015357440000000000e+08
7.440113280000000000e+08
7.960657280000000000e+08
6.225618560000000000e+08
6.513514240000000000e+08
6.229581440000000000e+08
6.941715200000000000e+08
6.840612480000000000e+08
6.836128000000000000e+08
6.885085440000000000e+08
6.681564800000000000e+08
6.176578560000000000e+08
8.363392640000000000e+08
8.268020480000000000e+08
6.404936320000000000e+08
7.501781120000000000e+08
7.105253120000000000e+08
7.937317120000000000e+08
6.828061440000000000e+08
7.224785280000000000e+08
7.292806400000000000e+08
6.571285760000000000e+08
8.361895680000000000e+08
6.712746240000000000e+08
7.178028160000000000e+08
7.251807360000000000e+08
7.249888000000000000e+08
6.246514560000000000e+08
6.701864960000000000e+08
7.190531200000000000e+08
7.484122880000000000e+08
8.125385600000000000e+08
6.823756160000000000e+08
7.578741120000000000e+08
7.015287040000000000e+08
7.070242560000000000e+08
7.857310720000000000e+08
6.417062400000000000e+08
7.273286400000000000e+08
6.788545280000000000e+08
6.688147200000000000e+08
8.081959040000000000e+08
7.748839040000000000e+08
7.466144640000000000e+08
6.579686400000000000e+08
7.126752640000000000e+08
7.692899840000000000e+08
7.694204800000000000e+08
6.484778240000000000e+08
7.935700480000000000e+08
8.713089280000000000e+08
7.115200000000000000e+08
7.186451200000000000e+08
5.862367360000000000e+08
7.109638400000000000e+08
6.808298240000000000e+08
7.146587520000000000e+08
5.508808960000000000e+08
7.077027840000000000e+08
7.275203200000000000e+08
6.854992640000000000e+08
7.224690560000000000e+08
7.614988800000000000e+08
7.832771840000000000e+08
7.662513280000000000e+08
6.288415360000000000e+08
7.944040960000000000e+08
7.188857600000000000e+08
6.458379520000000000e+08
7.639234560000000000e+08
7.427751040000000000e+08
7.691898240000000000e+08
8.480858880000000000e+08
7.059544320000000000e+08
7.129591040000000000e+08
7.065825280000000000e+08
7.064669440000000000e+08
6.938321280000000000e+08
8.370228480000000000e+08
6.897306880000000000e+08
7.204819200000000000e+08
7.631254400000000000e+08
7.125024000000000000e+08
8.106630400000000000e+08
6.835953920000000000e+08
6.944651520000000000e+08
7.698148480000000000e+08
7.927716480000000000e+08
7.560352000000000000e+08
7.131027840000000000e+08
7.830503040000000000e+08
7.666950400000000000e+08
6.935374080000000000e+08
6.757523840000000000e+08
7.602255360000000000e+08
7.761207680000000000e+08
6.819006720000000000e+08
6.713699840000000000e+08
7.439445760000000000e+08
6.320177280000000000e+08
6.284105600000000000e+08
7.493474560000000000e+08
7.612262400000000000e+08
5.758841600000000000e+08
8.244613760000000000e+08
7.867744000000000000e+08
7.326414720000000000e+08
7.334826240000000000e+08
7.472400640000000000e+08
7.052061440000000000e+08
7.515717760000000000e+08
6.403992320000000000e+08
6.093591040000000000e+08
6.772499840000000000e+08
7.089726720000000000e+08
5.655255040000000000e+08
6.511100160000000000e+08
7.014580480000000000e+08
7.182790400000000000e+08
6.375552640000000000e+08
6.701011200000000000e+08
7.253566080000000000e+08
5.501666560000000000e+08
6.435726080000000000e+08
6.883590400000000000e+08
7.255955840000000000e+08
6.622874240000000000e+08
7.540077440000000000e+08
6.760965760000000000e+08
6.338586240000000000e+08
6.414484480000000000e+08
6.558782720000000000e+08
7.619340160000000000e+08
7.585632000000000000e+08
8.048035200000000000e+08
7.458805760000000000e+08
6.962087680000000000e+08
5.583998080000000000e+08
6.720169600000000000e+08
7.544131840000000000e+08
7.009340800000000000e+08
6.702314240000000000e+08
6.253366400000000000e+08
5.855985920000000000e+08
6.532381440000000000e+08
6.642686720000000000e+08
6.760094720000000000e+08
6.717423360000000000e+08
7.494677120000000000e+08
8.161718400000000000e+08
6.273680640000000000e+08
7.512291840000000000e+08
7.499604480000000000e+08
7.211414400000000000e+08
6.766270080000000000e+08
7.582519680000000000e+08
6.384220800000000000e+08
7.420005120000000000e+08
6.752993920000000000e+08
8.312352000000000000e+08
7.164212480000000000e+08
7.284496000000000000e+08
5.726571520000000000e+08
6.576108800000000000e+08
6.400842880000000000e+08
7.215947520000000000e+08
6.968695680000000000e+08
6.828924160000000000e+08
6.757611520000000000e+08
7.525813120000000000e+08
6.497943680000000000e+08
7.025777280000000000e+08
7.518284800000000000e+08
8.216117120000000000e+08
6.511649920000000000e+08
7.227682560000000000e+08
7.240589440000000000e+08
7.433781120000000000e+08
6.531987200000000000e+08
7.532053120000000000e+08
6.271891200000000000e+08
5.801902080000000000e+08
6.851287680000000000e+08
7.901765120000000000e+08
6.553903360000000000e+08
6.801013760000000000e+08
7.552453760000000000e+08
7.154713600000000000e+08
8.023050880000000000e+08
7.152746880000000000e+08
6.209306880000000000e+08
6.662275200000000000e+08
7.187249920000000000e+08
7.298408960000000000e+08
5.826844800000000000e+08
6.954851200000000000e+08
6.929367040000000000e+08
6.567308800000000000e+08
7.445682560000000000e+08
8.211591040000000000e+08
7.637839360000000000e+08
6.923799680000000000e+08
5.774777600000000000e+08
6.805508480000000000e+08
7.221590400000000000e+08
6.291459840000000000e+08
6.541749120000000000e+08
7.215516160000000000e+08
6.291368320000000000e+08
7.158565120000000000e+08
6.348581120000000000e+08
6.756167680000000000e+08
6.993286400000000000e+08
7.076506880000000000e+08
6.694639360000000000e+08
6.579843200000000000e+08
6.869916800000000000e+08
8.022026880000000000e+08
7.674553600000000000e+08
8.533760000000000000e+08
7.470296960000000000e+08
7.407048320000000000e+08
7.186730240000000000e+08
6.429902080000000000e+08
6.948979840000000000e+08
6.564643840000000000e+08
8.239628800000000000e+08
7.447942400000000000e+08
7.515020160000000000e+08
6.686265600000000000e+08
7.554326400000000000e+08
8.882278400000000000e+08
8.067465600000000000e+08
7.515833600000000000e+08
6.510277760000000000e+08
6.914275840000000000e+08
8.456510080000000000e+08
7.050108800000000000e+08
7.332112640000000000e+08
6.490592000000000000e+08
6.905184640000000000e+08
7.287166080000000000e+08
6.610353280000000000e+08
6.248118400000000000e+08
6.879838720000000000e+08
7.200461440000000000e+08
6.919304960000000000e+08
6.971109760000000000e+08
6.794290560000000000e+08
7.002705280000000000e+08
6.350191360000000000e+08
6.597279360000000000e+08
6.561726720000000000e+08
7.071628800000000000e+08
7.493624320000000000e+08
7.367963520000000000e+08
8.006805120000000000e+08
7.288936960000000000e+08
7.813288960000000000e+08
6.934188800000000000e+08
7.289763200000000000e+08
6.630666880000000000e+08
6.961669120000000000e+08
7.488165760000000000e+08
6.446693120000000000e+08
6.770233600000000000e+08
6.570213760000000000e+08
6.697393280000000000e+08
6.912320640000000000e+08
7.765690240000000000e+08
7.230659840000000000e+08
7.464136960000000000e+08
6.518613760000000000e+08
7.993698560000000000e+08
8.796151680000000000e+08
7.411859200000000000e+08
7.315888000000000000e+08
6.375240320000000000e+08
6.343978880000000000e+08
5.782291200000000000e+08
6.472636800000000000e+08
7.243020160000000000e+08
7.325840000000000000e+08
6.785552000000000000e+08
5.877479040000000000e+08
6.464492160000000000e+08
7.080926720000000000e+08
6.553865600000000000e+08
7.227637120000000000e+08
7.109936640000000000e+08
7.419027200000000000e+08
7.102972800000000000e+08
6.754010880000000000e+08
7.598661760000000000e+08
6.982590720000000000e+08
6.815203200000000000e+08
6.880183040000000000e+08
7.843718400000000000e+08
7.150033280000000000e+08
6.446398080000000000e+08
7.478115840000000000e+08
6.756793600000000000e+08
5.942143360000000000e+08
7.937048960000000000e+08
6.914972160000000000e+08
6.515154560000000000e+08
7.010819840000000000e+08
7.078621440000000000e+08
8.682395520000000000e+08
7.096687360000000000e+08
7.222444160000000000e+08
5.939395840000000000e+08
7.598079360000000000e+08
8.384757760000000000e+08
6.873264640000000000e+08
7.951815680000000000e+08
6.080229120000000000e+08
7.435086720000000000e+08
8.680208640000000000e+08
8.891859200000000000e+08
7.226702720000000000e+08
6.533694720000000000e+08
7.086790400000000000e+08
8.001667840000000000e+08
6.943043840000000000e+08
7.214777600000000000e+08
7.290420480000000000e+08
8.013568640000000000e+08
7.076768640000000000e+08
6.810168960000000000e+08
5.915558400000000000e+08
7.485561600000000000e+08
7.817331840000000000e+08
