1.071336919756464886e+04
1.379373850503982430e+04
9.797836845781708689e+03
1.080805339286133676e+04
7.655216198934962449e+03
1.053673977569742055e+04
6.581706681694611689e+03
1.200810428129541833e+04
8.552046908868087485e+03
7.695565312482697664e+03
8.946479098137126130e+03
5.621160577575577918e+03
1.105223223066801984e+04
8.017201703737521711e+03
6.465580763197839588e+03
9.194468369219855958e+03
1.246803370255972914e+04
6.632458815846354810e+03
1.157290372782057966e+04
6.890185632156133579e+03
1.232399897065944060e+04
1.325802656761904291e+04
1.513557238447309282e+04
1.135496331336826916e+04
1.083272641972054953e+04
6.642982033198422869e+03
1.025016972917688145e+04
8.306926853215463780e+03
1.449696268305382364e+04
7.349575552895903456e+03
