-8.840000000000000000e+02
9.948195548745823544e+03
6.354140915325036076e+03
1.667773345346321003e+04
6.040246765271595905e+03
1.529935836886942161e+04
1.776011213605990633e+04
9.953073267573030535e+03
1.345543546227262777e+04
4.241240632958007154e+03
2.362056061713274539e+04
3.585100357476330100e+04
3.226322520025577251e+04
2.063563588234976578e+03
1.477720510506750361e+04
2.745729699558117863e+04
1.631359395057489019e+04
5.744200459721317748e+04
1.076982527950983058e+04
1.155681308568889290e+04
1.170664084425604960e+04
4.636876458542958517e+02
8.087679432984230516e+03
1.364077212168998449e+04
1.077061882415906257e+04
5.056015367174847597e+03
4.503904794037417741e+04
9.427229271076694204e+03
6.981075671730881368e+03
1.415698224263659358e+04
2.501311807987619613e+04
1.607414834680450986e+04
1.224537404856623107e+04
1.030020047989857994e+04
1.738821181407050972e+04
2.609680115451709526e+02
1.766260015527491851e+04
1.167348984629301867e+03
1.345575732148868519e+04
2.255340015863879671e+04
3.116963097084327455e+04
1.505171289256455930e+04
1.664978931662847799e+03
4.282066549490386024e+03
5.265770517365710475e+03
4.604579451229234110e+03
1.305462942870172810e+04
3.867936475837369653e+04
1.481776013755632675e+03
1.256808207187265361e+04
6.817799988461571047e+03
1.184795889146534819e+03
4.181362452832820054e+03
1.003292030322183382e+04
1.357009895416074505e+04
4.942448567067327531e+04
6.711879881838377514e+03
4.527268726600523223e+03
1.016278269815166823e+04
1.780064533408941315e+03
3.196054276021070109e+04
2.253186174582193416e+04
4.024523909509954137e+03
8.989837751368804675e+03
1.496149284462989453e+04
1.527053746422454424e+04
1.362873519626314010e+04
4.240035348982056348e+03
1.553667150888618744e+04
7.619813048920431356e+03
1.000589545238570281e+04
2.753819198951689032e+04
1.624774125378666940e+04
2.344845701017809552e+04
2.650184141462717525e+04
3.320826867221424618e+04
5.427914343608208583e+03
3.592209284839866996e+03
1.380563586761087572e+04
1.310719757588676475e+04
6.729977896904485533e+03
1.383798188387754271e+04
4.374934368255212576e+03
3.788952236390024336e+04
7.580424903143192751e+03
8.004702241066167517e+03
7.074967545677885937e+03
1.348849916113870313e+04
3.730270293609850796e+03
5.708629815361977307e+03
3.330730183475660851e+03
1.665839055064000422e+04
8.477873583784386938e+03
1.840850265100975957e+04
3.472516702258221630e+04
-7.771545211348663997e+02
1.335907100767833981e+03
8.476119624902505166e+03
1.632278806812168841e+04
1.314378906822069621e+04
2.589687507583558909e+04
1.498788949096218130e+04
1.257963520944559787e+04
2.734543973528509378e+04
4.604429298454441778e+03
7.799749755780349915e+03
1.358493837299387633e+04
1.037867084306644938e+04
2.150242423096331913e+04
3.262697307760694002e+03
6.232568903225763279e+03
5.812911382260433129e+03
1.689869293032622227e+04
3.101569168411438295e+04
1.812455686278686699e+04
5.623264407768250749e+03
7.447652462857824503e+03
4.388522125131442590e+04
9.670789468731340094e+03
4.228425910191755065e+03
1.857320904386835173e+04
1.037981697927512505e+04
2.073995081036854572e+03
9.606445400460186647e+03
7.732306562616901829e+03
2.932958169105966590e+03
2.518507667226641570e+04
4.637642291382858275e+03
6.308123819284545789e+03
1.129758836119742045e+04
8.883298683284285289e+03
5.207242707329210134e+03
7.104378475275067103e+03
1.421910546372997669e+04
9.565310328091209158e+03
2.909429165772586930e+04
1.503248541702486000e+04
1.333610816554580197e+04
1.156600084838387920e+04
2.377422381608361320e+04
1.241605908293054199e+04
2.238123506550697130e+04
9.878515335491043516e+03
4.452517662966892203e+03
3.247719840050873609e+04
1.771942362561393384e+04
1.327076347275719127e+04
1.240441341666554945e+04
1.137470656618941121e+03
1.068793142798008921e+04
2.814212380490370560e+04
1.768466820081061451e+04
1.845814732662819551e+03
3.386465422119848881e+03
1.243317196619394963e+04
5.600795857314554269e+03
1.130948741959634754e+04
1.852480830228377454e+04
1.152455067761864848e+04
4.159142261166865865e+03
3.661581852804356004e+03
6.198868081245315807e+03
6.251202133602878348e+03
2.018691650101876803e+03
1.801937922929216802e+04
6.044669842752843579e+03
3.760109291484488494e+03
5.603098315411011754e+03
3.389088883230139800e+03
1.384971312990165097e+04
1.509642493020312759e+04
2.904091804484033673e+03
1.459273011583459083e+04
8.674344687767605137e+03
2.447365845934321442e+03
1.380852716203922864e+04
1.528110698830618458e+04
4.748113792244099386e+03
1.210995702531807365e+04
6.495835170161646602e+03
8.253482330072465629e+03
1.801209842058803042e+04
2.572746705816513713e+04
3.543389852132607302e+03
2.668898497902334566e+04
-4.527143437476087797e+02
7.796569687121219431e+03
1.325547935488703297e+04
6.878249711228187152e+03
2.298463824355733777e+03
4.191254581050877459e+04
3.344872455276106484e+04
6.867878246669318287e+03
2.624191190066601121e+04
4.745469432899595631e+03
1.274644890588876842e+04
1.172441281412678654e+04
8.656151948581384204e+03
8.535124988481971741e+03
7.785271518566521991e+03
1.731045063741827107e+04
1.958118832406293586e+04
8.364692256879341585e+03
1.000782037903074524e+04
2.162811395588818777e+04
9.500085152197621937e+03
1.398908723372578788e+04
9.449378111536327197e+03
5.093910357555305382e+04
5.178082606369438508e+03
9.917798336116169594e+03
2.511874222084890062e+04
5.958038025991118047e+03
1.930476215915615285e+03
8.586239635022444418e+03
6.338928086930185964e+04
1.050589703431042290e+04
9.083879405019413866e+01
4.221786205769087246e+03
4.117682259688601334e+03
2.659722094682752504e+04
1.248303498895392295e+04
4.096719662949614758e+03
4.059823834454541065e+04
1.588424052283787751e+04
3.767833847521545977e+03
1.005152688762923935e+04
1.052246914536173608e+04
2.423187230645871023e+04
1.863656012166597066e+04
7.445181660088241188e+03
1.552929384886460139e+04
1.478074348448208184e+04
2.640193022917934741e+03
1.632055962956294206e+04
9.956624562855920885e+03
2.537927425347815006e+04
1.155849472264028736e+04
9.386406262485179468e+03
1.133268012822792662e+04
5.178540259383260491e+03
1.121367400254989207e+03
3.941257278769812729e+03
2.336692769218861940e+04
3.779393990494343143e+03
1.226415897623668388e+04
2.746358199666995279e+04
7.951539113358857321e+03
1.142876190392827266e+04
5.468944581753350576e+03
8.333823107928576064e+03
2.043333569398763939e+04
1.773883933125377553e+03
6.442530162463142915e+03
1.304850373605212917e+04
1.528297112623379871e+04
1.857605324950829890e+04
8.036518059697315948e+03
2.515450471751830992e+04
3.934344048910769743e+03
4.140979204952115651e+03
2.216110566185658172e+03
8.792197480131195334e+03
1.575340894950688016e+04
1.575697428184991077e+04
5.319613156155473553e+04
1.257173726198047734e+04
