5.299749946551221656e+05
5.485614752627486596e+05
4.387663262657189043e+05
4.331256112965067732e+05
4.242098380640252144e+05
4.198190008224154590e+05
4.588149132508634939e+05
4.433095047244929010e+05
5.066081392916034674e+05
3.769933459841636941e+05
5.214772920279629761e+05
5.004752544590834295e+05
4.967307219027093961e+05
4.696142913703802624e+05
4.220974431120880181e+05
4.253623217287844745e+05
5.251257723633231362e+05
4.247277123864048626e+05
5.217370383227961720e+05
4.755020157956877956e+05
5.673613854286507703e+05
4.829920220457379473e+05
5.718101640339710284e+05
3.841456718999212026e+05
4.765271330185101833e+05
4.623333727765489020e+05
4.502034167947770911e+05
4.777143980502958293e+05
4.621599271023378242e+05
4.746234350252483273e+05
