6.012582397460937500e+02
5.860736328125000000e+03
4.475457031250000000e+03
3.943904052734375000e+03
4.340659179687500000e+03
6.282084960937500000e+03
5.405423828125000000e+03
8.735865234375000000e+03
9.172605468750000000e+03
9.912427734375000000e+03
1.451284960937500000e+04
1.593597851562500000e+04
1.285445117187500000e+04
1.813881640625000000e+04
1.665647656250000000e+04
1.585971191406250000e+04
1.913532617187500000e+04
1.558225683593750000e+04
1.709937500000000000e+04
1.930765429687500000e+04
1.508044921875000000e+04
1.124147070312500000e+04
1.376292187500000000e+04
1.836900195312500000e+04
1.327899023437500000e+04
1.384483398437500000e+04
1.190321972656250000e+04
1.410380761718750000e+04
1.361506152343750000e+04
1.721775781250000000e+04
1.471450878906250000e+04
1.525915039062500000e+04
1.271782226562500000e+04
1.559223828125000000e+04
1.224428320312500000e+04
1.167647851562500000e+04
1.579551464843750000e+04
1.236798046875000000e+04
1.522874218750000000e+04
1.938272460937500000e+04
1.341649609375000000e+04
1.841625000000000000e+04
1.404782226562500000e+04
1.838572851562500000e+04
9.805983398437500000e+03
1.412527929687500000e+04
1.335018750000000000e+04
1.773011132812500000e+04
1.363176757812500000e+04
1.855541992187500000e+04
1.177127929687500000e+04
1.229209960937500000e+04
1.266749902343750000e+04
1.344179882812500000e+04
1.495782617187500000e+04
1.250375488281250000e+04
1.480068164062500000e+04
1.435792187500000000e+04
1.734027148437500000e+04
1.031297558593750000e+04
1.121384375000000000e+04
1.580662890625000000e+04
1.191845019531250000e+04
1.386955664062500000e+04
1.605180468750000000e+04
1.318174804687500000e+04
1.847177734375000000e+04
1.427271875000000000e+04
1.377414648437500000e+04
1.565281542968750000e+04
1.605550585937500000e+04
1.581662988281250000e+04
1.439032031250000000e+04
1.474753222656250000e+04
1.876515234375000000e+04
1.720476953125000000e+04
1.337222070312500000e+04
1.522963671875000000e+04
1.760996484375000000e+04
1.321887207031250000e+04
1.548798144531250000e+04
1.320785742187500000e+04
1.644727929687500000e+04
1.324729687500000000e+04
1.684559179687500000e+04
1.378219531250000000e+04
1.666473242187500000e+04
1.592973437500000000e+04
1.692561328125000000e+04
1.325343554687500000e+04
1.564593066406250000e+04
1.548110253906250000e+04
1.549630078125000000e+04
1.593153027343750000e+04
1.423467968750000000e+04
1.295856347656250000e+04
2.265044921875000000e+04
1.659213281250000000e+04
1.328931738281250000e+04
1.365824023437500000e+04
1.282209667968750000e+04
1.400919824218750000e+04
1.494567578125000000e+04
1.531470312500000000e+04
1.681769921875000000e+04
1.259419726562500000e+04
1.187299902343750000e+04
1.480954101562500000e+04
1.902932812500000000e+04
1.663371679687500000e+04
1.258124023437500000e+04
1.297032031250000000e+04
1.484977148437500000e+04
1.353140234375000000e+04
1.762506835937500000e+04
1.565015722656250000e+04
1.519623437500000000e+04
1.228175683593750000e+04
1.866361328125000000e+04
1.667515039062500000e+04
1.283918652343750000e+04
1.263163281250000000e+04
1.527394140625000000e+04
1.624812792968750000e+04
2.042182031250000000e+04
1.668290234375000000e+04
1.239720898437500000e+04
1.281074609375000000e+04
1.684368554687500000e+04
1.685500781250000000e+04
1.535434179687500000e+04
1.665549218750000000e+04
1.415903808593750000e+04
1.202213574218750000e+04
1.514306835937500000e+04
1.689668750000000000e+04
1.739411328125000000e+04
1.373831738281250000e+04
1.618840039062500000e+04
1.436263281250000000e+04
1.584097167968750000e+04
1.473419628906250000e+04
1.414393945312500000e+04
1.196301367187500000e+04
1.275995507812500000e+04
1.257121093750000000e+04
1.412371777343750000e+04
1.399453320312500000e+04
1.747183789062500000e+04
1.425120605468750000e+04
1.383356054687500000e+04
1.568259082031250000e+04
1.634222851562500000e+04
1.415242675781250000e+04
1.554416992187500000e+04
1.676665820312500000e+04
1.830690039062500000e+04
1.333703027343750000e+04
1.815075000000000000e+04
1.059436425781250000e+04
1.678678320312500000e+04
1.594650878906250000e+04
1.931829687500000000e+04
1.770840234375000000e+04
1.525403125000000000e+04
1.760324218750000000e+04
1.275901367187500000e+04
1.725279492187500000e+04
1.842452734375000000e+04
1.411440234375000000e+04
1.680511718750000000e+04
2.012238671875000000e+04
1.674505859375000000e+04
1.706319531250000000e+04
1.576133203125000000e+04
1.556910449218750000e+04
1.251595800781250000e+04
1.638509570312500000e+04
1.535517480468750000e+04
1.829784765625000000e+04
1.533848242187500000e+04
1.443303613281250000e+04
1.366326171875000000e+04
1.768095312500000000e+04
1.966811523437500000e+04
1.583096191406250000e+04
1.778492382812500000e+04
1.698235156250000000e+04
1.886669335937500000e+04
1.583276074218750000e+04
1.886879296875000000e+04
1.811058203125000000e+04
1.782200585937500000e+04
1.517357031250000000e+04
1.977162500000000000e+04
1.763508593750000000e+04
1.502217480468750000e+04
1.365642187500000000e+04
1.693536328125000000e+04
1.505622265625000000e+04
1.392076269531250000e+04
1.803479492187500000e+04
1.614032128906250000e+04
1.445488085937500000e+04
1.394503906250000000e+04
1.317361914062500000e+04
1.121840820312500000e+04
1.659187500000000000e+04
1.325173242187500000e+04
1.202632421875000000e+04
1.661146484375000000e+04
1.746843554687500000e+04
1.687292578125000000e+04
1.678590429687500000e+04
1.470956640625000000e+04
1.864919531250000000e+04
1.746598437500000000e+04
1.365671972656250000e+04
1.535900390625000000e+04
1.559318164062500000e+04
1.504562109375000000e+04
1.854345117187500000e+04
1.492690039062500000e+04
1.927431445312500000e+04
1.716285742187500000e+04
1.395783789062500000e+04
1.714560742187500000e+04
1.356458789062500000e+04
1.642955859375000000e+04
1.573633203125000000e+04
1.647692968750000000e+04
1.621111523437500000e+04
1.383677929687500000e+04
1.466594921875000000e+04
1.322544824218750000e+04
1.674223046875000000e+04
1.519895214843750000e+04
1.370374218750000000e+04
1.860245312500000000e+04
1.553129882812500000e+04
1.757789843750000000e+04
1.646841601562500000e+04
1.456060156250000000e+04
1.904399218750000000e+04
1.309051171875000000e+04
1.601550390625000000e+04
1.392436914062500000e+04
1.390131542968750000e+04
1.843626367187500000e+04
1.597966796875000000e+04
1.575599804687500000e+04
1.770730468750000000e+04
1.720068554687500000e+04
1.299511328125000000e+04
1.528889160156250000e+04
1.637644726562500000e+04
1.492257324218750000e+04
1.643034375000000000e+04
1.578255664062500000e+04
1.488276757812500000e+04
1.442681445312500000e+04
1.421201074218750000e+04
1.345771484375000000e+04
2.263825976562500000e+04
1.505228320312500000e+04
1.621372558593750000e+04
1.700417578125000000e+04
1.504125488281250000e+04
1.651576953125000000e+04
1.335751464843750000e+04
1.508331250000000000e+04
1.489859765625000000e+04
1.689797851562500000e+04
1.476880664062500000e+04
2.288424804687500000e+04
2.149145703125000000e+04
1.801659179687500000e+04
1.591746093750000000e+04
1.782920507812500000e+04
2.200856250000000000e+04
1.533644628906250000e+04
1.352552929687500000e+04
1.229077148437500000e+04
2.061540234375000000e+04
1.630439453125000000e+04
1.380210449218750000e+04
1.698534960937500000e+04
1.780998437500000000e+04
2.009041992187500000e+04
1.639997265625000000e+04
1.491972265625000000e+04
1.572818750000000000e+04
1.315720996093750000e+04
1.796509375000000000e+04
1.331320312500000000e+04
1.434339062500000000e+04
1.791130859375000000e+04
1.739419531250000000e+04
2.014518359375000000e+04
1.507225585937500000e+04
1.425703320312500000e+04
1.963713671875000000e+04
1.823928125000000000e+04
1.712627343750000000e+04
1.264093554687500000e+04
1.327245507812500000e+04
1.402891992187500000e+04
1.717825390625000000e+04
2.027508203125000000e+04
1.256030273437500000e+04
1.767593359375000000e+04
1.729846093750000000e+04
1.864027148437500000e+04
1.135642675781250000e+04
2.013541015625000000e+04
1.573513671875000000e+04
1.168134570312500000e+04
1.799998828125000000e+04
1.384376464843750000e+04
1.513189648437500000e+04
1.780315429687500000e+04
1.101754882812500000e+04
1.464778808593750000e+04
1.752618750000000000e+04
1.950439257812500000e+04
1.880575000000000000e+04
1.656750000000000000e+04
1.579846484375000000e+04
1.528848144531250000e+04
1.637434375000000000e+04
1.645024218750000000e+04
1.486212207031250000e+04
1.749053320312500000e+04
1.844699023437500000e+04
1.703303906250000000e+04
1.628728906250000000e+04
1.265142187500000000e+04
1.631471484375000000e+04
1.551238085937500000e+04
1.549904296875000000e+04
1.511961035156250000e+04
1.315726269531250000e+04
1.391314941406250000e+04
1.709294140625000000e+04
1.259027539062500000e+04
1.578971875000000000e+04
2.015147265625000000e+04
1.327976562500000000e+04
1.215139648437500000e+04
1.346850878906250000e+04
1.514692578125000000e+04
1.607512695312500000e+04
1.703016992187500000e+04
1.499075000000000000e+04
1.472627441406250000e+04
1.512473828125000000e+04
1.244634960937500000e+04
1.611562792968750000e+04
1.640316796875000000e+04
1.590839062500000000e+04
1.295217480468750000e+04
1.814734765625000000e+04
1.556713378906250000e+04
1.712139257812500000e+04
1.639145117187500000e+04
1.275404296875000000e+04
1.681927343750000000e+04
1.771471289062500000e+04
1.668189453125000000e+04
2.023475195312500000e+04
1.343144335937500000e+04
1.698770507812500000e+04
1.565978320312500000e+04
1.589711816406250000e+04
1.429484765625000000e+04
1.775897851562500000e+04
1.590211718750000000e+04
1.859541015625000000e+04
1.666374414062500000e+04
1.375545117187500000e+04
1.959647265625000000e+04
1.581087304687500000e+04
1.216567773437500000e+04
1.467680664062500000e+04
1.733790820312500000e+04
1.444074218750000000e+04
1.467351953125000000e+04
2.073403515625000000e+04
2.021526367187500000e+04
1.523734960937500000e+04
1.673856250000000000e+04
1.393994628906250000e+04
1.891510156250000000e+04
1.661218750000000000e+04
1.633639453125000000e+04
1.377433203125000000e+04
1.369720703125000000e+04
1.561698437500000000e+04
1.455200195312500000e+04
1.687569531250000000e+04
1.783566406250000000e+04
1.832527929687500000e+04
1.745763671875000000e+04
1.909836328125000000e+04
1.571935937500000000e+04
2.071230078125000000e+04
1.645136328125000000e+04
1.316576953125000000e+04
1.255215527343750000e+04
2.019017187500000000e+04
1.467802539062500000e+04
1.510799414062500000e+04
1.402882519531250000e+04
1.531561621093750000e+04
1.308507421875000000e+04
1.836860156250000000e+04
1.683510546875000000e+04
1.424548242187500000e+04
1.638660156250000000e+04
1.829090234375000000e+04
1.445368457031250000e+04
1.757584765625000000e+04
2.104502734375000000e+04
1.593343554687500000e+04
1.688855468750000000e+04
1.782309570312500000e+04
1.612454101562500000e+04
1.952801171875000000e+04
1.829093750000000000e+04
1.733721289062500000e+04
1.561364257812500000e+04
1.646529296875000000e+04
1.546679687500000000e+04
1.632568945312500000e+04
1.952491796875000000e+04
1.874700390625000000e+04
1.654724218750000000e+04
1.912734375000000000e+04
1.956405078125000000e+04
1.623210449218750000e+04
1.598366406250000000e+04
1.679537890625000000e+04
1.620915625000000000e+04
1.811551367187500000e+04
1.410526464843750000e+04
1.967195507812500000e+04
1.781237304687500000e+04
1.664846289062500000e+04
1.465738574218750000e+04
1.941727929687500000e+04
1.575355664062500000e+04
1.596496289062500000e+04
1.609512109375000000e+04
1.635472656250000000e+04
1.804890625000000000e+04
1.888635937500000000e+04
1.735369531250000000e+04
1.794021484375000000e+04
1.696878906250000000e+04
1.971085156250000000e+04
1.676426171875000000e+04
1.535773339843750000e+04
1.821935937500000000e+04
1.445780175781250000e+04
1.414257421875000000e+04
1.492112988281250000e+04
1.455409277343750000e+04
2.073634179687500000e+04
1.542040820312500000e+04
1.301657617187500000e+04
1.605067089843750000e+04
1.578616406250000000e+04
1.648535156250000000e+04
1.369457617187500000e+04
1.397577929687500000e+04
2.201396679687500000e+04
1.698905859375000000e+04
1.813644335937500000e+04
1.230345605468750000e+04
1.227299414062500000e+04
1.706814062500000000e+04
1.754562695312500000e+04
1.611535058593750000e+04
1.450947558593750000e+04
1.573140429687500000e+04
1.697600976562500000e+04
1.699811914062500000e+04
1.566229101562500000e+04
1.398247070312500000e+04
1.391935546875000000e+04
1.689652343750000000e+04
1.696271875000000000e+04
1.611630859375000000e+04
1.678676953125000000e+04
1.868575976562500000e+04
1.471335937500000000e+04
1.717463867187500000e+04
1.312281445312500000e+04
2.130988281250000000e+04
1.655611328125000000e+04
1.432687988281250000e+04
1.246768066406250000e+04
1.324860351562500000e+04
1.846971289062500000e+04
1.621653906250000000e+04
1.879255859375000000e+04
1.474697851562500000e+04
1.340413867187500000e+04
1.806188085937500000e+04
1.882131640625000000e+04
1.426311230468750000e+04
1.535286718750000000e+04
1.525832226562500000e+04
1.620643945312500000e+04
1.606961914062500000e+04
1.419801171875000000e+04
1.911983984375000000e+04
2.019653906250000000e+04
1.835934375000000000e+04
1.954757031250000000e+04
1.807689062500000000e+04
1.407985937500000000e+04
1.526600195312500000e+04
1.756758593750000000e+04
1.504998046875000000e+04
1.763906054687500000e+04
1.797455273437500000e+04
1.445043750000000000e+04
2.004789843750000000e+04
1.596582617187500000e+04
1.679752734375000000e+04
1.987626953125000000e+04
1.832296875000000000e+04
1.942357421875000000e+04
2.169409375000000000e+04
1.618678808593750000e+04
1.279942187500000000e+04
1.579636132812500000e+04
2.089262890625000000e+04
1.605096777343750000e+04
1.718719726562500000e+04
1.838738671875000000e+04
1.754787109375000000e+04
1.528111621093750000e+04
1.709840820312500000e+04
1.860681054687500000e+04
1.779052343750000000e+04
1.537511914062500000e+04
1.904375195312500000e+04
1.512217773437500000e+04
1.463891601562500000e+04
1.470540820312500000e+04
1.707184570312500000e+04
1.787206054687500000e+04
1.747267968750000000e+04
1.725280664062500000e+04
1.781910546875000000e+04
1.871881640625000000e+04
1.727434960937500000e+04
1.270684765625000000e+04
1.688596289062500000e+04
1.731833593750000000e+04
1.900444335937500000e+04
2.071871093750000000e+04
2.017711328125000000e+04
1.717619531250000000e+04
1.973280078125000000e+04
1.387826953125000000e+04
2.039785156250000000e+04
1.735258593750000000e+04
1.679164843750000000e+04
1.775371093750000000e+04
1.653469140625000000e+04
1.631821875000000000e+04
1.166678125000000000e+04
1.845359960937500000e+04
1.329572656250000000e+04
1.592520410156250000e+04
1.877974414062500000e+04
1.604540136718750000e+04
1.500488085937500000e+04
1.548936132812500000e+04
1.926855859375000000e+04
1.713621093750000000e+04
1.410576367187500000e+04
1.706843164062500000e+04
1.397945019531250000e+04
1.563468164062500000e+04
1.980444335937500000e+04
1.530563476562500000e+04
1.857454101562500000e+04
2.031707031250000000e+04
1.666816015625000000e+04
1.314447460937500000e+04
1.738649218750000000e+04
1.673365625000000000e+04
1.778633203125000000e+04
1.440538867187500000e+04
2.142723828125000000e+04
1.561217968750000000e+04
1.762408398437500000e+04
1.615028027343750000e+04
1.748470703125000000e+04
1.538031250000000000e+04
1.755235546875000000e+04
1.730584765625000000e+04
1.987952734375000000e+04
1.424956542968750000e+04
1.304214550781250000e+04
1.937167382812500000e+04
1.864708789062500000e+04
1.918632031250000000e+04
1.549144531250000000e+04
1.733302734375000000e+04
1.689500781250000000e+04
1.757669921875000000e+04
1.460249414062500000e+04
1.446618847656250000e+04
1.705058203125000000e+04
1.625334179687500000e+04
1.553365820312500000e+04
1.693235742187500000e+04
2.130913671875000000e+04
1.863176953125000000e+04
1.453071875000000000e+04
1.939326953125000000e+04
1.525096191406250000e+04
1.400467089843750000e+04
1.622725781250000000e+04
1.404648242187500000e+04
1.860866015625000000e+04
1.751867382812500000e+04
1.532086035156250000e+04
1.704223632812500000e+04
1.823326367187500000e+04
1.750668750000000000e+04
1.875584960937500000e+04
1.590068652343750000e+04
1.919831640625000000e+04
1.459280468750000000e+04
1.443201171875000000e+04
1.779906640625000000e+04
1.950312500000000000e+04
1.799051367187500000e+04
1.978389843750000000e+04
2.011345703125000000e+04
1.585560644531250000e+04
1.884264062500000000e+04
2.098802343750000000e+04
1.776408984375000000e+04
1.769726171875000000e+04
1.502996289062500000e+04
1.456578125000000000e+04
1.525064062500000000e+04
1.637348925781250000e+04
1.592796484375000000e+04
1.896818554687500000e+04
1.317513085937500000e+04
1.380793945312500000e+04
1.891066796875000000e+04
1.961754101562500000e+04
1.451209765625000000e+04
2.132774218750000000e+04
1.277993066406250000e+04
1.911594335937500000e+04
1.790954882812500000e+04
1.697078320312500000e+04
1.723513867187500000e+04
1.215676464843750000e+04
1.807401171875000000e+04
1.600715429687500000e+04
1.370655859375000000e+04
1.963541015625000000e+04
1.485820117187500000e+04
1.475248242187500000e+04
1.367986035156250000e+04
1.628548437500000000e+04
1.365217187500000000e+04
1.702382226562500000e+04
1.624644335937500000e+04
1.873799804687500000e+04
1.647943945312500000e+04
1.935053125000000000e+04
1.953448242187500000e+04
1.819972656250000000e+04
1.782026562500000000e+04
1.903946679687500000e+04
1.476255859375000000e+04
1.513432910156250000e+04
1.576505859375000000e+04
1.547308300781250000e+04
1.339620996093750000e+04
1.492490527343750000e+04
1.525441796875000000e+04
1.660382421875000000e+04
1.417321875000000000e+04
1.841266015625000000e+04
1.852443945312500000e+04
1.348931835937500000e+04
1.625812304687500000e+04
1.518160742187500000e+04
1.900883203125000000e+04
1.564724414062500000e+04
1.618772265625000000e+04
1.554877539062500000e+04
1.723043945312500000e+04
1.669178125000000000e+04
1.672928320312500000e+04
1.263987695312500000e+04
2.050473437500000000e+04
1.791290039062500000e+04
1.656936523437500000e+04
1.589132421875000000e+04
1.726752929687500000e+04
1.545285742187500000e+04
1.934200000000000000e+04
1.882147265625000000e+04
1.451914941406250000e+04
1.512387792968750000e+04
1.579627050781250000e+04
1.369395703125000000e+04
1.742792187500000000e+04
1.357597265625000000e+04
1.350327148437500000e+04
1.481287597656250000e+04
1.786022656250000000e+04
1.559435546875000000e+04
1.594907714843750000e+04
1.459676367187500000e+04
1.737303515625000000e+04
1.543702148437500000e+04
1.525692871093750000e+04
1.322518359375000000e+04
1.354521679687500000e+04
1.620322167968750000e+04
1.907766992187500000e+04
1.474273437500000000e+04
1.607754980468750000e+04
1.347438183593750000e+04
1.784024804687500000e+04
1.765394921875000000e+04
1.382146191406250000e+04
2.019343750000000000e+04
1.806080273437500000e+04
1.930636914062500000e+04
2.033932226562500000e+04
1.343967773437500000e+04
1.651828906250000000e+04
1.571237109375000000e+04
1.780473828125000000e+04
1.456718945312500000e+04
1.528984960937500000e+04
1.454796875000000000e+04
1.858202148437500000e+04
1.496634960937500000e+04
1.494482421875000000e+04
1.720095507812500000e+04
1.748985546875000000e+04
1.958276953125000000e+04
1.891551171875000000e+04
1.718817968750000000e+04
1.615095898437500000e+04
1.495761523437500000e+04
1.648583593750000000e+04
1.696691015625000000e+04
1.675086914062500000e+04
1.976747265625000000e+04
1.511248437500000000e+04
1.407779003906250000e+04
1.744121289062500000e+04
1.531682226562500000e+04
1.500655371093750000e+04
1.551910937500000000e+04
1.918034960937500000e+04
1.412281250000000000e+04
1.558426464843750000e+04
1.621676953125000000e+04
1.524604980468750000e+04
1.757311914062500000e+04
1.426441113281250000e+04
1.193555078125000000e+04
1.776820507812500000e+04
1.431371093750000000e+04
1.134244628906250000e+04
1.797613476562500000e+04
1.562166015625000000e+04
1.377008691406250000e+04
1.655218164062500000e+04
1.720839062500000000e+04
1.543819726562500000e+04
1.430993750000000000e+04
1.619297265625000000e+04
1.569941699218750000e+04
1.505163378906250000e+04
1.290287695312500000e+04
1.443870703125000000e+04
1.837615625000000000e+04
1.712168359375000000e+04
1.640446875000000000e+04
1.674240429687500000e+04
1.163174023437500000e+04
1.363260546875000000e+04
1.853377734375000000e+04
1.854875390625000000e+04
1.841009375000000000e+04
1.608154199218750000e+04
1.964246875000000000e+04
1.764141796875000000e+04
1.850154101562500000e+04
1.537558789062500000e+04
2.017249609375000000e+04
1.786012890625000000e+04
1.615005273437500000e+04
1.691156250000000000e+04
1.748332031250000000e+04
1.639380664062500000e+04
1.800028515625000000e+04
1.639916015625000000e+04
1.726243164062500000e+04
1.711399218750000000e+04
1.348636328125000000e+04
1.574331640625000000e+04
2.108868359375000000e+04
1.714572460937500000e+04
1.559217382812500000e+04
1.687268750000000000e+04
1.845478906250000000e+04
1.448040820312500000e+04
1.767523046875000000e+04
1.635022167968750000e+04
1.652886523437500000e+04
1.634596875000000000e+04
1.407540039062500000e+04
1.607435546875000000e+04
1.739139257812500000e+04
1.821962890625000000e+04
1.139725292968750000e+04
1.516048828125000000e+04
1.325211230468750000e+04
1.588291015625000000e+04
1.250435742187500000e+04
1.753058984375000000e+04
2.103610351562500000e+04
1.757362890625000000e+04
1.383609960937500000e+04
1.603068066406250000e+04
1.981765625000000000e+04
1.704754687500000000e+04
2.212513281250000000e+04
1.711985156250000000e+04
1.744181835937500000e+04
1.583332421875000000e+04
1.412942968750000000e+04
1.369069531250000000e+04
1.800716406250000000e+04
1.424211132812500000e+04
1.822725390625000000e+04
1.220287500000000000e+04
1.624159765625000000e+04
1.752342187500000000e+04
1.550461718750000000e+04
1.468953710937500000e+04
1.534622167968750000e+04
2.215683203125000000e+04
1.431138964843750000e+04
1.571551171875000000e+04
1.574490429687500000e+04
1.618615625000000000e+04
1.374941601562500000e+04
1.408393750000000000e+04
1.438208593750000000e+04
1.615237988281250000e+04
1.368836035156250000e+04
1.603720214843750000e+04
1.848207812500000000e+04
1.713095703125000000e+04
1.417126562500000000e+04
1.469545410156250000e+04
1.701353710937500000e+04
1.767695507812500000e+04
1.409652734375000000e+04
2.034006250000000000e+04
1.375243750000000000e+04
1.773012890625000000e+04
1.468357812500000000e+04
1.632154980468750000e+04
1.964429296875000000e+04
1.668799218750000000e+04
1.902657031250000000e+04
1.986625000000000000e+04
1.684648632812500000e+04
1.538252050781250000e+04
1.808800390625000000e+04
1.327606445312500000e+04
1.409816015625000000e+04
1.482454296875000000e+04
1.518161621093750000e+04
1.798967578125000000e+04
1.825867187500000000e+04
1.449292773437500000e+04
1.379246191406250000e+04
1.393815429687500000e+04
1.650217578125000000e+04
1.981635156250000000e+04
1.713710156250000000e+04
1.366129980468750000e+04
1.712825781250000000e+04
1.553828515625000000e+04
1.253522070312500000e+04
2.055012890625000000e+04
1.748488476562500000e+04
1.701308789062500000e+04
1.295226464843750000e+04
1.908146484375000000e+04
1.999837500000000000e+04
1.468830859375000000e+04
1.417332031250000000e+04
1.579239843750000000e+04
1.442254882812500000e+04
1.394287402343750000e+04
1.422332226562500000e+04
1.645970117187500000e+04
1.761172656250000000e+04
1.212140722656250000e+04
1.724558007812500000e+04
1.387794921875000000e+04
1.536110937500000000e+04
1.440601953125000000e+04
1.982870703125000000e+04
1.601139453125000000e+04
1.860636914062500000e+04
1.647985546875000000e+04
1.973573242187500000e+04
1.760826367187500000e+04
1.725269140625000000e+04
1.825577148437500000e+04
1.638379296875000000e+04
1.450233398437500000e+04
1.430658593750000000e+04
1.538280468750000000e+04
1.153399218750000000e+04
1.245696191406250000e+04
2.020026953125000000e+04
1.762328320312500000e+04
1.511868847656250000e+04
1.494119531250000000e+04
1.532075292968750000e+04
1.654868750000000000e+04
1.526553320312500000e+04
1.651720703125000000e+04
1.479216015625000000e+04
1.541749218750000000e+04
1.725433789062500000e+04
1.301759570312500000e+04
1.596097070312500000e+04
1.399870800781250000e+04
1.529021386718750000e+04
1.553791894531250000e+04
1.258214257812500000e+04
1.495545312500000000e+04
1.702652929687500000e+04
1.395215234375000000e+04
1.856476171875000000e+04
1.483780761718750000e+04
1.628120898437500000e+04
1.694594921875000000e+04
1.240979394531250000e+04
1.732787695312500000e+04
1.386874609375000000e+04
1.693987890625000000e+04
2.145439453125000000e+04
1.932465625000000000e+04
1.484740234375000000e+04
1.277009082031250000e+04
1.730422265625000000e+04
1.695243164062500000e+04
1.202707226562500000e+04
1.707198437500000000e+04
1.672201562500000000e+04
1.372206054687500000e+04
1.813097265625000000e+04
1.849923437500000000e+04
1.594130078125000000e+04
1.807407421875000000e+04
1.791626562500000000e+04
1.828542968750000000e+04
1.599952441406250000e+04
1.954053320312500000e+04
1.514873339843750000e+04
1.460349609375000000e+04
1.395059082031250000e+04
1.370847460937500000e+04
1.855183007812500000e+04
1.694400781250000000e+04
1.673468750000000000e+04
1.839563867187500000e+04
1.935024609375000000e+04
1.707287500000000000e+04
1.757492382812500000e+04
1.761195703125000000e+04
1.651174023437500000e+04
1.603575097656250000e+04
1.462846289062500000e+04
1.488671972656250000e+04
1.535608203125000000e+04
1.388823242187500000e+04
1.535791992187500000e+04
1.958261914062500000e+04
1.890234375000000000e+04
2.163936328125000000e+04
1.913210937500000000e+04
1.666279882812500000e+04
1.730205468750000000e+04
1.516851855468750000e+04
1.460967382812500000e+04
1.719582421875000000e+04
1.967250781250000000e+04
1.733725585937500000e+04
1.913985546875000000e+04
1.717793750000000000e+04
1.739157812500000000e+04
1.662573828125000000e+04
1.719378906250000000e+04
1.764158203125000000e+04
1.548079296875000000e+04
1.152336132812500000e+04
1.743191406250000000e+04
1.681557421875000000e+04
1.407369824218750000e+04
1.422983593750000000e+04
1.573084082031250000e+04
1.559032226562500000e+04
1.936075000000000000e+04
1.806288671875000000e+04
1.469435546875000000e+04
1.924084179687500000e+04
1.469012890625000000e+04
1.606223339843750000e+04
1.642088085937500000e+04
1.645507421875000000e+04
1.699616406250000000e+04
1.761243750000000000e+04
1.428992578125000000e+04
1.443167089843750000e+04
1.769423632812500000e+04
1.638046191406250000e+04
1.586669042968750000e+04
2.342799804687500000e+04
1.698022656250000000e+04
1.458595703125000000e+04
1.888459765625000000e+04
1.858146875000000000e+04
1.727000781250000000e+04
1.549946093750000000e+04
1.522041210937500000e+04
1.858070312500000000e+04
1.496335742187500000e+04
1.688925000000000000e+04
1.463925097656250000e+04
1.728753515625000000e+04
1.763599804687500000e+04
1.826276562500000000e+04
1.624269140625000000e+04
1.627352050781250000e+04
1.460551855468750000e+04
1.394481640625000000e+04
1.449784960937500000e+04
1.758106250000000000e+04
1.912941796875000000e+04
1.855017187500000000e+04
1.069764062500000000e+04
1.398288476562500000e+04
1.830024414062500000e+04
1.483282812500000000e+04
1.301421386718750000e+04
1.363978906250000000e+04
1.960488281250000000e+04
1.206428320312500000e+04
1.635730468750000000e+04
1.657272265625000000e+04
1.272439062500000000e+04
1.398384960937500000e+04
1.323179101562500000e+04
1.805341601562500000e+04
1.626449414062500000e+04
1.804835937500000000e+04
1.516241406250000000e+04
1.609067480468750000e+04
1.915615625000000000e+04
1.740280468750000000e+04
1.868038671875000000e+04
1.862923828125000000e+04
1.607803906250000000e+04
1.458680664062500000e+04
1.696183007812500000e+04
1.611122265625000000e+04
1.511118457031250000e+04
1.732550000000000000e+04
1.645873632812500000e+04
1.633752539062500000e+04
1.703933789062500000e+04
1.775935546875000000e+04
1.606206152343750000e+04
1.499484375000000000e+04
1.779836718750000000e+04
1.696993554687500000e+04
1.505333691406250000e+04
1.759226367187500000e+04
1.432319628906250000e+04
1.555255175781250000e+04
1.403573925781250000e+04
1.495347265625000000e+04
1.860363281250000000e+04
2.026277343750000000e+04
1.566978320312500000e+04
1.826962695312500000e+04
1.405373828125000000e+04
1.575499609375000000e+04
1.437745898437500000e+04
1.644013281250000000e+04
1.672146484375000000e+04
1.966625390625000000e+04
1.873410937500000000e+04
1.341750976562500000e+04
2.058978515625000000e+04
1.689621484375000000e+04
1.274750292968750000e+04
1.710575000000000000e+04
1.376669238281250000e+04
2.112322265625000000e+04
1.805069921875000000e+04
1.690982812500000000e+04
1.875966210937500000e+04
1.216372460937500000e+04
1.731758984375000000e+04
1.451921875000000000e+04
1.611056542968750000e+04
1.276812890625000000e+04
1.407202929687500000e+04
1.881447656250000000e+04
1.708356835937500000e+04
1.584107324218750000e+04
1.793508203125000000e+04
1.662723828125000000e+04
1.462454882812500000e+04
1.466309179687500000e+04
1.562857617187500000e+04
1.399654101562500000e+04
1.572781054687500000e+04
2.071178515625000000e+04
1.648986718750000000e+04
1.434456835937500000e+04
1.278623242187500000e+04
1.330719531250000000e+04
1.668376953125000000e+04
1.523025292968750000e+04
1.637830175781250000e+04
1.444109960937500000e+04
1.481282519531250000e+04
1.880151953125000000e+04
1.481687988281250000e+04
1.680572851562500000e+04
1.403299804687500000e+04
1.914701562500000000e+04
1.820709960937500000e+04
1.788993164062500000e+04
1.400495117187500000e+04
1.648103906250000000e+04
1.575982617187500000e+04
1.734566601562500000e+04
1.529392773437500000e+04
1.537856054687500000e+04
1.664772851562500000e+04
1.247651171875000000e+04
1.583918750000000000e+04
1.513012597656250000e+04
1.948631835937500000e+04
1.613586914062500000e+04
1.904529687500000000e+04
1.611100000000000000e+04
1.672755078125000000e+04
1.831289453125000000e+04
1.627759570312500000e+04
1.430057812500000000e+04
2.075873632812500000e+04
1.631860351562500000e+04
1.940195312500000000e+04
1.594608789062500000e+04
1.753757421875000000e+04
1.666642187500000000e+04
1.396142578125000000e+04
1.572144921875000000e+04
1.566080175781250000e+04
1.813198046875000000e+04
1.451342285156250000e+04
1.874055078125000000e+04
1.602379394531250000e+04
1.693071484375000000e+04
1.826909960937500000e+04
1.574311914062500000e+04
1.335929687500000000e+04
1.526050097656250000e+04
1.374483984375000000e+04
1.841336718750000000e+04
1.776157421875000000e+04
1.631900292968750000e+04
1.834849609375000000e+04
1.624357617187500000e+04
1.676930468750000000e+04
1.408602539062500000e+04
1.991057421875000000e+04
1.655985937500000000e+04
1.352714550781250000e+04
1.716302734375000000e+04
1.938810546875000000e+04
1.779300000000000000e+04
1.745370703125000000e+04
1.891480078125000000e+04
1.807098828125000000e+04
1.222532421875000000e+04
1.322288281250000000e+04
1.876796484375000000e+04
2.136527734375000000e+04
1.548472070312500000e+04
2.065260937500000000e+04
1.588740136718750000e+04
1.231344628906250000e+04
1.720521679687500000e+04
1.627972460937500000e+04
1.650150781250000000e+04
1.503958398437500000e+04
1.684217187500000000e+04
1.775974804687500000e+04
1.795746093750000000e+04
1.409570507812500000e+04
1.725947851562500000e+04
1.823215234375000000e+04
1.673655078125000000e+04
1.605008203125000000e+04
1.762842382812500000e+04
1.393902734375000000e+04
1.321807421875000000e+04
1.728432226562500000e+04
1.616507812500000000e+04
1.804041210937500000e+04
1.683923828125000000e+04
1.550167968750000000e+04
1.667599804687500000e+04
1.630148339843750000e+04
1.865930468750000000e+04
2.064698828125000000e+04
1.668117187500000000e+04
1.807048437500000000e+04
1.646548632812500000e+04
1.649066796875000000e+04
1.804372656250000000e+04
1.563831933593750000e+04
1.592002441406250000e+04
1.501647949218750000e+04
1.904335546875000000e+04
1.793158593750000000e+04
1.565723925781250000e+04
1.543473632812500000e+04
1.569977148437500000e+04
1.694419921875000000e+04
1.608463574218750000e+04
1.746410742187500000e+04
1.546112695312500000e+04
1.756244921875000000e+04
1.804057031250000000e+04
1.678916015625000000e+04
1.524007421875000000e+04
1.807958789062500000e+04
1.511296679687500000e+04
1.288101269531250000e+04
1.519898632812500000e+04
1.396549218750000000e+04
1.319565332031250000e+04
1.582558789062500000e+04
1.323836718750000000e+04
1.589752539062500000e+04
2.004595117187500000e+04
1.395717578125000000e+04
1.787495898437500000e+04
1.582048144531250000e+04
1.346768847656250000e+04
1.695863867187500000e+04
1.370233691406250000e+04
1.687205859375000000e+04
1.657957226562500000e+04
1.299320703125000000e+04
1.255627734375000000e+04
1.490213476562500000e+04
2.556863281250000000e+04
1.784066796875000000e+04
1.826660156250000000e+04
1.871774023437500000e+04
1.679147070312500000e+04
1.537925683593750000e+04
1.471801074218750000e+04
1.567905175781250000e+04
1.463508007812500000e+04
1.715686328125000000e+04
2.061894140625000000e+04
1.864521875000000000e+04
1.688059570312500000e+04
1.492679980468750000e+04
2.009809375000000000e+04
2.024134375000000000e+04
1.582399218750000000e+04
1.419615234375000000e+04
1.889517187500000000e+04
1.371497460937500000e+04
1.971851367187500000e+04
1.451094140625000000e+04
1.353841796875000000e+04
1.843899414062500000e+04
1.422508593750000000e+04
1.531682128906250000e+04
1.293763281250000000e+04
1.598200195312500000e+04
1.883835937500000000e+04
1.921892382812500000e+04
1.654193750000000000e+04
2.119791015625000000e+04
1.719235546875000000e+04
1.836402734375000000e+04
1.649369726562500000e+04
1.543019531250000000e+04
2.051110351562500000e+04
1.643866796875000000e+04
1.747546875000000000e+04
1.398853906250000000e+04
1.622581640625000000e+04
1.529973046875000000e+04
1.672514062500000000e+04
1.609892285156250000e+04
1.480747558593750000e+04
1.777091015625000000e+04
1.283905664062500000e+04
1.726239843750000000e+04
1.593495605468750000e+04
1.781016015625000000e+04
1.855374609375000000e+04
1.841715234375000000e+04
1.508195996093750000e+04
1.732079296875000000e+04
1.535898925781250000e+04
1.451127929687500000e+04
1.721847265625000000e+04
1.547598632812500000e+04
1.515874316406250000e+04
1.631807421875000000e+04
1.918088671875000000e+04
1.871986523437500000e+04
1.820957812500000000e+04
1.408321582031250000e+04
1.736266601562500000e+04
1.821398046875000000e+04
1.622707226562500000e+04
1.780143750000000000e+04
1.349006250000000000e+04
1.325779492187500000e+04
1.887231054687500000e+04
1.769936718750000000e+04
1.724071093750000000e+04
1.911816406250000000e+04
1.508857519531250000e+04
1.955225585937500000e+04
1.645013671875000000e+04
1.595211132812500000e+04
2.029531054687500000e+04
1.825768945312500000e+04
1.639032812500000000e+04
1.819125976562500000e+04
1.594887695312500000e+04
1.790628906250000000e+04
1.469251953125000000e+04
1.552664843750000000e+04
1.635585937500000000e+04
1.857333593750000000e+04
1.650321875000000000e+04
1.731193164062500000e+04
1.754559765625000000e+04
1.750615429687500000e+04
1.835452343750000000e+04
1.745927734375000000e+04
2.076104101562500000e+04
1.148699316406250000e+04
1.525128320312500000e+04
1.643578710937500000e+04
1.573232812500000000e+04
1.715540625000000000e+04
1.744116601562500000e+04
1.714064843750000000e+04
1.855167578125000000e+04
1.381305175781250000e+04
1.380725976562500000e+04
1.855276367187500000e+04
1.836059375000000000e+04
1.562095312500000000e+04
1.931668750000000000e+04
1.470389257812500000e+04
1.591666992187500000e+04
1.460723828125000000e+04
1.875276562500000000e+04
1.577942382812500000e+04
1.604972460937500000e+04
1.617347656250000000e+04
1.680725976562500000e+04
1.419900195312500000e+04
1.815198242187500000e+04
1.539189257812500000e+04
1.540308105468750000e+04
1.515391894531250000e+04
1.365805273437500000e+04
1.664796875000000000e+04
1.443625976562500000e+04
1.506618164062500000e+04
1.825889453125000000e+04
1.415823632812500000e+04
1.708605859375000000e+04
1.688227539062500000e+04
1.804652929687500000e+04
1.854808203125000000e+04
1.655308593750000000e+04
1.483362500000000000e+04
1.648336328125000000e+04
1.517552441406250000e+04
1.667313281250000000e+04
1.485614257812500000e+04
1.181326855468750000e+04
1.672561328125000000e+04
1.271762695312500000e+04
1.713553125000000000e+04
1.679608593750000000e+04
2.104157812500000000e+04
1.631104296875000000e+04
1.984114062500000000e+04
1.652025000000000000e+04
1.533860937500000000e+04
1.878868554687500000e+04
1.540842382812500000e+04
1.370024023437500000e+04
2.121601562500000000e+04
1.816036328125000000e+04
1.356878222656250000e+04
1.820702539062500000e+04
1.844176367187500000e+04
1.473407324218750000e+04
1.634922460937500000e+04
1.714320507812500000e+04
1.603329296875000000e+04
1.357663867187500000e+04
1.989060351562500000e+04
1.321429980468750000e+04
1.624363964843750000e+04
1.845469140625000000e+04
1.920711328125000000e+04
1.571674218750000000e+04
1.373920898437500000e+04
1.820343554687500000e+04
1.422245507812500000e+04
1.593503808593750000e+04
1.483668554687500000e+04
1.278336914062500000e+04
1.672752148437500000e+04
2.043188281250000000e+04
1.940324804687500000e+04
1.588596093750000000e+04
1.591878515625000000e+04
1.706316796875000000e+04
2.118861328125000000e+04
1.476367871093750000e+04
1.544450781250000000e+04
1.359691796875000000e+04
1.701133984375000000e+04
1.764247460937500000e+04
1.509080664062500000e+04
1.697597070312500000e+04
1.359446679687500000e+04
1.353343652343750000e+04
1.510655859375000000e+04
1.810301562500000000e+04
1.571370898437500000e+04
1.726030664062500000e+04
1.874390234375000000e+04
1.474807226562500000e+04
1.445402050781250000e+04
1.831463671875000000e+04
1.877211718750000000e+04
1.676506250000000000e+04
1.716717382812500000e+04
1.765257226562500000e+04
1.273272265625000000e+04
1.357043945312500000e+04
1.825530078125000000e+04
1.582863281250000000e+04
1.827941796875000000e+04
1.711542187500000000e+04
