-2.092587184262480005e+05
-6.344641009643450379e+05
-1.476816297886176966e+06
-1.012745690667939954e+06
-2.879532187603130587e+05
-8.741914730341745308e+05
-7.978736064562419197e+05
-3.886775549272664939e+05
-1.788882868735394673e+06
-1.980349783330158098e+06
-3.407793659761671443e+05
-7.158122785149784759e+05
-1.438744270287540508e+06
-9.865557253416974563e+05
-1.143164260230653686e+06
-6.708533972754493589e+05
-1.590779137232565787e+06
-2.346673777809364721e+06
-1.143371914850256406e+06
-2.035433348061054130e+05
-6.117374462541919202e+05
-7.706755772060605232e+05
-8.011727001232432667e+05
-4.690599857909838902e+05
-3.871717315588031779e+05
-1.263252720175136812e+06
-8.562304554759236053e+05
-2.999817541297349962e+05
-2.884369886438271496e+05
-9.588276910134498030e+05
-6.138348245104207890e+05
-6.347500504890256561e+05
-1.276973197477041977e+06
-1.644289251172390301e+06
-2.462513990133439074e+05
-1.037405257991723367e+06
-1.347433197247931268e+06
-6.812546539766646456e+05
-1.471188507223884109e+06
-1.778766619430506602e+06
-3.290352272385240067e+06
-1.606590457805525744e+06
-1.071632282696031965e+06
-1.559625365127854515e+06
-7.052397056939839385e+05
-5.728148323121071007e+04
-1.692654800619762318e+04
-5.829489288981044665e+05
-1.885920294350436656e+06
-1.398688702179243788e+06
-3.310846102065608138e+05
-3.708924693477607798e+05
-7.138431299481663154e+05
-3.502667090981231886e+05
-4.126158573667934397e+05
-1.203723681090726051e+06
-2.146685678373004310e+06
-1.183014123439172108e+05
-1.488390082594211679e+06
-8.023924696824414423e+05
-9.653147558434067760e+05
-8.968509980977531523e+05
-1.189561079401551047e+06
-8.460237986947670579e+05
-6.353850642455958296e+05
-6.065207916317426134e+05
-1.011550551978457952e+06
-1.083364823947711382e+06
-7.432551873034301680e+05
-1.212733086605715100e+06
-2.987305630024493672e+06
-1.643470182829657337e+06
-2.239851256089332164e+05
-6.539256314117487054e+05
-7.363364595782447141e+05
-5.931323258329894161e+05
-6.639741586020225659e+05
-1.543460653150771512e+06
-2.159278573243765160e+06
-2.239238166858704295e+06
-8.445000897818766534e+05
-2.848289323585628066e+06
-8.849866317191442940e+05
-2.532842381234213244e+05
-1.689945046847160906e+06
-1.631334874097286258e+06
-2.332992858821636997e+06
-1.254231224634249229e+06
-1.776701826807658421e+06
-2.362099961669342592e+05
-9.369925251067364588e+05
-9.788053152093263343e+05
-1.070837523724800441e+06
-6.700907261755072977e+05
-6.101201855095224455e+05
-7.629633228819462238e+05
-7.584986197465679143e+05
-1.622016239106732886e+06
-7.266044022901121061e+05
-8.811964323258409277e+05
-2.054186891445250018e+06
-5.617075191141596297e+05
-1.879413216070211027e+06
-2.821393629476252012e+06
-1.969011860382645857e+06
-1.244859997523095924e+06
-3.126274801777797751e+06
-1.519767833202330861e+06
-1.581618032358089462e+06
-9.397817423707168782e+05
-2.135004239046630450e+06
-7.070691276592954528e+05
-1.177059613150368677e+06
-5.958401385221790988e+05
-1.209321095247771358e+06
-1.784071010839981260e+06
-1.377488559097333113e+06
-7.982829793728031218e+05
-5.130325444302036194e+05
-4.508494509560097940e+05
-1.267953187333371490e+06
-1.296602296727426350e+06
-7.370538224408824462e+05
-1.029276153277365142e+06
-2.181224595436613075e+06
-2.100451619152453728e+06
-1.152845891926258337e+06
-3.162588154928019270e+06
-2.545004973262575455e+06
-2.684282322941150516e+06
-3.111919454987976933e+05
-1.909467626352138119e+06
-7.551950527486345964e+05
-9.681136360462760786e+05
-8.572073438086987007e+05
-1.415520634483788162e+06
-9.342226961257683579e+05
-1.550014691179384012e+06
-7.724421774942988995e+05
-1.056038219782380853e+06
-1.315333615734645166e+06
-1.194600817880093819e+06
-5.212594724153019488e+05
-2.087484031771932496e+06
-3.366426632106270641e+06
-5.330885916799694533e+05
-5.852010962155812886e+05
-1.491375382889842847e+06
-2.015576408670779783e+06
-3.272226510149222449e+05
-1.175504070113677066e+06
-5.268231598443578696e+05
-1.093908500469163060e+06
-1.310308550017139874e+06
-1.444925251759334002e+06
-1.302477739652998280e+06
-1.386974466014402220e+06
-2.584570045365337748e+06
-2.739014684462175239e+06
-1.792432689058773685e+06
-1.765374371524643851e+06
-1.133856041519731749e+06
-1.877960362498030590e+05
-3.163488178520154906e+05
-1.041997605582880205e+06
-1.358557245004248340e+06
-1.931163808742632391e+06
-1.602723222632139456e+06
-3.704767658202453516e+06
-8.409684655275288969e+05
-9.875161859965256881e+05
-1.438876832063167123e+06
-1.796930037561301840e+06
-6.421920578614941332e+05
-2.712049387772580143e+06
-4.411893239640808664e+06
-5.961080302023490891e+06
-5.002379302242795005e+06
-5.623341676403378369e+05
-1.123210949271681486e+06
-2.073749102749357000e+06
-1.113682736115032109e+06
-3.985300541468342417e+05
-8.518249738272763789e+05
-2.145951314889556263e+06
-3.027313138598441146e+06
-4.856688107363699004e+06
-4.154140740126556251e+06
-1.771090504365768284e+06
-2.964084270284395316e+05
-7.174997280894510914e+05
-1.256359278603751678e+06
-2.919694516215868760e+06
-2.319493747228086926e+06
-1.185537659628948430e+06
-1.123594575831575785e+06
-1.986194073601126205e+06
-2.146474941381819081e+06
-2.977893392237331718e+06
-4.325509047413550317e+06
-2.214459321594505105e+06
-3.617606744047208922e+05
-1.666199331724907272e+06
-2.040864694816648262e+06
-2.733164966524916235e+06
-2.169482196772762982e+05
-1.102033147424976574e+06
-3.803616574178289738e+05
-1.204016732352656778e+06
-7.889899756949809380e+05
-1.593647929584327852e+06
-8.246804025151249953e+05
-9.136956210921183228e+05
-1.914739953138778219e+05
-8.780752211345474934e+05
-1.020534501595478505e+06
-2.277475399501708336e+06
-1.281901778202802874e+06
-1.316433909811723512e+06
-2.110355027818163391e+06
-2.201683698408911005e+06
-2.596293732686853502e+06
-3.686333540469287545e+05
-8.225462034218118060e+05
-1.155817909096415620e+06
-2.123643185434385203e+06
-2.893862935611958615e+06
-3.082760159649301786e+06
-3.303017188873401843e+06
-1.586292300159316976e+06
-1.764221370937212836e+06
-2.284270064660418313e+06
-3.783057845373937394e+06
-2.293143001639862079e+06
-3.652553659691689070e+06
-5.482710930174508831e+05
-1.171226182504799654e+05
-1.260848292730045272e+06
-8.834017914428033400e+05
-2.230954152151028626e+06
-2.922046496440582443e+06
-2.522859887163424864e+06
-2.662326952505991794e+06
-5.205749167566100950e+05
-4.933197098131607054e+05
-7.993160896046643611e+05
-1.135456473822832573e+06
-4.587695027654369478e+05
-9.919248642165882047e+05
-7.382758377765180776e+05
-5.957279397865321953e+05
-1.284816167391906492e+06
-1.084867173828806728e+06
-7.192655504281835165e+05
-1.831799624869644176e+06
-2.327260533440026455e+06
-2.657742959412119351e+06
-2.543748734303301666e+06
-3.274939815948099829e+06
-1.801645051374243107e+06
-1.775979632704387186e+06
-1.651317593199382303e+06
-1.695366728773400973e+04
-8.840374201838647714e+05
-1.074860896911692107e+06
-1.403555519036353799e+06
-9.047887266514046132e+03
-1.117069539337213151e+06
-1.378347989428784698e+06
-1.413397597885930678e+06
-1.441280829563472187e+06
-2.869721711293142289e+06
-1.837351556239716010e+06
-1.785436305975615513e+06
-2.153335247562352568e+06
-1.484093135581545066e+06
-1.022316237363535562e+06
-1.969805962340210099e+06
-3.510846122304022312e+06
-4.555019168848449364e+06
-1.966919259391290601e+06
-1.691796538200679701e+06
-2.805653585030046292e+06
-3.313321556789169554e+06
-2.139549314231466502e+06
-4.082130814222194254e+06
-3.689297181758699589e+05
-8.206752858908467460e+05
-1.646303789639201714e+06
-8.518943500629076734e+05
-1.603316645874794922e+05
-7.271674856312030461e+05
-2.436299700106059201e+06
-2.119699393285749946e+06
-1.023799490374353481e+06
-8.225417406974741025e+05
-1.323393377060065046e+06
-5.649463250935645774e+05
-4.121225586968238349e+05
-1.263749569299043389e+06
-1.074415085810999619e+06
-8.667535675915637985e+05
-2.090637562988940626e+06
-9.428142161767113721e+05
-2.218050938620273955e+06
-1.476423648695407901e+05
-1.144894053790055681e+06
-2.677368600242825225e+06
-7.446170428632281255e+05
-2.503898741196664050e+05
-5.543375064042967279e+05
-1.532359859145091650e+04
-4.554628956012813142e+05
-6.086266690214090049e+05
-1.360462073648978723e+06
-7.691348860917611746e+05
-3.072481144940968370e+05
-8.049578793544981163e+05
-1.248931918153688777e+06
-2.119787372184646782e+06
-1.253325447791123530e+06
-1.978702337693700567e+06
-2.546992767701566685e+06
-3.857903103219451150e+05
-1.715404966133638052e+06
-1.476266660754768876e+06
-1.439768769999876618e+06
-5.110217991544481483e+05
-4.218079298434203374e+05
-2.101761619342452846e+06
-7.651396850958459545e+05
-4.163893445053531905e+05
-4.779772973219688283e+05
-9.475261314671722939e+05
-1.041764116235503578e+06
-5.886167390465007629e+05
-1.103689619783990318e+06
-2.025198199293470010e+06
-1.065752726427840069e+06
-1.233523713594844099e+06
-3.486184896448561456e+06
-4.537875573414050741e+05
-1.184140163350765361e+06
-2.801359336927765980e+06
-3.854278461852268316e+06
-2.804414511561178602e+06
-3.427442948701513000e+06
-4.941433393776549958e+06
-5.060094329953162000e+06
-1.289165036859936314e+06
-3.475062769289063755e+06
-5.418427330975541845e+06
-2.366779198629640974e+06
-3.547196019274066784e+05
-1.642787429730397183e+06
-1.774214711642704904e+06
-1.224234347586351912e+06
-8.423065319103172515e+05
-1.587928949170378502e+06
-7.698769326752306661e+05
-9.627871334086544812e+05
-1.588198933346974431e+06
-3.663619291928950697e+06
-1.823604010455843760e+06
-1.261304371624279069e+06
-1.003925898575473577e+06
-2.027013068598762853e+06
-6.622468187396285357e+05
-2.058824936964631546e+06
-4.150461802854934242e+06
-3.332352782882572617e+06
-9.088378856039900711e+03
-8.455408426606468856e+05
-1.296202715400116052e+06
-1.525531601519924821e+06
-2.222673565171219874e+06
-1.660111894458734198e+06
-6.814684436220356729e+05
-1.564314899320727680e+06
-7.770079176341861021e+05
-2.276349292632742785e+06
-4.997196349075210164e+05
-1.289943958961094497e+06
-1.688429474323921604e+06
-2.657772700579493307e+06
-1.641653209744255990e+06
-1.196646856235578889e+06
-2.440495411290078890e+06
-2.668032456662479788e+06
-1.607398390755112981e+06
-2.356458143887090031e+06
-2.257305911359332036e+06
-1.216516280346821761e+06
-1.322094057392409304e+06
-1.730994072459784104e+06
-4.963517075202809647e+05
-1.696790019689530600e+06
-1.900407816971375374e+06
-1.893689184847249417e+06
-1.316328819660795387e+06
-2.492482235067341942e+06
-1.767767689816464903e+06
-8.557146716236214852e+05
-6.854592650249963626e+05
-5.852473558838851750e+05
-1.266123749101394089e+06
-4.332994395394566236e+05
-1.170558646417618729e+06
-1.105004468317771796e+06
-1.825887283192668809e+06
-1.447673924851631513e+06
-1.084923233135695104e+06
-3.325759861950886436e+06
-2.191613111511486117e+06
-7.453903977480767062e+05
-1.883004065076987725e+06
-1.452916089373780414e+06
-2.341043203343708068e+06
-1.122918332838160452e+06
-7.772879683380303904e+05
-1.351918047307930421e+06
-4.411665953585855896e+05
-1.577166052458975231e+06
-2.755099764448180795e+06
-6.053897775973702082e+05
-1.660343253202549415e+06
-2.674646138207788579e+06
-4.171425222882618196e+06
-4.153440452218093909e+06
-3.945421134072657675e+06
-3.494980989787873696e+05
-1.128173135046397103e+06
-2.752482391058258712e+06
-2.723258579978463706e+06
-3.051578076520219445e+06
-7.992398974425089546e+05
-8.795266766352595296e+05
-1.347163226929977536e+06
-1.558323233432272915e+06
-1.780771622843692079e+06
-2.463341459698070772e+06
-1.479776693625596818e+06
-9.439499530387560371e+05
-7.783368243917927612e+05
-8.471803857602350181e+05
-7.037446611105136108e+05
-1.802727011414633365e+06
-3.615925619469003286e+06
-8.790080333932374197e+04
-9.202565372850093991e+05
-4.331616382563307998e+05
-1.361646832403136650e+06
-1.346111553432391491e+06
-1.576476799828327494e+06
-2.206061483264195733e+06
-2.549209661805051379e+06
-1.904453713131648721e+06
-7.398787165693946881e+05
-1.170644493761945749e+06
-1.182729624661080539e+06
-7.682234538321623113e+05
-2.182489341630874202e+06
-2.316317289311921224e+06
-2.471820636445260141e+06
-1.453955777870305581e+06
-1.238734097725432832e+06
-1.583498607232220005e+06
-1.822541149617111310e+06
-1.126783428087034728e+06
-6.739099875836012652e+05
-1.075126068930000067e+06
-1.151797051597754005e+06
-1.324488125563066918e+06
-2.259258347712124232e+06
-2.508802690275786910e+06
-7.930528594131048303e+05
-8.305095870334171923e+05
-1.771509715335409623e+06
-3.741843152650531381e+06
-1.373461519611333730e+06
-7.851805154112841701e+05
-6.437639194821299752e+05
-9.622834967163577676e+05
-2.546021324328718241e+06
-4.111012263303991058e+05
-1.282732424838789273e+06
-2.145420240937193390e+06
-2.701716004364863969e+06
-7.591386699834630126e+05
-9.862578851851357613e+05
-3.182613895967971184e+05
-5.634005014455557102e+05
-6.022732827497441322e+05
-1.539898493658452528e+06
-2.033310867691885214e+06
-2.163069037709574215e+06
-6.774917944735480705e+05
-6.529283765498701250e+05
-1.092466898390673799e+06
-7.641714392451203894e+05
