1.476813952000000000e+09
1.186301542400000000e+10
2.222439424000000000e+10
2.996375142400000000e+10
2.766689484800000000e+10
2.636806963200000000e+10
2.740534886400000000e+10
2.542172364800000000e+10
2.696156774400000000e+10
3.232172032000000000e+10
3.111145676800000000e+10
3.037680435200000000e+10
3.165238681600000000e+10
3.259046297600000000e+10
3.282361139200000000e+10
3.184480051200000000e+10
3.187819520000000000e+10
3.409575936000000000e+10
3.527058227200000000e+10
3.481873203200000000e+10
3.285192294400000000e+10
3.347046400000000000e+10
3.250378137600000000e+10
3.115746918400000000e+10
3.108393164800000000e+10
3.057981235200000000e+10
2.997844377600000000e+10
2.988589670400000000e+10
2.985215180800000000e+10
2.937188761600000000e+10
2.785060454400000000e+10
2.701160857600000000e+10
2.766569881600000000e+10
2.814264320000000000e+10
2.759892582400000000e+10
2.616304025600000000e+10
2.643055001600000000e+10
2.662045696000000000e+10
2.544716595200000000e+10
2.559994675200000000e+10
2.646555443200000000e+10
2.660899635200000000e+10
2.610765004800000000e+10
2.524237824000000000e+10
2.493591142400000000e+10
2.314945945600000000e+10
2.210331443200000000e+10
2.042904576000000000e+10
1.951813427200000000e+10
1.926706585600000000e+10
1.781924864000000000e+10
1.671353753600000000e+10
1.472103526400000000e+10
1.377362739200000000e+10
1.264004403200000000e+10
1.138903347200000000e+10
1.010198732800000000e+10
9.054127104000000000e+09
7.418691584000000000e+09
5.915572224000000000e+09
4.392920576000000000e+09
2.915512832000000000e+09
2.722979072000000000e+09
2.217851392000000000e+09
2.093695232000000000e+09
2.156096000000000000e+09
2.122464640000000000e+09
1.782368256000000000e+09
1.869181184000000000e+09
1.946441472000000000e+09
1.723874944000000000e+09
1.764567040000000000e+09
1.901863296000000000e+09
1.626735488000000000e+09
1.591013632000000000e+09
1.752782208000000000e+09
1.695604992000000000e+09
1.599274752000000000e+09
1.606448000000000000e+09
1.512224896000000000e+09
1.524741760000000000e+09
1.666855168000000000e+09
1.424094336000000000e+09
1.456804608000000000e+09
1.394508544000000000e+09
1.423469824000000000e+09
1.423179648000000000e+09
1.343217920000000000e+09
1.189968000000000000e+09
1.346943104000000000e+09
1.324518912000000000e+09
1.178262656000000000e+09
1.279831808000000000e+09
1.154602112000000000e+09
1.356477184000000000e+09
1.230113792000000000e+09
1.127756032000000000e+09
1.029395840000000000e+09
9.479651200000000000e+08
1.115561472000000000e+09
1.229230080000000000e+09
1.083433216000000000e+09
1.272365312000000000e+09
1.250253056000000000e+09
1.166520064000000000e+09
1.161238016000000000e+09
1.115344128000000000e+09
1.294785024000000000e+09
1.051649216000000000e+09
1.226182912000000000e+09
1.102808320000000000e+09
1.169090816000000000e+09
1.243543168000000000e+09
1.318959872000000000e+09
1.191222016000000000e+09
1.158816640000000000e+09
1.133049600000000000e+09
1.094197248000000000e+09
1.174018816000000000e+09
1.084209408000000000e+09
1.057788736000000000e+09
1.287376128000000000e+09
1.069346176000000000e+09
1.181065472000000000e+09
1.128458368000000000e+09
1.181555584000000000e+09
1.104733696000000000e+09
1.158946304000000000e+09
1.307401472000000000e+09
1.224120576000000000e+09
1.174897664000000000e+09
1.343817088000000000e+09
1.198799232000000000e+09
1.284715264000000000e+09
1.168430208000000000e+09
1.150147328000000000e+09
1.234585984000000000e+09
1.233211008000000000e+09
1.171782784000000000e+09
1.180765696000000000e+09
1.026050368000000000e+09
1.287856896000000000e+09
1.168904960000000000e+09
1.230662016000000000e+09
1.333738240000000000e+09
1.145795584000000000e+09
1.341542656000000000e+09
1.253813632000000000e+09
1.131569920000000000e+09
1.165202816000000000e+09
1.044657344000000000e+09
1.193060352000000000e+09
1.060901376000000000e+09
1.341055744000000000e+09
1.241534592000000000e+09
1.355723008000000000e+09
1.267625600000000000e+09
1.292062336000000000e+09
1.252414592000000000e+09
1.170704128000000000e+09
1.200046848000000000e+09
1.181797760000000000e+09
1.246410112000000000e+09
1.233771008000000000e+09
1.233134848000000000e+09
1.180916352000000000e+09
1.294680576000000000e+09
1.059862144000000000e+09
1.156083328000000000e+09
1.042304000000000000e+09
1.197621888000000000e+09
1.115294336000000000e+09
1.163898752000000000e+09
1.036989248000000000e+09
1.244467200000000000e+09
1.205793536000000000e+09
1.064326656000000000e+09
1.198098048000000000e+09
1.105995392000000000e+09
1.269237504000000000e+09
1.159403008000000000e+09
1.247762688000000000e+09
1.221290880000000000e+09
1.169761536000000000e+09
1.195896064000000000e+09
1.359728640000000000e+09
1.130655488000000000e+09
1.234877696000000000e+09
1.298338816000000000e+09
1.182666752000000000e+09
1.084352768000000000e+09
1.225578240000000000e+09
1.204879488000000000e+09
1.163577088000000000e+09
1.239268736000000000e+09
1.332896128000000000e+09
1.123784448000000000e+09
1.128827136000000000e+09
1.096023680000000000e+09
1.345795072000000000e+09
1.288720128000000000e+09
1.106703360000000000e+09
1.241702144000000000e+09
1.095041280000000000e+09
1.239797632000000000e+09
1.239308032000000000e+09
1.178125184000000000e+09
1.196254976000000000e+09
1.152487680000000000e+09
1.184618752000000000e+09
1.182818176000000000e+09
9.820892160000000000e+08
1.249138048000000000e+09
1.210078464000000000e+09
1.224729856000000000e+09
1.075133568000000000e+09
1.249519872000000000e+09
1.194515200000000000e+09
1.117402752000000000e+09
1.196752512000000000e+09
1.066244480000000000e+09
1.369093120000000000e+09
1.256394496000000000e+09
1.236070144000000000e+09
1.234008960000000000e+09
1.257528832000000000e+09
1.144881536000000000e+09
1.238089088000000000e+09
1.262116096000000000e+09
1.215180160000000000e+09
1.018332480000000000e+09
1.247418240000000000e+09
1.165784960000000000e+09
1.091728128000000000e+09
1.317311104000000000e+09
1.308832256000000000e+09
1.165524736000000000e+09
1.198883584000000000e+09
1.206250624000000000e+09
1.302751360000000000e+09
1.232840064000000000e+09
1.226353280000000000e+09
1.095769856000000000e+09
1.120292224000000000e+09
1.196269824000000000e+09
1.126213632000000000e+09
1.256482944000000000e+09
1.171082752000000000e+09
1.274421632000000000e+09
1.256994048000000000e+09
1.064251264000000000e+09
1.106266496000000000e+09
1.127371520000000000e+09
1.267402880000000000e+09
1.008629248000000000e+09
1.154309888000000000e+09
1.248134144000000000e+09
1.310690048000000000e+09
1.163769344000000000e+09
1.479567104000000000e+09
1.112548096000000000e+09
1.181690624000000000e+09
1.173532288000000000e+09
1.212915584000000000e+09
1.039965568000000000e+09
1.260325504000000000e+09
1.225865600000000000e+09
1.047528256000000000e+09
1.358516864000000000e+09
1.203193728000000000e+09
1.193908992000000000e+09
1.288431104000000000e+09
1.032751488000000000e+09
1.263189376000000000e+09
1.122187008000000000e+09
1.204225408000000000e+09
1.176869760000000000e+09
1.107398784000000000e+09
1.115745024000000000e+09
1.225620096000000000e+09
1.060020352000000000e+09
1.149621120000000000e+09
1.260792832000000000e+09
1.209168000000000000e+09
1.321241344000000000e+09
1.208834432000000000e+09
1.151224064000000000e+09
1.301267200000000000e+09
9.847248640000000000e+08
1.339510016000000000e+09
1.313219840000000000e+09
1.232155904000000000e+09
1.297832192000000000e+09
1.141655040000000000e+09
1.049529216000000000e+09
1.334153984000000000e+09
1.178254848000000000e+09
1.120326144000000000e+09
1.398648704000000000e+09
1.218364544000000000e+09
1.121564544000000000e+09
1.213439744000000000e+09
1.120011392000000000e+09
1.158896896000000000e+09
1.197898752000000000e+09
1.038631424000000000e+09
1.333680896000000000e+09
1.061074560000000000e+09
1.210791936000000000e+09
1.152355456000000000e+09
1.248468608000000000e+09
1.100528768000000000e+09
1.059957056000000000e+09
1.141670656000000000e+09
1.307970816000000000e+09
1.145428736000000000e+09
1.114161152000000000e+09
1.231560448000000000e+09
1.231420928000000000e+09
1.176660608000000000e+09
1.300294272000000000e+09
1.192889088000000000e+09
1.273120640000000000e+09
1.421851264000000000e+09
1.106555008000000000e+09
1.015910208000000000e+09
1.314614016000000000e+09
1.294736000000000000e+09
1.144190848000000000e+09
1.061817984000000000e+09
1.335870720000000000e+09
1.194502784000000000e+09
1.100245376000000000e+09
1.264318080000000000e+09
1.172455040000000000e+09
1.259134464000000000e+09
1.170198656000000000e+09
1.110136960000000000e+09
1.245402112000000000e+09
1.224157568000000000e+09
1.117131392000000000e+09
1.378433280000000000e+09
1.123235584000000000e+09
1.277719424000000000e+09
1.266729088000000000e+09
1.174910592000000000e+09
1.217659776000000000e+09
1.169326336000000000e+09
1.173655168000000000e+09
1.206846976000000000e+09
1.119206528000000000e+09
1.224243968000000000e+09
1.232079616000000000e+09
1.315990272000000000e+09
1.143555840000000000e+09
1.327408128000000000e+09
1.165166848000000000e+09
1.107229824000000000e+09
1.115115776000000000e+09
1.028760192000000000e+09
1.232777216000000000e+09
1.169815296000000000e+09
1.156943872000000000e+09
1.013068608000000000e+09
1.077078400000000000e+09
1.195427968000000000e+09
1.197555328000000000e+09
1.210121344000000000e+09
1.274930816000000000e+09
1.209710720000000000e+09
1.239609088000000000e+09
1.091733120000000000e+09
1.072399360000000000e+09
1.237589632000000000e+09
1.243857280000000000e+09
1.110777216000000000e+09
1.189012608000000000e+09
1.131451136000000000e+09
1.114880640000000000e+09
1.197561600000000000e+09
1.244737152000000000e+09
1.126064768000000000e+09
1.162644352000000000e+09
1.068121920000000000e+09
1.224706176000000000e+09
1.320402816000000000e+09
1.318535296000000000e+09
1.150048000000000000e+09
1.284141824000000000e+09
1.242783744000000000e+09
1.415338240000000000e+09
1.301344512000000000e+09
1.046399680000000000e+09
1.192564608000000000e+09
1.175978752000000000e+09
1.330312064000000000e+09
1.374128768000000000e+09
1.106348800000000000e+09
1.253471488000000000e+09
1.446360448000000000e+09
1.139089920000000000e+09
1.172513536000000000e+09
1.306803456000000000e+09
1.108404992000000000e+09
1.210454144000000000e+09
1.101998848000000000e+09
1.048322752000000000e+09
1.128620032000000000e+09
1.219555584000000000e+09
1.080323968000000000e+09
1.163283840000000000e+09
1.214697472000000000e+09
1.228272896000000000e+09
1.237599104000000000e+09
1.001026944000000000e+09
1.151786368000000000e+09
1.334742272000000000e+09
1.350818176000000000e+09
1.280479104000000000e+09
1.212487808000000000e+09
1.290254080000000000e+09
1.194078592000000000e+09
1.179104640000000000e+09
1.274358656000000000e+09
1.233137024000000000e+09
1.158695168000000000e+09
1.291758976000000000e+09
1.279682560000000000e+09
1.200728192000000000e+09
1.187233024000000000e+09
1.259679488000000000e+09
1.079857280000000000e+09
1.206622080000000000e+09
1.239605760000000000e+09
1.080630656000000000e+09
1.092653952000000000e+09
1.139102720000000000e+09
1.307996672000000000e+09
1.187132160000000000e+09
1.314681472000000000e+09
1.316125440000000000e+09
1.085080832000000000e+09
1.123889920000000000e+09
1.119616640000000000e+09
1.242161792000000000e+09
1.263953664000000000e+09
1.110293888000000000e+09
1.173020544000000000e+09
1.090518400000000000e+09
1.137875200000000000e+09
1.070124416000000000e+09
1.177932416000000000e+09
1.093510656000000000e+09
1.021340032000000000e+09
1.173461632000000000e+09
1.093106688000000000e+09
1.217543424000000000e+09
1.110839040000000000e+09
1.204820352000000000e+09
1.202284032000000000e+09
1.158290688000000000e+09
1.257502464000000000e+09
1.221785856000000000e+09
1.171098624000000000e+09
1.158445440000000000e+09
1.273613056000000000e+09
1.333609216000000000e+09
1.090831104000000000e+09
1.258201088000000000e+09
1.312340480000000000e+09
1.140569344000000000e+09
1.107169024000000000e+09
1.195173120000000000e+09
1.119142656000000000e+09
1.118081152000000000e+09
1.293907840000000000e+09
1.323201280000000000e+09
1.125649408000000000e+09
1.122288640000000000e+09
1.152740608000000000e+09
1.230348160000000000e+09
1.276075520000000000e+09
1.263203072000000000e+09
1.199526656000000000e+09
1.177413248000000000e+09
1.203338496000000000e+09
1.284372736000000000e+09
1.262425088000000000e+09
1.237488768000000000e+09
1.320370816000000000e+09
1.402386816000000000e+09
1.094457088000000000e+09
1.214522368000000000e+09
1.304506624000000000e+09
1.110249088000000000e+09
1.355448448000000000e+09
1.299203200000000000e+09
9.037177600000000000e+08
1.142199552000000000e+09
1.170748672000000000e+09
