-3.472817927607755410e+05
-1.473918775211342843e+06
-1.209062913434286043e+07
-2.533487844960308075e+07
-4.160573758754386753e+07
-7.307240527521717548e+07
-1.123673101469500065e+08
-1.500983691409927309e+08
-1.891456529762373567e+08
-2.279482851359042227e+08
-2.669918194068031311e+08
-2.931328617768677473e+08
-1.415983673144484460e+08
-1.542369202553842664e+08
-1.669570891658005118e+08
-1.801196167130307257e+08
-1.932357287030566335e+08
-2.062886199185553193e+08
-2.191626722893909514e+08
-2.318010239837177396e+08
-2.460258576092252135e+08
-2.684674323733857870e+08
-2.763521457327239513e+08
-3.023503501746564507e+08
-3.299133517508655190e+08
-3.679587213620635867e+08
-4.166741628835483789e+08
-1.892497356624484658e+08
-1.634496454945263825e+07
-9.265942327554381563e+02
-4.122267827067963481e+03
-4.349926712077060802e+04
