6.964046848000000000e+09
3.025625600000000000e+09
2.140995328000000000e+09
1.865192192000000000e+09
1.682350976000000000e+09
1.715750144000000000e+09
1.639017600000000000e+09
1.664793344000000000e+09
1.551700736000000000e+09
1.627337984000000000e+09
1.699235712000000000e+09
1.647112704000000000e+09
1.748027008000000000e+09
1.805239040000000000e+09
1.731756288000000000e+09
1.871508864000000000e+09
1.960691328000000000e+09
1.950399872000000000e+09
4.701723136000000000e+09
1.702481715200000000e+10
4.057791692800000000e+10
7.145498214400000000e+10
1.122199552000000000e+11
1.446709493760000000e+11
2.015008194560000000e+11
2.644197048320000000e+11
3.211280711680000000e+11
3.788666961920000000e+11
4.101402460160000000e+11
4.162093383680000000e+11
3.915493539840000000e+11
3.826577244160000000e+11
3.714818048000000000e+11
3.558843351040000000e+11
3.445482782720000000e+11
3.219359662080000000e+11
3.107238379520000000e+11
3.134896537600000000e+11
2.790003179520000000e+11
2.819027763200000000e+11
2.540457984000000000e+11
2.460128870400000000e+11
2.486746480640000000e+11
2.202194903040000000e+11
2.186171187200000000e+11
2.095760343040000000e+11
2.105777192960000000e+11
1.973051555840000000e+11
1.900871188480000000e+11
1.884783083520000000e+11
1.841087283200000000e+11
1.776245145600000000e+11
1.607272857600000000e+11
1.496644485120000000e+11
1.437278863360000000e+11
1.141730181120000000e+11
9.597552230400000000e+10
6.515997900800000000e+10
2.800184115200000000e+10
1.629865881600000000e+10
1.019211366400000000e+10
1.040458240000000000e+10
9.339230208000000000e+09
1.019278540800000000e+10
1.092177817600000000e+10
9.283273728000000000e+09
8.388848128000000000e+09
1.008366387200000000e+10
6.986585088000000000e+09
7.986604544000000000e+09
8.883072000000000000e+09
9.449294848000000000e+09
1.361009971200000000e+10
9.830569984000000000e+09
1.022385561600000000e+10
1.216478720000000000e+10
1.004918374400000000e+10
9.696671744000000000e+09
9.003384832000000000e+09
7.894325760000000000e+09
1.060656947200000000e+10
1.009102336000000000e+10
9.009518592000000000e+09
6.955388928000000000e+09
9.417581568000000000e+09
8.371979264000000000e+09
8.867885056000000000e+09
1.162054348800000000e+10
9.251239936000000000e+09
9.985270784000000000e+09
9.167579136000000000e+09
7.740796928000000000e+09
1.254820761600000000e+10
1.009660211200000000e+10
8.580879872000000000e+09
8.066575360000000000e+09
8.709408768000000000e+09
8.233056768000000000e+09
1.145999052800000000e+10
9.986043904000000000e+09
8.395619328000000000e+09
1.098778419200000000e+10
6.990644224000000000e+09
1.246557081600000000e+10
1.145059123200000000e+10
5.818361344000000000e+09
9.105711104000000000e+09
7.603136000000000000e+09
1.081434009600000000e+10
1.011812966400000000e+10
7.503914496000000000e+09
8.992027648000000000e+09
9.511203840000000000e+09
1.016065536000000000e+10
7.392287232000000000e+09
5.628720640000000000e+09
8.063630336000000000e+09
6.023953408000000000e+09
3.148760576000000000e+09
4.531314688000000000e+09
7.254470656000000000e+09
5.310133760000000000e+09
2.865164544000000000e+09
8.496708608000000000e+09
4.200544768000000000e+09
3.379644416000000000e+09
3.775646976000000000e+09
4.204943360000000000e+09
9.739286528000000000e+09
9.098285056000000000e+09
7.881937920000000000e+09
1.015177932800000000e+10
5.154435072000000000e+09
3.956841984000000000e+09
2.616554496000000000e+09
6.503544832000000000e+09
6.285878272000000000e+09
5.358888448000000000e+09
6.258698752000000000e+09
4.674339840000000000e+09
1.642908160000000000e+09
3.328111360000000000e+09
1.438849280000000000e+09
3.613011968000000000e+09
4.278051328000000000e+09
5.182360576000000000e+09
3.658628352000000000e+09
2.381838848000000000e+09
3.680609024000000000e+09
3.691433216000000000e+09
2.438967552000000000e+09
4.640529408000000000e+09
5.631904768000000000e+09
1.780007552000000000e+09
8.898686720000000000e+08
1.592777984000000000e+09
3.242419968000000000e+09
1.141470592000000000e+09
3.397219840000000000e+09
3.456221952000000000e+09
1.126852480000000000e+09
8.481504000000000000e+08
3.153346048000000000e+09
1.771043072000000000e+09
3.555967488000000000e+09
6.324832256000000000e+09
4.779537408000000000e+09
9.074522240000000000e+08
1.038107520000000000e+09
2.637565440000000000e+09
2.728109056000000000e+09
1.236565504000000000e+09
1.677765376000000000e+09
1.024633344000000000e+09
9.332069120000000000e+08
9.278646400000000000e+08
7.064784640000000000e+08
3.458269184000000000e+09
2.644002816000000000e+09
3.256282624000000000e+09
4.914949120000000000e+09
1.023152128000000000e+09
1.051733888000000000e+09
2.057727360000000000e+09
1.241985664000000000e+09
1.010995904000000000e+09
4.797817856000000000e+09
2.501829888000000000e+09
3.087298048000000000e+09
1.606879872000000000e+09
2.796402176000000000e+09
3.592480000000000000e+09
1.141602048000000000e+09
1.969298688000000000e+09
4.935285760000000000e+09
2.401997568000000000e+09
1.054639744000000000e+09
2.787805952000000000e+09
9.579062400000000000e+08
2.941591552000000000e+09
7.818750720000000000e+08
2.907942144000000000e+09
5.448120832000000000e+09
1.114409728000000000e+09
1.118007680000000000e+09
2.748534016000000000e+09
4.451855872000000000e+09
1.321844736000000000e+09
2.428299520000000000e+09
2.874226176000000000e+09
6.197136640000000000e+08
2.568300032000000000e+09
1.412913792000000000e+09
7.604186880000000000e+08
1.391619456000000000e+09
4.789027840000000000e+09
1.120846848000000000e+09
1.577251712000000000e+09
9.749449600000000000e+08
6.533440640000000000e+08
1.168782464000000000e+09
7.951018240000000000e+08
2.981536256000000000e+09
3.268979456000000000e+09
2.614934528000000000e+09
2.646138880000000000e+09
7.897580800000000000e+08
3.178370048000000000e+09
2.970364416000000000e+09
8.372046720000000000e+08
8.794728320000000000e+08
9.560219520000000000e+08
2.878544128000000000e+09
3.027040768000000000e+09
1.306664320000000000e+09
3.192241664000000000e+09
4.837821952000000000e+09
1.359673856000000000e+09
1.402655616000000000e+09
4.859371008000000000e+09
1.902418688000000000e+09
1.240940800000000000e+09
3.042063360000000000e+09
1.399456000000000000e+09
3.288040960000000000e+09
1.912798592000000000e+09
3.337689088000000000e+09
1.311084672000000000e+09
5.208579072000000000e+09
3.807444224000000000e+09
1.451882368000000000e+09
1.477173120000000000e+09
3.815479808000000000e+09
3.964633088000000000e+09
1.301360640000000000e+09
1.185211520000000000e+09
3.614013952000000000e+09
1.256694400000000000e+09
1.225120896000000000e+09
5.022581760000000000e+09
1.592625792000000000e+09
1.492965120000000000e+09
1.844691328000000000e+09
1.422719488000000000e+09
1.138707712000000000e+09
3.233153536000000000e+09
3.409767168000000000e+09
1.688831488000000000e+09
3.243245568000000000e+09
3.626959360000000000e+09
1.796927104000000000e+09
3.948159744000000000e+09
3.359852544000000000e+09
4.208984064000000000e+09
1.461879680000000000e+09
2.087515520000000000e+09
2.111315584000000000e+09
1.461582592000000000e+09
5.169712640000000000e+09
3.122505984000000000e+09
1.925120256000000000e+09
5.416633856000000000e+09
2.045386752000000000e+09
1.754262144000000000e+09
1.541289856000000000e+09
2.798094848000000000e+09
1.827593600000000000e+09
6.225325056000000000e+09
2.251225088000000000e+09
1.939483392000000000e+09
2.530680832000000000e+09
2.067396352000000000e+09
2.232067840000000000e+09
2.111462016000000000e+09
2.311024640000000000e+09
1.827068672000000000e+09
1.971699072000000000e+09
2.510882816000000000e+09
2.889058816000000000e+09
2.300672512000000000e+09
1.891612928000000000e+09
5.484958208000000000e+09
3.148923904000000000e+09
4.995995136000000000e+09
2.672530688000000000e+09
2.432559616000000000e+09
2.471827968000000000e+09
2.997705984000000000e+09
2.017114496000000000e+09
2.061112960000000000e+09
2.613994496000000000e+09
4.335891456000000000e+09
2.432900608000000000e+09
1.604714368000000000e+09
4.162888192000000000e+09
2.620270592000000000e+09
2.199967232000000000e+09
1.664840064000000000e+09
2.334888192000000000e+09
2.349386240000000000e+09
4.737909248000000000e+09
4.175294976000000000e+09
2.198064640000000000e+09
2.788137728000000000e+09
2.789921792000000000e+09
2.303748608000000000e+09
2.492475904000000000e+09
5.200303104000000000e+09
5.770328576000000000e+09
3.263921664000000000e+09
2.745619456000000000e+09
4.337259008000000000e+09
3.179049472000000000e+09
2.887904256000000000e+09
6.649160704000000000e+09
4.697015296000000000e+09
2.962766080000000000e+09
2.833743360000000000e+09
2.681007616000000000e+09
3.880766976000000000e+09
5.645044224000000000e+09
3.325719040000000000e+09
4.250691072000000000e+09
4.551319040000000000e+09
2.403441152000000000e+09
5.365220352000000000e+09
2.648891392000000000e+09
4.486177792000000000e+09
3.206381056000000000e+09
3.004086528000000000e+09
4.279436032000000000e+09
3.913819392000000000e+09
3.342298624000000000e+09
3.517051648000000000e+09
7.639608320000000000e+09
4.941128192000000000e+09
5.523848704000000000e+09
3.115547904000000000e+09
8.907746304000000000e+09
4.410070528000000000e+09
4.970324480000000000e+09
3.667492352000000000e+09
2.844405760000000000e+09
6.639691776000000000e+09
4.221962240000000000e+09
2.482927104000000000e+09
2.983451904000000000e+09
2.681324800000000000e+09
4.588414976000000000e+09
7.633972224000000000e+09
7.768112128000000000e+09
1.083090124800000000e+10
2.931069184000000000e+09
4.272736256000000000e+09
6.728687104000000000e+09
3.309057792000000000e+09
6.243577856000000000e+09
1.060582707200000000e+10
2.388400896000000000e+09
8.936265728000000000e+09
6.768749056000000000e+09
8.900408320000000000e+09
2.195891712000000000e+09
2.412598272000000000e+09
9.218705408000000000e+09
2.451735296000000000e+09
4.249901056000000000e+09
3.337912320000000000e+09
9.273084928000000000e+09
4.973643776000000000e+09
6.355722240000000000e+09
9.323218944000000000e+09
2.310010368000000000e+09
2.267761664000000000e+09
4.078459648000000000e+09
4.008067584000000000e+09
6.436310016000000000e+09
6.784748544000000000e+09
2.177127680000000000e+09
2.217937664000000000e+09
2.576142336000000000e+09
8.326374912000000000e+09
1.117364633600000000e+10
6.699485696000000000e+09
6.783582720000000000e+09
6.613165056000000000e+09
6.496821760000000000e+09
2.194910208000000000e+09
6.082879488000000000e+09
6.731935232000000000e+09
2.938094080000000000e+09
4.733417984000000000e+09
2.538698240000000000e+09
3.833132288000000000e+09
7.312614400000000000e+09
5.812773888000000000e+09
7.037855232000000000e+09
2.075019520000000000e+09
3.072613376000000000e+09
7.822445568000000000e+09
2.748888576000000000e+09
4.001807616000000000e+09
2.768774144000000000e+09
2.628615680000000000e+09
2.472890880000000000e+09
2.938415360000000000e+09
3.163736320000000000e+09
2.891529472000000000e+09
6.622830080000000000e+09
2.644663296000000000e+09
7.480879616000000000e+09
2.971513344000000000e+09
1.084421734400000000e+10
7.675823616000000000e+09
6.282271744000000000e+09
3.091659264000000000e+09
2.698014976000000000e+09
4.146665472000000000e+09
4.762706432000000000e+09
2.573124608000000000e+09
6.980345856000000000e+09
6.020983296000000000e+09
7.559429120000000000e+09
2.848369152000000000e+09
7.892167680000000000e+09
7.757159424000000000e+09
2.728967936000000000e+09
4.331238912000000000e+09
3.234114560000000000e+09
3.018903040000000000e+09
2.730578688000000000e+09
2.395618816000000000e+09
3.166162688000000000e+09
8.269107200000000000e+09
1.376204083200000000e+10
2.694805248000000000e+09
4.710072320000000000e+09
2.654939904000000000e+09
2.713907712000000000e+09
7.839255552000000000e+09
2.929033728000000000e+09
3.212619264000000000e+09
3.502914048000000000e+09
3.555863808000000000e+09
5.428021760000000000e+09
2.933510400000000000e+09
2.176706816000000000e+09
2.929704704000000000e+09
2.935273984000000000e+09
5.028224000000000000e+09
7.584918016000000000e+09
1.200135475200000000e+10
3.583048192000000000e+09
5.695583232000000000e+09
3.226493440000000000e+09
3.108541952000000000e+09
3.062952448000000000e+09
3.305759232000000000e+09
3.226764288000000000e+09
5.487817728000000000e+09
2.962266624000000000e+09
4.642612224000000000e+09
5.057088512000000000e+09
2.774604544000000000e+09
1.175406182400000000e+10
2.715294464000000000e+09
4.851328512000000000e+09
4.188703232000000000e+09
3.482370816000000000e+09
5.533830144000000000e+09
3.318366720000000000e+09
3.547128320000000000e+09
7.170595840000000000e+09
3.399920384000000000e+09
3.957664256000000000e+09
3.783616000000000000e+09
7.753415168000000000e+09
2.158824448000000000e+09
3.018156544000000000e+09
3.525937920000000000e+09
