2.476314112000000000e+09
1.533907968000000000e+09
1.229955328000000000e+09
1.208943360000000000e+09
1.141095552000000000e+09
1.105745920000000000e+09
1.152570624000000000e+09
1.253969280000000000e+09
1.308329728000000000e+09
1.424901376000000000e+09
1.454664960000000000e+09
1.552927488000000000e+09
1.644904448000000000e+09
1.702974336000000000e+09
1.727168128000000000e+09
2.810266368000000000e+09
1.338365747200000000e+10
3.556309401600000000e+10
6.996402176000000000e+10
1.058883665920000000e+11
1.538736291840000000e+11
2.019692707840000000e+11
2.659680256000000000e+11
3.333402132480000000e+11
3.937444167680000000e+11
4.455332249600000000e+11
5.115363328000000000e+11
5.842706104320000000e+11
6.142716149760000000e+11
7.264384450560000000e+11
7.929082675200000000e+11
8.645401640960000000e+11
9.473867120640000000e+11
1.022765170688000000e+12
1.062815006720000000e+12
1.100432539648000000e+12
1.180251848704000000e+12
1.218895544320000000e+12
1.307042119680000000e+12
1.359085174784000000e+12
1.422194769920000000e+12
1.440214155264000000e+12
1.502900649984000000e+12
1.501127376896000000e+12
1.379131064320000000e+12
1.304727650304000000e+12
1.239818043392000000e+12
1.157759631360000000e+12
1.038640742400000000e+12
9.717943500800000000e+11
8.606555832320000000e+11
8.131443425280000000e+11
7.100076523520000000e+11
6.586145177600000000e+11
5.774904524800000000e+11
4.982496952320000000e+11
4.386570895360000000e+11
3.532703006720000000e+11
3.084590120960000000e+11
2.582971678720000000e+11
2.135066705920000000e+11
1.857189806080000000e+11
1.492141670400000000e+11
1.273118064640000000e+11
9.784614912000000000e+10
6.505010790400000000e+10
5.890405171200000000e+10
4.428199936000000000e+10
3.895945625600000000e+10
3.238055526400000000e+10
2.561520640000000000e+10
1.899924275200000000e+10
1.466818764800000000e+10
1.927169228800000000e+10
1.554938470400000000e+10
1.447525888000000000e+10
1.554654208000000000e+10
1.426664960000000000e+10
1.415497318400000000e+10
1.675426713600000000e+10
1.508406374400000000e+10
1.719357644800000000e+10
1.191699456000000000e+10
1.407083622400000000e+10
1.166569676800000000e+10
1.499727974400000000e+10
9.781651456000000000e+09
1.140939776000000000e+10
1.665498521600000000e+10
1.075266867200000000e+10
1.228051456000000000e+10
1.217406873600000000e+10
1.164177203200000000e+10
1.164051865600000000e+10
9.491994624000000000e+09
9.781287936000000000e+09
1.109404364800000000e+10
1.082639667200000000e+10
7.769393664000000000e+09
7.974327808000000000e+09
7.815343104000000000e+09
7.885030912000000000e+09
9.992823808000000000e+09
1.240323993600000000e+10
8.750023680000000000e+09
6.391675904000000000e+09
6.316167168000000000e+09
7.349192192000000000e+09
7.838979584000000000e+09
5.663890944000000000e+09
7.028169728000000000e+09
7.405552640000000000e+09
8.541283840000000000e+09
6.801513472000000000e+09
6.651840512000000000e+09
6.663777280000000000e+09
7.279664128000000000e+09
8.688596992000000000e+09
6.881221632000000000e+09
5.815113216000000000e+09
7.355844096000000000e+09
3.898018560000000000e+09
5.305923072000000000e+09
4.966927360000000000e+09
4.113642240000000000e+09
2.529087232000000000e+09
4.823788544000000000e+09
4.114953472000000000e+09
6.453122048000000000e+09
5.107004416000000000e+09
5.643205632000000000e+09
5.060697088000000000e+09
4.415966208000000000e+09
4.122448640000000000e+09
7.173065216000000000e+09
7.115702272000000000e+09
7.128095232000000000e+09
9.174914048000000000e+09
9.678308352000000000e+09
8.211305984000000000e+09
1.293831168000000000e+10
1.242652979200000000e+10
1.326567424000000000e+10
1.420322713600000000e+10
1.477927116800000000e+10
1.436524851200000000e+10
1.105653760000000000e+10
1.118351462400000000e+10
5.748268544000000000e+09
5.537981440000000000e+09
3.092839936000000000e+09
6.787935744000000000e+09
3.587655168000000000e+09
3.163009792000000000e+09
3.789936128000000000e+09
3.347752704000000000e+09
5.038166016000000000e+09
3.059274496000000000e+09
3.899929088000000000e+09
3.570478336000000000e+09
4.275804672000000000e+09
2.668602880000000000e+09
4.453924864000000000e+09
1.986346368000000000e+09
6.388855808000000000e+09
5.458574336000000000e+09
4.148354304000000000e+09
3.935021824000000000e+09
5.186675712000000000e+09
3.591739904000000000e+09
5.158288384000000000e+09
4.444451840000000000e+09
9.003210752000000000e+09
3.520643072000000000e+09
7.063658496000000000e+09
4.296843264000000000e+09
5.167976960000000000e+09
7.097794560000000000e+09
4.364595712000000000e+09
2.278928384000000000e+09
3.177245696000000000e+09
2.079456640000000000e+09
3.959262720000000000e+09
2.641985536000000000e+09
6.089150464000000000e+09
3.796264448000000000e+09
4.124146176000000000e+09
6.351114752000000000e+09
6.385322496000000000e+09
2.230142976000000000e+09
5.415058432000000000e+09
8.272578048000000000e+09
1.248291737600000000e+10
6.726647296000000000e+09
7.248545280000000000e+09
3.007008512000000000e+09
4.326033920000000000e+09
4.205812992000000000e+09
3.123347968000000000e+09
6.167610368000000000e+09
7.198658560000000000e+09
4.282156544000000000e+09
8.855519232000000000e+09
4.221125888000000000e+09
4.423332864000000000e+09
5.372891648000000000e+09
1.014090752000000000e+10
2.981339648000000000e+09
6.678400512000000000e+09
6.677662208000000000e+09
9.543595008000000000e+09
2.742361344000000000e+09
8.069028864000000000e+09
1.152899379200000000e+10
5.827591168000000000e+09
6.283592704000000000e+09
9.167697920000000000e+09
9.131858944000000000e+09
1.014035251200000000e+10
5.756114944000000000e+09
2.914015232000000000e+09
1.053075251200000000e+10
5.073692160000000000e+09
5.797338624000000000e+09
3.829516800000000000e+09
1.006461132800000000e+10
7.311812096000000000e+09
1.116655308800000000e+10
6.147130368000000000e+09
8.364431872000000000e+09
1.476226867200000000e+10
7.409020928000000000e+09
1.275859763200000000e+10
1.481330176000000000e+10
6.913893888000000000e+09
6.639387136000000000e+09
5.884262400000000000e+09
9.937321984000000000e+09
8.384701952000000000e+09
6.769331200000000000e+09
8.926024704000000000e+09
1.086593331200000000e+10
8.016322560000000000e+09
1.758456422400000000e+10
8.933861376000000000e+09
6.055172608000000000e+09
7.350858752000000000e+09
7.670651392000000000e+09
4.572571136000000000e+09
3.434460672000000000e+09
1.196352102400000000e+10
8.422732800000000000e+09
7.014538240000000000e+09
6.197010944000000000e+09
5.152744448000000000e+09
8.305079808000000000e+09
2.468192768000000000e+09
7.754308608000000000e+09
8.477326336000000000e+09
8.244812800000000000e+09
1.009775923200000000e+10
6.507621888000000000e+09
7.226779136000000000e+09
9.502234624000000000e+09
5.328608256000000000e+09
6.134619136000000000e+09
6.573976576000000000e+09
1.024447180800000000e+10
2.418613248000000000e+09
1.872759808000000000e+09
8.874037248000000000e+09
5.273074688000000000e+09
2.599012864000000000e+09
1.178944307200000000e+10
6.864752128000000000e+09
5.510319616000000000e+09
3.543102208000000000e+09
5.529530368000000000e+09
1.464808064000000000e+09
1.025556787200000000e+10
6.493509632000000000e+09
3.790020096000000000e+09
1.105502003200000000e+10
1.305064448000000000e+09
5.009565696000000000e+09
3.364035072000000000e+09
6.516401152000000000e+09
3.657664512000000000e+09
5.667333632000000000e+09
2.328503808000000000e+09
4.855895040000000000e+09
2.523252224000000000e+09
4.374559232000000000e+09
4.064517632000000000e+09
1.029840486400000000e+10
4.621644800000000000e+09
3.250390272000000000e+09
3.634253824000000000e+09
5.267708416000000000e+09
1.532439449600000000e+10
4.563853312000000000e+09
1.222709043200000000e+10
6.223792640000000000e+09
2.721293824000000000e+09
2.266490112000000000e+09
3.921601280000000000e+09
4.154237696000000000e+09
5.862923264000000000e+09
6.301629952000000000e+09
5.135584256000000000e+09
2.379593472000000000e+09
1.715275904000000000e+09
7.654622208000000000e+09
5.171091968000000000e+09
3.667042304000000000e+09
2.269431296000000000e+09
6.307228672000000000e+09
1.588779776000000000e+09
5.156438016000000000e+09
2.491481088000000000e+09
1.887828736000000000e+09
6.605333504000000000e+09
6.199274496000000000e+09
3.959328768000000000e+09
7.231464448000000000e+09
2.944227840000000000e+09
1.013242675200000000e+10
3.996209152000000000e+09
8.718679040000000000e+08
3.152070400000000000e+09
4.656430080000000000e+09
2.048894720000000000e+09
4.129472512000000000e+09
7.030823936000000000e+09
3.440317952000000000e+09
1.084934528000000000e+09
6.094567936000000000e+09
3.733145600000000000e+09
5.182804992000000000e+09
7.222789120000000000e+09
4.525905920000000000e+09
5.794340864000000000e+09
5.121851392000000000e+09
5.944298496000000000e+09
1.017762508800000000e+10
3.104744704000000000e+09
4.507622400000000000e+09
3.372655104000000000e+09
3.840024064000000000e+09
2.279703808000000000e+09
8.758321280000000000e+08
2.022055296000000000e+09
1.940770432000000000e+09
1.847607552000000000e+09
1.581240960000000000e+09
4.392206848000000000e+09
5.210433024000000000e+09
2.201808384000000000e+09
5.226576960000000000e+08
6.010324992000000000e+09
2.325053440000000000e+09
3.020928512000000000e+09
3.347622400000000000e+09
3.215594752000000000e+09
2.970095616000000000e+09
3.379851776000000000e+09
1.096085811200000000e+10
2.554406400000000000e+09
3.109714432000000000e+09
4.586161152000000000e+09
3.333213440000000000e+09
4.325389312000000000e+09
1.088284416000000000e+09
4.798936064000000000e+09
1.781932288000000000e+09
3.190367488000000000e+09
4.516778496000000000e+09
4.102735104000000000e+09
8.244835200000000000e+08
5.742306304000000000e+09
2.003507584000000000e+09
8.175950080000000000e+08
2.946334464000000000e+09
5.453572096000000000e+09
2.460306944000000000e+09
9.386166272000000000e+09
1.612359168000000000e+09
3.852831232000000000e+09
5.839287296000000000e+09
4.183356160000000000e+09
5.613056512000000000e+09
6.323575680000000000e+08
6.717320192000000000e+09
1.097338240000000000e+09
1.831151616000000000e+09
3.301860864000000000e+09
1.909161984000000000e+09
3.073430016000000000e+09
1.652770304000000000e+09
4.331866624000000000e+09
7.779987200000000000e+08
7.105374720000000000e+09
2.252962048000000000e+09
1.220702208000000000e+09
5.154890752000000000e+09
4.478070272000000000e+09
8.300161280000000000e+08
1.112762624000000000e+09
1.650113664000000000e+09
8.235690240000000000e+08
6.797792256000000000e+09
3.289424384000000000e+09
3.403345408000000000e+09
3.385961216000000000e+09
1.044467200000000000e+09
6.345256960000000000e+08
5.041055360000000000e+08
3.034638080000000000e+09
4.028240640000000000e+09
2.178927616000000000e+09
5.787931520000000000e+08
5.299247616000000000e+09
5.375900160000000000e+08
6.673005440000000000e+08
3.231333632000000000e+09
5.874708480000000000e+09
1.093039232000000000e+09
7.823172480000000000e+08
7.519521920000000000e+08
3.365718784000000000e+09
3.770710784000000000e+09
3.344638976000000000e+09
9.340420096000000000e+09
5.626963968000000000e+09
3.111663104000000000e+09
4.552481280000000000e+09
7.424890880000000000e+08
3.729126912000000000e+09
3.223762944000000000e+09
4.370671104000000000e+09
6.872881280000000000e+08
5.998232320000000000e+08
1.547872512000000000e+09
2.165748736000000000e+09
4.581328896000000000e+09
1.924743552000000000e+09
6.025234432000000000e+09
6.432750720000000000e+08
3.165572864000000000e+09
6.522076160000000000e+08
1.128414336000000000e+09
1.928761344000000000e+09
3.506489344000000000e+09
1.124999680000000000e+09
1.552009472000000000e+09
1.549646592000000000e+09
1.784008064000000000e+09
3.520619264000000000e+09
9.667910400000000000e+08
1.075603200000000000e+09
3.732964864000000000e+09
1.278170624000000000e+09
2.239232256000000000e+09
3.348241152000000000e+09
1.263039232000000000e+09
3.790404864000000000e+09
1.018049344000000000e+09
1.337249664000000000e+09
2.840055808000000000e+09
7.043716096000000000e+09
1.106919552000000000e+09
8.718645120000000000e+08
2.417019392000000000e+09
9.980610560000000000e+08
9.961695360000000000e+08
1.951801984000000000e+09
3.183176960000000000e+09
2.441769216000000000e+09
1.309188224000000000e+09
2.103067008000000000e+09
1.981489152000000000e+09
1.080068608000000000e+09
3.277093120000000000e+09
3.656180224000000000e+09
2.163314176000000000e+09
2.240718848000000000e+09
1.039320384000000000e+09
1.291100544000000000e+09
3.436141056000000000e+09
2.668672512000000000e+09
2.610762496000000000e+09
2.199039488000000000e+09
2.023111296000000000e+09
2.099604736000000000e+09
6.527095808000000000e+09
3.697413632000000000e+09
1.277282560000000000e+09
1.106490777600000000e+10
4.244571648000000000e+09
1.765029888000000000e+09
