-2.064000000000000000e+03
3.202486646122445109e+03
-3.164435539051405158e+03
1.332704204729124103e+04
4.152129466626070098e+02
1.817204579371609725e+04
1.467260918774484480e+03
1.851163581536957645e+04
4.526691588006377060e+03
2.681233541338910436e+04
1.008855328237707181e+04
1.421080778108274899e+04
1.048017107275298622e+04
1.305601600137366040e+04
2.321347184447114159e+03
3.246855857170827221e+03
7.122629077043338839e+03
3.198197838541054807e+03
7.647505323939176378e+03
7.334547446582998418e+03
1.602077647879655888e+04
1.964854162336360605e+04
8.466771707467109081e+03
6.298066250968799068e+03
3.562288680278153151e+03
1.249071798207921802e+03
6.727703708651886245e+02
1.643630361835603617e+04
2.196093703226109210e+04
4.005057963727047991e+03
2.473361902492935769e+04
7.455968485810268248e+03
2.581961622954817722e+04
5.753090354397391820e+03
1.163658644667029148e+04
-9.748549570106188185e+02
7.528815679815357726e+03
7.769352611168538715e+03
4.233824146236405795e+03
2.510570122023735894e+04
6.286868785105782990e+03
5.060211902999260928e+03
1.493499650330472105e+04
6.870215031189252841e+03
8.234387727733452266e+03
1.738613482671949896e+04
7.225421418878111581e+03
1.879800221931014312e+04
1.758461251406372685e+04
1.772648509978467337e+04
7.593424252542098657e+03
2.261316399350560823e+04
6.611303427085149451e+03
2.129261463465086854e+04
5.767046298627552460e+03
-5.815798871996094022e+02
1.495792963973194855e+04
2.497037009785020928e+04
-5.211284239945740637e+01
8.074537584394472105e+03
7.465268867056161980e+03
1.208562109524253719e+04
1.001239369722898482e+04
6.783839459300429553e+03
1.349848859280332545e+04
2.764691731744309072e+04
6.103075799356287462e+03
3.806416297307407149e+03
2.081094928907714348e+04
2.057541551808269651e+04
2.004807419459728862e+03
3.986686193024798740e+03
7.441268854009804272e+03
1.797827583776859683e+04
1.543585364219497569e+04
6.630170141892949687e+03
2.349808287267246124e+04
5.963464533929040954e+03
1.591809900567481600e+04
1.929643777056097315e+04
2.182462048000777031e+03
4.637846695112841189e+03
8.479129032288372400e+03
1.579566252121066100e+04
1.389255140713767832e+04
2.073666825885457365e+04
4.787350285123698086e+03
1.143493565384196336e+04
2.835665762861392068e+03
4.379528204318967255e+03
6.026800255547203051e+03
2.418121281801136138e+04
3.119798434534041007e+04
9.900839973706919409e+03
9.317245448172645411e+03
3.546564243484534381e+04
1.410678430242616014e+04
2.585839696868969895e+03
6.221896315492238500e+03
8.325554073831557616e+03
1.116207712735729183e+04
2.651281699653416126e+03
5.943547925068203767e+03
1.235985612785515696e+04
4.721474385460200574e+04
1.140168365209054173e+04
9.683353383856463097e+02
1.402035252702951402e+04
1.238391999601432326e+04
1.111924679852093504e+04
2.640061936270542355e+04
2.012035368071872290e+04
1.980702509907661079e+04
1.444034552163170702e+04
6.049751145305132013e+03
4.122241107911304425e+03
-1.155847588456243784e+02
1.642585545121736504e+04
3.319766197838317021e+04
7.679780565462357117e+03
9.968540078540478135e+03
2.776309873917394725e+03
2.275867244125674188e+04
1.203720795425659162e+04
4.181453477410911546e+03
1.191000152877063920e+04
2.769474131766442952e+04
1.871120521392343653e+04
8.532803320756906032e+03
1.641625140358548015e+04
1.043752673651751866e+04
1.668754358429701460e+04
1.353954048232930836e+04
1.201791134089252955e+04
1.437946130139711568e+04
5.680903473099870098e+03
2.450978964815074960e+03
9.167811450670957129e+03
9.043501232355278262e+03
7.396878016158218088e+03
1.821373693376213123e+04
1.262145557887093491e+04
1.709161520649789600e+04
6.011928552479608697e+03
1.273533636913456394e+04
1.332179435831715455e+04
1.920324939351218563e+04
4.161375415748374508e+03
1.739567945347018394e+04
6.744058849892900980e+03
7.258646103665751070e+03
1.190545622726126021e+04
8.945738035927051897e+03
1.375184444904128759e+04
2.989519732323800054e+04
6.264705338536905401e+03
1.826539241348957148e+04
2.142818650973265540e+04
2.304158622551860753e+04
9.591034527666506619e+03
4.748190906428804738e+03
1.267006938464692939e+04
7.176319838533657276e+03
2.026742953953476535e+04
1.170011717035898437e+04
1.865665400619371667e+03
5.991528694099779386e+03
6.625741487104486623e+03
6.478879425670553246e+03
1.853492139292912543e+04
1.864904993439905957e+04
3.646313136302053863e+03
8.116970123619374817e+02
2.394381547605262313e+03
1.084994236957961402e+04
8.433267227793012353e+03
2.502314812238016384e+04
5.899169066172549719e+03
1.508480647108760604e+04
2.798260713798711367e+04
4.831724050857511429e+03
1.827180067464868989e+04
5.380986498443464370e+03
1.092520037404144568e+04
1.007523263008313734e+04
1.608879029583798729e+04
1.272151466018040264e+04
3.066086778580114697e+03
1.020120216870111290e+04
2.050638959945450551e+04
1.358993315757877281e+04
1.207151874806255728e+04
2.272982090703832364e+04
6.972323501238939571e+03
1.192292739543156313e+04
4.382559123626678229e+03
4.283207711756682693e+04
2.777580914703920644e+04
2.354766653331612360e+02
7.813410281360940644e+03
6.588566790764474717e+03
3.680012551602709209e+03
1.051187125920767903e+04
3.690416419212044275e+04
5.171578749944586889e+03
8.177679014253298192e+03
1.052358945200626658e+04
3.054595886228608288e+04
1.722470893009705833e+04
1.415471460885326451e+04
6.003970527851788574e+03
2.939615323959222587e+04
6.337158191620321304e+03
3.862638846324903716e+04
2.020703922328567933e+04
1.524468036149194086e+04
9.568567705299126828e+03
3.558391909158458293e+04
1.365784574620892454e+04
1.460512790309732736e+04
4.672855974223783051e+03
9.005337830037682579e+03
3.277397997345250042e+04
3.200479107732332977e+03
3.774218708979440999e+04
1.928571089373456198e+04
1.496451060840730406e+03
6.491378735910491741e+03
6.653258247177726844e+03
1.836808874313454362e+04
8.331221408140467247e+03
2.177763283041577597e+04
1.123832933927326121e+04
1.655983481579508589e+04
7.679447135624698603e+03
6.472099345146905762e+03
9.841069450129309189e+03
1.076637578969243441e+04
9.862498140191502898e+03
1.133417768741150030e+04
3.796682230011673528e+04
1.503898559367095004e+04
1.411889560494104444e+04
7.290810607115372477e+03
8.980837546447732166e+03
1.351819603450091381e+04
1.296270375050984512e+04
1.434396770183315311e+04
8.311842552262864046e+03
7.915187915765272010e+03
3.149068309443528779e+04
2.863125421600519621e+04
1.244700547510532306e+04
1.261755333699671064e+04
2.147429085436033711e+04
9.432833927141718959e+03
1.749630150382319698e+04
1.364159634364242993e+04
2.647978458743511510e+04
2.025920324081978833e+04
9.019893210702750366e+03
2.055762302284576072e+04
6.574718107380980655e+03
5.193712463280698103e+03
6.159066211003739227e+03
4.018468531972535857e+03
1.450492576989407462e+04
1.655818509174420979e+04
4.771648229683062709e+03
7.353681154442674597e+03
2.803776637407509406e+04
1.161436541729273813e+04
3.183045271862917434e+04
4.404536247469274713e+03
6.602563003406719872e+03
7.407949580927820534e+03
1.536788080446897220e+04
1.667612237076199381e+04
2.048565661045265733e+04
7.343927810516289355e+03
2.327375117513582609e+03
5.629069868024022981e+03
6.070573811092584947e+03
9.342218671243888821e+03
5.903840143679921312e+03
5.247833388716171612e+03
1.198597987642026055e+04
8.021741733078824836e+03
1.821874191592128409e+04
1.562996844547192086e+04
6.059790341566419556e+03
1.615545564319957884e+04
7.701317017157060036e+03
1.863304310259050544e+04
9.031205277964911147e+03
1.387819967666318371e+04
4.371998873975530842e+03
7.257038249587052633e+03
2.330293817108234725e+04
6.884980487382966203e+03
5.236930894983654525e+02
2.035236264199318248e+04
2.218819174567072332e+04
2.894006908352674145e+03
1.530669660531338377e+04
7.472960560492402692e+03
2.062126244622152080e+04
1.465000791247056441e+04
6.425799207690194635e+03
3.193819880030711647e+04
2.557927390999393083e+03
1.160167113034131035e+04
2.455829340621256051e+04
2.609517244767748343e+04
-1.574459362437003620e+03
6.570049791165468378e+03
1.415532122820784025e+04
2.475302733484759301e+04
1.283333581295174190e+04
4.178243795221610344e+04
4.054719998613023563e+03
2.008087291460022971e+04
6.756015073225930792e+03
1.238961797774668230e+04
2.242478014407810042e+04
1.898136803845939721e+04
6.693833992672230124e+03
1.017609165598852269e+04
1.488034117425760996e+04
1.012673651797736966e+04
1.765885902892001832e+04
1.150432702048950159e+04
4.945588361915805763e+03
3.916999435882857506e+04
8.603709593692134149e+03
6.032800279779627090e+03
6.029927426411730266e+03
2.763120114594790357e+04
1.508571278805651673e+04
2.156068618177909229e+04
8.625678849248262850e+03
3.911226086711281823e+03
6.468646092680801303e+03
2.245388738116294553e+04
4.035663624957007414e+03
2.381885958849953749e+04
1.746288338613815358e+04
1.269468464863058580e+04
2.119441934058180050e+04
2.949225950979966910e+02
1.154678967531806484e+04
1.419905988145180163e+04
1.538598942520240780e+04
7.833032757044568825e+03
1.382075239830289320e+04
2.390716577736717954e+04
2.209922837225213152e+04
3.403134370723153097e+02
1.073230059730729408e+04
1.080726751148040239e+04
1.489337464442175406e+04
1.623999560945208214e+04
9.724251605774570635e+03
1.225590935317289041e+04
2.513998620835730617e+04
3.192777712407590661e+04
2.074578638348687309e+04
7.211636567694609766e+03
9.193667505509649345e+03
2.960813324819561603e+04
2.226024843565537230e+04
8.427064473864202228e+03
1.865216701957643818e+04
1.488539541016063595e+04
4.498075291214040590e+03
2.074063630992121762e+04
5.186716803906258065e+03
1.638038815417561636e+04
2.188506195471801402e+04
4.080956859280863227e+03
9.742469173513582064e+03
7.231768793042863763e+03
7.133680741941171618e+03
4.236505175288450846e+04
1.212822590757769649e+04
8.091041201912903489e+03
2.185057798976610502e+04
2.715857816435769564e+04
8.061800138922938459e+03
2.324002568877938393e+04
2.586220786307442268e+03
8.123477795899384546e+03
1.873443276150958627e+04
2.133434177976084175e+04
3.617971000141725654e+03
1.022600612868602184e+04
7.750897212324791326e+03
1.501386790247711178e+04
1.384082267364484323e+04
1.440273762577494199e+04
1.397503755834498770e+04
8.333530911594296413e+03
3.960412501494629396e+04
1.077874543061716395e+04
8.436021144024496607e+03
7.335633295157591419e+03
1.016419243409209048e+04
4.727817109898533090e+04
2.512472086660383502e+04
7.381378996727200501e+03
1.425718862871473539e+04
9.511360924506578158e+03
1.107934038991288617e+04
6.209894092185231784e+03
2.770259685902772617e+04
1.438731685168111107e+04
2.732524965247328873e+04
1.397405007267471774e+04
9.827175928825867231e+03
3.887570765346823464e+03
2.094790838353452637e+04
1.231803573113683524e+04
1.113820964486628145e+04
1.630698923553622444e+04
7.441749074388042573e+03
1.583095146284180373e+04
1.078778346429940757e+04
3.114440034635076245e+03
8.064016717225824323e+03
3.872512910228609144e+03
3.615648038479624120e+03
5.446922229335250449e+03
1.258011821627165773e+04
1.920071317541543613e+04
5.547489143794327902e+03
3.143067629052681878e+04
1.323028562328391490e+04
7.069833748779677990e+03
1.246642341714243594e+04
8.991802584074372135e+03
1.810148444551806460e+04
2.624173494352419948e+04
5.657361163315187696e+03
9.133853253000306722e+03
6.813036791072322558e+03
2.592951244615075484e+04
9.571227661031738535e+03
1.493525375404450824e+04
2.542184652329701203e+04
2.958280388192142345e+04
1.202427266119320393e+03
1.395873410350091217e+04
2.083077786356171782e+04
5.094494465781422150e+03
2.094379347934452744e+04
1.967036307409995788e+04
4.205421285854846246e+03
1.360032756266708020e+04
2.611788624276380870e+04
2.340994947864238202e+04
3.922751173079693672e+02
3.351412410957797874e+03
1.653162798253365690e+04
6.499156921164113783e+02
1.104378842268020526e+04
2.097097501093108076e+04
7.917218753073103471e+03
1.277882749279103518e+04
3.974680753388845005e+03
1.236894220112141920e+04
5.641328043323369457e+03
1.094323902504115540e+04
1.848163355863698962e+04
1.641089287489025082e+04
1.547300003115325489e+04
1.541916639813396250e+04
4.491740086788478038e+03
1.932288729989912463e+04
1.669141200827699140e+04
2.889942265555986160e+04
4.996755472484010170e+03
1.518775617671522559e+04
2.036621163076240191e+04
2.334541501288418658e+03
2.067883755296393065e+04
6.776151277722449777e+03
7.178638793716000691e+03
1.591807782057767690e+04
1.582178657205437048e+04
1.182153674535776918e+04
6.191990595683026186e+03
9.769856235292576457e+03
1.899428300605870754e+04
3.891117016925742791e+04
5.440795694599613853e+03
2.714182086997846636e+04
4.958621382053490379e+03
1.164738585411515305e+04
8.140487570993467443e+02
3.369978095740555000e+04
2.317837089202062998e+04
5.434625257571909970e+03
5.782917792345406269e+03
1.513124634796485043e+04
4.371579952712049817e+03
6.535049939461055146e+01
9.948624739159238743e+03
2.994801524833543226e+03
3.378426918034263508e+03
1.446956223964696437e+04
8.319766806806272143e+03
2.015448806802652689e+04
1.281380624222799452e+04
6.310716841925485824e+03
2.216608126798159356e+04
7.071389882912339090e+03
1.209463261013325246e+04
3.043780853716954880e+03
6.291825352682946686e+03
8.562687257683350254e+03
1.342107151260122737e+04
6.294132311850546103e+03
2.101333535333049440e+04
1.156305572633335032e+04
1.026842089419366857e+04
2.207928736886808110e+04
1.032599505303191836e+04
1.376537796840535157e+04
7.852264353668782860e+03
1.996346153624652652e+04
1.052913755281817612e+04
3.692532156523988306e+03
2.343615378065567347e+04
8.675257508270540711e+03
2.532444816679576252e+04
1.135911459409733470e+04
1.978129451360155144e+04
1.307138357691151759e+04
1.041060499987026378e+04
2.473529380578391283e+04
4.746893703065785303e+03
4.997945780313457362e+03
1.927123673469181313e+03
3.262793905764475494e+04
1.281323378268627675e+04
1.043910486276403844e+03
3.349401389062498492e+04
1.580096621072742710e+04
5.072616387617696091e+03
9.956926322744722711e+03
1.063383150029202443e+04
9.792772391918369976e+03
3.090429144529454788e+03
1.238967611221768311e+04
8.187402295436480927e+03
1.287200578783292440e+04
1.257814471887574655e+04
1.744050327594949704e+04
5.850607993946566239e+03
1.907069210022293555e+04
1.242636755010734669e+04
1.257595248517514119e+04
3.433276512042612012e+03
1.604192151851221024e+04
1.947199304852952628e+04
2.346251625247313495e+04
9.446578093686552165e+03
2.141280810137243316e+04
2.970852900659421357e+04
1.626743345559894078e+04
8.467779085104415572e+03
1.201263212677968113e+04
8.437024411417722149e+03
1.192198474424735468e+04
1.623714653385262318e+04
6.269776997180740182e+03
2.362231751364812953e+04
2.288234128489945215e+04
3.504461536767290818e+04
5.043509200726941344e+03
1.097184845806676640e+04
1.228523559044297508e+04
4.541926527507396713e+03
1.247872809426840467e+04
1.403508856196556189e+04
2.376925627460667965e+04
4.673049205946115762e+03
1.757168703926950548e+04
1.215932189909124281e+04
8.575730484676079868e+03
1.107564512445698165e+04
7.481447928808645884e+03
9.580610531818085292e+03
1.851869263451677762e+04
2.086619599792504960e+04
9.840769630942570075e+03
1.355011937298573685e+04
5.527887166020760560e+03
8.450680493880863651e+03
1.722010791035164220e+04
1.287163820575571299e+04
8.570127614701286802e+03
1.878643169789067906e+04
3.653432506358203682e+03
2.861537349396116770e+04
3.926275985119066718e+03
2.294451221695218192e+04
5.617230950556001517e+03
2.087884195060627462e+04
9.762528212826600793e+03
2.128131635173590985e+04
2.704424146066529829e+03
7.462781382525375193e+03
4.816614116763982565e+03
1.673484490414476386e+04
2.234595309762717079e+04
2.067104590799121434e+04
8.495243221242797517e+03
1.638366119498370426e+04
3.265868605693627615e+04
6.239106542248332516e+03
9.160368226658174535e+03
8.897304534523051188e+03
2.188626297225458984e+04
1.218457296467168635e+04
8.773980976141538122e+03
6.254589191117367591e+03
1.274805641773821844e+04
4.975552422179534005e+03
2.288991081921547448e+04
3.916170507802575230e+03
2.995562074912222306e+04
6.020144212524925024e+03
1.693877804911075873e+04
3.735931102396387359e+03
1.635098209678015155e+04
1.909976278833091783e+04
1.340490367161846552e+04
2.328987769131900859e+04
9.101559618593490086e+03
1.830958022819023972e+04
3.412143361131044912e+03
5.105833451434436938e+03
1.670190994903868705e+04
1.356306650218713366e+04
8.320285609858734460e+03
4.177110304833178816e+03
1.873473035620643350e+04
2.914126852697885261e+04
5.577958282017672900e+03
5.984253411904544919e+03
2.602178577796437457e+04
1.073623797704022763e+04
2.233104012107296512e+03
6.671010528874676311e+03
1.582878833646888233e+04
5.540876338950180070e+03
1.339292435091130938e+04
1.737239617474825354e+04
9.234658970272539591e+03
2.709176507025444153e+04
3.895541312816199206e+04
9.214283513956997922e+03
2.040514291487153241e+04
1.354532332981549735e+04
1.315133646227013742e+04
1.084431878524067542e+04
1.506127194149446223e+04
2.931071141416534010e+04
5.693835578772498593e+03
1.583201699011226447e+04
8.269404926909435744e+03
1.118125183906657549e+04
2.062196188485075254e+04
1.139051486013262365e+04
2.260228866388733877e+04
5.318039947309697709e+03
8.065439120420869585e+03
1.661606833551028467e+04
1.648691373670850589e+04
8.808301597896190287e+03
1.217501207240151780e+04
2.844635836332314284e+04
2.941573269793745567e+03
1.890506215013090696e+04
9.101342886263404580e+03
9.349870613183602472e+03
1.517297522401625201e+03
1.554324356218822459e+03
3.354014509655560687e+04
3.536647698402393144e+04
8.411793134329102031e+03
2.588717682041983790e+04
3.402576491598204029e+03
1.362574763764259114e+04
9.864887137942721893e+03
2.703622175840077398e+04
2.096331307681755425e+04
8.582377761780900983e+03
7.445350157516490071e+03
1.396961685086625585e+04
1.586330335136631584e+04
7.756560748675495233e+03
1.790970298639531757e+04
3.544979204309840861e+04
1.601008768948529178e+04
1.419025933937235095e+04
7.477800022793177050e+03
1.215417362015689650e+04
2.620221031379656415e+04
6.361321887258876814e+03
1.013880525210503401e+04
1.585492365211787728e+04
2.234200586131687305e+04
3.837185237714585674e+04
2.679013849550491068e+04
9.578059280053501425e+03
1.750962647906620987e+04
7.109702461449432121e+03
1.259681445435483693e+04
2.537462364894725761e+04
9.823625189225800568e+03
3.053451606031579649e+04
2.048142222534590474e+04
1.735718721199726815e+03
1.515138528467523611e+04
5.347411086982033339e+03
2.023722309040406253e+04
1.986831626204073109e+04
2.792741684582349990e+03
1.915509525035122715e+04
9.961183058827868081e+03
5.697110947474611748e+03
1.543519808162427216e+04
4.507774554110984354e+03
7.940774846593858456e+03
2.420575101440992148e+04
1.967061001432225021e+04
6.912038054715385442e+03
1.943429223858403930e+04
2.049313914073051274e+04
1.829603402251160878e+04
1.715834392028515140e+04
1.955026839239362380e+04
1.281590465571515324e+03
3.687723807888686679e+03
1.116105365616071140e+04
1.696994422210676566e+04
1.305800688133087169e+04
1.716480729121289187e+04
1.003476392106386811e+04
2.243993515308861970e+04
2.245602835844688525e+04
1.585486809721045756e+04
9.730573793275241769e+03
2.210945663490460720e+04
2.924354385714652744e+04
4.661031668960629759e+03
9.438698764263855992e+03
7.398978406022745730e+03
2.317594803957830300e+04
2.486432798675768936e+04
2.356866667931783377e+04
1.477421179139760352e+04
2.521177414337382288e+04
1.446689490591939102e+04
3.061187293635847709e+03
2.417368537364691292e+04
1.094942567538308685e+04
5.988772532945028615e+03
3.752052950952856008e+03
2.180329218870629848e+04
4.077399309843710216e+04
1.235414593172219247e+04
1.049519887439420927e+04
1.329711773073925724e+04
2.458550121770065016e+04
7.639677612049457821e+03
8.593465893018517818e+03
5.802847605722754452e+03
2.404077511521959968e+04
-1.442719799081275141e+03
1.483487159178750335e+04
8.947476273174919697e+03
1.964083003117852058e+04
1.340160366137298115e+04
7.354025577564634659e+03
1.373539516287336301e+04
5.052167032259296320e+03
5.842247100289711670e+04
7.793143641781864972e+03
1.514054815202876671e+04
1.523163347869680729e+04
1.018101403761306392e+04
1.295610583196964944e+04
1.901721354762242117e+04
1.127143841458994939e+04
1.804490245495939962e+04
2.518773597688846621e+03
5.857797209631085025e+03
2.673960127084294072e+04
1.670104086542073492e+04
1.008652056249782254e+04
1.029582512917273198e+04
2.926549384517320868e+04
5.871472917195276750e+03
1.016376839376094540e+04
1.101571766405664130e+04
1.361088957061596011e+04
2.768935278126977573e+04
1.130540784016222096e+04
2.709354621489545389e+04
2.510209926495351101e+04
1.136213786602644177e+04
2.967788675999142288e+04
1.018895408629482154e+04
1.154189643624988639e+04
8.114996342691936661e+03
1.988482638565853267e+04
1.285838538326244452e+04
7.369699922297450030e+03
1.049750943492971419e+04
1.305989356154394409e+04
4.493007776831831279e+02
9.002574463556205956e+03
3.506149806657358567e+03
3.901789788900423446e+03
9.341067720721153819e+03
8.184545214258425403e+03
3.065032116687119196e+04
2.203199146836181899e+04
8.267553140005453315e+03
1.373556135998241189e+04
-1.160652581781553863e+03
5.458116042870755336e+03
6.358211383570578619e+03
2.999117679717971896e+02
1.679899480050825514e+04
6.620814889801407844e+03
4.340596925816406838e+03
5.032083726591788036e+03
7.170854944762339073e+03
1.927293916696371161e+04
2.781438094344898127e+04
1.123865809219629773e+04
5.165821689760367917e+03
1.615206767293098528e+04
1.145437383608787241e+04
3.786821821350612481e+03
6.433495759874298528e+03
1.044344996812033060e+04
2.436976367669699539e+04
1.280074300153831609e+04
1.103396225948049505e+03
1.329122061691239196e+03
2.174853860828134566e+04
2.178689861472490520e+04
3.991748225857104899e+03
6.296288879626582457e+03
1.762916115486639683e+04
1.117893972749269960e+04
4.824223339578285959e+03
5.101302823593999165e+03
2.486402067644797717e+04
3.390770671676095390e+03
7.128016613643922938e+03
1.064392340600646094e+04
7.881166044398968552e+03
7.176105300049054676e+03
2.711347312118440823e+04
1.426061699218699505e+04
5.192210384376484399e+03
1.491743798536483155e+04
1.523810065999838298e+04
5.591298892155715293e+03
3.580593854762258161e+03
9.553890043123225041e+03
7.043043305301576765e+03
1.637508230225339867e+04
9.262869453970390168e+03
1.228312892454600296e+04
9.520086003055899710e+03
1.865473995378852123e+04
6.479517078757899071e+02
2.191802413190055177e+01
1.013222710112232198e+04
1.398470271616233549e+04
2.745056373982824880e+04
5.910692139308157493e+03
9.805404606463582240e+03
4.028325881856892374e+04
2.936498183851334034e+03
4.229595609515968135e+03
4.876720227415744375e+03
1.819386580918078471e+04
4.202516387999598919e+03
2.671517725399171468e+04
1.520820779729461537e+04
2.643770260951199361e+03
4.400735414392398525e+03
6.069989770530350143e+03
5.166110630457568732e+03
4.939377277603941911e+04
1.002748020199443272e+04
1.086683515320503466e+04
2.100084948135852756e+03
8.205983714642736231e+03
1.000832140382465332e+04
4.861106056639908275e+03
2.268010881487850384e+03
1.105544749425022019e+04
7.175146086910104714e+03
1.785103143793815980e+04
7.298517159078841360e+03
5.868684228397194602e+03
9.864042096016639334e+03
2.444888242681355678e+03
1.024124830536879199e+04
9.422559048421371699e+03
2.845851230337347079e+04
2.852926240234017314e+03
8.768916583995620385e+03
4.182889755255773707e+03
1.509009610299632413e+03
1.457089571441663793e+04
6.100055672499049251e+03
1.055922548864990677e+04
8.546933422382246135e+03
6.447883909881287764e+03
-4.550366292894335629e+02
5.084540515175156543e+03
2.450518482848531130e+04
1.944989495281703785e+04
2.503127988865275256e+04
5.869396091721911944e+03
6.990277628291851215e+03
3.654884062685806839e+03
5.501961303838488675e+03
2.670501025515921356e+03
1.114593276237151440e+04
4.520780482777091675e+04
1.222990052609040868e+04
3.259816027774989561e+04
1.184332065033843719e+04
1.370261236413986990e+04
1.367026371785148331e+04
2.668976256556581575e+04
1.443379456548896269e+04
1.190147861126012504e+04
6.830093696580239339e+03
1.575312330286932411e+04
1.207445657216096879e+04
1.792305568126698199e+04
2.531832542544073476e+03
2.444017207185201187e+04
2.432857456362851008e+04
1.456790389725028945e+01
2.200227732622643543e+03
2.015445323300573818e+03
9.536883626645207187e+03
1.233806804277949232e+04
2.434404163211394916e+04
7.891033145536313896e+03
4.365293034027245085e+03
2.703205432013667814e+04
1.608994739365442729e+04
8.429187340912929358e+03
1.485839113816760801e+04
7.138325242810418786e+03
1.782914651934927679e+04
2.586451715862497622e+03
7.619492379652337149e+03
3.134152112605238653e+04
2.572249375560654130e+02
1.037785308973684187e+04
7.132578305853850907e+03
8.224972362202284785e+03
2.765593442276115093e+04
1.802486601245557540e+04
1.844604434888077594e+04
1.683096752528637808e+04
6.501201528070387212e+03
1.245221418639272088e+04
1.127646757139377996e+03
3.391267164146653386e+02
1.743206103857707058e+04
1.300041960968540116e+04
1.141881914386342760e+04
2.065183621011032301e+04
1.486492049728396978e+03
5.614304000916903533e+03
7.622968119073628259e+03
2.451543912196288875e+04
-1.922442716038667641e+02
7.642183773989544534e+03
1.695235588671004371e+04
1.110934683491507167e+04
1.701523641037166453e+04
9.262234934714026622e+02
7.667172845426570348e+03
5.490402641380294881e+03
3.511687668794685123e+03
7.180924703176444382e+03
1.211984163169338353e+04
2.433053917424380052e+04
7.772030924726453122e+03
8.683222618586427416e+03
5.074879500886644564e+03
1.192444403832240823e+04
1.508136801005800953e+04
4.820381860484812933e+03
9.994493793279832971e+03
5.613246790945629073e+03
1.452428784641827588e+04
1.925250851553640678e+04
-1.671563003316859749e+03
1.178933842516644108e+04
2.128503405140683753e+04
7.734307148005734689e+02
1.909831664052757333e+04
4.843821462708311628e+03
6.815295693775747168e+03
6.905126066864038876e+03
3.501758127778454218e+04
1.048288966005127259e+04
2.635975138190617145e+03
1.565526722774463997e+04
3.614262709127046037e+03
2.591181806517758741e+04
2.970231938262010317e+03
1.635721663238423935e+04
7.199654851490043256e+03
7.917405849907279389e+02
1.642304522863629973e+04
2.815413533618095607e+04
1.869441584811479333e+04
1.371968905775370695e+04
7.946027281818787742e+02
1.384073715271600668e+04
3.290294619734013395e+03
6.716378001078356647e+03
6.893457097000734393e+03
3.224295749092580536e+03
4.927699826490808846e+03
1.342550280028269117e+04
2.579564195738299895e+04
3.042026252979264427e+03
2.538823422862898587e+04
1.696389888148725004e+04
2.035099950844144769e+04
1.239805739213896595e+04
1.922866173892284132e+04
6.618748400412285264e+03
3.683507935012615690e+03
1.333207043251395953e+04
3.434080145014714071e+04
1.786947055486804311e+04
5.804307455741039121e+03
9.256178616262979631e+03
3.838799545491297977e+03
3.986158205703222848e+03
9.191311699080501967e+02
7.153090292996167591e+03
8.035820476031092312e+02
8.099645699569234694e+02
1.476403410027641075e+04
8.586929761462784882e+03
1.555425265989215404e+04
1.043807397907463928e+04
6.672656862386165812e+03
3.794671692349314526e+03
3.383317512853820517e+04
1.701673837306501082e+04
1.122808698657674540e+04
7.617459631511880616e+03
9.702248581331954483e+03
2.147827655669753949e+04
6.382918352268867238e+03
9.501086499130226002e+03
1.156101489886640957e+04
2.046772353690401360e+04
4.175722766984874033e+04
2.726465121544476006e+03
9.094066100200154324e+03
1.646541788019482192e+04
1.006099370328428995e+04
-3.048028508130310911e+03
6.293260553642558079e+03
2.213718938774911294e+04
7.870408017133429439e+02
9.326010650559874193e+03
2.001171480083460483e+04
4.036291381211907719e+04
1.045910038593037098e+04
1.953740625042918327e+04
6.500965839850216980e+03
7.116647825448040749e+03
1.575583079833710872e+04
1.644024151417952089e+04
4.202921691308152731e+03
1.054023609199400744e+04
1.604518312790690106e+04
2.883167981335294826e+03
2.311196058882680063e+03
2.543763414765095149e+03
1.901314672934024929e+04
1.340029204980214854e+04
7.019698038214032749e+03
2.028410564621573940e+04
1.100151620770309455e+04
3.994126416056257312e+03
5.342716123840905311e+03
7.151283778968516344e+03
1.200584892806997232e+04
1.542712445229900914e+04
5.392569927020199430e+03
9.177164706210940494e+03
2.352271867077054048e+04
1.694008398909242260e+03
1.151428347519946510e+04
1.043830570287708269e+03
1.158987614714461597e+04
1.475123639357827415e+04
7.861117391673794373e+03
1.010438871843134439e+04
4.807111948920277428e+03
1.929383036215089669e+04
4.352986961919851638e+03
6.934239916013475522e+03
1.156936986210200121e+04
1.139013515680849559e+04
3.397793985244059149e+04
9.257369919498012678e+03
1.466375982751566517e+04
2.902962555407282252e+03
1.017064100623994818e+04
2.362941264989529009e+04
7.281863990664214725e+02
1.430410532844792397e+04
1.826660020275432908e+04
2.567806288275239694e+03
4.522871378302893572e+04
6.099540811263686919e+02
1.833563043715745880e+04
8.564265300670751458e+03
2.398087101241998243e+04
3.098082236477447077e+04
2.621301394401762082e+02
1.217267183256202952e+04
1.061415384379199622e+03
2.708958089352062871e+03
2.251417188458097371e+04
3.965642180561948408e+03
3.188047588427532901e+04
3.799377839983447757e+03
6.375071709379829372e+03
1.619283060418807327e+04
7.921302864647086608e+03
1.506399366586872566e+04
2.041916181148993201e+04
2.577289519521173497e+04
1.175453252355522818e+04
9.730460528663938021e+03
2.620217359559139004e+04
1.141780601831354033e+04
3.840723599237140661e+03
1.252717705385878435e+04
4.944841000785286269e+02
9.468148126843056161e+03
1.094132599593012128e+04
5.186958732430066448e+03
6.361828118497709511e+03
1.282904459322936054e+04
6.164566452109751481e+03
5.856993585083449943e+03
1.250960843868674419e+04
1.355286596752907280e+04
1.268111960697930772e+04
9.642292788482684045e+03
4.056855298687051800e+03
5.850151800327883393e+03
2.077052908320765710e+04
1.496239812854531192e+04
2.535733967449028933e+04
2.197055983446520986e+04
9.490001681102790826e+03
1.317097834024151780e+04
3.597743165116278396e+04
7.804495808727373515e+03
-1.911757710798417520e+03
-1.755248892556024657e+03
1.021751849266638055e+04
-8.202401782207812175e+02
5.077774445976658171e+03
9.630987743779645825e+03
1.036080619586779903e+04
1.143049138178418980e+04
2.664252162466786467e+04
1.999850725490591685e+03
1.134224897007297113e+04
1.557394782336784010e+04
1.274942553598264931e+04
8.403884502009354037e+03
9.046628215726115741e+03
1.351493491466397927e+03
1.085075722280129048e+04
4.345353676863252986e+03
6.718231546448628251e+03
3.094878205427576177e+04
8.589469034100531644e+03
2.310686067077792359e+03
6.353710980360904614e+03
1.044928062505363050e+04
2.969316644490399995e+04
4.294984282067224513e+02
1.168456647028738007e+04
1.716515722262106465e+03
9.741881051299958926e+03
2.700317983407381689e+03
1.681268441048149543e+04
2.574793339920306971e+04
2.642433302771995659e+04
1.713250015739885202e+04
1.770965241529031118e+04
3.136780915321805514e+04
6.691472619850341289e+03
1.935515161641976738e+04
2.082592535085521376e+04
3.185522145902582633e+04
1.542538534204963435e+04
-1.742993140959057200e+03
1.954754109255028015e+04
4.531267161768389997e+03
9.906970029280184463e+03
3.455998038531949533e+03
1.326279131862476970e+04
7.272400873822494759e+03
5.341382978465806445e+03
9.060204945019309889e+03
1.786401009942002929e+04
4.964585570729983374e+03
2.454878586466122670e+03
1.135771706270345385e+04
5.804432631254879198e+03
8.486651458605621883e+03
2.693215133108869850e+03
7.469256296146562818e+03
1.307576935085137666e+04
5.592749071661366543e+03
9.300947397554849886e+03
2.641423719380105467e+04
1.299782177094811414e+04
7.723442771987530250e+03
6.455765586157493999e+03
2.003626089469312319e+03
3.513227230865323509e+04
8.578205159892107986e+03
3.281489290073217853e+04
6.825744701361495572e+03
2.705591314829160547e+04
1.885142812612018315e+04
1.354827160569858279e+04
1.188836156557506001e+04
2.449473936219907046e+04
8.919757386925602987e+03
1.003084770575816583e+04
6.107480725880468526e+02
1.148665364457557735e+04
1.702597934947458270e+04
1.255639323051344400e+04
4.197598830775809802e+03
1.643255076668736365e+04
8.116656015725780890e+03
1.181917007567574910e+04
7.159229630698822803e+03
1.564170012668924983e+03
2.217728846566685206e+03
3.589938475932343863e+03
2.557803176027371137e+03
3.964682484926750476e+03
2.657200893692764657e+04
5.593893462044290209e+04
2.390762001870081804e+04
2.231858793808330302e+04
2.116256015026393652e+04
1.463138955434251875e+04
2.349274044117630910e+04
9.153813712805294927e+03
-4.375441046885266019e+02
1.116422832013693778e+03
7.943876605291277883e+03
1.296450026252526368e+04
2.440437474091700642e+04
2.795823135584890406e+04
2.501151513208183314e+04
7.700101620383026784e+03
3.612334930169152358e+03
6.958462613208548646e+03
1.434819470659904437e+04
1.577004730734137593e+04
6.105457481693575573e+03
2.024414263838787883e+04
1.312827344212901153e+04
4.108659550297782516e+03
1.409894986104975033e+04
1.182643765133317902e+04
1.102680776031717323e+04
5.146748227821747605e+03
7.119610246565936905e+03
9.599365420243757399e+03
2.397686731949510431e+04
2.579063047728516176e+04
1.781953393819142366e+04
1.392008760336781052e+04
3.955149232253760420e+04
1.365242220739314325e+04
5.028729177560053358e+04
4.628592427392623904e+03
5.415771332695127057e+03
2.696560803997823677e+04
5.050914032688279804e+03
8.378961648912585588e+03
2.059704925467717476e+04
8.006006233836453248e+03
1.341323637672618133e+04
7.839238257476165018e+03
1.929264082117080397e+04
6.541938527197098665e+03
5.739973576743703234e+03
6.696047293702994466e+03
2.242591578197386480e+04
3.698373200117004671e+03
1.282455582805295671e+04
2.807636823047994767e+04
1.214710430137699950e+04
6.998467263099528282e+03
1.425171801845864320e+04
5.895188525380734063e+03
4.928248645249597757e+03
1.121292354384157306e+03
4.897239931659300964e+03
5.556977664200515392e+03
-1.053733839605704361e+03
2.485281921384105772e+03
2.411473172311799863e+04
7.002017000063137857e+03
7.938202210161640323e+03
8.527121183315417511e+03
1.824225700336901355e+04
2.848902436481852055e+04
3.838309335294911762e+03
1.350601213637528872e+03
5.218982064547099981e+03
3.507706897055584705e+03
2.661213316805733484e+03
4.067317799593267864e+03
2.718651031462461106e+03
1.699170468807945144e+04
2.583276750222910050e+04
1.572253986942336633e+04
9.659823650410295159e+03
9.350694836925078562e+03
1.194052835134422821e+04
9.327223142236813146e+03
1.329276911921483588e+04
3.372083131087943184e+04
1.167928584495972245e+04
1.139441173266755686e+04
1.505091528887436652e+04
1.076891622682966772e+04
9.775550846949208790e+03
1.030687946554022346e+04
1.014018418287533132e+04
5.504430765237360902e+03
1.184060295322744059e+04
1.244193001382154398e+04
6.529498954803208107e+03
9.554638568449805462e+03
2.364253578346478662e+03
1.012676594169947521e+03
1.038609084485629865e+03
2.623501042815141409e+04
3.380311337333045230e+03
1.031272817940470486e+04
4.053269411361988659e+03
9.647129251139223925e+03
2.430005777422784831e+03
1.013436964984555016e+04
4.220220379108804991e+03
8.890044756712175513e+03
9.847146899190069234e+03
4.110744015782986025e+03
8.260410617255658508e+03
4.278659798112037606e+03
1.749845134340072764e+04
-3.081963791503790162e+03
1.875297555214373915e+03
2.123736837461356481e+04
2.453820033109582255e+02
1.830781027004677071e+03
-9.743962187838528735e+02
-5.038818602962889599e+03
1.674148081958079274e+03
-2.288361277308717945e+03
1.039995711342280629e+02
3.812080217803533014e+04
-2.384173665376127246e+03
5.983237327410588478e+03
7.893791080613284976e+03
1.087306701998123572e+04
5.158318929200724597e+03
-5.052052393220239992e+02
-1.534208111753403045e+03
1.262248808567181914e+04
1.132957536073651136e+04
-3.810332581939829652e+03
3.779933120709419200e+03
-1.434580118948073505e+03
1.774747464131195784e+03
5.153482159038404689e+02
-2.656724552819275232e+03
-3.591377452283967614e+03
-3.021202527261017167e+03
7.499777109000353903e+02
2.799490818632945775e+03
2.356695535796070544e+03
6.962288894720536518e+03
5.049080776130384038e+03
4.901336301497339264e+03
8.202611452001019643e+02
9.476871454392796295e+03
3.120367393680969599e+03
3.031420033853891709e+03
7.217384023177079143e+03
1.598525297117666196e+04
-8.317368559417697043e+02
6.585953068679136777e+03
8.636366279544414283e+03
-2.619653764050945938e+03
3.917032478082352554e+03
3.496688657258650346e+04
9.929328426565796690e+03
8.578900993765455496e+03
3.618357410679940585e+03
-6.051597852622248865e+02
1.978462098842628620e+04
8.352545532376158008e+03
-2.962724141847400006e+02
6.176672076160380129e+03
8.726066843346264932e+02
1.800743702424730145e+04
1.166392399027062493e+04
2.173679527536005480e+04
1.857111286395353090e+04
-3.310186635236749680e+03
-4.184078580209495158e+03
4.449863948365825763e+02
1.219715077908240164e+04
1.937550497571139567e+04
1.118719826060508922e+02
-1.977603000349103695e+03
4.866108577657203682e+02
1.353569167657801336e+04
1.091250262422265223e+04
1.010493851222814919e+04
3.740664493523994224e+03
1.379027726707658076e+03
1.125247986929187846e+03
6.291477318626049055e+03
2.602719068376218274e+02
-1.542274169182987862e+03
-2.393352114379198383e+02
5.384713184390132483e+03
2.247632113006929558e+03
1.775336741295366301e+04
2.910474280995970912e+04
1.235623848907662250e+02
9.308265884398235357e+03
-2.809799119939773391e+02
7.255434675822487407e+03
4.406005398174273068e+03
1.233259880433815306e+04
9.083254618187213055e+03
1.185431170985401150e+04
7.168553821785922992e+03
1.119770337108408239e+04
5.010158884276127537e+03
8.924194927226546497e+03
-2.433636825142184534e+03
4.775275968130889851e+03
1.032732748035988516e+04
5.541719435714905558e+03
2.668760153189314224e+03
5.106993644410142224e+03
-1.001700854161085658e+03
-5.394952912063575923e+01
1.055581008552220374e+04
3.772770275694832890e+03
-1.927116287846338764e+03
4.590792486625759921e+02
