4.974025472907741787e+05
5.946798289358688053e+05
6.406425675044449745e+05
6.275758161947777262e+05
7.267143580694405828e+05
6.401069591230483493e+05
7.114540123173408210e+05
7.272431240146385971e+05
7.173639249051141087e+05
6.694386077061265241e+05
6.016278733768095262e+05
6.692665975383915938e+05
6.680482853409682866e+05
7.195985472117948812e+05
7.567244802813048009e+05
7.546995321956106927e+05
6.208052682886862895e+05
5.639179566943612881e+05
5.807425165701104561e+05
5.829145368117914768e+05
5.674947521298516076e+05
6.046292636870546266e+05
5.756275320176350651e+05
5.794016856543279719e+05
5.727054417830215534e+05
7.015628033708414296e+05
6.445351070579654770e+05
4.440098152432377101e+05
2.421269508376473095e+05
3.173565916768393945e+05
