2.005417480371682905e+04
1.708552271343133907e+04
1.328014473566451124e+04
1.639348522092321218e+04
1.574782324927218360e+04
2.023093304972079204e+04
1.538827172426061588e+04
2.412644905936886062e+04
2.406022359826807951e+04
2.297810088642898336e+04
2.586055245809792905e+04
1.562920665256985194e+04
1.270420109194190809e+04
1.937212383093605604e+04
1.762455634773725615e+04
1.391790135636399282e+04
1.840020292355637503e+04
1.690090446406988485e+04
1.761315228176837627e+04
2.182009020069139660e+04
1.822279802577080045e+04
1.601242642420031552e+04
1.878385179705988412e+04
1.531007766578315386e+04
1.711962782621036604e+04
1.655425684423815255e+04
1.917633321949086530e+04
3.251005088627808072e+04
2.108966041823648266e+04
2.076988614016676001e+04
