-1.235200000000000045e+03
3.628183513187594599e+03
3.777460730111897647e+02
6.890249520707074225e+03
3.886526537366673438e+04
2.185583705037393520e+04
3.317044118011651153e+04
7.596021590919091295e+02
1.392728017481445022e+04
8.495465080612790189e+03
3.961226821252430454e+03
3.490915664340970397e+04
1.119640500435388094e+04
1.185501723639893862e+04
1.749235607754110606e+04
3.417983214643147949e+04
8.585274073798169411e+03
1.256674391388388176e+04
9.765292543347570245e+03
1.831534005281192003e+04
1.766014900350473908e+04
1.818074782247246912e+04
4.587907721606572886e+04
1.216579854120843947e+03
6.856347671059416825e+03
1.808540127971197944e+04
8.515298285462724380e+03
3.635884755394643435e+04
3.143927934126759646e+04
3.203927626568334745e+03
2.455002165826517739e+04
1.431661308904849284e+04
2.083729820436407317e+04
1.620077107251716552e+04
1.084875560434899671e+04
6.081008000616898789e+04
6.016856567973146412e+03
2.518558324332807388e+03
4.690490475384392084e+03
4.323271463300715550e+04
1.982420708180488145e+04
2.055226768263969643e+04
1.121326044919017659e+04
2.117697597422243780e+04
2.629300526734504820e+04
1.160937534678032898e+04
1.194849919726571534e+04
5.115360883589502191e+04
6.471785381964193220e+03
2.029876282006078691e+04
3.559423660130841199e+03
5.056399891943034163e+03
1.555378722619565997e+04
4.137749743104017398e+04
7.655067325575682844e+03
3.336659260844318851e+03
1.325500333277086429e+04
1.886477330051100216e+04
1.456027389200324069e+04
2.398710707468138571e+04
9.541838494459974754e+03
1.993376926651475515e+04
3.966280845031777426e+04
7.424133622561254015e+03
1.378465494581829262e+04
1.054254645404788971e+04
2.273338629486833815e+04
1.452231661035888646e+04
4.799021165020370972e+04
2.486721190251440566e+04
1.385806579906813204e+04
9.240651989272024366e+03
3.886353601749464724e+04
1.360820468429518223e+04
1.222538846672156978e+04
2.059250890047359917e+03
1.899240273368312410e+04
5.968852054170648444e+03
5.324867512306392200e+03
8.491570001228337787e+03
1.855112083986499056e+04
2.895117150388077789e+03
1.214730788500329618e+04
1.820941552424468682e+04
3.378915369006909714e+03
2.660810299676168506e+04
8.238942150184486309e+03
4.454359320800508431e+04
2.806854478992651275e+04
1.396453002896417820e+04
1.962125661993467293e+04
1.546796913863653208e+04
2.514192856237282103e+04
2.374458181666278688e+04
2.818016267254401828e+04
1.679243950671883067e+04
1.331575087394819548e+03
1.113009747470470029e+04
1.154175415387904832e+04
1.790346210146516751e+04
5.870088923908334436e+03
2.606125222029921497e+04
9.316142747589662031e+04
4.204228329579496858e+03
1.895608300783589948e+04
1.225208075705879492e+04
1.634152089728777173e+04
2.243898921681821957e+04
1.570943666674164524e+04
1.208295468709220222e+04
1.140049336543625577e+04
5.689577765636723052e+04
1.088084595154156705e+04
7.425117817208803899e+04
3.156524781002679447e+03
3.993797705805210717e+04
2.163658430184439203e+04
2.100318074451983193e+03
1.749216092171370110e+04
3.917192423761413465e+03
5.660208378100338450e+04
4.218403571708517848e+04
3.671450812855269760e+04
1.365148061643863730e+04
6.395843381830134604e+03
2.114406190986024740e+04
1.257767353040358466e+04
5.748089312864589738e+04
2.892593738080358526e+04
2.959217547125754936e+04
3.216087899902373465e+03
2.274263868675826961e+04
1.383823537356521047e+04
1.409320996764969095e+04
5.894161190994922072e+04
1.821905395772863267e+04
6.740164979335375392e+03
1.223273353036655317e+04
3.611635370603053889e+04
2.486201517861276443e+04
1.479591869539361142e+04
6.312077291856261581e+03
9.781861818699044306e+03
1.152459113078753762e+04
4.679414360217053400e+03
2.274584195232960337e+04
1.360786950860113575e+04
1.049591456164098781e+04
3.088533057250062484e+04
7.972627464619243256e+03
3.368920347509753628e+04
8.563770017762821226e+03
5.049507914515364246e+04
6.687895604430048479e+03
6.803751383219527270e+03
1.136594240038771204e+04
8.537708948003066325e+03
2.995987035263801954e+04
9.726704501563597660e+03
1.309106463877108035e+04
2.431467980818425713e+04
1.252555811700702179e+04
1.759201874376433989e+04
1.340010221662174445e+04
7.031535610469190942e+03
3.172211941817530169e+04
1.364205203303235976e+04
8.356849490259253798e+03
3.798081343771354568e+03
2.367169133549047183e+04
4.411785764327561083e+03
1.282699149431478145e+04
7.581434780978348499e+03
3.915055231960224046e+04
1.839709139663124006e+04
2.593624535681872294e+04
3.988298428106989013e+04
1.975179171998966194e+04
1.497209514681936707e+04
1.061178457029059427e+04
3.642207169455759868e+04
2.013362877131074492e+04
6.039785535126203285e+03
4.294379545342395431e+04
4.744036645011626206e+03
5.699177239452650610e+03
4.329599375319696992e+04
1.028001462536938743e+04
3.449617311535518820e+04
2.862576170099249430e+04
2.026115102202460912e+04
3.046432246152282460e+04
3.889066702149299999e+03
1.991128024187041228e+04
2.223894498896571895e+04
1.208678126759696352e+04
6.812332235856972147e+03
3.008807553962704696e+04
1.284197244244259127e+04
5.340925307175704802e+03
2.630464340589087078e+04
5.473477684413988754e+04
4.685566361393724947e+03
1.705594449822962633e+04
7.570530361182944716e+02
5.366712068143597571e+04
2.014470470284744442e+04
1.368913095723518927e+04
9.536684425683801237e+03
9.852311176627648820e+03
1.889396571319470968e+04
2.684707160986596500e+04
2.050591481948372166e+04
6.764883407590989918e+03
2.983857498926499102e+04
9.147554275277527267e+03
2.628150700208242597e+03
2.460402073669222318e+03
1.989793478468738977e+04
3.898935333708770486e+04
1.547596663541980342e+04
2.826152041809373259e+03
1.879715983126409628e+04
1.323288950907736762e+04
1.801110345366349793e+04
1.958842448609083658e+04
1.683298593812484614e+04
2.102447688970323725e+04
2.706416639648983983e+04
2.105712963450367533e+04
9.947030834912382488e+03
7.983100105802035614e+03
3.129067861364889905e+04
1.104813003732392644e+04
1.429688302086553813e+04
4.708607555948302615e+04
2.535782440721087369e+03
2.209714570998582712e+04
6.715425726967683659e+03
6.120378724722071638e+03
2.302398140071643138e+04
1.079761910398094369e+04
1.238481983470623891e+04
1.082754339588024050e+04
2.393172341736200906e+04
1.864653271649808812e+04
1.176830856258033782e+04
1.789594927087088217e+04
8.334421527766917279e+03
1.986733326235975619e+04
1.454268802487901121e+04
3.145517451103196800e+04
1.326051560205291480e+03
9.368472960148733364e+02
6.834792803204909433e+03
5.136051795378740280e+03
4.620708942473003117e+04
3.611723106013248616e+04
5.522299395628200728e+03
2.477631280225157025e+04
7.921791320670001369e+03
3.934687200094839500e+04
1.707129035280928292e+04
3.544832176118710777e+04
2.174761670478935412e+04
1.289677021671689727e+04
3.076297263089026819e+04
7.498547974146593333e+03
6.960875144567217831e+03
3.775610921187952499e+03
1.045459575993351609e+04
2.337115595297683467e+04
1.040309012976003396e+04
2.017906653176672262e+04
4.129624410669714416e+04
2.711895111316018301e+04
2.861639566742956958e+04
4.520098557334656653e+04
1.095446705925543210e+04
1.540072621966318184e+04
1.573136929120958030e+03
6.611444256293214494e+03
7.411791343926904119e+03
8.830636747880973417e+03
7.088161796012535888e+03
8.012252750756326350e+03
1.294315061352269186e+04
1.012228621193177605e+04
2.389017385404622837e+04
1.154143482823666454e+04
3.454932500454610999e+04
3.824066889225582418e+04
3.287706533130115713e+04
9.411341088959021363e+03
1.670660303561314504e+04
7.169186388364874801e+03
6.883392925515782736e+03
8.009918866929822798e+03
1.788819288225897253e+04
3.057363608146321349e+04
3.188887804838081865e+04
3.574747704541483108e+04
1.658771853128937073e+04
1.349684730525718624e+04
2.461794487332928838e+04
1.654517010998741534e+04
3.404988454869213456e+04
8.677087165476019436e+03
1.890288732332423024e+04
2.102420523011667319e+04
3.185835556533492490e+04
1.480451535421126209e+04
1.459390029933646019e+03
7.073185465776607089e+03
7.109329148422382423e+04
7.691594262149090355e+03
7.338898787287060259e+03
1.202615883876313819e+04
1.809600332898683700e+04
1.888632552345934891e+04
1.190051136420851435e+04
1.896946745785554958e+04
6.706794242080267395e+03
2.489983225685473008e+04
1.413078308649087558e+04
6.143733126878571966e+03
2.814746572253693012e+04
2.723869365718500194e+04
5.657349835688852181e+03
9.580382713260027231e+03
2.744798507829918526e+04
2.501249804021820455e+04
3.351200371586237452e+03
4.918652847114186443e+03
6.457902324393110575e+03
5.724433719814805954e+03
3.688885549072596768e+04
1.263937455555911583e+04
4.562752061857178342e+04
9.795748235147306332e+03
1.333229095849709665e+04
8.880800046675967678e+03
2.680590485274505409e+04
1.070040139639427252e+04
2.977028937341556593e+04
1.352689293106146033e+04
4.256254926652178256e+03
7.603105422663938043e+03
2.736842439468148223e+04
1.163835293981914401e+04
1.903170331592661751e+04
4.459789072373401723e+03
8.145105837211965991e+03
3.144332942298917260e+04
5.516206555282955378e+03
1.622257674150158527e+04
2.162759119807880052e+04
2.800090388074147540e+03
1.092982468629602954e+04
6.175354194210873175e+03
6.042259462933939358e+04
2.061772144094224859e+04
1.850864161438718656e+04
4.215165561287971286e+03
2.912502274151031452e+04
1.484018246176140383e+04
6.588136825184605186e+03
2.241945024647601895e+04
2.964110234280930672e+04
1.134780899052662426e+04
4.542950837677866366e+04
9.842756064530296499e+03
1.277142770342769290e+04
4.265055416854953364e+04
2.852218250022078428e+04
7.503436068289847753e+03
5.593345167066102476e+03
2.658779509054987284e+04
1.792565561569289275e+04
4.451211809256874403e+04
5.170468645375675806e+03
1.069276280273578595e+04
1.357184165682077219e+04
9.360541076722623984e+03
4.400951507161437803e+03
1.572651502899821935e+04
6.608493950610328466e+04
2.193766490252178119e+04
8.649174792898029409e+03
5.291601857419434054e+03
3.143447698591493827e+04
4.393980903606428910e+04
1.653882734587774394e+04
3.167063992542324559e+04
9.290348055786264013e+03
1.681886916198181643e+04
5.134298824960160709e+04
2.004607673526823419e+04
6.474520418759377208e+03
1.370793467901108306e+04
1.933631007849792877e+04
4.013431224693118565e+04
5.786483673801055374e+03
1.748421313980826744e+04
5.571583811284825788e+04
2.409305697326380323e+04
4.652287210685470200e+03
9.078937977328263514e+03
3.842580426005267782e+03
2.062292949534066065e+04
1.755288772593223621e+04
1.303670955857137778e+04
8.337068629582079666e+03
1.893266455236114780e+04
1.329497760354899583e+04
2.438654084563014294e+03
1.615958094570930916e+04
2.619400970325212256e+04
9.875015958362133460e+03
1.765098321698344080e+04
1.361043314481629204e+04
3.886681837303947759e+03
2.366896449120812395e+04
4.980282037696422776e+04
6.554962919835572393e+03
7.218941354228290948e+03
4.802622945341528066e+03
3.534111722780615673e+04
6.063187899546723202e+03
3.604107159124734153e+03
8.440736659497854998e+04
1.247869978231067398e+04
1.324162972526711383e+04
5.797069440226553525e+03
7.236851906749498994e+03
1.471976995974769852e+04
5.318591688071830504e+03
1.454578872641213820e+04
5.299567599862175484e+03
4.954977211476144475e+03
2.650710931584165155e+04
9.107348798737089965e+03
2.536861355591675874e+03
3.291796868999463913e+04
2.451688487996523327e+04
7.522225815847620834e+04
1.185829267847600750e+04
1.419903585557543738e+04
1.244418410097334163e+04
3.129229214904953187e+04
1.486799164233297961e+04
7.030536528673514840e+04
3.868257123114069691e+04
1.527115690173726762e+03
1.321275300601300114e+04
1.655504822699305805e+04
3.017880364474106500e+03
2.237537689062244317e+04
1.164432905316515098e+04
3.073843308066506870e+04
1.286879904098167390e+04
7.436671283946894619e+03
4.340026641111837307e+03
4.393165345637639984e+04
1.259198462847572500e+03
3.371715628258942161e+04
4.962042193837995001e+04
1.454770930448137551e+04
4.363528680865782007e+03
2.703816602900683938e+04
2.866330282068490305e+03
1.262775824074705088e+04
4.601946284320978521e+03
2.394960257936347625e+04
8.806987625775791457e+03
1.589421191121903030e+04
5.115808712788156117e+04
2.349399872794219482e+04
4.560579211486139684e+04
1.779483856332107098e+04
1.013289159144189580e+04
1.236814117762622300e+04
4.410147306098916306e+04
2.349210756277801011e+03
1.268484332391479438e+04
4.390607986312601497e+03
1.494043249058207948e+04
4.614966389774892014e+04
9.344112027219181982e+03
1.347152249698063315e+04
6.110951035000689444e+04
9.987089285442951223e+03
5.638013822292597615e+04
1.303180729947335021e+04
1.785989452022586920e+04
1.888700425334688771e+04
7.144904245540277770e+03
1.009228091255786967e+04
9.947440870020285729e+03
2.534093890474945511e+04
2.596433015804768274e+03
3.444853495737610501e+04
9.489011098291744929e+03
8.453880069725646536e+03
1.781367343714134768e+04
1.920200983620638726e+04
1.457014084665324117e+04
5.322455107011634027e+03
8.689849541273622890e+03
2.044846232462106127e+04
1.452703264922806557e+04
3.406993212199722620e+04
1.253514677510449110e+04
6.746872169546601981e+03
2.070415577353893241e+04
6.386238440834149515e+03
9.250782745617394539e+03
2.768295251296002971e+04
1.513877717560503515e+04
1.691776352491363286e+04
1.662256433806564382e+04
2.010812088799120102e+04
2.037394104435500412e+04
5.278590765213810300e+03
3.031661454736285668e+04
2.711467586230619781e+04
1.516954327786573231e+04
1.331186292356026752e+04
2.264300691636751435e+04
9.307010414842612590e+03
5.047192733345367742e+03
8.181132315759396079e+03
4.465907068137139140e+04
1.128809995543672994e+04
2.196989775700716564e+04
5.357748833601706338e+02
4.048246242147636804e+04
7.592559157970217711e+03
2.123741727390558663e+04
2.096894884484670183e+04
2.181463911058317899e+04
4.893435830436043761e+04
1.423730225404501471e+04
3.189997672764286835e+04
1.678931309112657254e+04
1.392130358537574830e+04
2.249964824556360327e+04
2.035409661135925126e+04
5.464027568341280858e+04
1.351461096750981960e+04
4.939815055034006946e+03
9.343423503691005862e+02
1.362997460215242609e+04
1.498005589232482089e+04
5.140168970527194324e+04
3.788912228060377856e+03
2.968373144209928068e+04
2.617126403800801563e+04
1.648789049979956326e+04
3.746702407215185667e+04
1.732177888009051458e+04
8.738792903524185022e+03
1.160475349305607779e+04
-2.207641910054492200e+02
7.705354146604821835e+03
8.880040263140304887e+03
5.286958780019873302e+03
1.056206664017982439e+04
1.989436934692578507e+04
4.375063521588257572e+04
2.521516254635689336e+02
1.845065965588873951e+04
1.816769134678463524e+04
6.856004818734672153e+04
6.497164457668612158e+03
7.610466531461074192e+04
1.282168321808184191e+04
1.231951020073850304e+04
1.689219484985303643e+04
1.122374680467441976e+04
2.379564946945105112e+04
2.433537196749468785e+04
2.319557908283839424e+03
1.346847164186221926e+04
1.178426154551161198e+04
7.784077531268112580e+03
2.009510083761792339e+04
1.286571228987332506e+04
5.261457537718999083e+04
9.719424463518113043e+03
5.197151696442891989e+03
2.118921341360103179e+04
1.091506246180034032e+04
2.078528984152303747e+04
2.289808829501542641e+04
1.256620809820381510e+04
1.693281610938511949e+04
1.469100939452218336e+04
1.615520871272153090e+04
1.496201850248314076e+04
9.682536785652269828e+03
7.301434742939517264e+02
5.194038169421501152e+03
1.322113643052916450e+04
4.854352319872838052e+03
2.824067888032260453e+04
2.909913771348801311e+04
2.515137552011013759e+04
1.850881243926881507e+04
1.925907134797682011e+04
1.895306375489570564e+04
2.044481065332038997e+04
2.770488102769516263e+04
7.120243785197428224e+03
1.209155472036646825e+04
1.910703448839827615e+04
8.074830493231631408e+03
1.667359587981998993e+04
1.261921381176119030e+04
3.077465218120323243e+03
1.605973011600002246e+04
2.695868862594961683e+04
3.078163790592502846e+04
2.703425666774988713e+04
1.588087527386423972e+04
2.550163330924867296e+03
2.917419804148142066e+04
2.727479809322556684e+04
1.098808047297624398e+04
1.369152855009843188e+04
3.657617199456724484e+04
2.618538728448362963e+04
1.350470333001376275e+04
2.373308945677252632e+04
3.089348681740785833e+04
3.566374874231235299e+04
3.481510059925864334e+04
4.265545193932826805e+04
2.075515470199892661e+04
2.120793687094748020e+04
3.749858849805052159e+04
3.429312527388715807e+03
1.430379996760811991e+03
1.605575661205588585e+04
2.589047933337074937e+03
4.594507410087065182e+03
4.142749562096581212e+04
2.840452376760872085e+03
9.803960973311410271e+03
7.372508970700922873e+03
1.974023692107712850e+04
2.687219055868583746e+04
9.288286002662744067e+03
2.709063075590986773e+04
7.377014381344286448e+03
1.308631493712068914e+04
4.449467642941098893e+04
2.250216052169341128e+04
1.980484772860209341e+04
2.345596526538375838e+04
1.075311593678706959e+04
3.804482982975618506e+04
2.055202909737415666e+03
2.594295318276499529e+04
3.695394590488820540e+04
1.232388263033094154e+04
2.225784478878660593e+04
8.907706351354330764e+03
2.814731121630601774e+04
5.379142050169679351e+03
3.483297563075675953e+03
2.047957250532917897e+04
1.851271863509903415e+04
1.449370514982075110e+04
2.830969849947212060e+04
1.355030760326532982e+04
1.359742444209906898e+04
1.533418031698116829e+04
1.748418686442365288e+04
4.338677928373455757e+02
3.556524840950221551e+04
8.182243971285350563e+04
1.481413602184442425e+04
8.383262338562048171e+03
4.693118618927886928e+03
7.000663424425720223e+03
1.527183450882716897e+04
2.044132058432215490e+04
1.522451851700526822e+04
1.047532512461548322e+04
1.001035610850618832e+04
3.869036062026066065e+04
2.189406919285772165e+04
8.524631358551499943e+03
1.126028637927482305e+04
2.282247876044548684e+04
1.796749072067208908e+04
3.174823860827726458e+04
7.413185686895618346e+03
2.339014087361918064e+04
1.582756407162370806e+03
1.001129569305598125e+04
7.427715317197977129e+03
4.464286942429024930e+04
3.221713852610546019e+04
2.341194079587265151e+04
1.444817826919479921e+04
1.074194013807627744e+04
1.682351105614179687e+04
3.142896879587619696e+04
7.537625237900355387e+03
6.698786765664062841e+03
3.251434363560462589e+04
1.851361747243797436e+04
3.491999804428176139e+04
6.492890462266194845e+03
3.730444758476357674e+04
2.426601100529337600e+03
2.272320215100085989e+04
6.752968474295348642e+03
9.412196973290876485e+03
3.802438313364332134e+04
1.188043798381458146e+04
1.342780658233955910e+04
3.422339991977115278e+04
1.651065927128385374e+04
5.038944275296573323e+03
2.191701760787572493e+04
4.510529252224566881e+04
1.088581130497833510e+04
1.057054511326930151e+04
9.321418359447989133e+03
8.246520559815753586e+03
2.796389653418299713e+04
3.146403870349111457e+04
3.796006907249942014e+04
5.634054710182891540e+03
1.920923594988164405e+04
2.440159654047467484e+03
2.997390631329881944e+04
3.394347010157828481e+04
5.038652719850170797e+03
3.337068444069597172e+04
1.149069451979908081e+04
1.229317956020928978e+04
3.919563914695281710e+04
1.382151333381357836e+04
5.412839871432096515e+03
1.915726032896328979e+04
2.521629454077967694e+03
9.623527138238756379e+03
2.702382205256203088e+04
1.431889322711767636e+04
5.858079054304027522e+03
1.889764114483973390e+04
1.416743067444680719e+03
4.638071806389925769e+03
1.825496530764322415e+03
3.026616597743787861e+04
2.024970311361305357e+04
7.273562265236771964e+03
1.618554940817558236e+04
1.927672102847224960e+04
3.170399124492059491e+04
2.616583567086024414e+04
1.401557945275842394e+04
5.619100074235814645e+03
1.096755638039784390e+04
8.793099837473948355e+03
1.553094238787835366e+03
1.180008942875919092e+04
3.926669099139702303e+04
3.064698744791328136e+04
2.113830335809643657e+04
7.765862480059031441e+02
1.053192817720797620e+03
1.021129020018020310e+04
7.391592531066869469e+02
8.235785028050891924e+03
1.731639677320589544e+04
2.585141177768087073e+04
2.748015990258469901e+04
1.042689005732594342e+04
2.225742780617243989e+04
3.909164047884027241e+04
9.650067070390341541e+03
3.603777035167895519e+04
8.084446744855444194e+03
5.281260774617111565e+03
3.266015708204166003e+04
4.807280164606046128e+03
1.375232706447190503e+04
7.811986055300435510e+03
1.505688204145428244e+04
5.973896240779907203e+03
1.036062292421108214e+04
5.596825198459562671e+03
4.907664925374925224e+04
1.167409277564947115e+04
1.506845184495799003e+04
8.718966551140820229e+03
9.594555327318787022e+03
3.986580466841645830e+04
2.223742339251739395e+04
2.752961682406993532e+03
3.152537225067849249e+03
4.211752597467702799e+03
2.292817330518053859e+04
1.242880534962718411e+04
2.818640391973772785e+04
1.171399861916608097e+04
6.164716665443731472e+03
7.072541877234622916e+03
9.351522325505600747e+03
3.073204878923431897e+04
3.580527186184653692e+04
1.559779097614584316e+04
1.057371752541825663e+04
1.715363079281544196e+04
2.904187035802042737e+04
1.335378170155136104e+04
6.419051419223594712e+04
1.688344567099299093e+04
2.672888849503317761e+04
1.850570651758291933e+04
6.828400259910272325e+03
1.452900789168482152e+04
3.622870214372711416e+03
8.051901493994622797e+03
1.385008206222966146e+04
1.587132245788512591e+04
2.907437953993351402e+04
8.480277685303244652e+03
1.093804009308157219e+04
5.293649713051423532e+03
2.268489747300836461e+04
6.059008491651756231e+03
4.991524252855131635e+03
3.691421392638924590e+04
1.754907870744602042e+04
4.575564091788219230e+03
1.124725114272079190e+04
5.967800836846356106e+03
-1.870474492868200969e+02
2.650099747155726436e+04
5.457505243415013683e+04
1.047651349826234400e+04
3.184625920398288144e+04
2.246536702479848464e+04
1.653427098074408786e+04
1.117323457042965310e+04
1.738176595886316500e+04
2.003497541592690322e+04
1.259576599521939170e+04
3.901172172518952721e+04
1.997475068569838186e+04
2.050726872790532798e+04
6.421695428994278700e+03
6.636085055359024409e+03
1.210144211127484414e+04
1.457013442950399622e+04
5.064768441051885020e+03
1.423085667695519078e+04
4.759604053231075341e+03
5.138311034999509502e+03
3.854248801069859837e+03
2.366513842368468613e+04
9.500521009374955611e+03
3.149635405311977229e+04
1.240922877165016507e+04
5.801917740348983352e+04
3.498295255025400547e+04
1.592083205414766235e+04
3.733385053398392756e+03
5.498376853657762695e+03
1.309284478700719046e+04
1.304726967448713731e+04
2.486872968090271024e+04
1.782996963311415675e+04
2.742200501109985635e+04
1.138426197969650093e+04
1.045976063989687646e+04
1.465985495107303359e+04
1.636811847013056831e+04
8.635369998079526340e+03
1.087980789174721940e+04
1.164884886707503756e+04
1.416439839844857306e+04
1.386182479418154617e+04
3.021867355856644645e+04
9.021767407217321306e+03
4.346924683026655657e+03
5.440680032621337887e+03
4.647310647321652505e+04
1.454790134770521399e+04
2.495382358576423940e+04
4.436409542123513347e+03
5.784353971663980701e+03
3.425954076856112806e+04
1.974453682879895132e+04
1.082653977386692350e+04
4.028339026490687047e+03
1.779229389796081887e+04
3.941561099955535610e+04
2.966873864934202720e+04
1.059265757976206805e+04
7.010928336275671427e+03
6.748760172350741050e+04
-2.448780582684183287e+02
6.420641997370287754e+03
1.305565747198889949e+04
1.745670036858077583e+04
9.300621102520224667e+03
3.461789813989271352e+04
3.779605524737801898e+04
1.012993067295755645e+04
1.581779255697276676e+04
3.689447242401235417e+04
2.672672418727113836e+03
1.005844752502935444e+04
1.792282457113284545e+04
4.751232545686859339e+03
9.575062238543810963e+03
6.331713753218368220e+04
9.482814456962732947e+03
3.915693696118534717e+04
7.491202833612152062e+03
2.791625300126829825e+04
1.460184538314313613e+04
2.687646817615771397e+03
4.484565609670320555e+03
6.898062973235073514e+03
1.573942743711894218e+04
1.132219791511575386e+04
4.932702625582195469e+04
4.588712980014955974e+04
5.279940496505099873e+03
6.599114582184331084e+03
1.854290100802184315e+04
1.577483061121461651e+04
1.418039848054718459e+04
1.560338603046045682e+04
1.969643914073336782e+04
3.532396953877902888e+03
9.653171273304891656e+03
2.187504605106437884e+04
7.213181869230743905e+04
1.020791787296496295e+04
5.582803178912679869e+03
3.668145143510507751e+03
2.045107326190387539e+04
7.991696425505126172e+03
1.857029497150240786e+04
9.031877501727922208e+03
2.849539830023533432e+04
1.629341971592713526e+04
4.821141465815535412e+03
3.759640931594040921e+03
1.018413948634192820e+04
1.298994099687743801e+04
1.179661397661001320e+04
2.719612750853593025e+04
1.061551836967915733e+04
1.499498882608278836e+04
8.020563163793190142e+03
1.101092176575962003e+04
4.084594369628811546e+04
7.192922262696376492e+03
3.155932583484620409e+04
1.866196445120553108e+04
1.211457767088796754e+04
8.599250186762214071e+03
3.243076050979271531e+04
2.543865124866356382e+02
4.106161815100450440e+03
9.801491165403942432e+03
3.248975495567313556e+04
7.511164640841439905e+03
1.039266133271898616e+04
7.189200032027585621e+03
9.773850420577025943e+03
1.333953063720224418e+04
2.812996451216000423e+03
2.717882769791748433e+04
8.089421306220097904e+03
3.867053931984871451e+04
2.376135223687465623e+04
2.748042524026016508e+03
1.462390538718794778e+04
2.978983043907663159e+04
8.084175198808850837e+03
2.833009532950231369e+04
1.272476618215181588e+04
1.555487039426551928e+04
4.269280634254831966e+04
7.129367941033280658e+03
4.306474634914527996e+04
2.947395413911899959e+04
8.515966068245403221e+03
2.263015406209415960e+04
1.743508703922399945e+04
9.208152831324214276e+03
8.325387104651859772e+03
1.848312189996014786e+04
2.176495854712550499e+04
9.763739907420504096e+03
1.275934712166370809e+04
3.624385774784766545e+04
1.509741921317054221e+04
1.865905573009509317e+04
2.471573663984467566e+04
8.273046865085771060e+03
1.028256944221302911e+04
9.537879233104416926e+03
1.396985079894203773e+04
4.996757860997056923e+03
1.720367615652555833e+04
1.946904856379211560e+04
4.461507160300131363e+04
6.006123394517107954e+03
2.763308367329372413e+04
1.895807644647660345e+04
3.753839370623437844e+03
1.277505248690875851e+04
1.543879926866169990e+04
6.441081011352085625e+03
3.350130330485862214e+04
2.094759737351261356e+04
2.488726204343801146e+04
2.303417568486502205e+04
1.158292010393032615e+04
1.755574675979972744e+04
3.541536644666881330e+03
1.738065885615689331e+04
1.680855114120030339e+04
1.267682885892325976e+04
3.101520386614590734e+03
3.020965369271465170e+04
2.399032250913291500e+04
2.716608453923856723e+04
6.156914068237732863e+03
6.078235890887810456e+03
1.226514502535547217e+04
1.987024393330302701e+04
8.907711772564738567e+03
1.992312238145797892e+04
2.367677338513764698e+04
2.412874646209494676e+04
4.599278562952920038e+04
1.522830170913941765e+04
8.554251372114216792e+03
9.567583378582556179e+03
2.266717454600717247e+04
2.256127773934445486e+03
1.036836572372538467e+04
3.767029516971778321e+03
2.400208416168164331e+04
1.881984865774727223e+04
1.383036790309285425e+04
4.326480306668689082e+03
1.700777866406381463e+03
2.899758942129413481e+04
1.254555668830743525e+04
5.311831256478345495e+03
2.449536031252285466e+04
1.099128226985224683e+04
3.982816870200800622e+03
7.529049357329396116e+03
1.115157686622549591e+04
2.572006580988244241e+04
1.148518522930244762e+04
3.702626021756069349e+03
7.830862237287388780e+03
1.438834136439883878e+04
2.179490629733591049e+04
1.942459541628176885e+04
8.268883407014591285e+03
9.293557830397301586e+03
1.499438420322338061e+04
3.129879394740486896e+04
2.092907802973509388e+04
2.615466434062044937e+04
1.644847107769866852e+04
1.246875196480766135e+04
1.324981524424584859e+04
1.022755221925650949e+04
1.853023406263507422e+04
3.328517354764766060e+04
1.365905238999478388e+04
2.978530972676149031e+04
3.161408403429402097e+04
9.485828148646640329e+03
1.041589317838616626e+04
1.592954062855773191e+04
1.253884983985449071e+04
6.911588345883926195e+03
2.882326462232453923e+04
1.081706340313402507e+04
1.389599204309199922e+04
1.969215999782962535e+04
3.900770298275626556e+04
4.633480051611544695e+03
4.670419737879849890e+03
7.439682403182710914e+03
1.440334187027435473e+04
1.007302017159613388e+04
1.771564458995796667e+04
1.959905341480965944e+04
3.238346178513266568e+04
2.050723239803519755e+04
1.008624576168574640e+04
4.985611735094431424e+03
7.054818612467085586e+03
9.628103847987029440e+03
4.500674818807379779e+03
1.493917539542590748e+04
1.198915198618647992e+04
1.448763801657541080e+04
4.074927951795914123e+04
2.440583853159629507e+04
1.393617874449325427e+04
1.499514401196910148e+04
1.033987755547923916e+04
2.264984821704536444e+04
2.106288550532422960e+04
2.802882047751193022e+04
2.320854410854234447e+04
2.132898933767360722e+04
6.961371936684423417e+03
4.283166354275654885e+04
1.090170964828958859e+04
4.456312617545641842e+03
1.496122288546218806e+04
1.007108903745654607e+04
1.505788340204380802e+04
1.008302281608521844e+04
2.573570705660419844e+04
1.642754251496482175e+04
5.772415864764150683e+03
1.279304919774550945e+04
1.566744694365392570e+04
2.697930988199186686e+04
2.093242653371989582e+04
1.751791718208234306e+04
3.806636778714242155e+03
2.436214117730213911e+04
1.953242558478751744e+04
3.149720472330968914e+04
1.760882589249824377e+04
9.934183272538954043e+03
2.102945230534245638e+04
2.600651788516865054e+04
1.006393394888488911e+04
2.951877501499824575e+04
1.041522621457829700e+04
1.983372597864257477e+04
2.234603881043588990e+04
2.780691329235125522e+03
8.797389889935415340e+03
1.783709447631463263e+04
7.548380150622755173e+04
3.378061005660636965e+03
1.638545134284519008e+04
7.920574680541530142e+03
2.109225609785760025e+04
8.874451202742598980e+03
1.139462022214728131e+04
2.813933475094451751e+03
4.715597771374142030e+04
1.732115021954453914e+04
1.058587893312239976e+04
2.860981181905068661e+04
2.061775597551642568e+04
1.413251715867920211e+04
3.902951064727042103e+04
2.266492866184229570e+04
8.299347720753696194e+03
1.439159055991669629e+04
8.553695885188901229e+03
2.360777286799192552e+03
1.822781043630438944e+04
3.303374510795577953e+04
6.262883809632179691e+03
8.391512262391128388e+03
2.250017652265758079e+04
4.263979552810927089e+03
3.714409284537173517e+04
2.295153125716315844e+04
3.550099506685139204e+03
4.375584942068242526e+03
8.732059103921263159e+03
1.608275549012332340e+04
2.349489198262497666e+04
2.875857704008531437e+04
6.138510407786467113e+03
4.757769732352304345e+03
2.655745678849127944e+04
1.422697407162989475e+04
4.761946967479497289e+03
1.958983507333719535e+04
6.392166805127194493e+03
1.527212192861913718e+04
1.276426981743338001e+04
2.368086899154624916e+04
3.173708184617529332e+04
3.769771011724959681e+04
1.799979270767785783e+04
1.292466362448193468e+04
1.429841879688885274e+04
1.661985895806961344e+04
5.650222833535381142e+03
3.424409995503697428e+04
5.156375954557545629e+04
1.905957148033232806e+04
1.509618799667585881e+04
1.481234044169648587e+04
6.412544927679506145e+03
2.012050825366651770e+04
3.205086700519683291e+04
1.544400497496982825e+04
3.136107593317909050e+04
1.388018887885844015e+04
2.476549171616935200e+04
3.650882848529377952e+04
5.826738218706333100e+03
1.330623133901400979e+04
7.114823228779666533e+04
9.473257831565959350e+03
6.741191949586286682e+03
9.088067926221234302e+03
1.648177868471295369e+04
7.206617908836429706e+03
3.573050586312049745e+03
5.778969869518299674e+04
2.883961139122125314e+04
4.682825739042087662e+03
1.562823754525843651e+04
4.318428750889061121e+02
2.747772645847730018e+04
5.372559919040584646e+03
2.087983465962779519e+04
3.575323220193736779e+04
4.671644678306493915e+03
1.547509781734270291e+04
2.603340710973623936e+04
2.160483211575406676e+04
4.243844637800348210e+03
1.594126777970328476e+04
1.222966622007671140e+04
1.436345104181862007e+04
5.581036484402813585e+03
1.700138793650564912e+04
2.406029871747027937e+04
4.136895777426374843e+04
6.810509670471808931e+03
2.347292496128682978e+04
2.837038601634879342e+03
9.021353967694443782e+03
4.436845237251674916e+03
4.241856718123130850e+04
3.734133358673401381e+04
2.795288889756326171e+04
1.642352617431112594e+04
4.137937036287867159e+03
2.183378644360375620e+04
1.800489276563069325e+03
3.538217622082451271e+04
4.001752319508919027e+04
-5.786116989062688845e+02
2.826681792321053217e+04
1.148395043958146925e+04
2.335069072788887206e+04
7.384019675250807268e+03
1.447321404891782731e+04
5.725508600243749243e+03
6.142065755251565861e+03
5.436385568067805434e+04
4.012232883839777969e+03
1.232300021185794685e+04
1.003298765852376891e+04
1.080499686430943621e+04
2.715827578631836877e+04
5.634287808707666409e+04
1.616373518294585301e+04
2.738206827632720524e+04
1.087392826225062890e+04
2.901734704741297901e+04
2.201893032067520835e+04
2.392408181329005311e+04
3.208910926961373480e+04
1.498885720165785460e+04
8.777753461620348389e+03
1.443947777181300444e+04
5.318604523408319437e+03
2.638149792867341239e+04
4.735897642796623404e+04
8.631515213363309158e+03
1.914367901620156044e+04
4.643537064154251311e+03
1.585866983352318675e+04
2.616190271402210419e+04
3.013737363448187898e+04
1.367133695554734004e+04
2.365087611140526133e+04
1.900946752213557556e+04
2.166994630447999589e+04
1.318738594928592101e+04
1.466246217520919163e+04
2.325646255990713325e+04
9.720055545795630678e+03
1.879856326644813635e+03
1.877248765513829994e+03
2.543203162021581375e+04
9.406352927795513096e+03
2.034210459282956799e+04
2.466425944266732404e+04
1.772157618834943059e+04
7.617700198712886049e+03
1.675748432783303360e+04
1.678556008190720604e+04
7.789352945911313327e+03
2.712693005195644218e+04
1.097195530792814316e+04
7.080103614696277873e+03
8.589039398296037689e+03
7.413904593306273455e+04
3.245266027144768032e+03
6.372717565737870245e+03
1.755456600119233917e+04
1.440294263144888646e+04
1.697600702883256599e+04
2.147220905836674865e+04
1.830337547992985492e+04
2.654132136593110408e+04
1.034296503147539443e+04
6.553658032573555829e+03
4.020783809081809159e+04
1.898006809694930416e+04
1.966680443930723868e+03
2.134176876013508081e+04
2.034150873492020037e+04
9.926245762829744308e+02
2.314634066404457553e+04
1.058762008558486013e+04
6.722147686592664104e+04
1.248617263133936467e+04
8.056829380294200746e+03
1.237107154763654944e+04
2.245094745910510028e+04
1.410874024977418048e+04
2.668408064468732482e+04
2.269514929517387282e+04
5.052648278229654534e+04
3.689843441787468328e+04
3.760776382669561826e+03
1.120405353632575498e+04
1.272139365571314556e+04
6.513254581281396895e+03
4.553007072442595017e+03
1.885614485832650098e+04
2.718780687599417070e+04
1.923850239880835579e+04
1.993199512586753553e+04
4.432398042654486744e+03
1.388344006749999244e+04
2.443132218883542009e+04
4.037751053055096418e+04
2.872871693564370617e+03
5.595186701621690190e+03
5.135473150986841938e+04
2.441683498734958266e+04
6.334017906364075316e+03
1.880791876964985568e+04
3.000558134334477654e+04
2.589335701391401381e+04
2.169113536673830822e+04
1.466639038450597945e+04
1.771573898724660830e+04
2.011064148371734336e+04
8.803749581847199806e+03
5.849688977715058172e+03
4.171485934710215224e+04
2.132663713185837696e+04
9.289647485905550639e+03
1.206663672784250593e+04
1.479382208735306631e+04
2.735460345563454393e+04
1.023733707445122309e+04
2.169562791735606152e+04
6.057303559838333058e+03
6.002028901840667822e+04
2.932315936062060064e+04
2.290598892218460242e+04
3.475430826481092663e+04
4.039941053471752093e+04
1.325846839112517955e+04
2.436281902694861492e+04
3.422612338925543736e+04
2.159105513371641428e+04
4.425888682099482685e+04
2.582648464421059543e+03
7.291762740362354634e+03
1.884687093183270190e+04
6.495926963907449135e+03
1.753940357359004702e+04
1.625442570906176343e+03
1.980986172458631700e+04
3.201460233444104233e+04
3.653214487642863241e+04
2.497294931788789836e+04
8.451470348501359695e+03
1.466533951320275446e+04
8.444312312546435351e+03
2.375738106692961446e+04
1.000120525473103953e+04
1.935449189220734115e+04
4.928026308830554626e+03
7.549044622249910390e+03
6.905590387729720533e+03
1.914843796396144899e+04
2.805174546281458970e+04
1.784768364110788389e+04
6.512047987696644668e+03
2.308437938940473396e+04
3.268534583150662729e+04
6.817041138192705148e+03
6.976002363521080952e+03
1.004591380908252177e+04
1.314448578934107900e+04
4.586996488821367529e+04
4.543006140728335595e+04
1.466907506078607912e+04
2.230563056593195506e+04
1.028722926011103482e+04
3.653182778858846177e+03
1.302309366040287387e+04
7.940157821618919115e+03
5.181561361761496300e+03
2.383687184485120815e+04
1.094224344998686502e+04
3.054561503780573548e+04
3.584286490928931016e+04
1.620893373502745271e+04
2.771804115874728086e+04
9.857097149619075935e+03
2.794528654676194492e+04
1.590202593224295561e+04
2.676991122710258060e+04
2.692414715777729725e+03
1.741441376999077329e+04
2.543756047364568803e+04
3.931430030587893611e+02
2.667507996931317393e+03
1.616616158962792906e+04
3.060765179715256818e+04
1.083115617700748771e+04
4.603754320900580933e+04
3.584049958173527557e+04
1.659238520165772934e+04
1.992798405297903855e+03
2.501418185509795512e+04
7.077100924709186074e+03
5.328681248173486892e+03
2.082101447859647669e+04
3.384408156843633333e+04
3.260151890665441169e+04
1.864741825549833266e+03
1.140194999670509787e+04
3.561291374340934999e+04
8.149395096827233829e+03
4.386816552868558210e+04
2.745198654968909250e+04
3.347020483770260034e+04
3.898269561342647648e+04
1.387347876825567437e+04
4.090861234514306125e+04
1.405325838924510026e+04
1.733294504518352551e+04
4.323790789600811877e+03
6.308148825737214793e+04
2.673579434467092869e+04
3.919967459947560565e+04
2.130107825622631208e+04
1.062530383861091468e+04
2.735187593036102407e+04
2.481621025891164754e+04
1.416081403654220230e+04
6.941929124123831571e+03
2.048278138811210738e+03
2.898305616033468596e+03
1.666693896877019870e+04
5.390553393849397253e+03
3.072314423753900337e+04
3.868413308722568036e+04
1.950500758360452892e+04
1.395927260922806818e+04
4.929130780295020668e+04
7.455280260703470958e+03
1.266002213893456974e+04
1.336320131886243507e+04
