1.234880615234375000e+03
4.218675781250000000e+03
4.734637207031250000e+03
6.841932128906250000e+03
1.385209472656250000e+04
1.633090039062500000e+04
2.011120117187500000e+04
1.364558105468750000e+04
1.715060156250000000e+04
1.542084570312500000e+04
1.414761621093750000e+04
2.041167968750000000e+04
1.875211718750000000e+04
1.969947656250000000e+04
1.981539453125000000e+04
1.957057031250000000e+04
1.847794531250000000e+04
1.686789062500000000e+04
2.000016406250000000e+04
2.180121289062500000e+04
1.915039062500000000e+04
1.979508789062500000e+04
2.143960156250000000e+04
1.904940234375000000e+04
1.792126171875000000e+04
2.029398632812500000e+04
1.633683398437500000e+04
1.954818359375000000e+04
2.217834570312500000e+04
1.865938281250000000e+04
2.169384375000000000e+04
2.081947851562500000e+04
2.232748242187500000e+04
2.089400976562500000e+04
1.980008984375000000e+04
2.519449218750000000e+04
2.201086718750000000e+04
2.010647656250000000e+04
2.490891406250000000e+04
2.240537500000000000e+04
2.165871484375000000e+04
2.118245312500000000e+04
2.704317187500000000e+04
2.438742968750000000e+04
2.110248437500000000e+04
1.907205664062500000e+04
2.019923242187500000e+04
2.029659570312500000e+04
2.382510742187500000e+04
2.422187109375000000e+04
2.379633789062500000e+04
2.118120312500000000e+04
2.044693359375000000e+04
1.975483593750000000e+04
2.383167187500000000e+04
2.136359765625000000e+04
2.043098632812500000e+04
2.339959765625000000e+04
2.345319726562500000e+04
2.395503125000000000e+04
2.036559375000000000e+04
2.264400390625000000e+04
2.568479882812500000e+04
2.083283593750000000e+04
2.057427734375000000e+04
1.966196289062500000e+04
2.291580664062500000e+04
2.444502734375000000e+04
1.886328515625000000e+04
2.088522851562500000e+04
2.419201757812500000e+04
2.176685351562500000e+04
1.880822070312500000e+04
2.585670507812500000e+04
1.996430078125000000e+04
1.905305468750000000e+04
2.236298828125000000e+04
2.213955273437500000e+04
2.131822460937500000e+04
1.882502343750000000e+04
2.268742578125000000e+04
1.895221093750000000e+04
2.390389062500000000e+04
2.101021484375000000e+04
2.043864453125000000e+04
2.031156054687500000e+04
2.333397070312500000e+04
2.394826367187500000e+04
2.743152734375000000e+04
2.337810156250000000e+04
2.303805468750000000e+04
2.054751367187500000e+04
1.988160156250000000e+04
2.057452539062500000e+04
2.374080078125000000e+04
1.818314843750000000e+04
2.395019531250000000e+04
2.186700781250000000e+04
2.567526953125000000e+04
1.872725390625000000e+04
1.997725195312500000e+04
2.540911328125000000e+04
2.133433593750000000e+04
2.147123242187500000e+04
2.103177734375000000e+04
2.301778710937500000e+04
2.048285937500000000e+04
2.453272265625000000e+04
1.944869140625000000e+04
1.993417773437500000e+04
2.410163867187500000e+04
2.211737890625000000e+04
2.051442968750000000e+04
3.079955859375000000e+04
1.951607421875000000e+04
1.764591406250000000e+04
2.383200585937500000e+04
2.353991210937500000e+04
2.138044726562500000e+04
1.993959179687500000e+04
2.157833593750000000e+04
2.112783984375000000e+04
2.172675000000000000e+04
1.934506445312500000e+04
1.930170117187500000e+04
2.484485156250000000e+04
2.508040429687500000e+04
2.625420312500000000e+04
2.715030859375000000e+04
2.792749023437500000e+04
2.445112500000000000e+04
2.100087109375000000e+04
2.466688281250000000e+04
1.992402929687500000e+04
2.516002343750000000e+04
2.060501171875000000e+04
2.078357812500000000e+04
2.106439843750000000e+04
2.234822265625000000e+04
2.504932812500000000e+04
2.392784960937500000e+04
2.346194921875000000e+04
2.515530859375000000e+04
2.518573437500000000e+04
2.408761523437500000e+04
2.159655273437500000e+04
2.534642773437500000e+04
2.138751562500000000e+04
2.670149414062500000e+04
2.031905859375000000e+04
2.457155859375000000e+04
2.106681640625000000e+04
2.005642382812500000e+04
2.416081835937500000e+04
1.959170507812500000e+04
1.794277734375000000e+04
2.610766992187500000e+04
2.187128710937500000e+04
2.124375585937500000e+04
2.460521289062500000e+04
2.457104687500000000e+04
2.457493750000000000e+04
2.370729296875000000e+04
1.972321093750000000e+04
1.853494335937500000e+04
2.372091406250000000e+04
2.072328320312500000e+04
2.539860937500000000e+04
2.449519531250000000e+04
2.520888281250000000e+04
2.452066015625000000e+04
2.399920312500000000e+04
2.058021875000000000e+04
2.079717187500000000e+04
2.174250000000000000e+04
2.313863867187500000e+04
2.309056640625000000e+04
2.076817968750000000e+04
2.142091015625000000e+04
2.211783007812500000e+04
1.811534570312500000e+04
2.412237890625000000e+04
2.516295507812500000e+04
2.012840820312500000e+04
2.122719531250000000e+04
2.214357812500000000e+04
2.565272070312500000e+04
2.318085156250000000e+04
2.204521875000000000e+04
2.869103125000000000e+04
2.024511328125000000e+04
2.397995117187500000e+04
2.317390234375000000e+04
1.768279882812500000e+04
2.156517578125000000e+04
2.232244140625000000e+04
2.158029101562500000e+04
2.227046093750000000e+04
2.081642968750000000e+04
2.554001953125000000e+04
2.459834765625000000e+04
2.811853906250000000e+04
2.178850585937500000e+04
2.179967187500000000e+04
2.520888867187500000e+04
2.903238671875000000e+04
2.143603125000000000e+04
2.092316992187500000e+04
2.155266406250000000e+04
2.488592187500000000e+04
2.306178906250000000e+04
2.008714843750000000e+04
2.526107226562500000e+04
2.356592578125000000e+04
2.169988281250000000e+04
2.189401171875000000e+04
2.344394140625000000e+04
1.860554296875000000e+04
2.014505859375000000e+04
2.521572851562500000e+04
2.302862500000000000e+04
2.512781250000000000e+04
2.807590039062500000e+04
2.180160546875000000e+04
2.022709375000000000e+04
2.284520117187500000e+04
2.156615039062500000e+04
1.991638281250000000e+04
2.347230273437500000e+04
1.997437109375000000e+04
2.227263085937500000e+04
2.267106054687500000e+04
2.511442187500000000e+04
2.395125000000000000e+04
2.400020312500000000e+04
2.453609375000000000e+04
2.350210156250000000e+04
2.590410937500000000e+04
2.551105859375000000e+04
2.322356054687500000e+04
2.244143554687500000e+04
2.596024218750000000e+04
2.578509179687500000e+04
2.237138867187500000e+04
2.435152343750000000e+04
2.045808789062500000e+04
2.353967578125000000e+04
2.446809960937500000e+04
2.089085742187500000e+04
1.875690234375000000e+04
2.596025781250000000e+04
1.851121093750000000e+04
1.936350781250000000e+04
2.016200781250000000e+04
2.240614062500000000e+04
2.220432421875000000e+04
2.285533398437500000e+04
2.285165625000000000e+04
2.280850195312500000e+04
2.266865039062500000e+04
1.922873046875000000e+04
2.351105078125000000e+04
2.256565039062500000e+04
2.444602148437500000e+04
2.388687890625000000e+04
1.919259375000000000e+04
2.826163671875000000e+04
2.295938476562500000e+04
2.218777343750000000e+04
2.232920703125000000e+04
2.742096875000000000e+04
2.455741406250000000e+04
2.708032812500000000e+04
2.210549218750000000e+04
2.599432031250000000e+04
2.136843945312500000e+04
2.130046484375000000e+04
1.959737304687500000e+04
2.132302734375000000e+04
1.903141992187500000e+04
2.911199023437500000e+04
2.374249609375000000e+04
2.233089453125000000e+04
2.196750390625000000e+04
2.152494335937500000e+04
2.283946875000000000e+04
2.202455078125000000e+04
2.364051953125000000e+04
2.511542187500000000e+04
2.755089062500000000e+04
2.326266406250000000e+04
2.094869921875000000e+04
2.241586914062500000e+04
2.060450390625000000e+04
2.390106054687500000e+04
2.469058398437500000e+04
2.384789648437500000e+04
2.225148242187500000e+04
2.295155664062500000e+04
2.186387500000000000e+04
2.172081054687500000e+04
1.633634375000000000e+04
1.776119726562500000e+04
2.331359570312500000e+04
2.044838085937500000e+04
2.228630859375000000e+04
2.027677734375000000e+04
2.167563281250000000e+04
1.865865625000000000e+04
2.393213281250000000e+04
2.255737109375000000e+04
2.416666210937500000e+04
2.255138281250000000e+04
2.446160156250000000e+04
2.167076562500000000e+04
2.068893945312500000e+04
1.925258593750000000e+04
2.765355468750000000e+04
2.186739453125000000e+04
2.087020312500000000e+04
2.486274804687500000e+04
2.005759765625000000e+04
1.817898828125000000e+04
2.342410937500000000e+04
2.220822656250000000e+04
2.081118750000000000e+04
2.339521093750000000e+04
2.333412304687500000e+04
2.518091601562500000e+04
1.843258007812500000e+04
2.102310156250000000e+04
1.767840625000000000e+04
2.538808593750000000e+04
2.170028320312500000e+04
2.404883203125000000e+04
2.098368359375000000e+04
2.443711718750000000e+04
2.073298828125000000e+04
1.907004882812500000e+04
2.286787890625000000e+04
2.005841796875000000e+04
1.846952148437500000e+04
2.260349609375000000e+04
2.496408203125000000e+04
2.529598437500000000e+04
2.326257421875000000e+04
2.260114453125000000e+04
2.176070507812500000e+04
2.243032421875000000e+04
2.394334375000000000e+04
2.417857031250000000e+04
2.373127734375000000e+04
1.732050781250000000e+04
2.391755859375000000e+04
1.967317773437500000e+04
2.342929296875000000e+04
2.271651562500000000e+04
2.254602343750000000e+04
2.129730273437500000e+04
2.005608398437500000e+04
2.269502148437500000e+04
2.459946875000000000e+04
1.970501367187500000e+04
2.379551953125000000e+04
1.802129101562500000e+04
2.577258007812500000e+04
2.180164062500000000e+04
2.605126562500000000e+04
1.892372265625000000e+04
2.057140625000000000e+04
2.256671484375000000e+04
2.040422851562500000e+04
2.595434375000000000e+04
2.427303906250000000e+04
2.704472265625000000e+04
2.192540234375000000e+04
2.147423437500000000e+04
1.893785156250000000e+04
2.268163085937500000e+04
2.392431250000000000e+04
2.345210937500000000e+04
2.203999218750000000e+04
2.438998828125000000e+04
2.318101562500000000e+04
2.224854296875000000e+04
2.226864257812500000e+04
2.068809960937500000e+04
2.170982812500000000e+04
1.756422070312500000e+04
2.223122656250000000e+04
2.288837109375000000e+04
2.125410156250000000e+04
1.980381835937500000e+04
2.044224609375000000e+04
2.473611914062500000e+04
2.196400585937500000e+04
2.121483398437500000e+04
2.243833984375000000e+04
2.167922656250000000e+04
2.187001953125000000e+04
2.273484179687500000e+04
1.995655859375000000e+04
1.719752734375000000e+04
2.156818945312500000e+04
2.488488476562500000e+04
2.001607812500000000e+04
2.820658984375000000e+04
2.398564648437500000e+04
2.345651562500000000e+04
2.418513476562500000e+04
2.219903906250000000e+04
1.966820312500000000e+04
2.185073046875000000e+04
2.420342382812500000e+04
2.205220312500000000e+04
1.889966406250000000e+04
2.457251953125000000e+04
2.066548046875000000e+04
2.328443750000000000e+04
2.109241406250000000e+04
2.311008984375000000e+04
2.331190625000000000e+04
2.356373632812500000e+04
2.181888867187500000e+04
2.594462109375000000e+04
1.866591015625000000e+04
2.018878125000000000e+04
2.174194335937500000e+04
2.019643359375000000e+04
2.456953906250000000e+04
1.970241992187500000e+04
2.200689453125000000e+04
2.661626757812500000e+04
2.149780468750000000e+04
2.869979296875000000e+04
2.607818750000000000e+04
2.122917187500000000e+04
2.258755859375000000e+04
2.059852148437500000e+04
1.864785546875000000e+04
1.965816015625000000e+04
1.951139453125000000e+04
2.164082421875000000e+04
2.338042968750000000e+04
2.080867968750000000e+04
2.231932421875000000e+04
2.382790820312500000e+04
2.367061718750000000e+04
2.527380664062500000e+04
2.139553710937500000e+04
2.353080078125000000e+04
2.321782031250000000e+04
2.370533398437500000e+04
2.264934570312500000e+04
2.426055078125000000e+04
2.312619140625000000e+04
2.197006835937500000e+04
2.328439257812500000e+04
1.845784960937500000e+04
2.701760351562500000e+04
2.466229882812500000e+04
2.642208593750000000e+04
2.111472656250000000e+04
2.277448632812500000e+04
1.744150976562500000e+04
2.262444140625000000e+04
2.047998632812500000e+04
2.504879296875000000e+04
2.198883593750000000e+04
2.450221679687500000e+04
2.384904687500000000e+04
2.397620312500000000e+04
2.123304492187500000e+04
2.327405859375000000e+04
2.023430859375000000e+04
2.385836523437500000e+04
2.898953710937500000e+04
2.316898437500000000e+04
2.256331250000000000e+04
2.379576171875000000e+04
2.064796484375000000e+04
2.454416406250000000e+04
2.699979296875000000e+04
2.096355078125000000e+04
2.239414843750000000e+04
2.172003515625000000e+04
2.516853906250000000e+04
2.194540429687500000e+04
2.328098046875000000e+04
2.204674218750000000e+04
2.143913281250000000e+04
2.484113671875000000e+04
2.316256640625000000e+04
2.065779296875000000e+04
2.489794140625000000e+04
2.196350781250000000e+04
2.787061914062500000e+04
1.973228906250000000e+04
2.877096484375000000e+04
2.396416796875000000e+04
2.856363281250000000e+04
2.311413281250000000e+04
1.792530273437500000e+04
1.922304296875000000e+04
2.279630078125000000e+04
2.074038085937500000e+04
2.123230859375000000e+04
2.100200976562500000e+04
1.976202929687500000e+04
2.468170898437500000e+04
2.182663476562500000e+04
2.398601562500000000e+04
2.064519726562500000e+04
2.232238476562500000e+04
2.306856835937500000e+04
2.469808593750000000e+04
2.186850585937500000e+04
2.153553906250000000e+04
2.174452343750000000e+04
2.360512890625000000e+04
2.068468164062500000e+04
2.201823437500000000e+04
2.233248046875000000e+04
2.683783203125000000e+04
1.658622265625000000e+04
2.215977734375000000e+04
2.347583398437500000e+04
2.217076953125000000e+04
2.395601562500000000e+04
2.717653515625000000e+04
2.290757812500000000e+04
1.854403515625000000e+04
2.476154492187500000e+04
2.459030078125000000e+04
1.771537890625000000e+04
2.356881640625000000e+04
1.917686523437500000e+04
2.799047851562500000e+04
2.225047656250000000e+04
2.159706250000000000e+04
2.480188281250000000e+04
2.285848242187500000e+04
2.328268554687500000e+04
2.126244726562500000e+04
2.256164062500000000e+04
2.408252929687500000e+04
2.077420312500000000e+04
1.918518750000000000e+04
2.452358984375000000e+04
2.304204296875000000e+04
2.001878906250000000e+04
2.250190234375000000e+04
2.310708203125000000e+04
2.263355468750000000e+04
2.301398046875000000e+04
2.465117187500000000e+04
2.111264257812500000e+04
2.009992578125000000e+04
2.176862500000000000e+04
1.954355859375000000e+04
2.265056445312500000e+04
1.998661132812500000e+04
2.207283203125000000e+04
2.037869140625000000e+04
2.280922656250000000e+04
2.439784570312500000e+04
2.274273437500000000e+04
2.097230273437500000e+04
2.419945117187500000e+04
2.648397851562500000e+04
2.385951953125000000e+04
2.359411718750000000e+04
2.343476562500000000e+04
2.206035546875000000e+04
2.402292578125000000e+04
2.064120703125000000e+04
2.489147851562500000e+04
2.465031250000000000e+04
2.281443554687500000e+04
2.103430078125000000e+04
2.422075390625000000e+04
1.778891406250000000e+04
1.916302734375000000e+04
2.096885156250000000e+04
2.307272460937500000e+04
2.346483984375000000e+04
2.423041406250000000e+04
2.744044140625000000e+04
2.589953515625000000e+04
2.334616601562500000e+04
2.023011328125000000e+04
2.274861718750000000e+04
2.051309960937500000e+04
2.500823828125000000e+04
2.234671093750000000e+04
2.304069726562500000e+04
2.070873046875000000e+04
2.787685546875000000e+04
2.782019921875000000e+04
2.114184375000000000e+04
2.156909375000000000e+04
2.196090820312500000e+04
1.910794531250000000e+04
2.276296484375000000e+04
2.290570703125000000e+04
2.176050390625000000e+04
2.572687109375000000e+04
2.314714648437500000e+04
2.299082226562500000e+04
2.046921875000000000e+04
2.263857031250000000e+04
2.738599218750000000e+04
2.483909375000000000e+04
2.343553320312500000e+04
2.315529687500000000e+04
1.934682421875000000e+04
2.816401757812500000e+04
2.270208203125000000e+04
2.175507421875000000e+04
2.561825000000000000e+04
1.994079492187500000e+04
2.387257812500000000e+04
2.522969140625000000e+04
1.998028515625000000e+04
2.631350976562500000e+04
2.142671679687500000e+04
1.719015429687500000e+04
2.639623437500000000e+04
1.749565234375000000e+04
2.460213476562500000e+04
2.520980078125000000e+04
2.254376953125000000e+04
2.130064453125000000e+04
2.166580664062500000e+04
2.438078906250000000e+04
2.116188476562500000e+04
2.408878515625000000e+04
1.720723046875000000e+04
1.847070898437500000e+04
2.033256054687500000e+04
2.211675390625000000e+04
2.024173632812500000e+04
2.419663671875000000e+04
2.256691015625000000e+04
2.592419335937500000e+04
2.385302343750000000e+04
2.268911914062500000e+04
2.222786328125000000e+04
2.227901171875000000e+04
2.261148437500000000e+04
2.101759765625000000e+04
2.187454101562500000e+04
2.684190429687500000e+04
2.042638671875000000e+04
2.337525781250000000e+04
2.342059960937500000e+04
1.805676757812500000e+04
2.744023828125000000e+04
2.144796679687500000e+04
2.122950390625000000e+04
2.120126171875000000e+04
2.561274804687500000e+04
2.500284765625000000e+04
2.214932812500000000e+04
2.449651562500000000e+04
2.201577343750000000e+04
2.076421679687500000e+04
2.481903906250000000e+04
2.689473437500000000e+04
2.315763281250000000e+04
2.456569921875000000e+04
2.158885937500000000e+04
2.221632226562500000e+04
2.042427343750000000e+04
2.613843359375000000e+04
2.487501953125000000e+04
2.504595703125000000e+04
2.784299609375000000e+04
2.208475000000000000e+04
2.337951367187500000e+04
2.322419921875000000e+04
2.107262890625000000e+04
2.661313281250000000e+04
2.855375000000000000e+04
2.321997656250000000e+04
2.318880078125000000e+04
2.517364062500000000e+04
2.460413476562500000e+04
2.029714062500000000e+04
2.086316406250000000e+04
2.503370312500000000e+04
2.404103906250000000e+04
2.255887695312500000e+04
2.139289453125000000e+04
2.153686718750000000e+04
1.947136523437500000e+04
2.297974218750000000e+04
2.187233789062500000e+04
2.171228515625000000e+04
2.363325781250000000e+04
2.145373437500000000e+04
2.458111523437500000e+04
1.810244140625000000e+04
2.161327734375000000e+04
2.365154687500000000e+04
2.103631640625000000e+04
2.127990234375000000e+04
2.285665820312500000e+04
2.313005859375000000e+04
2.533352734375000000e+04
2.218653906250000000e+04
2.253425390625000000e+04
2.340836523437500000e+04
2.719307812500000000e+04
2.561841406250000000e+04
2.223658398437500000e+04
2.286184960937500000e+04
2.449342578125000000e+04
1.980009765625000000e+04
1.737324804687500000e+04
2.535053906250000000e+04
2.260544335937500000e+04
2.644273437500000000e+04
2.332101171875000000e+04
2.242041210937500000e+04
2.279514453125000000e+04
1.931185546875000000e+04
2.260932617187500000e+04
2.123837695312500000e+04
2.439164062500000000e+04
2.096483984375000000e+04
1.952341992187500000e+04
2.194534765625000000e+04
1.910168359375000000e+04
2.456533007812500000e+04
2.227313867187500000e+04
2.648314257812500000e+04
2.317768554687500000e+04
2.103087109375000000e+04
2.051028320312500000e+04
2.200412109375000000e+04
2.174003906250000000e+04
2.233124804687500000e+04
2.121892773437500000e+04
1.882900000000000000e+04
1.958187109375000000e+04
2.129275781250000000e+04
2.343446679687500000e+04
1.979840234375000000e+04
2.327126171875000000e+04
2.405914843750000000e+04
2.432708203125000000e+04
2.588919140625000000e+04
2.012641992187500000e+04
2.646008984375000000e+04
2.170478125000000000e+04
2.202851562500000000e+04
2.538026171875000000e+04
2.381458984375000000e+04
2.548238476562500000e+04
2.332771875000000000e+04
2.091601562500000000e+04
1.996281835937500000e+04
2.099732617187500000e+04
2.198323437500000000e+04
1.915731250000000000e+04
2.306640234375000000e+04
1.911524609375000000e+04
2.583251953125000000e+04
2.675670703125000000e+04
2.207678710937500000e+04
2.377056445312500000e+04
2.463031445312500000e+04
2.619903125000000000e+04
2.162977343750000000e+04
2.482732031250000000e+04
2.109036718750000000e+04
2.416753125000000000e+04
2.046960742187500000e+04
2.291026757812500000e+04
2.579027343750000000e+04
2.305444140625000000e+04
2.603614453125000000e+04
2.040736328125000000e+04
2.045742187500000000e+04
1.982142968750000000e+04
2.181649218750000000e+04
2.376412695312500000e+04
1.991194140625000000e+04
2.629676757812500000e+04
2.129903515625000000e+04
2.059035156250000000e+04
2.248909960937500000e+04
2.119248828125000000e+04
2.327082812500000000e+04
2.206524609375000000e+04
2.101595703125000000e+04
2.319225000000000000e+04
2.466179492187500000e+04
2.378733203125000000e+04
2.401697460937500000e+04
2.228673242187500000e+04
1.626490332031250000e+04
2.399979492187500000e+04
2.338528125000000000e+04
2.501936718750000000e+04
2.181983593750000000e+04
1.783495312500000000e+04
2.168331640625000000e+04
2.319739257812500000e+04
2.457235546875000000e+04
2.380448828125000000e+04
2.468920117187500000e+04
2.424941601562500000e+04
2.217538281250000000e+04
2.508514062500000000e+04
2.380221484375000000e+04
1.821312890625000000e+04
2.346505273437500000e+04
2.671515625000000000e+04
2.467224218750000000e+04
2.156182421875000000e+04
1.999008398437500000e+04
2.475948632812500000e+04
2.194280078125000000e+04
2.205724804687500000e+04
2.172427929687500000e+04
2.301985742187500000e+04
1.873281250000000000e+04
2.057814843750000000e+04
2.296400781250000000e+04
2.443821875000000000e+04
2.373769531250000000e+04
2.662182812500000000e+04
2.372916406250000000e+04
2.207451171875000000e+04
2.313926171875000000e+04
2.005923437500000000e+04
1.975301562500000000e+04
1.794584375000000000e+04
2.161167578125000000e+04
2.138583984375000000e+04
2.036747460937500000e+04
2.007500976562500000e+04
2.349974804687500000e+04
2.195085351562500000e+04
2.506670898437500000e+04
2.853887890625000000e+04
2.168691601562500000e+04
2.669537109375000000e+04
2.245790234375000000e+04
1.876855859375000000e+04
2.321267187500000000e+04
1.793669921875000000e+04
2.108491796875000000e+04
2.517554687500000000e+04
1.972439062500000000e+04
2.134326953125000000e+04
2.212293164062500000e+04
2.222507421875000000e+04
2.278202929687500000e+04
2.172998828125000000e+04
2.425079296875000000e+04
2.478736914062500000e+04
2.204397656250000000e+04
2.412680273437500000e+04
2.012652539062500000e+04
2.483801562500000000e+04
2.049598046875000000e+04
2.406882812500000000e+04
2.320133984375000000e+04
2.410657812500000000e+04
1.878397851562500000e+04
1.942419726562500000e+04
1.868500000000000000e+04
2.299317382812500000e+04
2.202944335937500000e+04
2.455269726562500000e+04
2.429373437500000000e+04
2.498889062500000000e+04
2.044331445312500000e+04
2.151076562500000000e+04
2.180695703125000000e+04
2.198671093750000000e+04
2.372465820312500000e+04
2.425351562500000000e+04
2.344164062500000000e+04
2.387990820312500000e+04
2.006646484375000000e+04
2.105040039062500000e+04
2.200761523437500000e+04
2.012044335937500000e+04
2.187964843750000000e+04
1.977078906250000000e+04
2.240331640625000000e+04
2.222633593750000000e+04
1.632516894531250000e+04
2.064369140625000000e+04
2.401916015625000000e+04
2.198712109375000000e+04
2.002673437500000000e+04
2.202896093750000000e+04
2.411962109375000000e+04
1.968037695312500000e+04
2.615421679687500000e+04
2.474948437500000000e+04
1.877938671875000000e+04
2.584383984375000000e+04
2.049054101562500000e+04
2.376312304687500000e+04
1.920284375000000000e+04
2.013771679687500000e+04
2.107530664062500000e+04
2.380638476562500000e+04
1.957693750000000000e+04
2.155950000000000000e+04
1.813028906250000000e+04
1.802961132812500000e+04
2.408502734375000000e+04
2.121674414062500000e+04
2.147468554687500000e+04
2.062253515625000000e+04
2.239764648437500000e+04
2.742572265625000000e+04
2.103321679687500000e+04
2.016019531250000000e+04
1.985469921875000000e+04
2.601957812500000000e+04
2.551203515625000000e+04
1.953726953125000000e+04
2.320167773437500000e+04
1.931426562500000000e+04
2.150004687500000000e+04
1.862580273437500000e+04
2.281833593750000000e+04
2.416864257812500000e+04
2.254195507812500000e+04
2.035461718750000000e+04
1.989012890625000000e+04
2.101143164062500000e+04
2.252480078125000000e+04
2.534019531250000000e+04
2.220433593750000000e+04
2.266494921875000000e+04
2.110335351562500000e+04
1.962702148437500000e+04
2.494989062500000000e+04
2.442960546875000000e+04
1.942583203125000000e+04
1.659768359375000000e+04
2.575556054687500000e+04
2.243997070312500000e+04
1.941085156250000000e+04
2.396176953125000000e+04
1.967128125000000000e+04
2.264223437500000000e+04
2.506919921875000000e+04
2.324775781250000000e+04
2.195897070312500000e+04
2.013438281250000000e+04
1.781189843750000000e+04
2.123366796875000000e+04
2.010479687500000000e+04
2.597352148437500000e+04
2.008434960937500000e+04
2.956639257812500000e+04
2.245249804687500000e+04
1.767814843750000000e+04
2.034838671875000000e+04
2.170193359375000000e+04
2.171392578125000000e+04
2.185125976562500000e+04
2.412502929687500000e+04
1.789775781250000000e+04
2.075578320312500000e+04
2.156800781250000000e+04
2.336398046875000000e+04
2.550647656250000000e+04
1.983210546875000000e+04
1.969503515625000000e+04
2.210988476562500000e+04
2.303787304687500000e+04
2.279142187500000000e+04
1.986923242187500000e+04
2.568765429687500000e+04
2.926586914062500000e+04
2.527573828125000000e+04
2.278992382812500000e+04
2.380033007812500000e+04
1.953565234375000000e+04
2.004498828125000000e+04
2.367153320312500000e+04
2.231929296875000000e+04
1.763013867187500000e+04
2.455780859375000000e+04
2.503139062500000000e+04
2.320508398437500000e+04
2.256287890625000000e+04
2.130755468750000000e+04
2.170119335937500000e+04
1.843537500000000000e+04
2.355434765625000000e+04
1.846645703125000000e+04
2.162953125000000000e+04
2.453812695312500000e+04
2.171157031250000000e+04
2.033917968750000000e+04
2.249000585937500000e+04
2.408833398437500000e+04
2.121001171875000000e+04
2.245378906250000000e+04
2.319004101562500000e+04
2.076279687500000000e+04
2.131372656250000000e+04
2.223338671875000000e+04
2.428971875000000000e+04
2.830124023437500000e+04
2.160774609375000000e+04
1.954603515625000000e+04
2.486243750000000000e+04
1.841979101562500000e+04
1.688945703125000000e+04
2.104657031250000000e+04
2.358714648437500000e+04
1.811706640625000000e+04
1.683921875000000000e+04
1.984398828125000000e+04
2.500025585937500000e+04
2.069042968750000000e+04
2.137133398437500000e+04
2.719290234375000000e+04
2.015621289062500000e+04
2.113097265625000000e+04
2.317582031250000000e+04
2.209324414062500000e+04
2.112074218750000000e+04
1.977696093750000000e+04
2.334425390625000000e+04
2.003379296875000000e+04
3.076550781250000000e+04
2.075718164062500000e+04
2.489025000000000000e+04
2.484528906250000000e+04
2.639639843750000000e+04
1.945455273437500000e+04
2.142765625000000000e+04
2.107690039062500000e+04
2.182027539062500000e+04
2.276186718750000000e+04
2.332491601562500000e+04
2.170554882812500000e+04
2.064632812500000000e+04
2.088687109375000000e+04
2.181178710937500000e+04
2.195719140625000000e+04
2.919851953125000000e+04
2.054323632812500000e+04
2.321883984375000000e+04
2.199732421875000000e+04
1.947760546875000000e+04
2.341364843750000000e+04
2.118070312500000000e+04
2.419650976562500000e+04
2.173683007812500000e+04
2.207325390625000000e+04
2.401499609375000000e+04
2.337111523437500000e+04
2.297895898437500000e+04
1.890842578125000000e+04
2.111968359375000000e+04
2.052780078125000000e+04
2.151632226562500000e+04
1.924098046875000000e+04
2.557143359375000000e+04
2.030711523437500000e+04
2.092296484375000000e+04
2.332288281250000000e+04
2.242553515625000000e+04
2.084144726562500000e+04
2.168434765625000000e+04
2.117392578125000000e+04
1.945114257812500000e+04
2.057288281250000000e+04
1.985906054687500000e+04
2.343360546875000000e+04
2.018185937500000000e+04
2.651830078125000000e+04
2.103362890625000000e+04
1.949241992187500000e+04
2.035781445312500000e+04
1.804179492187500000e+04
1.865561718750000000e+04
2.446421484375000000e+04
2.154253320312500000e+04
2.376819140625000000e+04
2.360583203125000000e+04
2.591769140625000000e+04
2.238452148437500000e+04
2.298175781250000000e+04
1.905885156250000000e+04
2.103309765625000000e+04
2.021997460937500000e+04
2.062396093750000000e+04
2.187333984375000000e+04
2.330908789062500000e+04
2.271285546875000000e+04
2.145895703125000000e+04
2.008535937500000000e+04
2.152150781250000000e+04
2.072892968750000000e+04
2.127913476562500000e+04
2.106750390625000000e+04
1.949533398437500000e+04
1.764890234375000000e+04
2.144218945312500000e+04
2.304932031250000000e+04
2.429416992187500000e+04
2.223527343750000000e+04
2.379640429687500000e+04
2.129609960937500000e+04
2.472635937500000000e+04
2.176748437500000000e+04
1.940878906250000000e+04
2.152719921875000000e+04
2.171578320312500000e+04
2.051610156250000000e+04
2.260550976562500000e+04
2.134612304687500000e+04
2.163399414062500000e+04
2.186978710937500000e+04
2.326084179687500000e+04
2.634455078125000000e+04
2.405026171875000000e+04
2.239773437500000000e+04
2.187710937500000000e+04
2.090035351562500000e+04
2.313002343750000000e+04
2.252534375000000000e+04
2.338699218750000000e+04
2.513574609375000000e+04
2.493287890625000000e+04
2.300591796875000000e+04
2.059793750000000000e+04
1.797908984375000000e+04
2.039661914062500000e+04
2.690858203125000000e+04
2.177528906250000000e+04
2.486170898437500000e+04
2.075195703125000000e+04
2.242959765625000000e+04
2.220946484375000000e+04
1.912331250000000000e+04
2.027523046875000000e+04
2.460497265625000000e+04
2.318833593750000000e+04
2.337557812500000000e+04
2.237183593750000000e+04
1.873914453125000000e+04
2.297311328125000000e+04
2.600921484375000000e+04
2.453233789062500000e+04
2.415158789062500000e+04
2.254828125000000000e+04
2.137831835937500000e+04
2.233483593750000000e+04
2.029120507812500000e+04
2.143930273437500000e+04
1.867248437500000000e+04
2.138514062500000000e+04
2.200045703125000000e+04
1.852072460937500000e+04
1.973475000000000000e+04
2.065618945312500000e+04
2.295270117187500000e+04
1.892458203125000000e+04
1.870272265625000000e+04
2.882308593750000000e+04
1.518881640625000000e+04
2.047408203125000000e+04
1.952891015625000000e+04
1.819180859375000000e+04
2.534599414062500000e+04
2.519408984375000000e+04
2.398827343750000000e+04
2.389730468750000000e+04
2.393125195312500000e+04
1.900486914062500000e+04
2.173345117187500000e+04
2.315493945312500000e+04
1.760596484375000000e+04
2.390131250000000000e+04
2.343437890625000000e+04
1.990661914062500000e+04
2.275531835937500000e+04
2.200850000000000000e+04
2.174828515625000000e+04
2.115953906250000000e+04
2.076583593750000000e+04
2.311607226562500000e+04
2.265886718750000000e+04
1.794306640625000000e+04
2.139803515625000000e+04
1.661357226562500000e+04
2.300451171875000000e+04
2.134165429687500000e+04
2.114357421875000000e+04
2.198294140625000000e+04
2.193105859375000000e+04
1.692234960937500000e+04
2.358863085937500000e+04
2.339008593750000000e+04
2.805511523437500000e+04
1.853114453125000000e+04
2.438361328125000000e+04
2.440242187500000000e+04
2.044063281250000000e+04
2.498847460937500000e+04
2.252418750000000000e+04
2.604641210937500000e+04
2.315341406250000000e+04
2.214197656250000000e+04
2.448035156250000000e+04
2.212110156250000000e+04
2.173461132812500000e+04
2.040632421875000000e+04
1.853620312500000000e+04
2.437929882812500000e+04
2.451522265625000000e+04
2.231594335937500000e+04
1.758427343750000000e+04
1.602898730468750000e+04
1.826381250000000000e+04
2.015319921875000000e+04
2.078424609375000000e+04
1.687691601562500000e+04
2.044527734375000000e+04
1.755022070312500000e+04
2.323154296875000000e+04
1.966372656250000000e+04
2.146212109375000000e+04
2.029249609375000000e+04
2.189061718750000000e+04
2.170274804687500000e+04
1.908543164062500000e+04
2.387583007812500000e+04
2.264121289062500000e+04
2.266416406250000000e+04
2.588731640625000000e+04
1.993752734375000000e+04
1.984504296875000000e+04
1.982282812500000000e+04
2.302050781250000000e+04
2.169555859375000000e+04
2.160730273437500000e+04
2.091026562500000000e+04
2.470031445312500000e+04
2.791348242187500000e+04
2.340421875000000000e+04
2.247615820312500000e+04
2.039314843750000000e+04
1.976438867187500000e+04
2.337576171875000000e+04
2.371596484375000000e+04
2.417487695312500000e+04
2.268215039062500000e+04
2.096086132812500000e+04
1.972064648437500000e+04
2.193317578125000000e+04
2.062952539062500000e+04
2.166608007812500000e+04
2.008135546875000000e+04
2.112200000000000000e+04
2.016066601562500000e+04
2.741727343750000000e+04
2.721976953125000000e+04
2.355076171875000000e+04
1.931118359375000000e+04
2.288716796875000000e+04
1.913462109375000000e+04
2.276858789062500000e+04
2.040587304687500000e+04
2.415715625000000000e+04
2.502754687500000000e+04
2.506281250000000000e+04
2.519554687500000000e+04
2.354816796875000000e+04
2.178217187500000000e+04
1.698625000000000000e+04
2.117375390625000000e+04
1.912466601562500000e+04
2.139597070312500000e+04
2.362907812500000000e+04
2.396149609375000000e+04
2.027186132812500000e+04
2.190147851562500000e+04
2.186568750000000000e+04
2.580282031250000000e+04
2.193185156250000000e+04
2.102881445312500000e+04
2.348002734375000000e+04
2.417582421875000000e+04
1.950398632812500000e+04
2.071460937500000000e+04
2.104358203125000000e+04
2.492593359375000000e+04
1.803157812500000000e+04
2.482886718750000000e+04
1.999784375000000000e+04
2.692145117187500000e+04
2.278477539062500000e+04
2.215492578125000000e+04
2.054909179687500000e+04
2.010197460937500000e+04
2.073110546875000000e+04
2.404311914062500000e+04
2.227360351562500000e+04
2.726578515625000000e+04
2.232074218750000000e+04
2.138522656250000000e+04
2.195505468750000000e+04
1.944267578125000000e+04
2.129833398437500000e+04
2.393525585937500000e+04
2.217681250000000000e+04
2.136409570312500000e+04
2.539526562500000000e+04
1.806116210937500000e+04
2.388925000000000000e+04
2.186254687500000000e+04
1.937394140625000000e+04
2.734028906250000000e+04
2.049301171875000000e+04
1.807527734375000000e+04
2.199403515625000000e+04
1.868565039062500000e+04
2.553704687500000000e+04
2.239865039062500000e+04
2.038175390625000000e+04
2.409498046875000000e+04
2.337106835937500000e+04
2.264334570312500000e+04
2.339580468750000000e+04
1.903958203125000000e+04
1.987784179687500000e+04
2.607234179687500000e+04
2.504328125000000000e+04
1.934165234375000000e+04
2.606225585937500000e+04
1.783595312500000000e+04
2.535272656250000000e+04
2.187024218750000000e+04
1.770434765625000000e+04
1.992271484375000000e+04
1.937520507812500000e+04
1.962217187500000000e+04
2.189433984375000000e+04
2.214361132812500000e+04
1.994914062500000000e+04
2.157824218750000000e+04
2.298827734375000000e+04
2.462310156250000000e+04
1.964209765625000000e+04
2.249229882812500000e+04
2.377485937500000000e+04
2.013057812500000000e+04
2.570603906250000000e+04
1.762341796875000000e+04
2.514039257812500000e+04
2.259684765625000000e+04
2.375812695312500000e+04
2.364217968750000000e+04
2.158685156250000000e+04
2.216209179687500000e+04
2.490624218750000000e+04
2.398028710937500000e+04
2.278339648437500000e+04
1.923103906250000000e+04
2.482607421875000000e+04
2.317369726562500000e+04
2.054582617187500000e+04
2.220741796875000000e+04
2.234379296875000000e+04
2.049697070312500000e+04
2.256369140625000000e+04
2.586423632812500000e+04
2.062416406250000000e+04
2.030815625000000000e+04
2.009433398437500000e+04
2.232055468750000000e+04
2.240968359375000000e+04
2.420297265625000000e+04
2.401621484375000000e+04
2.418562304687500000e+04
2.532792968750000000e+04
2.165585937500000000e+04
2.985838281250000000e+04
2.213838085937500000e+04
2.614406835937500000e+04
2.209879492187500000e+04
1.925740625000000000e+04
2.069190625000000000e+04
2.247512890625000000e+04
2.243828515625000000e+04
2.601641406250000000e+04
2.366070898437500000e+04
2.116649804687500000e+04
2.264684375000000000e+04
2.012841406250000000e+04
2.176964257812500000e+04
2.070357421875000000e+04
2.415166601562500000e+04
2.033698046875000000e+04
2.717654296875000000e+04
2.272988281250000000e+04
1.894482812500000000e+04
1.906532812500000000e+04
2.250695312500000000e+04
1.511641015625000000e+04
2.231172656250000000e+04
1.867659765625000000e+04
2.076581640625000000e+04
2.450957031250000000e+04
1.944792773437500000e+04
2.037655468750000000e+04
2.233482812500000000e+04
2.086782031250000000e+04
2.609734960937500000e+04
1.899636718750000000e+04
2.149445703125000000e+04
1.867039453125000000e+04
2.282771875000000000e+04
1.913631250000000000e+04
2.163464648437500000e+04
2.029941796875000000e+04
2.305344921875000000e+04
2.182902734375000000e+04
2.804525000000000000e+04
1.970561718750000000e+04
1.951796484375000000e+04
1.874613281250000000e+04
2.718495703125000000e+04
2.395557617187500000e+04
2.360887890625000000e+04
2.073500195312500000e+04
2.051914453125000000e+04
2.052079687500000000e+04
1.964510546875000000e+04
1.836578320312500000e+04
2.092228906250000000e+04
1.812244531250000000e+04
1.887607812500000000e+04
2.154106250000000000e+04
2.414460742187500000e+04
2.065876757812500000e+04
2.101564843750000000e+04
2.387538867187500000e+04
1.981529882812500000e+04
1.818722851562500000e+04
2.281351953125000000e+04
2.225699609375000000e+04
2.326667578125000000e+04
2.125136328125000000e+04
2.348822656250000000e+04
2.487564843750000000e+04
2.342613476562500000e+04
2.504985156250000000e+04
2.505627148437500000e+04
1.835128320312500000e+04
2.317426757812500000e+04
1.863306640625000000e+04
2.547313281250000000e+04
1.972643945312500000e+04
2.551720898437500000e+04
2.047406250000000000e+04
2.135020898437500000e+04
1.785672851562500000e+04
1.946733593750000000e+04
2.442769140625000000e+04
2.223308789062500000e+04
1.847479296875000000e+04
2.293763281250000000e+04
2.428134765625000000e+04
2.622959765625000000e+04
2.359151562500000000e+04
2.255519531250000000e+04
2.482778125000000000e+04
2.328210937500000000e+04
2.273944921875000000e+04
2.343818359375000000e+04
1.778525390625000000e+04
2.980557031250000000e+04
1.974612890625000000e+04
2.235868164062500000e+04
2.053844140625000000e+04
1.976493359375000000e+04
2.525549609375000000e+04
2.676576171875000000e+04
1.741815625000000000e+04
2.401760546875000000e+04
2.222253125000000000e+04
