-1.760000000000000227e+03
4.872533085241502704e+01
4.850578535921887124e+03
6.916915696180826671e+03
6.812474802884989913e+03
2.527522087248221396e+03
2.370764599512956192e+04
4.868245239039742955e+03
5.743792303231508413e+04
2.196789608251767640e+04
3.320651539022254292e+04
1.307674986546577202e+04
1.271423931360095776e+04
2.435945534493934611e+04
8.634432810517595499e+03
2.327898749544331167e+03
1.092088997223198749e+04
1.207743526002215367e+04
3.894409567700100524e+03
1.448262397060424701e+04
1.688909212867606766e+04
2.878656047288617992e+04
2.616751894570582954e+04
1.604594540362802763e+04
6.326955841259692534e+03
2.776026275501675991e+04
2.001871835777445449e+04
1.778519488609979817e+04
3.457765628605397069e+04
1.852197539996372871e+04
3.342839908726033173e+04
1.567536687888780034e+04
2.833763028860474151e+04
3.650395496690867003e+04
1.522691172844065841e+04
3.355055562176593958e+04
4.446574619113323024e+03
2.087433097145782085e+04
1.553534546361170578e+04
1.316411102729241429e+04
2.480847754978319063e+04
3.362768496207180578e+04
2.942795349246736441e+04
9.873820432579625049e+03
4.270115711600118811e+04
3.806695919548014353e+04
2.746659462063724641e+04
1.143328397772216886e+04
9.466119597292479739e+03
9.870690824339111714e+03
1.094717942938342094e+04
6.498399698138351960e+04
3.584219515260435401e+03
1.809916473968425998e+04
1.443774608089506364e+04
2.823109695313020347e+04
2.630403948547984692e+04
3.775401558132949503e+03
9.449914383656627251e+03
1.886739932835222862e+04
1.418684262014037631e+04
2.311763087886987341e+04
1.140593121746331053e+04
3.503733248056033062e+03
2.165967867063543235e+04
9.087175887809713458e+03
1.401711070200763606e+04
2.709841446528610686e+04
8.413505446532311908e+03
1.111268589219945716e+04
1.814479382971048835e+04
1.539687012952973964e+04
1.057656330828418686e+04
1.769905976949867909e+04
1.494441787476789068e+04
4.057339060351816443e+04
1.432848580489627238e+04
9.675893375025769274e+03
3.733303191874897038e+03
1.793376772215056553e+04
2.818168472980093065e+04
1.652824525795393492e+04
2.188829090231897862e+04
5.761386734397573309e+04
4.649639072529628902e+04
2.773163675284668716e+04
2.839552762486159918e+04
3.365688874610345374e+04
1.138440205070319462e+04
1.303643055906376321e+04
5.799261492174777231e+03
3.617679388290882343e+04
2.136878429431412223e+04
6.427210880130557598e+03
2.231075453001360074e+04
3.666570748633747280e+04
2.867554027762203623e+04
1.615774234766158406e+04
2.658415827209167401e+04
5.013596346976163477e+04
2.238180434080803025e+04
1.949330922617406031e+04
2.471850368631305537e+04
2.264195666242862353e+04
2.976927743303077295e+04
1.958714888897843139e+03
9.689635058959471280e+03
4.869833659194056963e+04
4.817794166536924604e+04
2.607934133661641317e+04
1.964147822368156631e+04
1.333314029664664122e+04
5.862125601704375185e+03
1.930934885011438018e+04
1.128222263068690881e+04
3.250985232204615022e+04
3.056351757777643070e+04
1.466504274736029220e+04
1.725610469273710987e+04
3.841247708850018535e+04
2.364796082800609292e+04
4.206836079568429705e+04
4.599546970020968001e+04
5.201673159634672629e+04
9.555127514891377359e+03
1.795690892638032528e+04
6.454212611105725955e+03
3.469520356180376257e+04
3.231661042508528044e+04
1.918071365282201441e+04
2.042792461394743441e+04
3.278308934575032617e+04
1.738825136896275217e+04
1.971645529491078833e+03
1.748857873095889590e+04
3.845405121857403719e+04
2.481419151657593466e+04
7.301567486021813238e+02
4.195634728822556644e+04
2.186218571503176645e+04
2.073146263686427483e+04
5.340870001653600411e+03
1.834029595072759548e+04
1.929895673821003948e+04
1.060639151682806551e+04
5.430718793161428039e+03
4.320434349253394612e+04
2.066070340338681854e+04
1.256695877865553666e+04
3.008694897595310613e+04
7.844381455410619674e+04
1.114876974313296887e+04
2.689464192228778120e+04
1.974549909515272520e+04
2.547518206470750556e+03
3.592633093451712193e+04
7.365067601287832076e+03
2.027175346601212732e+04
7.313593294287730714e+03
5.554793443556593047e+03
1.933472642678585180e+04
1.388139382532109812e+04
1.520997532200074056e+04
2.566930476040866051e+04
2.182933232002130899e+04
1.654278463668874610e+04
2.024760118060423702e+04
2.380353986032282046e+04
1.626007751500545965e+04
2.122287826623467481e+04
1.385650487055226222e+04
3.696747405743570562e+04
2.223942307139351396e+04
1.708387358456902439e+04
7.390996076282254762e+03
2.855106440441814811e+03
1.077128179754366101e+04
3.455677230526726635e+04
1.415080181270392677e+04
1.742243373544553469e+04
1.355061638615987249e+04
2.092510172404653713e+04
6.258998865318301796e+03
2.753492979922915401e+04
1.156479215720962020e+04
2.674742642683327722e+04
4.364459581484044611e+04
3.038537405643596139e+04
1.723086720864481322e+04
3.442785908831363486e+04
1.195228908268905252e+04
1.804062676538818050e+04
9.619605565805364677e+03
9.982147193128275831e+03
1.732088189932766545e+04
2.553165687160062953e+04
2.185513978304219927e+04
9.813504709669166914e+03
1.687425914062764059e+04
1.691211506316281520e+04
3.097194005348444261e+04
4.098228463643029681e+04
1.731023432429710374e+04
4.118096673352149082e+03
7.319372989213616165e+03
1.339107679774006647e+04
3.765415025061294727e+04
8.430477991190904504e+03
5.325440649299629513e+03
1.823028864174472255e+04
4.468171298735978780e+04
9.152616510741041566e+03
1.538076804830385663e+04
1.738957245113325916e+04
6.824511379656159988e+03
1.265130117091916873e+04
3.948265847220252181e+04
1.388550944837689713e+04
1.814846532937365555e+04
1.385337553156647846e+04
5.167675938708984904e+04
3.772786531689461845e+04
9.733533192445445820e+03
2.194653682731688605e+04
1.918954454227980023e+04
1.590890639165392895e+04
5.841097377643527579e+04
5.478234173552216089e+04
7.642495495662152825e+04
1.628019307288726486e+04
4.176473490060054701e+02
1.374608655369276494e+04
7.105220046236325288e+04
8.564294369625972649e+02
8.349037844427813980e+03
5.900419921303031515e+03
2.267178040342098393e+04
6.355009055982484824e+03
2.155461539004346378e+03
3.334508393191344658e+04
4.919843618523631449e+03
3.613156659452365602e+03
1.097007609044322999e+04
1.382145242662680357e+04
4.069206313573911029e+04
2.742767279920548026e+04
1.468748721690285311e+04
7.764058460422037751e+04
5.740300851639625762e+03
5.026797441468495526e+04
2.875689336200792241e+04
2.453867041340646392e+04
4.512351790982797684e+04
2.268095426316908561e+04
1.649936251669943886e+04
9.472340286848348114e+03
8.151094171107124566e+03
3.829106760935466446e+04
2.816312736280455283e+04
3.167882246336038588e+04
2.686223818088903863e+04
1.892333007326304869e+04
1.043199694488918976e+04
1.500086659018991486e+04
4.827620974951527023e+04
1.973953886577461162e+04
2.436140889814117691e+04
6.354015873556953920e+03
2.183851976448190544e+04
2.805464457459536789e+04
1.349692439829411887e+04
3.150967682586819501e+04
1.019781341386009444e+04
1.028985896775997026e+04
7.085742326024301292e+03
2.470549647926435864e+04
4.005955784194421722e+04
4.244838656798824377e+04
2.173520736985615804e+04
1.297647065286130965e+04
9.150633529930466466e+03
4.891127499402288777e+03
5.030450907543579524e+04
6.614378628005941573e+04
1.009709000605022811e+04
1.597999279305280834e+04
1.014181095982891929e+04
5.222391335947726475e+04
5.448968632968511520e+04
2.461174146251490242e+02
1.640125234903598903e+04
5.556599704026496329e+04
2.867489958482466318e+04
4.103306006653950135e+03
1.234350599653343488e+04
8.961324757062404387e+03
1.064931101656875217e+04
1.495086133185296603e+04
1.849751616354082671e+03
1.211040915594376929e+04
2.520024447897468053e+04
4.538531568092179077e+04
7.247130439700105853e+03
1.250222598836412544e+04
1.722420109754394070e+04
2.541124798288245074e+04
3.257939686183083722e+03
6.697458558905038444e+03
1.350845566469360165e+04
1.588557235996940653e+04
1.741898573077168840e+04
1.367786978718185492e+04
8.850270676852602264e+03
1.775315303931254311e+04
2.678971608202053176e+04
3.771537990041348530e+04
4.690085497644522547e+03
2.334371758402507112e+04
1.982843916546632317e+04
1.657369355400685890e+04
3.076109583512425888e+04
3.313228661507341712e+03
1.010247792714413845e+04
8.715122070844114205e+03
2.962322279824825819e+04
3.184304208634390670e+04
9.294272287952939223e+03
1.646099927666728763e+04
2.583708311466250962e+04
2.038233760337015337e+04
1.859513984730983066e+04
2.627612787516754179e+04
3.800786507502825407e+04
2.913206656374168233e+04
1.127353971813524913e+04
1.188652203547043609e+04
1.184480324645597284e+04
3.607687919513501402e+04
3.601316516307736310e+04
2.482405076483323501e+04
3.816792467937961919e+04
6.811686807098807549e+03
2.542022108070979812e+03
2.956601245864359953e+04
3.854177547991196479e+04
4.111184053775265784e+04
2.182972410407296775e+04
2.869516847454678646e+04
2.926562258427911729e+04
4.012225151534179167e+04
1.220683651158273460e+04
2.215590613910406682e+04
3.051686432584875729e+04
1.644285613808764901e+04
5.045904275128489098e+04
3.914519446403611801e+04
1.673265556904866025e+04
5.798409086649687197e+03
3.128282588920614216e+03
1.924654010877230758e+04
1.979418893083505463e+04
2.147703375483478339e+03
3.561239048721054132e+04
1.741580333515900202e+04
8.655371610473890541e+03
4.196365861629989377e+04
3.422579885038213979e+04
1.261520928972163347e+04
6.981504850653194808e+03
2.838452418719518755e+04
1.294099385635324688e+04
1.013964742077245683e+04
1.325607360213054199e+04
1.078186245997482183e+04
3.073064012565180383e+04
1.535372344561810496e+04
3.491139335734432098e+04
4.377515036077023251e+04
2.086699107397617991e+04
7.347524655044385327e+03
4.408491480365143798e+04
4.717852876115997060e+04
4.853024898404696432e+04
1.906422499954379964e+04
1.056534662804909749e+04
3.222614078323218928e+04
1.002361309198057279e+04
1.049458201056249891e+04
2.093249090080701717e+04
1.584378247022686264e+04
1.466419913618555438e+04
5.611106289231988740e+03
3.046742062877742501e+04
1.555549625302620007e+04
6.563346512765045190e+03
2.734962750794324893e+04
2.393278796209039865e+04
2.494015543998979410e+04
5.007579075999659835e+04
9.969874099334590937e+03
3.290521379098655871e+03
9.305971877195399429e+03
1.092779612628814903e+04
1.999932738047618477e+04
1.923806528903954313e+04
4.564897906460595550e+04
1.486101756189017033e+04
4.933776607998842337e+03
2.752764070232001541e+04
2.786529444067996883e+04
2.607577702540327664e+04
5.209831943816273269e+04
4.824018837113500194e+04
9.211919215504887688e+03
1.535123296466657484e+04
9.992666861003292070e+03
2.415232385930020246e+04
3.379546387492721988e+04
1.069356867557326404e+04
2.900941458496855921e+04
1.501848862064373316e+04
1.529592986201419990e+04
1.674885537988695796e+04
2.909999815925159055e+04
1.764355620983611152e+04
2.376917379883293324e+04
3.362212460491459296e+03
8.805802922872238923e+03
1.560170507610979075e+04
1.579677711504933177e+04
2.782383883964384950e+04
1.015530652725946129e+04
2.854325298269592167e+04
1.359449250856459730e+04
6.659735492308642279e+03
1.361908922033681665e+04
4.363580394586186594e+04
8.801169871252423036e+03
2.231397861750724041e+04
1.726031720256043627e+04
1.965150074048543684e+04
1.911024230992100274e+04
4.149277728744973138e+04
2.655608242803466055e+04
2.607722098572770483e+04
9.477799574556840525e+03
1.701174965163549859e+04
1.238422788040386877e+04
4.353936928616568912e+04
1.999157012239636970e+04
9.108468300090997218e+03
9.338444322656674558e+03
2.382257231128227068e+04
4.377376175070005411e+04
4.434070234101968526e+04
3.580307809420376725e+04
2.239229992663148732e+04
8.372567287727630173e+03
1.308828142740606563e+04
3.538869161845078634e+04
1.672791261031631439e+04
5.259133530495624291e+04
4.332203537143845460e+04
2.040577319027238264e+04
4.243178179871524480e+04
2.009548550796053314e+04
1.314174265460278548e+04
4.584372350560594350e+04
1.378200086950352852e+04
1.204593289866124178e+04
2.638032436421852617e+04
1.158148989745719336e+04
1.137964824472259124e+03
2.260099031835390633e+04
2.535864284344181942e+04
6.991522857247950014e+03
4.136797008668381750e+04
1.829801011559509061e+04
5.350259349170829410e+03
7.676387100889772228e+03
7.308379741125056171e+04
1.082150096744478833e+04
1.261491075124820236e+04
4.146672371724460390e+04
4.993584525612521975e+04
8.190345792624843853e+03
1.234900663525755408e+04
1.524956911249985023e+04
2.354385150618562329e+04
2.792852723345831328e+04
1.393996219197201208e+04
2.681154491993320335e+04
4.101197111015549308e+04
2.382687917841370290e+04
4.022454806477236707e+04
3.247081963587150676e+04
1.339562350489707387e+04
1.557419863712473489e+04
1.520005285203459971e+04
1.250006505356205162e+04
1.979818350040444784e+04
1.331849273972961419e+04
5.362936082485953375e+04
6.623890958759741625e+04
1.400108909798101740e+04
2.635217262551474505e+03
2.796474030496442720e+04
3.209503516771970681e+04
2.519183772717782995e+04
1.960118353801919511e+04
3.581799680328118120e+04
1.196496970964120192e+04
4.194800659290979092e+04
1.291277681021059288e+04
8.539967433679275928e+03
2.328491733417140131e+04
2.338660181608696803e+04
4.042695301783833565e+04
1.595921035387559823e+04
1.624329182241248418e+04
4.653103060496880062e+04
2.671044927081400601e+03
2.566975175867064536e+04
2.534237044317461550e+04
1.302635157359811456e+04
1.418214928451340893e+04
1.162944431772851021e+04
1.688264645877057410e+04
2.696537878930888473e+04
4.087194760043083807e+04
7.210631449108816923e+03
4.588995413983460458e+04
3.727841542102180392e+04
3.629538287035199755e+04
3.592928642732855224e+04
7.235274895617098991e+03
1.221828963706005015e+04
3.914463456977916940e+04
1.796956349498063355e+04
3.663160999001315213e+04
7.038919088080022448e+03
2.352510240469752534e+04
1.849965501549879264e+04
2.265102764116863909e+04
2.078645290926788221e+04
4.003648134344226128e+04
1.194748390227319578e+04
2.982588282159545997e+04
1.842814478880828392e+04
7.187759647641830270e+03
3.015967916931382933e+04
1.223710925128163763e+04
2.483798882379622228e+04
5.619639649165334413e+04
1.458393155318357458e+03
3.835743131865024770e+04
1.005785005465961149e+04
7.481404816347799169e+03
2.332805648417872726e+04
1.232471834104577647e+04
2.156938860882676818e+04
9.870953517993366404e+03
1.332625318197061642e+04
1.839894383720602855e+04
1.297209735594881204e+04
2.399322376374984742e+04
9.522306820646623237e+03
1.582654802398480388e+04
1.554993939768724158e+04
4.294342067873805354e+04
1.419980488004150720e+04
2.173454606424471422e+04
1.201603728021377538e+04
3.724632145064787619e+04
6.932716280026883760e+04
2.812033818305176464e+04
6.715025198267667292e+03
1.049389227217146799e+04
2.427161759850496310e+04
2.478430314502912370e+04
8.533160893725937058e+03
2.101565431945673845e+04
1.439957765846365146e+04
3.890863550678174943e+04
1.278913043300450954e+04
6.903237445939989811e+03
3.300584179988163669e+04
4.864868923411938340e+03
1.612170676269054820e+04
5.170630473035592877e+04
1.351218588065036420e+04
1.583741209856794012e+04
2.042643736704691764e+04
1.940822523704767082e+04
5.807841907665417239e+04
5.879922383080056170e+04
2.944361671154970099e+04
1.331065550245837949e+04
3.180717580782088771e+04
1.216308187175869898e+04
7.098804680212817402e+03
3.051039375031494274e+04
1.951076651360184042e+04
5.163653130169834913e+04
1.007779327884064151e+04
2.643537269513534193e+04
2.697455867640654105e+04
9.265374315964958441e+03
1.449723404195531475e+04
1.291968575270050860e+04
2.384028000916770179e+04
5.463975330821486750e+03
8.801807922542280721e+03
5.055440929340776347e+04
2.091025007654422370e+04
4.703039630903585930e+03
1.338211805794631618e+04
2.995316463695422135e+04
5.889048469077817572e+03
5.328659412012354551e+03
1.568901274463610571e+04
3.194401896727241183e+04
1.229488176531544923e+04
1.874623080307730561e+04
2.283064160036616158e+04
2.664688205805898542e+04
7.179844436841645802e+04
1.102980791880292600e+04
1.413847620770196227e+04
6.656308121112549270e+04
4.538216181241771119e+04
3.327353548889161175e+04
2.650753127823467730e+04
8.988071725951223925e+03
2.647508700611025779e+04
8.958961399622792669e+03
1.636062187402262225e+03
1.330417275254987908e+04
1.496226114926762966e+04
1.527920808188712908e+04
1.521300722171046436e+04
2.572241573199474078e+04
3.976068297010086098e+04
1.872917153914861410e+04
2.751728828438523487e+04
5.735540239462273348e+03
3.483484962953052309e+04
1.154108791625499180e+04
2.733011503743851063e+04
3.038489366600813446e+04
3.564471720888958771e+03
-1.686177954354793656e+03
8.495936724390572635e+03
2.139756037062326868e+03
1.828679883156175129e+04
3.259828899595274561e+04
1.671180166174012629e+04
1.018664400646551985e+04
1.712897597299519111e+04
3.248056347159461075e+04
1.989662574920002226e+04
1.001209308581775986e+04
1.817186953983129933e+04
1.532549815711268820e+04
2.604857947231863000e+04
2.562450874887116152e+04
8.189582916828394445e+03
1.986524795956145317e+04
2.732603615359906325e+04
9.260414668548675763e+03
1.998528721479875821e+04
9.712908833586032415e+03
1.631489930640463626e+03
1.626509557895963371e+04
1.676354600768982709e+04
3.411886276273147087e+04
2.463441757460911685e+04
2.457126404563176766e+04
1.978202587882056832e+04
1.736593618649034397e+04
2.489562143300133175e+04
3.247321253486939895e+04
4.923147270436256076e+04
1.198691159317156962e+04
3.754279897795401484e+04
1.450929319597774338e+04
8.636931967926069774e+03
2.796087320160934905e+04
1.767346253534103880e+03
2.858967959365412753e+04
7.835668290444718878e+03
6.211044133200419310e+03
1.243446087079151403e+04
2.016634098844067921e+04
2.478915471746028925e+04
6.649121631067588169e+03
5.027413066803774564e+04
1.410826087604950590e+04
4.151615220633709396e+04
3.585744694389179494e+04
1.665165726393762816e+04
1.750798878418485037e+04
3.308296015134998015e+03
1.502534448490225441e+04
2.366521659537981395e+04
5.842474909102842503e+04
3.047341394299517924e+04
2.730971739839608927e+04
2.888606938969201110e+03
1.316678999498811208e+04
5.166189547323278930e+03
1.580393221965364864e+04
4.596849132372295571e+04
1.574946827133621082e+04
5.180182793074732035e+04
1.790028174936211872e+04
1.614981860573338236e+04
1.531290939926433748e+04
1.194146309110743641e+04
4.067984010443386069e+03
7.713346461163904678e+03
3.267297815017249377e+04
1.654109995293665634e+04
5.013904034918834441e+03
6.666312092364339151e+03
1.187565913028310388e+04
1.367849803872164557e+04
1.199221615030847261e+03
2.324743943084956481e+04
9.639685203515451576e+03
1.990378172373596317e+04
2.143637335809872457e+04
4.135380718023669760e+04
5.424676813208618114e+04
2.011318141958313208e+04
3.939906755579508626e+03
6.413456169761747333e+03
2.185753178886014575e+04
2.791593978496652562e+04
1.955829434054475496e+04
1.167585223004651743e+04
2.274917962060531136e+04
1.955831567728727532e+04
9.830689843593734622e+03
2.612233426490393686e+04
3.266709156727764275e+04
5.587703974346856739e+03
1.009744357103724178e+04
2.134494287344599434e+04
1.105201953062339635e+04
1.047419415061390464e+04
1.001739335724995472e+05
2.905406219006302854e+04
8.662751742350345012e+03
1.078054874023910270e+04
8.405301432277341519e+03
2.096841520777938786e+04
-4.479716388570606114e+02
1.262797278707230726e+04
2.264577806247701301e+04
6.008094003982520007e+03
4.176593768437834660e+04
6.137908272512204348e+03
7.714785046272717409e+03
1.765203422810249322e+04
2.132621324568779892e+04
2.474362952721968759e+04
1.869622111240533195e+04
2.519607476331983344e+04
1.352513846492159064e+04
1.618315488895022645e+04
3.306973363978519046e+04
1.935784605075891886e+04
3.079914787224341126e+04
1.677647283082872309e+04
3.688729127785294259e+04
2.406402995293504864e+04
2.316617997164497137e+04
1.263104937219474232e+04
8.237589447212783853e+03
1.972517845144709281e+04
4.270190593982113205e+04
4.414373426049066620e+04
4.111750023578519176e+04
9.443524227777188571e+03
6.146828804481001134e+04
3.295523558377773588e+04
3.572258348319718789e+04
7.350115623739333159e+02
6.595187941416785179e+04
2.733054894413331567e+04
1.281636943396037896e+04
2.148660625694447663e+04
3.602932014036730834e+04
6.655231667491762892e+03
3.398007038133249443e+04
5.857875238482091845e+03
2.315614878051641062e+04
1.034725235161044839e+04
2.835865581024903076e+04
1.169349630262256505e+04
2.999171928725964972e+04
3.814414610540859576e+04
5.284231205667516042e+04
-9.325773909908519954e+02
5.093765483310703530e+03
1.716322067996202168e+04
1.438237527485707142e+04
2.843643992451855229e+04
1.025508511413401357e+04
1.793169312482304667e+04
1.821258820235051098e+04
1.603865182961620303e+04
1.028467775650670410e+04
7.113180648430373367e+03
4.263631093045251328e+04
2.045908789362644893e+04
4.810064937789001851e+04
3.010313121723373843e+04
1.732683933056954629e+04
9.671100744226921961e+03
3.503994474825418729e+04
8.938002236203887151e+03
1.661388557975376170e+04
2.416892407244324932e+04
5.933110430475541762e+03
9.066933790246284843e+03
1.403743549346665168e+04
5.865928739937063074e+04
2.391953204018840916e+04
3.345547209167107940e+04
1.738362602022706778e+04
1.773916536706013721e+04
4.625248994185963966e+03
2.074325771682866980e+04
2.746085697662683378e+04
3.668719238001977646e+04
1.238906911335921905e+04
2.914117298649115037e+04
1.769242266482353079e+04
2.115300129558386834e+04
1.381086266854539099e+04
2.607147144864789516e+04
9.565205550331824270e+03
2.097433875738542702e+04
1.661611078986618668e+04
8.466728264533761831e+03
2.718220175999910134e+04
2.413549218503944576e+04
3.468500078847440363e+03
6.326082159595310804e+04
3.755280929647914309e+04
9.035525170892613460e+03
8.337456129629417774e+03
2.638078361927325750e+04
2.921171391461663006e+04
8.991213707487575448e+03
2.345980550480103375e+03
4.776182162192098986e+03
3.209397755846743166e+04
4.250155617014211020e+04
2.425972520177278784e+04
2.449483284278286192e+03
1.987711164130617908e+04
6.482461543508744398e+03
2.341994072358533595e+04
3.744557047109708947e+04
1.546963518501908402e+04
1.812426874960823625e+04
1.326305897874427683e+04
2.974493360385496635e+04
9.032305589814201085e+03
1.107616773006305630e+04
2.386601902406428781e+04
2.502365353537647752e+04
5.104688852103774843e+04
2.903801879272038059e+04
2.149270959738605961e+04
5.265940400127712564e+03
1.945866463326638404e+04
1.325538569485181870e+04
1.774415063641661254e+04
1.391420055996379961e+04
1.220348173669596144e+04
1.927893105519835444e+04
2.861964555788912548e+04
4.115922469545227068e+04
2.581364893255143761e+04
1.280629432104288935e+04
2.772391373086573731e+04
4.125471189627518470e+04
1.050541374600416748e+04
1.508601239012806218e+04
2.029978612097444784e+04
4.170489531018357957e+04
2.536312182928534639e+03
3.215939441280055689e+03
2.340831690396792692e+04
3.236514471381192561e+04
1.701585329255340912e+04
3.953806739813452441e+04
8.686260212943227089e+03
5.389548240865712614e+03
1.154308207344036782e+04
1.266616558047932813e+04
1.460189337474271451e+04
8.452748400370324816e+03
1.347342290005878021e+04
2.505707383634294820e+04
1.049198530478193607e+04
3.244020148786161008e+04
2.822385566484941228e+04
1.187226209222746184e+04
2.608531377927167705e+04
9.994705798351242265e+03
1.082048179344971140e+04
2.344441511612691102e+04
5.522725654231819135e+03
2.491855813172196940e+04
2.073960089625800174e+04
2.623337071236583870e+04
8.149689391705318485e+03
3.947545169972389704e+04
1.887711142937823024e+04
1.790389072467411097e+04
1.245701602066199848e+04
5.112701275468798121e+04
4.148986722517840462e+03
1.140599832455957221e+04
2.178981600550262374e+04
2.771531874118211636e+04
4.522260697639564751e+04
1.124770200748857860e+04
2.571641825652317948e+03
2.141241186880336681e+04
1.478734628904482452e+04
2.578852901556002325e+04
2.231347423795848226e+04
9.263664983393686271e+03
1.089744088814847782e+04
1.214094556799504790e+04
3.429638293212688586e+04
4.028088181622623233e+04
1.540596905064120801e+04
1.402595733281876164e+04
7.042127524183849164e+04
1.709357497542646524e+04
6.588448597039795459e+03
1.247857396595345199e+04
2.730994630928796687e+04
1.436629823170038799e+04
9.166990643934834225e+03
1.657679437218972453e+04
5.672212421276532950e+03
3.167258118890462356e+04
2.454655783511274421e+04
1.988285102641319827e+04
2.272850193586507521e+04
2.263297757991818798e+04
1.065679784861564440e+04
2.666768458398455550e+04
2.353790734286922452e+04
1.466219129444890314e+04
1.435275715485562796e+04
1.109977776340291166e+04
1.049810734934401262e+04
5.159182741787369014e+04
2.576454689607963883e+04
3.153053144277588217e+04
1.885787438648712123e+04
2.744979778944736972e+04
1.766726584225089027e+04
1.226015667004382522e+04
2.327142293255604818e+04
1.554095327400342831e+04
1.718962861363358388e+04
4.203412749317136331e+04
1.450348342567965301e+04
1.604814239667681977e+04
4.323611273783203069e+04
1.825765483649647649e+04
3.429368729097316827e+04
1.296255720920273598e+04
3.899629668552106887e+04
2.923536858436807961e+04
1.640189198684250005e+04
2.861400237048229246e+04
1.493660528333420370e+04
6.972419717135889186e+03
4.845774739193161622e+03
1.898121173749213631e+04
5.189763980002709286e+04
2.906729363182481757e+04
1.048643691891490562e+04
8.914400480631775281e+03
1.203636098855673299e+04
3.097451514315361055e+04
1.935468961964829941e+04
1.951781734537755256e+04
3.450089717629887673e+03
5.705085566173178449e+03
4.100129008609819721e+04
2.901468750098964301e+04
1.053912809437134420e+05
2.819454381427545013e+04
6.444448299226995005e+03
6.837617514454412230e+03
1.595955932857884909e+04
6.232325360686544627e+03
4.748487356850597280e+03
8.277500543611695321e+03
1.155503255057696697e+04
1.360268845226609847e+04
2.706083199024657370e+04
4.463147930328299117e+04
9.177495874261532663e+03
8.743990795707624784e+03
1.484756882473182304e+04
1.945806776753825397e+04
2.809125729873425735e+04
1.503287455788969964e+04
7.954696121709406725e+03
7.520546229317575126e+03
2.064655402335201870e+04
3.133304657527276140e+04
2.725423693835473023e+04
5.370564757439594541e+04
1.612002038097771219e+04
2.655688527602973045e+04
1.478134134087496932e+04
3.080897450249378744e+04
2.516717680626398942e+04
1.436019771348557333e+04
-5.810596683546382337e+02
8.236044162751803015e+03
3.980685229856635124e+04
1.124060155285775909e+04
-1.660314870811098444e+02
3.957075276281234255e+04
1.773199267511303105e+03
1.498406998510738777e+04
1.524486100813795565e+04
2.364776614395374418e+04
3.418039502112672199e+04
1.577495119244974194e+04
3.407121387604759366e+04
1.688198865860045771e+04
4.327453742049535504e+04
2.932363844650572355e+04
2.996974384814850782e+04
3.578687487311020232e+04
2.335185375852051948e+04
9.129589236551508293e+03
1.830620991441821388e+04
-1.369062146127910182e+03
3.828714103939232882e+04
3.030538741303075221e+04
3.599909581393896224e+04
3.552822894358586927e+04
3.928402686804349651e+04
6.168947844434206672e+03
4.381513084900521790e+03
1.200849927159354411e+04
8.603089087869942887e+03
2.099015938185530831e+04
2.396558319268987907e+04
6.746127378290615525e+03
2.686056175580000490e+04
1.862469632397303576e+04
1.890684370565392237e+04
1.483010460733117907e+04
3.224425620187146706e+04
1.712059925034611661e+04
1.728363549940974917e+04
3.914164795794531983e+03
9.529924527461302205e+03
1.448760424777924163e+04
4.438049247011217813e+04
1.536124613186468196e+04
2.732618894206750338e+04
1.840535800679260137e+04
2.824327555164893784e+04
9.068200746651471491e+03
1.830772787086137760e+04
2.868519383530581399e+04
6.738566777889349396e+03
2.369147766322530515e+04
1.505988301051202143e+04
2.147149571453970202e+04
3.780107521908503986e+04
6.506759692178526893e+04
1.671156066919458681e+04
1.487483755553561423e+04
1.474962777842053401e+04
5.491432251917824942e+03
8.534503394110908630e+03
2.378787155819666077e+04
5.045042699483104661e+04
2.899406532758717731e+04
2.564657744071559864e+04
2.282750344636263981e+04
1.899135702912596025e+04
5.048463455243771023e+03
8.486936570134223439e+04
3.941787936301567242e+04
1.172817887783021979e+04
1.201760782328409005e+04
1.908654423476400916e+04
5.516258125935764110e+04
3.919566540941180574e+04
1.689828218518409267e+04
1.698022598383908917e+04
2.500866963666949596e+04
5.354163968492337153e+04
4.156740600277502381e+04
4.362180617135322245e+04
1.030066466514115018e+04
1.146625766465469678e+04
2.359696804806588261e+04
2.472141610258539004e+04
4.268382589420040313e+04
1.806396938118187973e+04
2.707848773370492563e+04
2.216187195567346862e+04
2.417279606300617161e+04
1.794187421857428853e+04
2.547317322087752837e+04
2.989002274464671791e+04
1.764761694562264529e+04
8.809193620817517512e+03
2.452532526332749330e+04
3.506379139753976233e+03
4.397603326900381217e+04
2.200560166568617205e+04
4.084779149770914046e+03
2.296009639920999325e+04
1.363273058649682207e+04
6.341930977015194367e+04
3.615642726952960402e+03
1.868775756459163313e+04
9.545142808344935474e+04
1.915476059936976299e+03
6.171433805410611967e+03
9.883620391533315342e+03
3.934483332949473152e+03
3.947995247701078915e+04
3.157356030288293550e+04
1.240580846411681341e+04
3.673047394495052868e+04
2.566924585393477901e+04
1.349194045978016584e+04
3.614099836613129446e+04
4.154944631222198950e+04
2.808550172714089422e+04
1.575536106461602321e+04
1.535576633572408900e+04
1.452657113473468416e+04
8.410586597819057715e+03
1.140029898822811447e+04
1.824878948863565529e+04
1.442320404987730763e+04
3.854735754056715450e+03
1.871780253272994378e+04
3.365020063540904812e+04
2.849767320932353323e+04
2.058025524570505877e+04
3.905248755835225893e+04
1.827563745255648246e+04
2.413896249859617456e+04
2.117194697255680148e+04
7.120448612539114947e+03
2.353835863200490712e+04
-7.864404523221612635e+02
3.078294360714171489e+03
2.019224016299971026e+03
1.665178275155107258e+04
7.960513093962120183e+04
2.787438826333033285e+04
2.861476602494367398e+04
1.504199887467022563e+04
4.585490505483446759e+04
6.909959850198183267e+04
2.080566656628152123e+04
6.607590780942286074e+04
1.164025465335692388e+04
1.502182142338724952e+04
3.643326540299267799e+04
3.693279210767817858e+04
1.850244871139515453e+04
2.292305330156459240e+04
1.850094923333561019e+04
4.197695526161387534e+04
1.041097655302771636e+04
1.563564664677221663e+04
1.745635838313450949e+04
7.297012904059523862e+03
3.826487436083063949e+04
1.911985040939292594e+04
2.217341328800695919e+04
4.332984747568349121e+04
2.477817789762626853e+04
2.020229465620904011e+04
1.573912121870263945e+04
3.275077752028781470e+04
7.931282272280004690e+04
2.878704761226459959e+04
1.333379273963444757e+04
2.497384730948787183e+04
1.764207020887507042e+03
3.079309528570339899e+04
1.567315423084000213e+04
1.875106613345997903e+04
2.508370081858738195e+04
2.409483271821333619e+04
2.288680965554583236e+04
1.078008108488834660e+04
5.891492614620084350e+04
3.204509651111060521e+04
1.239960935713229810e+04
4.063619126946712640e+04
1.369731629476702619e+04
2.672793511880122605e+04
1.168971012099050313e+04
1.313218803736575501e+04
8.487389775024117625e+03
9.133673869889185880e+03
1.599066479416088805e+04
1.787960455530254694e+04
1.612279924343277526e+04
5.696882259095328482e+04
3.891420039784189157e+03
2.787118071580766991e+04
6.624434821309025210e+03
5.465269485110457026e+03
4.957937089029703930e+04
1.643023923354111730e+03
1.286013974448960471e+04
2.718201625016315666e+04
2.735700409450138250e+04
2.684436686818199814e+04
2.213662277429991445e+04
4.355244568649695429e+04
1.608603937349205626e+04
2.181171875787973840e+04
3.658703052494925214e+04
2.149819016981510867e+04
2.706213753531566181e+04
1.337662251023346653e+04
4.186927744146954501e+04
1.527511675713499244e+04
2.767310054361073708e+04
1.663415671637702189e+03
1.001643538201569754e+04
2.371290639526302766e+04
4.774310335108498111e+04
3.235764032592548756e+04
2.683519919252170075e+04
1.421857023460405981e+04
9.700841733382085295e+03
7.615525199062915817e+03
1.642467830135347685e+04
1.023474507630084736e+04
7.597132402322298731e+04
4.083237516619170492e+03
1.150259311368356612e+04
1.106806403328621491e+04
2.371402496669622633e+04
3.781617291240905615e+04
3.182073953524388344e+04
1.118272177581526739e+04
2.321432885388986324e+04
3.632882031943060429e+04
-5.100629621623031653e+02
3.567510916205696958e+03
3.967501602905603067e+04
3.242045247365103569e+04
6.096035254027743576e+03
7.709715340362370625e+03
1.159402381790741310e+04
1.001939349026128912e+04
2.749600792357218234e+04
1.065175212390644992e+04
1.087561500333537515e+04
2.051715388497435924e+04
7.158211587172820873e+04
2.688682879438380951e+03
3.346679073579065152e+04
4.063095346397471440e+04
1.109379860112149072e+04
2.034700738905948674e+04
7.346838435858411685e+03
1.736382719753593847e+04
1.536643136237209183e+04
1.540540480873604793e+04
8.176060172186458658e+03
1.937851068125114398e+04
2.552849403954156878e+04
2.869603885806703329e+04
2.496081358848424134e+04
1.047394217962300536e+04
6.983446186916781880e+04
4.238997828236086934e+04
5.003327058194491656e+03
1.636348998020724503e+04
1.841279363791513606e+04
4.497823999167138027e+03
3.286629255224324879e+04
5.325742339349754911e+04
7.393519407653844610e+03
3.150075421388793984e+04
2.204404694124013258e+04
2.926680725345098472e+04
1.740804735971407354e+04
1.013538441508352116e+04
1.588229800883451571e+04
3.219265880793421820e+04
7.092323415818983449e+03
2.706622396390149515e+04
2.462384363551369461e+04
9.129824602812383091e+03
7.418959660054174492e+03
3.459958455499118281e+04
3.934582300147271599e+04
1.755493304149770120e+04
2.888754921704928711e+04
1.972246609227478984e+04
2.602156341366175911e+04
6.669021501131446712e+03
3.430748521782695207e+03
4.225672380279734352e+04
1.219715971860486570e+04
2.633284219731820485e+04
1.150198941945383740e+04
2.145814570772898878e+04
2.678475266392382764e+04
3.645377517528213502e+04
1.008478527805042540e+04
2.409616723217356048e+04
2.126942212008540810e+04
1.450276482151238633e+04
1.552643621253414494e+04
3.840067990191590070e+04
4.947644779093492252e+04
2.550804396868881304e+04
1.049770147875898328e+04
2.554334331059314718e+04
2.174102252362184663e+04
7.391606038258963054e+03
2.198494825677655172e+04
2.373923160272916721e+04
6.495966604035926139e+03
4.422357444152416974e+03
8.274261903296677701e+03
1.528833503218750411e+04
2.909714607695509403e+04
2.226064080103634478e+04
3.995764656172743707e+04
2.846119304875010857e+04
8.071031583402609613e+03
4.375128758643284527e+04
8.874507287485500910e+02
2.214638689387580962e+04
1.080366976004655407e+04
2.343721823657729328e+04
9.662200596797261824e+03
3.159853318889397997e+03
3.399836484078431386e+04
1.436298771705037689e+04
6.296512758959519488e+03
1.113147354972805806e+04
1.692040109263496197e+04
1.880736745930041070e+04
2.566832517161804208e+04
3.032104113736104046e+04
3.641840448136813939e+04
2.150904556696745567e+04
1.604400474607916840e+04
1.466555187453320650e+04
2.188793729831413657e+04
2.252304342596378410e+04
2.124435986813956697e+04
1.549506358392143375e+04
1.220956761779179396e+04
1.747062610436385148e+04
1.946613723337259580e+04
1.448793561518721981e+04
2.242975155194209219e+04
2.004349332165799206e+04
8.336886070182081312e+03
2.480665668696149805e+04
4.463405854864497087e+04
2.971446580644565529e+03
7.284817182847218646e+04
2.336120073890672938e+04
3.362717422684632766e+04
6.152128791058155912e+03
2.370296768714861537e+04
3.203077178646779794e+04
3.021920923097628474e+03
1.401104345469982036e+04
1.717149622977484978e+04
1.429750745904736868e+04
9.817648329973188083e+03
7.325256045564650776e+03
2.001934015106259903e+04
2.147706632992952291e+04
8.499633800435549347e+03
2.894759397543417435e+04
4.855507736763288267e+04
1.593602182760577671e+04
2.839637943333904695e+04
1.333504287737656341e+04
2.340496940030358019e+04
2.878727638873638716e+04
4.003619234692978353e+04
3.566909213491009723e+04
6.480012154856056441e+03
9.149121963050343766e+03
5.675754753591003464e+03
1.046048980003391807e+04
8.487822574023037305e+03
1.552810023456212730e+04
2.862766031273446788e+04
2.830702195989143729e+04
8.946528104619867008e+03
2.232807035913781147e+04
1.604191559503813187e+04
1.183377962229260447e+04
9.565173923572818239e+03
4.685311802327884652e+04
3.967247131899130181e+04
1.538736109239028883e+04
1.646256917325413815e+04
3.999456894255667066e+03
1.312923507362629789e+04
1.981507100745131174e+04
7.571943895042581062e+03
1.975173030535410362e+04
6.408981717286182175e+03
1.414776402338251319e+04
1.634546007904472754e+04
2.461309711052771490e+03
1.218106421847623824e+04
2.945139457810722888e+04
2.780841996922877297e+04
2.037111792573052298e+04
1.526405369414658890e+04
3.620477893463951477e+04
2.360665243773754264e+04
6.058965772692357859e+03
2.659953024362397991e+04
6.965842801519027853e+04
1.317129692063209222e+04
4.916123056285853090e+04
1.888209704954405970e+04
4.746442245198725686e+03
7.056995455302252594e+03
8.479050710981373413e+03
5.756132924373740025e+03
9.675649288643546242e+03
3.247165959924274284e+04
3.753550686480040167e+04
1.350084380977475666e+04
3.332861007811652962e+04
2.392982165686529333e+04
1.695328197136415838e+04
3.918054960236579973e+03
3.593244714041512634e+04
1.558190869349185959e+04
3.238345066535416117e+04
4.951262651920731150e+04
-1.132190082981469459e+02
2.909258694729232229e+04
1.074626557931992829e+04
2.161121694660407957e+04
8.577547160459736187e+04
8.535990529885342767e+03
2.909054854926671032e+04
5.317363627415117662e+03
2.947659610287697069e+04
1.951971341559138091e+04
1.389951681350719082e+04
1.193949602484579191e+04
2.845419047539100939e+04
3.514930556734705897e+04
1.864637072548987999e+04
1.530178137943519323e+04
2.238697815216102754e+04
1.570844162701598907e+04
1.633856936038544700e+04
2.836046877090102134e+04
3.811425749731058750e+04
2.479860623792759725e+04
2.373799153637517884e+04
2.746869742609191690e+03
1.567395313011005055e+04
1.916005362461331242e+04
3.143048336616347660e+04
2.020342768028280034e+03
2.433807832774500275e+04
