9.294383799457218265e+05
1.040504694719556719e+06
1.144475502898221370e+06
9.766808517273130128e+05
1.151895231851661112e+06
1.126983040820245631e+06
1.065878172851151554e+06
1.091806419596986845e+06
1.031061290379994200e+06
1.202699896381809376e+06
1.204460809660927393e+06
1.130355703823507531e+06
1.100970850609351881e+06
9.618942727157255867e+05
9.439569045751886442e+05
1.187266438108460279e+06
1.030086346793959849e+06
1.070235840001280187e+06
9.967928041452688631e+05
1.045863573978153523e+06
1.083450961702059954e+06
1.070124337704369798e+06
1.293600452774355887e+06
1.205541716456301045e+06
1.172104184673822019e+06
1.027516512016925961e+06
1.146759961024258519e+06
9.990824695170812774e+05
9.360599653006292647e+05
1.135493354797130683e+06
