8.943481643197967060e+03
1.097963857539806850e+04
7.362980224861370516e+03
9.446411310350094936e+03
1.212735126423413749e+04
1.563271604203872812e+04
8.683152868654111444e+03
1.146082863778204228e+04
7.314926415088167232e+03
9.931745570419161595e+03
6.862583018219232144e+03
9.664058555941208397e+03
9.236414009667780192e+03
1.350651784430491716e+04
1.596945544236648493e+04
1.280644823313063898e+04
1.409869020963724506e+04
7.997423072453852001e+03
9.428251050106462571e+03
8.809847172723388212e+03
1.240119544903717178e+04
1.341355481571780911e+04
7.803743961919931280e+03
9.115938500304282570e+03
9.890424089677664597e+03
8.173061635024551833e+03
1.117155617802596316e+04
1.400626108610024312e+04
6.924527102069243483e+03
1.199735242803018809e+04
