-5.647999999999999545e+02
5.348666210580900042e+02
7.232962511934557369e+03
2.016914552863936478e+03
4.868198332908199518e+03
5.658262137482279286e+03
5.251672500679585937e+03
5.397126378212215059e+03
7.144658508356061247e+03
7.097823390958255914e+03
1.964091685329401298e+04
1.256511474508724677e+04
2.830460433207033020e+03
3.632920923897489411e+04
2.463981441252712830e+04
1.795268362306449853e+04
1.343799509315584692e+04
2.140656291146907097e+04
3.223151830621574481e+04
2.670746776639404061e+02
5.076905945804503972e+03
1.303815420425858247e+04
1.450782847978252175e+04
3.707152930493148597e+04
7.506871297815883736e+03
1.488677784976536714e+04
5.071118647238179256e+04
5.623045379094132841e+03
3.499703277861483366e+04
4.431799872735988174e+03
5.998121467392649720e+03
1.743280697725521168e+04
2.096391630751085813e+03
2.124977742822245546e+03
1.265693735343259505e+04
2.607342653150422848e+04
1.786261491042951093e+04
7.225749021605950475e+03
2.567910048877245208e+04
1.559320363705954696e+04
3.634849704604593171e+03
5.828303987004369992e+04
3.446506117009131412e+04
1.469320347988275535e+04
6.462130599037172942e+03
1.849718639823953345e+04
3.148311390357584514e+03
5.268643753065291094e+03
1.078237439491805708e+04
1.155958328648318638e+04
1.405235315358297885e+04
1.111428752038881066e+04
2.809087368385263471e+04
4.219657285753045289e+04
1.817266854964337108e+04
7.721875062437660745e+03
1.017241996337586170e+04
1.719118541503211236e+04
9.824761487989864690e+03
1.954026358732549124e+04
1.831819468296932610e+04
1.621576807600826942e+04
1.143650119368296146e+04
1.242789966555821047e+04
3.612291517094990559e+04
9.893372488457827785e+03
3.261778204647168241e+04
4.471037316541403925e+03
1.406760326731635723e+04
7.168761889492065166e+03
1.875368733064023399e+04
3.437267257822694955e+04
4.033066676356143944e+03
2.971161331165193587e+03
3.297339974880968657e+04
1.960641503537930839e+04
3.159993973220191037e+03
1.513215547268048977e+04
5.081652925713433069e+04
1.911161581156821194e+04
1.658297599488827109e+04
1.199384585517554297e+04
1.258229138246629918e+04
1.267340169014093954e+04
1.585687197081050545e+04
1.746429768182015323e+04
6.876955438615546882e+03
1.677083015823646929e+04
3.296119956352685676e+03
4.433289588736703081e+03
5.561976293626067672e+03
8.427695253214630065e+04
1.804455085547323324e+04
3.522464291180380678e+04
1.404153307308979129e+04
3.736301526215931517e+03
1.738143387220107616e+04
8.573651040590135381e+03
1.284576321420341264e+04
4.514402821775008306e+03
3.190486003301114397e+04
1.130034708028849127e+04
1.809246174713359142e+04
1.187128712560692475e+04
1.179881743861796349e+04
1.367169833363315593e+04
3.142846602503135728e+04
3.718294598588793451e+04
1.528022905818924119e+04
2.360532067667245428e+04
3.927438844541440631e+03
7.487159087353150426e+03
3.612812140454108885e+03
1.248636622709795301e+04
3.057146248167486920e+04
5.189026215768857583e+03
1.650987615370667845e+04
1.429675424408577237e+04
2.334462907080476361e+04
2.023221921177741751e+04
4.344555630960519011e+03
9.206102439384007084e+03
1.645495067011427091e+04
3.085213730452238451e+04
8.666268474399957995e+03
3.219690914986404459e+04
8.100647581217388506e+03
1.376664281071787809e+04
1.683584964911621137e+04
1.825553634243288980e+04
1.147479774796621859e+04
1.655447713012868917e+04
3.361542861487140726e+03
1.330062496408365405e+04
3.793220994679231080e+04
2.737496983809309768e+03
1.633997619809887328e+04
1.183518851843508401e+03
2.673914936942146960e+04
5.987547827639139723e+04
3.110600870967146329e+04
1.137703821128621348e+04
2.351104167677367150e+04
1.446216151704867480e+04
1.073053384785038907e+04
1.863272861894478046e+04
2.049801289084109885e+04
2.405854429604606048e+04
6.825844603184926200e+03
2.687133179090395060e+04
1.402909850128573817e+04
3.001138309558852052e+04
1.234801699240030939e+04
9.140326606619766608e+03
5.714912233951108647e+03
2.472551477131135834e+04
3.217889939426464116e+04
5.495344127899682462e+03
1.412032838169852221e+04
4.144176180019390449e+04
1.604705683295175913e+04
3.880152535810721747e+04
1.254546995313932530e+04
3.052196486984413787e+04
1.681113373851325741e+04
-2.987612450327958413e+01
7.744027793666322395e+03
5.669068500523318653e+04
5.175763827751400640e+03
1.053892159659375830e+04
2.467458633430146438e+04
5.335454161114937051e+03
5.427526510064000831e+03
7.389184590230556751e+03
7.995542224288533362e+03
3.357668634802605084e+04
7.630217484452434292e+03
1.271399813206580984e+04
4.545470465035106463e+04
3.143499191129212704e+04
1.937117478257369294e+04
1.145745579065580750e+04
7.506476063945949136e+03
1.463926439393874716e+04
2.878094291622269157e+04
2.129293067691336182e+04
4.211060979153121480e+03
3.624772158373316779e+04
1.725333005010066336e+04
8.377175923818342199e+03
3.998807366299296973e+03
4.388820658729082425e+03
1.654199473698410293e+04
4.398991725293385571e+03
1.322917920605972176e+04
1.189502135038644337e+04
3.670164878125870018e+04
5.651352908494793155e+03
7.055600321035663910e+03
2.093265888109441221e+04
3.990814738064104313e+04
1.627285622602878357e+04
9.267115989661420826e+03
7.754974853485820859e+03
1.091631479433782806e+04
1.969718537673217361e+04
9.436492388914379262e+03
2.049736507125243224e+04
1.096165070611613919e+04
2.195689259236443831e+04
4.712941728538396092e+03
4.014122717985437703e+03
2.326360922529939489e+04
3.089940538893736812e+04
2.858436053446114602e+04
1.821328963018541617e+04
2.755635743122240456e+04
6.155710341487587357e+03
1.719864371984728132e+04
7.664841747359529109e+03
2.333582171938708780e+04
8.817841026177606182e+03
9.612498151653859168e+03
3.572460699450074753e+04
6.196001574168858497e+03
1.826991208571217612e+03
1.360045816970962551e+04
8.348934864389040740e+03
1.235314497012779793e+04
1.235383308743528141e+04
6.801788269899826264e+04
1.073275591824574076e+04
8.035243840921271840e+03
2.626896385330695193e+04
2.245550911441921926e+04
4.724044951993967516e+03
1.006307685765833048e+04
1.750943513239297317e+04
1.693029347338348452e+04
4.589520128609619860e+04
8.997111436957282422e+03
1.204314044076244863e+04
3.942352151826574755e+03
3.120677382016793854e+04
2.540617796680295578e+04
6.735572847372292017e+03
1.594334526114682012e+04
7.601554426136703114e+03
2.439768735738124087e+04
2.255741011339082979e+04
1.468979907057513265e+04
4.729644513602853294e+03
3.450412991188187152e+04
2.767310335002895226e+04
1.885462681018170406e+04
1.114285322121862555e+04
1.827734782822866691e+04
2.081948271629494229e+03
7.787435737277268345e+03
8.634404716977152930e+03
1.467388583004588327e+04
7.668442497792270842e+03
2.118913818751397775e+04
9.114157058145035990e+03
1.956082093728572727e+04
2.065176347214168800e+03
1.600849779058334025e+04
7.359924916264795684e+03
8.881410290504312798e+03
2.108375947518339308e+04
7.505079069884852288e+03
1.880772841011259516e+04
1.116770757166154544e+04
1.874680725528364201e+04
2.220804631314145809e+03
2.117506446582977514e+04
9.854945217800785031e+03
1.035189882593024231e+04
1.540669412042160729e+04
2.028865299261535984e+04
7.612000977342748229e+03
3.593546421107809874e+04
1.031201558606201615e+04
1.243171282518400221e+04
1.329624926021403007e+04
1.160360365790616197e+04
1.302882004061711086e+03
2.696995307290749042e+04
2.348721877954585580e+04
9.899448828961923937e+03
1.420458755783456036e+04
3.414507959862198913e+04
1.396442246447747675e+04
2.000052606446531354e+04
4.893672868876163557e+04
1.657996388694716006e+04
3.344257671959097206e+04
1.079733578524626137e+04
3.394866498865412723e+03
9.263118557820575006e+03
6.483469879464161750e+03
1.753888871640613070e+04
3.759964902438614808e+04
1.510971545130382947e+04
8.500356110737175186e+03
1.580850643750033123e+04
1.451327593671357499e+04
1.255310398365073888e+04
2.860012397338233495e+04
4.291500319360220601e+03
2.103702264596003442e+04
1.321485919617238687e+04
1.645500615487553659e+04
9.355153761051051333e+03
2.030475581749052071e+04
4.633454489821699099e+03
4.043627991625064169e+03
3.747111268809077501e+03
2.655279886934437673e+04
1.105365630673428677e+04
1.556877361897552692e+04
2.255343835242325076e+04
8.421272387987088223e+03
1.351648623763895739e+04
3.217794710092539026e+04
1.210305799995003872e+04
5.928544442608914324e+03
2.822330124852762310e+03
3.646866794861864764e+04
2.636068109010928674e+04
1.110189813424273598e+04
2.053355306868569460e+04
3.546532653067117280e+03
1.185409600614992451e+04
2.805236351936974461e+04
6.898647436181323428e+03
2.862330687431350816e+04
3.694457986349116254e+04
9.324774124023017066e+03
2.589634720827549972e+04
2.885245196946557553e+04
5.585990737205006553e+03
4.566548341736185102e+04
1.068104435688848935e+04
1.463343895251813592e+03
2.286136460685999555e+04
2.244287422065917417e+04
3.538191004389951559e+04
3.411130709773754643e+04
7.205696310135219392e+03
2.240196640559738444e+04
3.221351365512052325e+03
1.474938089228812169e+04
7.931833682467311519e+03
5.622054294527108868e+04
2.046606821499884609e+04
5.091139877133323353e+03
1.401241296703863918e+04
2.662556684726934691e+04
2.614650096484919413e+04
1.894790662472847907e+04
1.662584337685906212e+04
9.494002702493457036e+03
3.351383926992936904e+04
1.649127297735232059e+04
2.484764539509581664e+04
7.872073891202499908e+03
2.054854006433473478e+04
4.737814523915935570e+04
1.721454479980807082e+04
3.760876989841589875e+03
1.988145160847577063e+04
3.524453101889522804e+04
1.162185189268411887e+04
2.042874401426018449e+04
1.244253833171065344e+04
7.577997283631839309e+03
1.046401880655134119e+04
9.854081262618063192e+03
1.101735506878557499e+04
6.483934117300115759e+03
1.596534875571941666e+04
1.836584372921422619e+04
3.196451350125069803e+04
1.616298359964017254e+04
2.083311621161767471e+04
6.834725084124589557e+03
1.058890496914499818e+04
1.181398810599699209e+04
1.276930487700745834e+04
5.152161741038897162e+04
6.745672932357920217e+03
1.033861635166772430e+04
2.348169006170693683e+04
4.305944345188516309e+04
1.041313487353344317e+04
2.798855670814097175e+04
1.389087681287759187e+04
2.013669016398401800e+04
2.177686009463016308e+04
9.669116713245053688e+03
1.916765976751627386e+04
1.429598976452941679e+04
3.013159967976174812e+04
3.714985321664728690e+04
2.123364554960921305e+04
7.268325710778212851e+03
1.010126167683344829e+04
9.566017215005318576e+03
9.571509826390767557e+03
1.490877890794097220e+04
3.581256847692468000e+04
1.499279696479094673e+04
3.404053845252712199e+04
1.916716886106181119e+04
3.266045858000839507e+04
2.528569670622557624e+03
1.525364352485786367e+04
6.350494802886490106e+03
2.807173707713317344e+04
1.891905871450233826e+04
4.981377810388238140e+04
5.308790382640021562e+03
7.362682638797077743e+03
3.374078515743252501e+04
4.006437664143701841e+04
3.271062342479114886e+04
1.195687160473551739e+04
3.260881534162173193e+04
4.675459599070030890e+03
9.109507764815440169e+03
3.808833992190148274e+04
1.744583318899654842e+04
9.726710412360411283e+03
2.537257525323079244e+04
1.022713516628979050e+04
3.470943573378023575e+04
5.581730594573056806e+03
1.095089683186786715e+04
7.921858349773888222e+03
1.387513981563406014e+04
1.066921288694930627e+04
3.031088380611514731e+04
5.747899009052506881e+04
5.825392725276151396e+03
1.670254975507543350e+04
3.381809717231714330e+03
2.661804650198696254e+04
2.989781201776912349e+04
4.237052213090315490e+03
2.892269508989773749e+04
1.418406733910423463e+04
4.864792064329596542e+03
1.086177980511793794e+04
2.087754983373251889e+04
1.203398166135819702e+04
1.778722989211243475e+04
2.702387913076249242e+04
7.724484410395813029e+03
8.197953711326701523e+03
2.658508141482196515e+04
2.509194080126028894e+03
5.585595221333897825e+03
1.325755786384384737e+04
1.258631993538138340e+04
2.138296161925792330e+04
9.842514346424210089e+03
1.139692573971278398e+04
2.123447956548339425e+04
3.528075055367247114e+04
1.524761664996179024e+04
4.145515345292342681e+04
3.459756892213581887e+04
1.157272811741120313e+04
1.794063978749174203e+04
3.163299202523648273e+04
3.860655517189047259e+03
8.770618769249496836e+03
1.500034841826939373e+04
1.448917768423002599e+03
1.165087421502677171e+04
2.033551353061943519e+04
3.726237594086699391e+04
1.123691035728423776e+04
2.189668499929134487e+04
2.225843582129292918e+04
3.026529446790860675e+04
7.812625808127031632e+03
5.511902887271024156e+03
3.105582979248743140e+04
3.832154726003364340e+04
1.474490317330985135e+03
5.386176538006901683e+04
7.229162553640462284e+04
2.826194085769015510e+04
3.388654935964338074e+04
1.212421511989924329e+04
1.089633582625243434e+04
1.126568329903906852e+04
1.965958845342329732e+04
6.321444734320706630e+03
5.975293374075727479e+04
8.090751347347767478e+03
1.231447177929022109e+04
1.688017810344404279e+04
2.204709211185763343e+04
1.553681072258260610e+04
8.486749101859613802e+03
7.850732449313535653e+03
2.599680979800030036e+04
2.427638209841623393e+04
2.468144245027032593e+04
7.959187795348640066e+03
1.048202693565098161e+04
2.605632620414745907e+04
6.044866187225192334e+03
8.775969370666847681e+03
7.632623942528774023e+03
1.015265555489997314e+04
2.158632026660251722e+04
1.768047965593348272e+04
2.328444358438221752e+04
3.311036485932560754e+04
2.950316742978285765e+04
2.261589215018589675e+04
1.659665702379703134e+03
2.677108350200498535e+04
2.679185720020965528e+04
4.991499135721349376e+03
1.657087594196229475e+04
2.425469606792421837e+04
2.232213246724268902e+04
2.064732231204190248e+04
4.686195184264335694e+03
1.255428386875460092e+04
2.374491454807649279e+04
4.298833925866649952e+04
2.410299178923762884e+04
4.017896031497043168e+03
3.801312110101387225e+04
5.808040196952493716e+03
1.920617352569259310e+04
5.929243006039433567e+03
5.916707863566575725e+03
1.032466215015248781e+04
8.225128487749057967e+03
1.184088797162164337e+04
2.371587024879201635e+04
2.891887042816100438e+04
8.441247384927632083e+03
3.502571721230123785e+03
4.384793933237499004e+03
3.825024670151436294e+04
2.731496339983020152e+04
1.092078852583686421e+04
1.556841514012831612e+04
1.647252815277258196e+04
1.102600221365896505e+04
5.256681688758189011e+03
1.089458662329854269e+04
2.393810602201615984e+04
1.071555957311105885e+04
3.863217038985824183e+04
3.780646805040346862e+03
1.357093973135456145e+04
1.990477222553043248e+04
2.467531429465895053e+04
7.871538451542584880e+03
1.326194508493204921e+04
3.344020924336800817e+04
4.402689869928206463e+03
3.093539146857242304e+04
1.727553777335087943e+04
6.758812793846906061e+03
2.146163390132739369e+04
6.097770319630552876e+03
3.605967625901774591e+04
5.504946376404572220e+03
8.263872080387925962e+03
2.290979834347422002e+04
3.335187655187531618e+03
1.335168921560899616e+04
1.735800854928723493e+04
9.524512103008852137e+03
3.022145447477425478e+04
2.257441994603726562e+04
9.490381830001198978e+03
4.483321756687164452e+03
9.807106137411405143e+03
9.659440773092319432e+03
2.288593030916467796e+03
7.654496056371112354e+04
1.978012473109173470e+03
3.123559891241512742e+04
1.647525089189724531e+04
1.102009607844013954e+04
2.374498170289301925e+04
2.695525543548489622e+03
1.008737353606077158e+04
5.638637815120322557e+03
4.726057707925460272e+04
1.273987792780995005e+04
3.833756071687916847e+04
2.571095976666257047e+04
3.206291833334979401e+03
3.063277494318770914e+04
1.731000765714229055e+04
3.220392701855040650e+04
5.688707641033104301e+04
2.821256229051030823e+04
1.620243779885174808e+04
2.039658467585507242e+04
1.560908368800536482e+04
1.006547531141043692e+04
2.344110743120868847e+03
1.916358783175348071e+04
3.986588266616590317e+03
5.583184019389113018e+03
1.907022167681965220e+04
1.787550499528594810e+04
3.652933654766317341e+04
2.493149378199096464e+04
4.784759591307903975e+03
2.503864303711359753e+04
1.027825587507097953e+04
1.783490540170215536e+04
2.839140521420104778e+04
3.320043555518284120e+04
4.277497778385833954e+04
5.217893608578842759e+03
9.048695051763939773e+03
1.935413375016485588e+04
2.211086723416043242e+04
1.789021827843508072e+04
9.320957306905133009e+03
1.320179507317094976e+04
6.649643699054728131e+03
3.884938486140392342e+04
8.002130807527234538e+03
6.409345296809595311e+03
2.441734791940425930e+04
2.918161437765468509e+04
3.605543708876234450e+04
1.308428439974012144e+04
3.494129037627478101e+04
1.372109308936968591e+04
2.181126912366703618e+04
1.992545176148041719e+04
3.148117398486308957e+04
1.665774599784221209e+04
2.229058696498624340e+04
5.298582215788455869e+03
1.667501254324380352e+04
2.087778276732279664e+03
9.653183347449299617e+03
9.352824794345269765e+03
1.197390465347332429e+04
1.477439240011537004e+04
1.677667289837057251e+04
3.790720211657659820e+04
9.228454081511354161e+03
1.024155704223087196e+04
2.869779243963957560e+04
1.828165164098275272e+04
3.076723345593914200e+04
4.256651092037936905e+03
4.642412025491903478e+04
2.690002169524809506e+04
2.168792837630076247e+04
2.530455301869310460e+03
9.838573871034139302e+03
5.061748365276527693e+03
2.749302669012459228e+04
2.346218625933813746e+04
1.915010963470095885e+04
4.269237760273039385e+03
2.090542267339714454e+04
2.101265153169942641e+04
8.983615711704969726e+03
1.667901153957782662e+04
2.983499329828990085e+04
3.841681323558591248e+04
2.918515241216018330e+04
6.707690728579011193e+03
6.475646744747199591e+03
1.412807121403111341e+04
4.341871350188182987e+04
2.125242480342533599e+04
6.415546613617295225e+04
2.117013286518278619e+04
1.572488256316798652e+04
2.201058368720629005e+04
1.378008696517790668e+04
1.003646086739992097e+04
1.029936905086258957e+04
1.546170533188825175e+04
4.293872370683359804e+03
2.430738841846557625e+04
2.225279432354359597e+04
1.462158472522572629e+04
1.445165564425784760e+04
1.252918567392849218e+04
1.066159109720173183e+04
1.524304959256972143e+04
3.475848923835558526e+04
5.372427378617008799e+03
1.838810172825551490e+04
8.968014308854437331e+03
1.372275608740088137e+04
4.941659819788925961e+04
3.377746316429351282e+04
2.611457601797843017e+04
7.145891619425890894e+03
2.832600410420395201e+04
1.471522803610158735e+04
1.488708325373097796e+04
7.287814986147619493e+03
2.440345445782402021e+04
1.661293562915286020e+04
9.807954070829704506e+03
1.705759641353247935e+04
1.306348554946779041e+04
1.895491952371517982e+04
2.151923860943827094e+04
3.312457442839337091e+03
2.367500766588568149e+04
1.960929171119048260e+04
1.390928812136708439e+04
3.170091055294799844e+03
6.849659098381145668e+03
1.117312580073918070e+04
2.978924982990353783e+03
6.185721145756873739e+03
8.171197477249481381e+03
2.224111542641418782e+04
2.920738815346185947e+04
1.830220679907025260e+04
1.978864821277992451e+04
4.238342917427879001e+03
2.016343239444775099e+04
4.032443710441604253e+03
3.115593207393997363e+04
2.503141115802391505e+04
1.687943021361440697e+04
2.569851096061703720e+04
2.463362209717061705e+04
2.405758413261490568e+04
2.282583369394681358e+04
1.664190632036614261e+04
1.821234009335806331e+04
3.394802844341294258e+04
8.242860439978758222e+03
7.497286599322879738e+03
3.425542774185143207e+04
1.681532229360287602e+04
8.811838813772697904e+03
5.620089026286817898e+03
2.124675897849733883e+04
3.736404529520016513e+04
4.243538862975256961e+03
3.221761267612951269e+04
4.222581598802575172e+04
9.367793006736317693e+03
2.006633595273576066e+04
9.820436216741654789e+03
1.468676777306127224e+04
2.213759403041630867e+04
4.063227816230573808e+04
3.110302398591210658e+04
2.064839889875632798e+04
2.982688856534074148e+03
1.226785170699410810e+04
1.851263068916061457e+04
2.589933692914582934e+04
9.096488334671510529e+03
2.826590621065213782e+04
8.746215048598600333e+03
5.198294438689927119e+03
1.297662922556771809e+04
2.753047586950863661e+03
4.881741699070758477e+04
1.339554781871043451e+04
1.846869314634132752e+04
3.562698513198372530e+04
1.093797800298456423e+04
3.405979186547387508e+04
1.828987664799919003e+04
2.785429742559056649e+03
7.255843453259991657e+04
2.124175965638757771e+04
4.919830457718420075e+04
1.040162184461311335e+04
3.872899153549557377e+04
1.831044965160190259e+03
2.106654023469742606e+04
3.186635508219408803e+04
2.387259990888304310e+04
4.344478617359002237e+04
1.993020019900352418e+04
6.567212312260899125e+03
1.207804608404087776e+04
1.224720067647613723e+04
2.466334062384928529e+03
1.366713164620364114e+04
2.979503671840437892e+04
2.097557267346652588e+04
4.207075420926141669e+04
3.221781967643683311e+04
1.972568816474662526e+04
2.689308894908559523e+03
1.255957608003717542e+04
5.656290387262838522e+03
2.318088812126690755e+04
1.286754492221807232e+04
7.428243233751982189e+03
1.061078331009139220e+04
3.568860598623139231e+04
2.568695475179745699e+04
1.165556943475068874e+04
2.001223004468662839e+04
2.175534219153895538e+04
2.189839150319963665e+04
2.137262070559877247e+04
3.736404155750004975e+03
1.627039529565856901e+04
2.367570622548474421e+04
9.013381761207188902e+03
3.548217451333954523e+04
1.007640939994047767e+04
2.087543220127546374e+04
1.279839539764372785e+04
4.038445668041259978e+03
4.418778199477733142e+04
1.939586774579541816e+04
9.691575841240319278e+03
2.703695632398214002e+04
7.291780295905118692e+03
4.383769920707894926e+04
5.045409226309591759e+04
2.421841071158475825e+04
4.451856089246351621e+04
3.308134023172995057e+03
7.763365673608500401e+03
3.892185570715451468e+04
2.313081706630725239e+04
1.367375062867405904e+04
8.566186943819891894e+03
2.518096129164595186e+04
1.373308735533627987e+04
1.456407386278767262e+04
9.036221835010530413e+03
2.446648070922628540e+04
2.934050760879454538e+04
7.074882711537555224e+03
2.493629556212194439e+04
7.977477208662663543e+03
2.382236286456723974e+04
2.436630768298562543e+04
2.834724161982347869e+04
2.639851347841115785e+04
6.727684516296061702e+03
7.799895597525910489e+03
2.218427529697597492e+04
3.583192466535174026e+04
2.478582382405150565e+04
9.472461335139665607e+03
4.509059064141155250e+04
1.982136799728313781e+04
2.390254534619321930e+03
2.236102747968785116e+04
3.028095185451928774e+04
8.936745689856212266e+03
1.882049515102393343e+04
2.824817759605796891e+04
3.085036160015625865e+04
1.247343656396230108e+04
6.465230065821438984e+03
3.951867111932482658e+04
1.111696917770066284e+04
1.116055970181935118e+04
3.556815229310805080e+03
2.342513900914362603e+04
1.041418300677861771e+04
4.710585958768353157e+04
2.096346517527655305e+04
2.320171191331580849e+04
4.538469248554947626e+03
1.932434209177080629e+04
1.262175366658478015e+04
8.471847850838015802e+03
1.541727368681432017e+04
8.249717646519793561e+03
7.220368396528896483e+03
1.692604839175641246e+04
4.414398013460586662e+04
2.062241784896603349e+04
2.385081958813617894e+04
7.701459530360507779e+04
3.800175754874357517e+04
9.998029299712170541e+03
1.231837749910479761e+04
8.171033000276699568e+03
4.181846261411389423e+04
1.203728156994091114e+04
1.485485451876529260e+04
1.370442096958524780e+04
7.061460951869874407e+03
1.441331213520006168e+04
1.742024044979513565e+04
3.156727842175433398e+04
2.091218334532366134e+04
2.987021072444119272e+04
2.636257233195013396e+04
3.917001332013872161e+04
8.433752302736000274e+03
4.755024526536172198e+04
1.833527801012099371e+04
9.283600621152354506e+03
3.179712301751219275e+04
1.769145399245046792e+04
8.018546277195455332e+03
2.413368863472432713e+04
2.819431344546269975e+04
3.733949360044817149e+04
2.966874455723058418e+03
9.851200210983921352e+03
1.567516340000829769e+04
1.688244704743178590e+04
2.890539819324551718e+04
4.837673195149073763e+03
1.092124214178418151e+04
2.185312651502383960e+04
2.920448270385773503e+04
1.315187817346931115e+04
1.061358860745756829e+04
1.339822969285896943e+04
1.830631479557634884e+04
6.786483259311561596e+03
9.006623186026739859e+03
1.565043789304842176e+04
1.706429013003372893e+04
1.197397185298375734e+04
1.512002527639958680e+04
3.863163170644525962e+04
1.355535741102031534e+04
1.910433828186291066e+04
9.276309429583427118e+03
2.108734933200760861e+04
2.287819609530754678e+04
8.327802578056116545e+03
3.593161182545779593e+04
5.300342685621262353e+04
5.473905683309831147e+03
2.142317768716307000e+03
9.881429983285055641e+03
2.001257603564215970e+04
1.303852989567699660e+04
1.185025722440082245e+04
1.647193315610394347e+04
3.731511807632870386e+03
3.248908018453809746e+03
3.542685292231167841e+04
1.375991024532357915e+04
8.884762064439535607e+03
2.118852961515152856e+04
1.354521165095416472e+04
1.306564829871010988e+04
2.399004462358940509e+04
5.162154295887425542e+04
1.719328775982933394e+03
8.465632008114222117e+03
2.416911172319942489e+04
8.936145657074888732e+03
1.197377496858122140e+04
6.925961282053362993e+03
2.829889013432525462e+04
5.254085504160234450e+03
1.421766379142466576e+04
5.603169280627404078e+03
7.578778533392889949e+04
3.184703564524119429e+04
1.631055855468888922e+03
4.961691624115524974e+03
4.913365623619907274e+04
8.985309285833080139e+03
4.469091568081516743e+04
1.219449689249546464e+04
4.671024469312147630e+03
1.812211704032829948e+04
1.744303774088317004e+04
1.206516734954436652e+04
1.040899438968693721e+04
1.586416272357417802e+04
5.535070326537450455e+03
4.452923019323831249e+04
1.421025598331741821e+04
1.876657926697381481e+04
4.581529163200563926e+04
1.760423011924263483e+04
4.172829346760197950e+03
1.048999361927861719e+04
4.260540878925054130e+04
2.278700045299182239e+04
1.970230535616042471e+04
2.149188817534023474e+04
4.560357890263860463e+04
6.269350614844936899e+03
1.891326149222312233e+04
5.414711242621034216e+03
1.139319932899523155e+04
3.985003036044140026e+04
1.305732830838782866e+04
2.882984015540107794e+04
8.839302019077058503e+03
2.624213232973450067e+04
8.409328143330669263e+03
1.437976609743309018e+04
3.235235274290211964e+04
1.428163900860756621e+04
4.554778259204646019e+03
3.524869348063374491e+04
2.678975302284582358e+04
1.200765982247677312e+04
4.893151872158841797e+03
8.951308992251420932e+03
1.427392169365212794e+04
1.388347840509281377e+04
1.919199615730000369e+04
1.041603556346808182e+04
1.140505688617041596e+04
1.241968081826924208e+04
2.255158903621344871e+04
6.062403720726045321e+03
1.240280087411265777e+04
1.245411590659594003e+04
1.242686608885461465e+04
8.599466417237174028e+03
2.724255037217940480e+04
7.161128387892067258e+04
1.080857347033556471e+04
1.459116474992694202e+04
1.120446399709778780e+04
6.280343271092863688e+03
9.577038829992638057e+03
1.783072004210514206e+04
2.827005848819622770e+04
1.051674920083452162e+04
4.593970914823083149e+04
8.301619723575349781e+03
7.001389802443864937e+03
4.714611616880671136e+03
3.470355387071114092e+04
4.152481460050235910e+03
3.403204777310572535e+04
2.262760740655264453e+04
1.130586546577279842e+04
2.737837305797058434e+04
4.424429057123853272e+04
2.796904846215284851e+04
2.229960849609197612e+04
2.354929403436930806e+04
2.905671806851403744e+03
2.168654308112723447e+04
1.767488408250075736e+04
6.978832295923388301e+03
2.126706818199967529e+04
1.058547432753302019e+04
3.887186165999760124e+04
1.063152970732479662e+04
1.977951291009159104e+04
2.950700050411033317e+03
9.058190787742121756e+03
9.232765039033663925e+03
3.657372515274205944e+04
8.243965069931458856e+03
1.355615340577252391e+04
4.575699607725186070e+03
1.505508063966988630e+04
1.440174330236468813e+04
1.368501568784103802e+04
5.775350995668690302e+04
4.030261214603764984e+03
2.306777523876113628e+04
1.328477871576092912e+04
1.759001535707635776e+04
1.160116908313559361e+04
7.820736524803240172e+03
1.038898234491725998e+04
8.307804649743955451e+03
3.192475023532391788e+04
2.152023330792017077e+03
1.823062116229108869e+04
1.479159485685761501e+04
1.138178116838234564e+04
1.513794119362822312e+04
1.555038984154778882e+04
1.151274956648645639e+04
1.096561073440632754e+04
6.824055164727982628e+03
3.142114562703044794e+04
1.415188936862409719e+04
1.040599168855230346e+04
1.169682926051593495e+04
1.212007081463204304e+04
1.255087060654150991e+04
3.350097450126587501e+04
2.819887985539510191e+04
7.853914185933762383e+03
1.650261838400531269e+04
9.408820107815039592e+03
2.383158602409142259e+04
3.744658219405069303e+03
3.509563665282707370e+04
1.594841161466269659e+04
1.546758334248379833e+04
1.719055774614024267e+04
2.160947216180862597e+04
5.738446801259040512e+03
3.291377978100280598e+04
1.282530643988666998e+04
2.219397608159282754e+04
9.939784959305055963e+03
2.524902094633492652e+03
8.268984968997850956e+03
1.386166856185670440e+04
2.990385389898744688e+04
1.163761235638559810e+04
3.460686187833939766e+04
1.503046892181553267e+04
2.239479729977277384e+04
1.144286095923420180e+04
7.872898797882896361e+03
2.121504917614872829e+04
1.079960332583515628e+04
3.794078794874538289e+04
8.046149129163144607e+03
1.132146214370385496e+04
7.689755178329924092e+03
1.886013779459420039e+04
1.193721028917581862e+04
4.989268371961142293e+03
1.182831633069783857e+04
2.189438169823369026e+04
9.108670012059899818e+03
2.562525514765119442e+04
1.145855346434451349e+04
1.382022660035723311e+04
1.045574846711453938e+04
1.170956859440501103e+04
2.244378896178780269e+04
2.219631037496650242e+04
6.075387873708657935e+03
2.802066949976201795e+04
2.843674572064871609e+04
1.766020255090131832e+04
9.485293560874259128e+03
4.603740380937420014e+03
2.511842101690029813e+04
5.298605761973309200e+03
6.025474020442633446e+03
3.595288856783034862e+04
3.720007391846481187e+04
3.288133428482352429e+03
1.025350354940226316e+04
3.900184181879706739e+04
3.532184639498214892e+03
2.394841745738435566e+04
1.298648993348139811e+04
1.619316476127763053e+04
3.873206667574569565e+03
1.228690015300110827e+04
4.599478369097349059e+04
1.740895003048887520e+04
2.285583445073611438e+04
1.043936877327927141e+04
1.613516572232610815e+04
1.213254137220370285e+04
3.997853259773079481e+04
4.628358910731473770e+03
2.466994400567623597e+04
1.236777546072309997e+04
1.119633473755602790e+04
1.003726768066193472e+04
1.553501484955222986e+04
8.020970047132650507e+03
1.800013733437057090e+04
1.452596344161893830e+04
8.731592032071355789e+03
1.585940846821130617e+04
4.849576728350466146e+04
6.308735032742005387e+03
2.370509697793445594e+04
8.845558346842542960e+03
4.503677048009332066e+04
1.818901796770448709e+04
4.726384982163418499e+03
4.453141726542807737e+04
9.139698374856678129e+03
1.410267556706556388e+04
8.975526937566039123e+03
1.235672669653519188e+04
2.400405909004208661e+04
1.633141272088631013e+04
3.002133491951704127e+04
1.369802224982991174e+04
4.818778579384511431e+03
7.847879472946280657e+03
1.460098942614961925e+04
6.431289147504314315e+03
5.242775136013912561e+04
6.432071377114389179e+04
1.766383345380509854e+04
7.873391451778106784e+03
1.007038570776790584e+04
2.519746359014620975e+04
1.315371956410666826e+04
3.716904594241940504e+04
1.287565817648704615e+04
4.202273073783244035e+04
8.153345256801741016e+03
1.169833289327099919e+04
2.236517707123267974e+04
7.661086977248043695e+03
1.343661365816909165e+04
2.801284325271970738e+04
9.508977095997450306e+03
2.119876841256486296e+04
8.927170284464777069e+03
3.255226831125138779e+04
2.820320492627064596e+03
1.789105788669818867e+04
8.892865237675081516e+03
8.984454527914173013e+03
3.329736807477645925e+04
6.780674055233262152e+03
1.317950487511169376e+04
1.462004012026834425e+04
1.228408682963288265e+04
3.382104698057744099e+04
5.338295801995771399e+03
3.478693149587164226e+04
3.748446665848017346e+03
3.278383615007827029e+04
1.057579723301401282e+04
1.392506725320921760e+04
2.041652171941323104e+04
2.175407505769361705e+03
2.432985418228869821e+04
8.358224884576469776e+03
6.721774812298540382e+03
1.682407811244716140e+04
5.308491932050080504e+04
2.344041391061990964e+02
1.809058820593919154e+04
2.981931512851873413e+04
6.113933675522691374e+03
1.125609432364825989e+04
3.114818162230966846e+04
1.836812878479081701e+04
1.158312700261350437e+04
2.540758773452701644e+04
1.782107008797871822e+04
2.107473034673892107e+04
1.738315473462157752e+04
2.924388306515669683e+04
1.530383587472682848e+04
1.412435699783556993e+04
9.367307792295552645e+03
9.703103191261943721e+03
3.799738189074950787e+04
-1.643731461362218340e+02
1.344635757618972457e+04
4.846509396065851615e+04
4.879666633982759777e+03
2.916263814494580402e+03
4.373538479052347611e+03
5.035098969068100814e+03
3.696635312933586829e+04
3.107330122754425611e+04
7.550558393950239406e+03
7.405456893813367060e+03
8.126604171511102322e+03
4.372531980830934117e+03
5.203616761916199721e+03
1.620112933043034718e+04
5.450189763711366140e+03
1.695825316152304367e+03
8.940947125206535929e+03
9.412113881621726250e+03
3.604588345136382122e+04
1.736594655898970814e+04
1.534364342699347981e+04
6.633963422547748451e+03
2.384005473285865446e+04
2.112077972105393565e+04
3.028202871268322633e+04
1.891222114399699421e+04
1.254566239755395145e+04
7.940316437951973057e+03
1.382130219101209514e+04
4.833073089074458949e+03
3.106584141418091895e+04
3.958410038779759634e+04
1.143379722880456393e+04
1.038179474671324715e+04
1.205143005412435014e+04
9.551579887229496308e+03
1.097923281051865342e+04
1.724205743112981872e+04
2.913615584557684269e+04
4.388243575415761734e+04
2.772930786664650441e+04
4.042161925475684257e+03
1.635988595333442936e+04
3.394004716310745152e+03
7.318628624884644523e+03
1.056545596952869892e+04
1.485344075492856427e+04
5.418393293398577953e+03
1.049722036111793932e+04
5.505480439063634549e+03
1.229107512584301367e+04
2.211653282286904141e+04
3.316316015593814518e+04
1.586462932228777208e+04
1.094530580204534999e+04
3.901392553142607358e+04
2.443465323944779448e+04
1.199499380673322776e+04
7.040141470411960654e+03
8.405537721766189861e+03
1.146154713999226624e+04
3.033524256400317972e+04
3.364013428156733426e+03
4.931363091928744325e+03
1.486537762048716831e+04
3.306161798325438576e+04
2.118286641226864958e+04
9.856599962307873284e+03
1.540970568095308408e+04
8.140376288231243961e+03
7.228350807173910653e+03
3.471032436860953749e+04
1.726742880881323072e+04
1.266981054616036818e+04
7.350635674452807507e+03
2.060342954144952091e+04
1.217477873923168590e+04
1.205404086377380736e+03
9.923538529172334165e+03
3.193739919573601583e+04
2.090802953201912533e+04
3.922122838318504819e+03
1.953812847011960184e+04
1.669592839468015518e+04
4.344682298122354950e+03
1.048208425904664546e+04
1.433207453912394340e+04
7.995097711016502217e+03
2.726417146550112375e+04
8.403442075966724587e+03
3.312547296070428274e+04
6.673552067039378016e+03
1.521814255151321231e+04
2.657223843061412845e+04
5.651413883884113602e+03
1.218822421248892351e+04
1.111716559190495354e+04
6.869347663629487215e+03
1.815440411151320222e+04
3.670595524912698602e+04
3.469953712162113106e+02
1.459609930989253735e+04
1.293343827179450818e+04
2.672767539263740764e+04
1.765093622931596474e+04
1.283395048934979241e+04
1.493369137927713746e+04
1.107485573673612271e+04
7.139436154144321335e+03
1.918634589417275492e+04
2.555903197995922892e+04
1.776611510294185427e+04
3.484483226387397735e+04
6.784838300685169088e+03
1.734147204533191325e+04
5.821377461317078996e+03
4.858033712920404651e+04
2.959560446204798063e+04
3.005243414343313270e+04
2.390587447238571713e+03
2.278475268422631780e+04
2.643239964138817959e+04
2.925688138259491461e+04
8.666980274294432093e+03
1.172803973862396924e+04
6.909566530804640934e+03
1.861276747242496640e+04
1.878199843933780357e+04
8.759201693009235896e+03
6.703862176596021527e+03
2.010310850797454987e+04
2.071324033585826328e+04
1.051296076644590721e+04
1.379868936685935114e+04
2.198440421758599041e+04
7.871561695962403974e+03
1.811464632515040284e+04
1.072944242390661566e+04
9.293336554099660134e+03
2.423227747544075100e+04
4.469674077722862421e+04
9.203912199737758783e+03
2.069687586509206085e+04
1.054798613153948645e+04
2.038423149332912726e+04
1.787242194048651072e+04
2.748040301612445910e+04
3.281499688945156231e+04
1.649273999760094375e+04
1.553955329381509546e+04
8.909171302743863635e+03
4.138998365773750993e+04
8.804245813283512689e+03
2.084968308072793661e+04
1.557983806431233097e+04
2.601890734159297426e+04
1.273671622000648495e+04
1.044651004080677376e+04
5.050316521062997708e+03
1.689521196393212085e+04
1.143645019216309447e+04
1.100971206068500942e+04
4.130431369877495308e+04
2.465248338963343849e+04
1.075867872892145533e+04
3.520298071109298689e+03
1.933891781351157988e+04
1.766348427086304946e+04
2.563146812073720503e+04
2.411958404277467343e+04
1.698911744729231214e+04
1.999924638524985130e+04
7.900961065692486045e+03
1.443301615661757023e+04
1.858450852348230546e+04
3.880272967845117091e+04
3.141905329913495007e+04
2.611960794012455881e+04
9.827806713441399552e+03
1.538558545519820836e+04
6.412918918217477767e+04
3.955561194244116632e+04
1.067145249888900253e+04
4.175957875774488457e+03
1.739819950443120251e+04
3.651784318884283493e+03
3.821676567764891661e+04
9.651676427663487630e+03
1.086834432405841653e+04
1.430586852803021793e+04
8.971528456259957238e+02
2.757857303367841087e+04
1.274091746473820604e+04
1.986527607305211859e+04
2.154376966433849884e+04
1.045512195776556291e+04
1.607592383057648112e+04
3.056629118209466924e+03
2.554274466886296432e+04
2.241988461833471592e+04
5.413034802929460420e+04
1.616712107694995939e+04
2.165919074914633893e+04
1.692895588899248105e+04
1.097715374626604898e+04
2.163276997143281551e+04
9.727480013692784269e+03
7.719746153294998294e+03
2.547417615782577923e+04
1.607297828143986044e+04
8.176714329385439669e+03
3.110086486839161080e+04
4.062251353085788287e+04
1.226325859128400953e+04
7.893375558703903152e+03
2.212759459486437117e+04
1.125659529327720338e+04
1.772795435410189020e+04
1.394378569226824220e+04
1.151723776810803429e+04
2.304295241238588642e+04
2.028183696098524160e+04
2.627890867628195701e+04
1.323068700754919337e+04
1.023078490338391020e+04
1.370334093141302219e+04
2.832082207273026870e+04
9.868604229133730769e+03
2.528797289105228992e+04
