5.126544337957934476e+05
5.426130275248674443e+05
5.950648813918031519e+05
4.563814084438084974e+05
5.693153184824306518e+05
6.292640225932720350e+05
4.860592198975546053e+05
5.539806073972758604e+05
5.319539301600296749e+05
5.501626150542984251e+05
5.501898684896724299e+05
5.103980944976488827e+05
5.488741345128344838e+05
6.103664927435410209e+05
5.359831299584704684e+05
6.406120182472552406e+05
5.231007533415571088e+05
5.310265737985558808e+05
5.199165670008059824e+05
5.855867416977710091e+05
6.531061451307559619e+05
5.194459927601863747e+05
5.593592571837417781e+05
5.005133041738161701e+05
6.265476613821052015e+05
5.513515569304029923e+05
4.940900496705466066e+05
5.664385708135447931e+05
5.472258153527063550e+05
5.264533043326947372e+05
