9.047229614257812500e+02
1.032859960937500000e+04
7.568945800781250000e+03
8.571304687500000000e+03
1.014255468750000000e+04
1.061680859375000000e+04
9.870755859375000000e+03
1.148830078125000000e+04
9.872528320312500000e+03
9.432116210937500000e+03
9.871429687500000000e+03
1.012700000000000000e+04
1.209173046875000000e+04
9.899139648437500000e+03
1.240669824218750000e+04
1.258722460937500000e+04
9.844008789062500000e+03
1.054625781250000000e+04
1.072073242187500000e+04
1.061870507812500000e+04
1.049634863281250000e+04
1.154703710937500000e+04
1.285447070312500000e+04
1.276878320312500000e+04
1.219066015625000000e+04
1.158504687500000000e+04
1.331442089843750000e+04
1.340404687500000000e+04
1.330755468750000000e+04
1.172995117187500000e+04
1.390802343750000000e+04
1.404915625000000000e+04
1.143436816406250000e+04
1.142508105468750000e+04
1.160102148437500000e+04
1.266632910156250000e+04
1.387916992187500000e+04
1.652204687500000000e+04
1.337907031250000000e+04
1.094907812500000000e+04
1.463345312500000000e+04
1.461317675781250000e+04
1.174394726562500000e+04
1.196713378906250000e+04
1.489828808593750000e+04
1.266033496093750000e+04
1.378683496093750000e+04
1.533736132812500000e+04
1.380899414062500000e+04
1.459498144531250000e+04
1.437970507812500000e+04
1.506071289062500000e+04
1.460737597656250000e+04
1.406196484375000000e+04
1.681429492187500000e+04
1.342737304687500000e+04
1.024846972656250000e+04
1.251216601562500000e+04
1.005891015625000000e+04
1.479770703125000000e+04
1.177841601562500000e+04
1.544333789062500000e+04
1.534445312500000000e+04
1.535164843750000000e+04
1.647714062500000000e+04
1.427004687500000000e+04
1.484904687500000000e+04
1.493645605468750000e+04
1.638015625000000000e+04
1.364791406250000000e+04
1.143009960937500000e+04
1.434013476562500000e+04
1.357809179687500000e+04
1.274155273437500000e+04
1.427212695312500000e+04
1.526416796875000000e+04
1.533238183593750000e+04
1.255348242187500000e+04
1.410761523437500000e+04
1.721729492187500000e+04
1.337030859375000000e+04
1.402877539062500000e+04
1.187176171875000000e+04
1.464354882812500000e+04
1.125125292968750000e+04
1.926496875000000000e+04
1.700429296875000000e+04
1.427087500000000000e+04
1.380885253906250000e+04
1.151302539062500000e+04
1.171477343750000000e+04
1.258740820312500000e+04
1.399256640625000000e+04
1.621251757812500000e+04
1.412077539062500000e+04
1.412187109375000000e+04
1.507478320312500000e+04
1.380766015625000000e+04
1.758429687500000000e+04
1.435799218750000000e+04
1.425547851562500000e+04
1.443546289062500000e+04
1.405563769531250000e+04
1.241633496093750000e+04
1.597267871093750000e+04
1.380391992187500000e+04
1.604347265625000000e+04
1.643786718750000000e+04
1.110044824218750000e+04
1.406190625000000000e+04
1.320809375000000000e+04
1.417500781250000000e+04
1.609878613281250000e+04
1.720443359375000000e+04
1.369974707031250000e+04
1.722476171875000000e+04
1.499371484375000000e+04
1.662387890625000000e+04
1.528263281250000000e+04
1.643136718750000000e+04
1.399658007812500000e+04
1.659129101562500000e+04
1.198635253906250000e+04
1.267028027343750000e+04
1.334676171875000000e+04
1.483876660156250000e+04
1.759729687500000000e+04
1.110768457031250000e+04
1.442793750000000000e+04
1.399851171875000000e+04
1.362172656250000000e+04
1.648330273437500000e+04
1.116749511718750000e+04
1.580509570312500000e+04
1.400421484375000000e+04
1.563967187500000000e+04
1.347929492187500000e+04
1.485141406250000000e+04
1.430241406250000000e+04
1.317109570312500000e+04
1.458959667968750000e+04
1.572319921875000000e+04
1.419094433593750000e+04
1.651287109375000000e+04
1.797596289062500000e+04
1.642168359375000000e+04
1.269442382812500000e+04
1.465418359375000000e+04
1.721203906250000000e+04
1.705776562500000000e+04
1.524223828125000000e+04
1.389989648437500000e+04
1.440411328125000000e+04
1.868602539062500000e+04
1.371717187500000000e+04
1.199998046875000000e+04
1.654409179687500000e+04
1.393456640625000000e+04
1.564730371093750000e+04
1.509000390625000000e+04
1.613218750000000000e+04
1.502906054687500000e+04
1.435445703125000000e+04
1.350380761718750000e+04
1.425258886718750000e+04
1.316672656250000000e+04
1.423729687500000000e+04
1.437927343750000000e+04
1.376300878906250000e+04
1.652243554687500000e+04
1.520806250000000000e+04
1.869583007812500000e+04
1.345862500000000000e+04
1.480437109375000000e+04
1.350196289062500000e+04
1.577873046875000000e+04
1.471527636718750000e+04
1.461421972656250000e+04
1.404177734375000000e+04
1.178204394531250000e+04
1.339435449218750000e+04
1.129996289062500000e+04
1.445428906250000000e+04
1.475961523437500000e+04
1.484828808593750000e+04
1.431108593750000000e+04
1.210343359375000000e+04
1.744034960937500000e+04
1.463024414062500000e+04
1.454261328125000000e+04
1.831414062500000000e+04
1.436804882812500000e+04
1.193582421875000000e+04
1.400471289062500000e+04
1.153484667968750000e+04
1.606821679687500000e+04
1.470459765625000000e+04
1.571517773437500000e+04
1.378561914062500000e+04
1.430717285156250000e+04
1.373022167968750000e+04
1.286129687500000000e+04
1.314879296875000000e+04
1.420031542968750000e+04
1.417469921875000000e+04
1.451606640625000000e+04
1.406461718750000000e+04
1.419181835937500000e+04
1.367940625000000000e+04
1.702588671875000000e+04
1.291142187500000000e+04
1.474370312500000000e+04
1.502118554687500000e+04
1.423327929687500000e+04
1.223412695312500000e+04
1.331062988281250000e+04
1.181739062500000000e+04
1.441017089843750000e+04
1.504686035156250000e+04
1.739187304687500000e+04
1.585767089843750000e+04
1.517399707031250000e+04
1.309194335937500000e+04
1.666734570312500000e+04
1.686843945312500000e+04
1.378082617187500000e+04
1.322275585937500000e+04
1.460945312500000000e+04
1.576100000000000000e+04
1.591010546875000000e+04
1.168880175781250000e+04
1.472433496093750000e+04
1.547688867187500000e+04
1.744536328125000000e+04
1.398612109375000000e+04
1.319132617187500000e+04
1.290819824218750000e+04
1.743200195312500000e+04
1.261810546875000000e+04
1.622120605468750000e+04
1.317461328125000000e+04
1.488314062500000000e+04
1.268467968750000000e+04
1.518356054687500000e+04
1.834314648437500000e+04
1.574321679687500000e+04
1.409019726562500000e+04
1.593571484375000000e+04
1.347563671875000000e+04
1.382802929687500000e+04
1.599247265625000000e+04
1.489275781250000000e+04
1.541799023437500000e+04
1.481310937500000000e+04
1.305897363281250000e+04
1.597407226562500000e+04
1.136441210937500000e+04
1.341768359375000000e+04
1.553001757812500000e+04
1.515573535156250000e+04
1.292430859375000000e+04
1.449068750000000000e+04
1.414371777343750000e+04
1.148535351562500000e+04
1.561459179687500000e+04
1.150698632812500000e+04
1.331194335937500000e+04
1.596071875000000000e+04
1.406541308593750000e+04
1.494437792968750000e+04
1.420559179687500000e+04
1.547915039062500000e+04
1.415530078125000000e+04
1.385465527343750000e+04
1.495350097656250000e+04
1.615840039062500000e+04
1.865477343750000000e+04
1.523450781250000000e+04
1.603329003906250000e+04
1.610121093750000000e+04
1.177893945312500000e+04
1.630698828125000000e+04
1.565913183593750000e+04
1.353676367187500000e+04
1.271243847656250000e+04
1.255439843750000000e+04
1.294413964843750000e+04
1.501558105468750000e+04
1.549669140625000000e+04
1.553118945312500000e+04
1.235595703125000000e+04
1.776536132812500000e+04
1.635262890625000000e+04
1.210457617187500000e+04
1.592919531250000000e+04
1.530849023437500000e+04
1.353858886718750000e+04
2.019748437500000000e+04
1.679645117187500000e+04
1.221258007812500000e+04
1.229779785156250000e+04
1.230798046875000000e+04
1.643336914062500000e+04
1.661594335937500000e+04
1.709675390625000000e+04
1.731140039062500000e+04
1.333258300781250000e+04
1.636665234375000000e+04
1.771247265625000000e+04
1.459812500000000000e+04
1.387557421875000000e+04
1.505494921875000000e+04
1.645449023437500000e+04
1.516739941406250000e+04
1.317232031250000000e+04
1.319114355468750000e+04
1.589725585937500000e+04
1.327144335937500000e+04
1.537873828125000000e+04
1.599099218750000000e+04
1.795025781250000000e+04
1.373110449218750000e+04
1.593563281250000000e+04
1.530122460937500000e+04
1.731765234375000000e+04
1.386306054687500000e+04
1.614915917968750000e+04
1.490218847656250000e+04
1.566765234375000000e+04
1.337592480468750000e+04
1.658096093750000000e+04
1.297185644531250000e+04
1.435818066406250000e+04
1.374149121093750000e+04
1.408103125000000000e+04
1.389159765625000000e+04
1.444141699218750000e+04
1.831477343750000000e+04
1.578453515625000000e+04
1.264956347656250000e+04
1.414954687500000000e+04
1.395495214843750000e+04
1.628912109375000000e+04
1.499070703125000000e+04
1.382028515625000000e+04
1.599327148437500000e+04
1.536206445312500000e+04
1.338220507812500000e+04
1.406536718750000000e+04
1.415193847656250000e+04
1.456150000000000000e+04
1.502239062500000000e+04
1.462201269531250000e+04
1.506593457031250000e+04
1.332097070312500000e+04
1.988901367187500000e+04
1.378623242187500000e+04
1.316852441406250000e+04
1.646170703125000000e+04
1.538457421875000000e+04
1.480591308593750000e+04
1.593370507812500000e+04
1.424140039062500000e+04
1.374495507812500000e+04
1.616572851562500000e+04
1.741891992187500000e+04
1.434667675781250000e+04
1.272999804687500000e+04
1.677400976562500000e+04
1.647157812500000000e+04
1.281333691406250000e+04
1.615621289062500000e+04
1.493582128906250000e+04
1.900337500000000000e+04
1.380521484375000000e+04
1.288729980468750000e+04
1.480674121093750000e+04
1.269802832031250000e+04
1.503409472656250000e+04
1.735367968750000000e+04
1.568061425781250000e+04
1.628327734375000000e+04
1.450419824218750000e+04
1.593117382812500000e+04
1.267772460937500000e+04
1.676611523437500000e+04
1.382360351562500000e+04
1.471303906250000000e+04
1.889846484375000000e+04
1.774458007812500000e+04
1.668527343750000000e+04
1.675372070312500000e+04
1.538650781250000000e+04
1.302418945312500000e+04
1.372587500000000000e+04
1.779670703125000000e+04
1.441140722656250000e+04
1.780270703125000000e+04
1.507965039062500000e+04
1.456436132812500000e+04
1.489652148437500000e+04
1.540266796875000000e+04
1.648462109375000000e+04
1.295941015625000000e+04
1.299206933593750000e+04
1.452973437500000000e+04
1.715850390625000000e+04
1.609850390625000000e+04
1.329286816406250000e+04
1.306593750000000000e+04
1.233906640625000000e+04
1.568864843750000000e+04
1.429917773437500000e+04
1.734717382812500000e+04
1.349550097656250000e+04
1.625776367187500000e+04
1.550311035156250000e+04
1.784267578125000000e+04
1.610980273437500000e+04
1.443087500000000000e+04
1.392881250000000000e+04
1.301461328125000000e+04
1.738955468750000000e+04
1.518590429687500000e+04
1.191750000000000000e+04
1.573753515625000000e+04
1.788941210937500000e+04
1.306105468750000000e+04
1.782891015625000000e+04
1.565639453125000000e+04
1.524662890625000000e+04
1.505176464843750000e+04
1.458935546875000000e+04
1.572323925781250000e+04
1.363518750000000000e+04
1.570727343750000000e+04
1.253518457031250000e+04
1.451618261718750000e+04
1.335334082031250000e+04
1.603197167968750000e+04
1.384384570312500000e+04
1.438042578125000000e+04
1.433597656250000000e+04
1.538718066406250000e+04
1.421045312500000000e+04
1.609537402343750000e+04
1.547450000000000000e+04
1.425711132812500000e+04
1.641531054687500000e+04
1.283426367187500000e+04
1.412152343750000000e+04
1.423884179687500000e+04
1.398141406250000000e+04
1.541031835937500000e+04
1.536171679687500000e+04
1.391778906250000000e+04
1.751000195312500000e+04
1.347913671875000000e+04
1.674253710937500000e+04
1.660374609375000000e+04
1.366697753906250000e+04
1.630530371093750000e+04
1.345631250000000000e+04
1.521710058593750000e+04
1.426721484375000000e+04
1.550678515625000000e+04
1.551243359375000000e+04
1.342877148437500000e+04
1.849743750000000000e+04
1.374961816406250000e+04
1.327215722656250000e+04
1.439706054687500000e+04
1.781097265625000000e+04
1.337692578125000000e+04
1.366454101562500000e+04
1.395059375000000000e+04
1.510284375000000000e+04
1.377448242187500000e+04
1.525669531250000000e+04
1.516095117187500000e+04
1.315189648437500000e+04
1.427202343750000000e+04
1.224406640625000000e+04
1.670668359375000000e+04
1.463401757812500000e+04
1.716780664062500000e+04
1.278297265625000000e+04
1.454846972656250000e+04
1.373891796875000000e+04
1.418679687500000000e+04
1.487951074218750000e+04
1.609665625000000000e+04
1.590557031250000000e+04
1.636225781250000000e+04
1.625072949218750000e+04
1.619127441406250000e+04
1.989492968750000000e+04
1.518420703125000000e+04
1.413235058593750000e+04
1.415540332031250000e+04
1.507023730468750000e+04
1.458149609375000000e+04
1.799441992187500000e+04
1.377114062500000000e+04
1.358444921875000000e+04
1.466457031250000000e+04
1.425863867187500000e+04
1.680307617187500000e+04
1.615155273437500000e+04
1.471977734375000000e+04
1.625508007812500000e+04
1.643752343750000000e+04
1.584908886718750000e+04
1.450768164062500000e+04
1.492733984375000000e+04
1.467051367187500000e+04
1.295865039062500000e+04
1.417032714843750000e+04
1.578248437500000000e+04
1.391268750000000000e+04
1.367114941406250000e+04
1.275338671875000000e+04
1.490660937500000000e+04
1.338902734375000000e+04
1.671566796875000000e+04
1.343424316406250000e+04
1.162718847656250000e+04
1.701457031250000000e+04
1.584220703125000000e+04
1.724978906250000000e+04
1.463952148437500000e+04
1.471467382812500000e+04
1.643680468750000000e+04
1.704757031250000000e+04
1.368465429687500000e+04
1.268272460937500000e+04
1.492627929687500000e+04
1.269871093750000000e+04
1.635277539062500000e+04
1.502716210937500000e+04
1.490127734375000000e+04
1.464776269531250000e+04
1.515972460937500000e+04
1.423960644531250000e+04
1.384522949218750000e+04
1.347380078125000000e+04
1.561288671875000000e+04
1.607723632812500000e+04
1.659750390625000000e+04
1.373534667968750000e+04
1.502551171875000000e+04
1.554469531250000000e+04
1.580034863281250000e+04
1.457442968750000000e+04
1.655282812500000000e+04
1.653135742187500000e+04
1.727176367187500000e+04
1.243874902343750000e+04
1.334633984375000000e+04
1.384871093750000000e+04
1.565445312500000000e+04
1.849094335937500000e+04
1.790941406250000000e+04
1.400662109375000000e+04
1.491590136718750000e+04
1.820157812500000000e+04
1.484886132812500000e+04
1.601714062500000000e+04
1.690277148437500000e+04
1.640060742187500000e+04
1.538436816406250000e+04
1.835785156250000000e+04
1.580167773437500000e+04
1.845491796875000000e+04
1.481143945312500000e+04
1.239065332031250000e+04
1.543122265625000000e+04
1.377961132812500000e+04
1.340406445312500000e+04
1.682256640625000000e+04
1.480602539062500000e+04
1.301213671875000000e+04
1.470488476562500000e+04
1.539759960937500000e+04
1.540867578125000000e+04
1.355889941406250000e+04
1.430479492187500000e+04
1.696462500000000000e+04
1.743971093750000000e+04
1.612562695312500000e+04
1.363649414062500000e+04
1.155070117187500000e+04
1.545025292968750000e+04
1.739952343750000000e+04
1.485412109375000000e+04
1.770605078125000000e+04
1.400074609375000000e+04
1.329689453125000000e+04
1.483676464843750000e+04
1.367002539062500000e+04
1.474335156250000000e+04
1.478200683593750000e+04
1.251702539062500000e+04
1.741030468750000000e+04
1.400344238281250000e+04
1.264735742187500000e+04
1.326582226562500000e+04
1.376843359375000000e+04
1.400984277343750000e+04
1.623243554687500000e+04
1.576855078125000000e+04
1.282136035156250000e+04
1.699189843750000000e+04
1.271508593750000000e+04
1.513316992187500000e+04
1.468452539062500000e+04
1.568351757812500000e+04
1.667753710937500000e+04
1.582097460937500000e+04
1.705223632812500000e+04
1.652212109375000000e+04
1.485646484375000000e+04
1.406925390625000000e+04
1.637528710937500000e+04
1.537161035156250000e+04
1.502102343750000000e+04
1.521736914062500000e+04
1.747320898437500000e+04
1.657074023437500000e+04
1.642111718750000000e+04
1.915432421875000000e+04
1.786052929687500000e+04
1.595119433593750000e+04
1.334785351562500000e+04
1.715398046875000000e+04
1.566020605468750000e+04
1.725355664062500000e+04
1.420413085937500000e+04
1.437009765625000000e+04
1.428955664062500000e+04
1.479079589843750000e+04
1.551976953125000000e+04
1.346666210937500000e+04
1.424464941406250000e+04
1.557244921875000000e+04
1.735332812500000000e+04
1.260926855468750000e+04
1.428966113281250000e+04
1.382043457031250000e+04
1.601348730468750000e+04
1.463897558593750000e+04
1.486045800781250000e+04
1.690371093750000000e+04
1.347147656250000000e+04
1.420384277343750000e+04
1.480715039062500000e+04
1.786544726562500000e+04
1.747389453125000000e+04
1.551125390625000000e+04
1.660193945312500000e+04
1.461614843750000000e+04
1.785367578125000000e+04
1.668843945312500000e+04
1.786648828125000000e+04
1.378543359375000000e+04
1.358086035156250000e+04
1.531527929687500000e+04
1.541649023437500000e+04
1.325246484375000000e+04
1.477745898437500000e+04
1.798502929687500000e+04
1.205715722656250000e+04
1.328030761718750000e+04
1.235719531250000000e+04
1.787891210937500000e+04
1.437926464843750000e+04
1.420271875000000000e+04
1.782401171875000000e+04
1.728356250000000000e+04
1.430145898437500000e+04
1.279862695312500000e+04
1.458457910156250000e+04
1.427291601562500000e+04
1.541718359375000000e+04
1.498395507812500000e+04
1.420138085937500000e+04
1.498583691406250000e+04
1.464156445312500000e+04
1.372767285156250000e+04
1.429480078125000000e+04
1.520607324218750000e+04
1.575698535156250000e+04
1.553128125000000000e+04
1.552819140625000000e+04
1.528125097656250000e+04
1.553053710937500000e+04
1.317630664062500000e+04
1.728564453125000000e+04
1.723891210937500000e+04
1.419792382812500000e+04
1.422486523437500000e+04
1.445102050781250000e+04
1.329126757812500000e+04
1.336385449218750000e+04
1.751839062500000000e+04
1.461858105468750000e+04
1.558369628906250000e+04
1.722579882812500000e+04
1.577045214843750000e+04
1.427978320312500000e+04
1.502124218750000000e+04
1.484836621093750000e+04
1.495252734375000000e+04
1.693071484375000000e+04
1.506104687500000000e+04
1.718065429687500000e+04
1.614276562500000000e+04
1.675905859375000000e+04
1.310668164062500000e+04
1.551125976562500000e+04
1.308032324218750000e+04
1.522365527343750000e+04
1.494499414062500000e+04
1.593836230468750000e+04
1.434392285156250000e+04
1.583627050781250000e+04
1.344984375000000000e+04
1.429665625000000000e+04
1.261518261718750000e+04
1.709456835937500000e+04
1.607537890625000000e+04
1.682115820312500000e+04
1.425336035156250000e+04
1.537100976562500000e+04
1.642933789062500000e+04
1.528179687500000000e+04
1.487107617187500000e+04
1.485892285156250000e+04
1.502927929687500000e+04
1.413615429687500000e+04
1.499383593750000000e+04
1.395989941406250000e+04
1.343881933593750000e+04
1.146751953125000000e+04
1.721192382812500000e+04
1.471941210937500000e+04
1.804847070312500000e+04
1.524826855468750000e+04
1.784819335937500000e+04
1.203557031250000000e+04
1.635425585937500000e+04
1.595306933593750000e+04
1.484232226562500000e+04
1.526186523437500000e+04
1.580210058593750000e+04
1.407810839843750000e+04
1.282018554687500000e+04
1.932507031250000000e+04
1.550914941406250000e+04
1.466183886718750000e+04
1.795465234375000000e+04
1.509471582031250000e+04
1.439133007812500000e+04
1.502874023437500000e+04
1.485263281250000000e+04
1.567634960937500000e+04
1.413673437500000000e+04
1.596551757812500000e+04
1.598752539062500000e+04
1.673538281250000000e+04
1.478477734375000000e+04
1.464006347656250000e+04
1.428354882812500000e+04
1.597104687500000000e+04
1.586653027343750000e+04
1.664610351562500000e+04
1.423744335937500000e+04
1.621895898437500000e+04
1.577453125000000000e+04
1.546225585937500000e+04
1.640617578125000000e+04
1.370751171875000000e+04
1.727542187500000000e+04
1.416201367187500000e+04
1.679483203125000000e+04
1.768462109375000000e+04
1.476106640625000000e+04
1.651222460937500000e+04
1.435106835937500000e+04
1.657546484375000000e+04
1.548822851562500000e+04
1.786953710937500000e+04
1.576583398437500000e+04
1.669855078125000000e+04
1.512639453125000000e+04
1.742876562500000000e+04
1.634070898437500000e+04
1.678492773437500000e+04
1.754124609375000000e+04
1.434728125000000000e+04
1.791498437500000000e+04
1.348142089843750000e+04
1.361523242187500000e+04
1.430756054687500000e+04
1.632737890625000000e+04
1.390666210937500000e+04
1.683933984375000000e+04
1.597776855468750000e+04
1.737830664062500000e+04
1.593059863281250000e+04
1.649243945312500000e+04
1.484228027343750000e+04
1.691665039062500000e+04
1.653290820312500000e+04
1.909025976562500000e+04
1.429056835937500000e+04
1.763842382812500000e+04
1.759158007812500000e+04
1.641797851562500000e+04
1.539252050781250000e+04
1.253077343750000000e+04
1.564378515625000000e+04
1.489454394531250000e+04
1.505496484375000000e+04
1.645117187500000000e+04
1.546514941406250000e+04
1.632331250000000000e+04
1.605181250000000000e+04
1.445615820312500000e+04
1.689137500000000000e+04
1.534477539062500000e+04
1.592134472656250000e+04
1.625561132812500000e+04
1.454824804687500000e+04
1.694479492187500000e+04
1.670200000000000000e+04
1.440839843750000000e+04
1.574054101562500000e+04
1.819684765625000000e+04
1.153452148437500000e+04
1.641806250000000000e+04
1.539295800781250000e+04
1.512048144531250000e+04
1.505377734375000000e+04
1.639352734375000000e+04
1.741603320312500000e+04
1.589177148437500000e+04
1.497962304687500000e+04
1.717900390625000000e+04
1.574674023437500000e+04
1.426832812500000000e+04
1.588896582031250000e+04
1.604557031250000000e+04
1.441827734375000000e+04
1.745748632812500000e+04
1.770552343750000000e+04
1.412312304687500000e+04
1.619970312500000000e+04
1.579518554687500000e+04
1.602218261718750000e+04
1.510197070312500000e+04
1.493698828125000000e+04
1.587430664062500000e+04
1.468691113281250000e+04
1.714399218750000000e+04
1.461577246093750000e+04
1.650605078125000000e+04
1.697032031250000000e+04
1.728570117187500000e+04
1.814551367187500000e+04
1.872372265625000000e+04
1.824222265625000000e+04
1.328221093750000000e+04
1.590489843750000000e+04
1.416491503906250000e+04
1.726133007812500000e+04
1.784296484375000000e+04
1.588106640625000000e+04
1.442879101562500000e+04
1.409872363281250000e+04
1.579699316406250000e+04
1.821487890625000000e+04
1.677698046875000000e+04
1.376475390625000000e+04
1.630433203125000000e+04
1.708175781250000000e+04
1.724994921875000000e+04
1.422480859375000000e+04
1.414646777343750000e+04
1.711421093750000000e+04
1.421082910156250000e+04
1.551987011718750000e+04
1.715441015625000000e+04
1.358761718750000000e+04
1.558691015625000000e+04
1.551972656250000000e+04
1.566335644531250000e+04
1.419572851562500000e+04
1.484161816406250000e+04
1.389069531250000000e+04
1.774995312500000000e+04
1.646011132812500000e+04
1.419519140625000000e+04
1.557950390625000000e+04
1.534897363281250000e+04
1.835252734375000000e+04
1.424228906250000000e+04
1.338768652343750000e+04
1.506033203125000000e+04
1.393908593750000000e+04
1.638290625000000000e+04
1.521483691406250000e+04
1.338916992187500000e+04
1.604270605468750000e+04
1.617293652343750000e+04
1.571992773437500000e+04
1.480437695312500000e+04
1.354539843750000000e+04
1.466527050781250000e+04
1.527020507812500000e+04
1.499672070312500000e+04
1.574140722656250000e+04
1.570332617187500000e+04
1.572898925781250000e+04
1.340339062500000000e+04
1.482599414062500000e+04
1.739483007812500000e+04
1.697349218750000000e+04
1.476293164062500000e+04
1.663328125000000000e+04
1.827026953125000000e+04
1.419368750000000000e+04
1.657763085937500000e+04
1.493877636718750000e+04
1.507276757812500000e+04
1.785891601562500000e+04
1.616612792968750000e+04
1.357258203125000000e+04
1.578943164062500000e+04
1.657386328125000000e+04
1.397186230468750000e+04
1.563211718750000000e+04
1.461178906250000000e+04
1.470472851562500000e+04
1.785204492187500000e+04
1.464746289062500000e+04
1.417439453125000000e+04
1.867718359375000000e+04
1.451402539062500000e+04
1.571383203125000000e+04
1.670590625000000000e+04
1.840247265625000000e+04
1.963889062500000000e+04
1.496656445312500000e+04
1.669131250000000000e+04
1.525813476562500000e+04
1.475501367187500000e+04
1.548638964843750000e+04
1.891823046875000000e+04
1.252171191406250000e+04
1.557372167968750000e+04
1.635981054687500000e+04
1.607083886718750000e+04
1.692337304687500000e+04
1.460039550781250000e+04
1.386786914062500000e+04
1.737696093750000000e+04
1.588220312500000000e+04
1.586843164062500000e+04
1.446987988281250000e+04
1.587422753906250000e+04
1.613964941406250000e+04
1.692957226562500000e+04
1.468595703125000000e+04
1.550515917968750000e+04
1.478311328125000000e+04
1.680289062500000000e+04
1.473533398437500000e+04
1.360432617187500000e+04
1.839229296875000000e+04
1.510274609375000000e+04
1.516967675781250000e+04
1.775689453125000000e+04
1.747799023437500000e+04
1.365087695312500000e+04
1.421228027343750000e+04
2.081701953125000000e+04
1.644167773437500000e+04
1.684688281250000000e+04
1.672816796875000000e+04
1.513090332031250000e+04
1.841635742187500000e+04
1.394924609375000000e+04
1.708184375000000000e+04
1.524931250000000000e+04
1.775586328125000000e+04
1.585586718750000000e+04
1.437317675781250000e+04
1.780071289062500000e+04
1.718194140625000000e+04
1.983174218750000000e+04
1.303838281250000000e+04
1.672524218750000000e+04
1.686501953125000000e+04
1.596517578125000000e+04
1.566999609375000000e+04
1.487485546875000000e+04
1.543746582031250000e+04
1.209550781250000000e+04
1.527240429687500000e+04
1.773293359375000000e+04
1.723153906250000000e+04
1.525738476562500000e+04
1.906864453125000000e+04
1.719129492187500000e+04
1.303228222656250000e+04
1.427356738281250000e+04
1.448258984375000000e+04
1.355311816406250000e+04
1.573674609375000000e+04
1.596121972656250000e+04
1.490621679687500000e+04
1.916080664062500000e+04
1.644113476562500000e+04
1.641395703125000000e+04
1.587626953125000000e+04
1.321717968750000000e+04
1.538214257812500000e+04
1.562519921875000000e+04
1.618600195312500000e+04
1.486746093750000000e+04
1.546130175781250000e+04
1.726395898437500000e+04
1.485237402343750000e+04
1.417619335937500000e+04
1.775618359375000000e+04
1.411124902343750000e+04
1.867707226562500000e+04
1.490434667968750000e+04
1.602304980468750000e+04
1.793863281250000000e+04
1.469971679687500000e+04
1.645621875000000000e+04
1.557269726562500000e+04
1.750553515625000000e+04
1.360611914062500000e+04
1.620492968750000000e+04
1.510184375000000000e+04
1.455236035156250000e+04
1.772212304687500000e+04
1.444017089843750000e+04
1.441106250000000000e+04
1.749420507812500000e+04
1.483761621093750000e+04
1.564754101562500000e+04
1.332462500000000000e+04
1.430914160156250000e+04
1.578664062500000000e+04
1.526342773437500000e+04
1.727041992187500000e+04
1.482930273437500000e+04
1.476950976562500000e+04
1.760370703125000000e+04
1.587764062500000000e+04
1.961354492187500000e+04
1.406837109375000000e+04
1.336975097656250000e+04
1.597471777343750000e+04
1.737214062500000000e+04
1.518211914062500000e+04
1.536888769531250000e+04
1.682579882812500000e+04
1.595124707031250000e+04
1.779475000000000000e+04
1.426904882812500000e+04
1.848988281250000000e+04
1.664401757812500000e+04
1.740896484375000000e+04
1.601627441406250000e+04
1.503594433593750000e+04
1.562917968750000000e+04
1.643311328125000000e+04
1.806842968750000000e+04
1.599070019531250000e+04
1.650427734375000000e+04
1.644059765625000000e+04
1.749157812500000000e+04
1.782364453125000000e+04
1.638857031250000000e+04
1.969295312500000000e+04
1.771357226562500000e+04
1.834050000000000000e+04
1.422532324218750000e+04
1.513894628906250000e+04
1.620822851562500000e+04
1.438093164062500000e+04
1.474000097656250000e+04
1.635625781250000000e+04
1.548517382812500000e+04
1.532804101562500000e+04
1.704823046875000000e+04
1.403033789062500000e+04
1.577441015625000000e+04
1.757811132812500000e+04
1.754143945312500000e+04
1.627191406250000000e+04
1.779556250000000000e+04
1.680963671875000000e+04
1.634428515625000000e+04
1.742498437500000000e+04
1.779090234375000000e+04
1.648207812500000000e+04
1.624476757812500000e+04
1.420236718750000000e+04
1.529626562500000000e+04
1.735292773437500000e+04
1.364867773437500000e+04
1.484106835937500000e+04
2.070889257812500000e+04
1.780080468750000000e+04
1.626135644531250000e+04
1.716874804687500000e+04
1.578687597656250000e+04
1.440837109375000000e+04
1.673067187500000000e+04
1.966691601562500000e+04
1.424078515625000000e+04
1.505265625000000000e+04
1.572292382812500000e+04
1.676216992187500000e+04
1.563621093750000000e+04
1.554590820312500000e+04
1.638137988281250000e+04
1.908518164062500000e+04
1.990950000000000000e+04
1.774355273437500000e+04
1.722948242187500000e+04
1.884367578125000000e+04
1.526873632812500000e+04
1.688040039062500000e+04
1.485446289062500000e+04
1.615891601562500000e+04
1.752781250000000000e+04
1.439922460937500000e+04
1.694439648437500000e+04
1.728502343750000000e+04
1.679591406250000000e+04
1.606504296875000000e+04
1.529273437500000000e+04
1.390705468750000000e+04
1.433323828125000000e+04
1.405158984375000000e+04
1.373711425781250000e+04
1.688172851562500000e+04
1.559698046875000000e+04
1.355711132812500000e+04
1.456480859375000000e+04
1.766053710937500000e+04
1.759160937500000000e+04
1.734489453125000000e+04
1.827045703125000000e+04
1.369248437500000000e+04
1.483685156250000000e+04
1.442863085937500000e+04
1.500939062500000000e+04
1.767524023437500000e+04
1.367568554687500000e+04
1.528414257812500000e+04
1.589077929687500000e+04
2.063659765625000000e+04
1.556412500000000000e+04
1.695573632812500000e+04
1.687889453125000000e+04
1.350675585937500000e+04
1.753509375000000000e+04
1.395850585937500000e+04
1.897250390625000000e+04
1.706225000000000000e+04
1.766824414062500000e+04
1.763112304687500000e+04
1.510811621093750000e+04
1.678933593750000000e+04
1.617044921875000000e+04
1.533558593750000000e+04
1.479280175781250000e+04
1.755989648437500000e+04
1.593445703125000000e+04
1.697476171875000000e+04
1.761926367187500000e+04
1.421501171875000000e+04
1.544212500000000000e+04
1.520819433593750000e+04
1.514010156250000000e+04
1.705664257812500000e+04
1.905448632812500000e+04
1.478946386718750000e+04
1.714033007812500000e+04
1.515096484375000000e+04
1.428523632812500000e+04
1.624650781250000000e+04
1.519499414062500000e+04
1.812110937500000000e+04
1.473613671875000000e+04
1.797900976562500000e+04
1.577610058593750000e+04
1.536341113281250000e+04
1.827094140625000000e+04
1.434460742187500000e+04
1.665445117187500000e+04
1.910742578125000000e+04
1.630937207031250000e+04
1.440967089843750000e+04
1.768069140625000000e+04
1.680516992187500000e+04
1.884631835937500000e+04
1.419034179687500000e+04
1.637214257812500000e+04
1.913212500000000000e+04
1.355183105468750000e+04
1.250213281250000000e+04
1.587260742187500000e+04
1.741550585937500000e+04
1.322002441406250000e+04
1.491615136718750000e+04
1.767359375000000000e+04
1.703565234375000000e+04
1.383420898437500000e+04
1.658545507812500000e+04
1.722071093750000000e+04
1.558684570312500000e+04
1.659092968750000000e+04
1.873823437500000000e+04
1.420734570312500000e+04
1.590611230468750000e+04
1.726580078125000000e+04
1.768416210937500000e+04
1.511006445312500000e+04
1.427126464843750000e+04
1.840188671875000000e+04
1.518855175781250000e+04
1.763454101562500000e+04
1.811225390625000000e+04
1.430103027343750000e+04
1.537050097656250000e+04
1.760709960937500000e+04
1.897228515625000000e+04
1.886423046875000000e+04
1.662233203125000000e+04
1.554340625000000000e+04
1.767844921875000000e+04
1.565432421875000000e+04
1.805160156250000000e+04
1.459681933593750000e+04
1.688224609375000000e+04
1.506868457031250000e+04
2.055885351562500000e+04
1.721222070312500000e+04
1.516012011718750000e+04
1.721525781250000000e+04
1.539910546875000000e+04
1.614846093750000000e+04
1.846316210937500000e+04
1.478571777343750000e+04
1.783437890625000000e+04
1.661180859375000000e+04
1.481582031250000000e+04
1.754681445312500000e+04
1.378026367187500000e+04
1.735282031250000000e+04
1.887327539062500000e+04
1.523809570312500000e+04
1.504351757812500000e+04
1.665398242187500000e+04
1.698117382812500000e+04
1.645200585937500000e+04
1.885379296875000000e+04
1.965659179687500000e+04
1.458645605468750000e+04
1.864054101562500000e+04
1.664972070312500000e+04
1.618612402343750000e+04
1.646663476562500000e+04
1.695792773437500000e+04
1.356584570312500000e+04
1.636425000000000000e+04
1.530146679687500000e+04
1.518585742187500000e+04
1.460863378906250000e+04
1.526651171875000000e+04
1.673638085937500000e+04
1.986346289062500000e+04
1.654644921875000000e+04
1.732455273437500000e+04
1.566537109375000000e+04
1.932170703125000000e+04
1.900392578125000000e+04
1.832244921875000000e+04
1.526644238281250000e+04
1.507774218750000000e+04
1.659470703125000000e+04
1.626306347656250000e+04
1.591550781250000000e+04
1.611397851562500000e+04
1.922803906250000000e+04
1.765244921875000000e+04
1.696464453125000000e+04
1.986061132812500000e+04
1.458931640625000000e+04
1.489186132812500000e+04
1.889566601562500000e+04
1.669600390625000000e+04
1.712523242187500000e+04
1.711068750000000000e+04
1.592216894531250000e+04
1.442526757812500000e+04
1.469247851562500000e+04
1.961473437500000000e+04
1.578914355468750000e+04
1.398344628906250000e+04
1.327200390625000000e+04
1.445554882812500000e+04
1.479019726562500000e+04
1.508884667968750000e+04
1.714878320312500000e+04
1.639520117187500000e+04
1.244080664062500000e+04
1.512969335937500000e+04
1.561807421875000000e+04
1.623810351562500000e+04
1.578596093750000000e+04
1.528548437500000000e+04
1.773868359375000000e+04
1.720070312500000000e+04
1.559303125000000000e+04
1.306634472656250000e+04
1.572602636718750000e+04
1.487355078125000000e+04
1.790762500000000000e+04
1.656408203125000000e+04
1.480400390625000000e+04
1.620103515625000000e+04
1.750950000000000000e+04
1.411285742187500000e+04
1.405127929687500000e+04
1.502133398437500000e+04
1.822743945312500000e+04
1.618194238281250000e+04
1.312231933593750000e+04
1.906973437500000000e+04
1.440134863281250000e+04
1.932722656250000000e+04
1.483661523437500000e+04
1.537506152343750000e+04
1.751019140625000000e+04
1.673327539062500000e+04
1.684023437500000000e+04
1.391127148437500000e+04
1.592846875000000000e+04
1.518144726562500000e+04
1.458883398437500000e+04
1.684471679687500000e+04
1.506766210937500000e+04
1.807369335937500000e+04
1.494043554687500000e+04
1.434992187500000000e+04
1.756107031250000000e+04
1.759534765625000000e+04
1.914236328125000000e+04
1.614513378906250000e+04
1.596518359375000000e+04
1.709205468750000000e+04
1.422982519531250000e+04
2.179675976562500000e+04
1.659141015625000000e+04
1.828518359375000000e+04
1.758140820312500000e+04
1.897600195312500000e+04
1.551830078125000000e+04
1.515325683593750000e+04
1.804289843750000000e+04
1.393978125000000000e+04
1.708900390625000000e+04
1.559781738281250000e+04
1.774171484375000000e+04
1.553829003906250000e+04
1.559445117187500000e+04
1.532840917968750000e+04
1.646623437500000000e+04
1.678724804687500000e+04
1.752692968750000000e+04
1.622057226562500000e+04
1.708534375000000000e+04
1.733208984375000000e+04
1.586982031250000000e+04
1.486529101562500000e+04
1.443910742187500000e+04
1.705594921875000000e+04
1.740999023437500000e+04
1.485976171875000000e+04
1.476554882812500000e+04
1.497787597656250000e+04
1.387874707031250000e+04
1.723158789062500000e+04
1.752724414062500000e+04
1.389585058593750000e+04
1.649589453125000000e+04
1.565520019531250000e+04
1.689908789062500000e+04
1.397986230468750000e+04
1.596658593750000000e+04
1.752096484375000000e+04
1.591791406250000000e+04
1.583995507812500000e+04
1.747636718750000000e+04
1.663030859375000000e+04
1.288527441406250000e+04
1.508350976562500000e+04
1.657632812500000000e+04
1.595010937500000000e+04
1.408820898437500000e+04
1.483629003906250000e+04
1.579803808593750000e+04
1.754240039062500000e+04
1.695868359375000000e+04
1.267590039062500000e+04
1.770284179687500000e+04
1.820436914062500000e+04
1.739513085937500000e+04
1.681600585937500000e+04
1.909311718750000000e+04
1.662651171875000000e+04
1.572604101562500000e+04
1.739865234375000000e+04
1.489401464843750000e+04
1.482548828125000000e+04
1.484027343750000000e+04
1.619756347656250000e+04
1.759137500000000000e+04
1.731533593750000000e+04
1.839713281250000000e+04
1.607374511718750000e+04
1.657048437500000000e+04
1.861952148437500000e+04
1.712386328125000000e+04
2.019243359375000000e+04
1.955086718750000000e+04
1.492479003906250000e+04
1.499105273437500000e+04
1.773342773437500000e+04
1.600621289062500000e+04
1.774097656250000000e+04
1.364958789062500000e+04
1.693367382812500000e+04
1.984750781250000000e+04
1.550357519531250000e+04
1.444724707031250000e+04
1.424503027343750000e+04
1.742536132812500000e+04
1.600244921875000000e+04
1.588264257812500000e+04
1.650182617187500000e+04
1.835957421875000000e+04
1.710691601562500000e+04
1.610391699218750000e+04
1.728876953125000000e+04
1.902733398437500000e+04
1.896229296875000000e+04
1.692789648437500000e+04
1.572208300781250000e+04
1.475273437500000000e+04
1.599274414062500000e+04
1.734446679687500000e+04
1.646755468750000000e+04
1.600638281250000000e+04
1.546230078125000000e+04
1.982337890625000000e+04
1.661699218750000000e+04
1.559863964843750000e+04
1.917862695312500000e+04
1.568135742187500000e+04
1.946776953125000000e+04
1.528614843750000000e+04
1.599463183593750000e+04
1.739156054687500000e+04
1.701091796875000000e+04
1.827018359375000000e+04
1.697329492187500000e+04
1.697043554687500000e+04
1.774737500000000000e+04
1.590513281250000000e+04
1.406363671875000000e+04
1.649834375000000000e+04
1.827195312500000000e+04
1.526689257812500000e+04
2.031890625000000000e+04
1.600574414062500000e+04
1.588248144531250000e+04
1.584914257812500000e+04
1.950980859375000000e+04
2.013474414062500000e+04
