1.033676579708714416e+04
1.357560316935397532e+04
5.596847477393315785e+03
1.245317758058092841e+04
1.399730430545139461e+04
1.044211550152842756e+04
5.956643962506716889e+03
1.178246560130548460e+04
1.563663036132102752e+04
1.270971824051936892e+04
6.549288427387132288e+03
1.463204180946340239e+04
1.025266042345027017e+04
1.008947004005813324e+04
5.628613943282120090e+03
1.138428022751191020e+04
6.979580873489030637e+03
1.759326852911167225e+04
1.208206628248328889e+04
1.200130238042508245e+04
1.045017066929937755e+04
1.795917509360952681e+04
1.540128728663345464e+04
9.833516544687659916e+03
1.170256531453376010e+04
1.103956113171788093e+04
8.449245934813416170e+03
1.230675018403820650e+04
7.231750344179298736e+03
1.396947451540357360e+04
