-1.148800000000000182e+03
-1.009492730617841744e+03
-2.463923483922061678e+03
1.236101662001460318e+04
5.819833995212773516e+03
8.075613308191637771e+03
2.011921031433626922e+04
1.465778647649873892e+04
6.775099029519296892e+03
1.628375793251414143e+04
1.776323550276747483e+04
1.611289746422673488e+04
9.341022823761100881e+03
2.537943797390879990e+04
4.187508052156908525e+04
2.524787934216174563e+03
4.154729434266761018e+03
1.262433567905908421e+04
3.560670532926254964e+04
6.305515529196940406e+03
1.317686490248634618e+04
1.736180288867451600e+04
8.015644140455506204e+03
1.102082559634097415e+05
2.126944242601020233e+04
4.654847929384844974e+03
1.210458842975867447e+04
3.018230668536067606e+04
2.080778511527229784e+04
1.927022660897187598e+04
2.147372501213643045e+04
1.834103900765407889e+04
2.875737558294948758e+04
6.433311271372374904e+03
1.531275687861034203e+04
2.501815286489749633e+04
1.857779489670103430e+04
9.358825930443799734e+03
9.835091345467197243e+03
8.163135260995386489e+03
5.730900381545129676e+03
1.059728767422139572e+04
1.960252481185312354e+04
9.625208216348308270e+03
3.986593650619874825e+04
1.463625194007131904e+04
2.020717758072252764e+04
1.760224454884528313e+04
1.302575925728958464e+04
9.678394177098498403e+03
1.455305319077585227e+04
1.625823444587768245e+04
5.162798386135880719e+03
5.865117739214607354e+03
5.383449977634800598e+04
2.543923465777208185e+04
4.500903943619783240e+04
1.440441474869816375e+04
3.366303073429563665e+04
2.891369477313325115e+04
1.160667307450583394e+04
1.026874202197812883e+04
1.679597455453683506e+04
6.429352895702512797e+03
7.256081014312702791e+03
5.521179928000655491e+04
2.913088601350067620e+03
4.762718218141109901e+03
1.884550037298426832e+04
2.205009656455261575e+04
2.791525662150075368e+04
7.074860599302102855e+03
6.428925359992738777e+03
4.487967491342577705e+04
2.355308958006878674e+04
7.605505911981010286e+03
8.811089384261367741e+03
3.307734901697256282e+04
1.418637356771699160e+04
2.327307119061917183e+04
3.299210448134907347e+04
1.843304772051984764e+04
2.204272937437265500e+04
5.744422442304337437e+02
3.152324222269087386e+03
7.896139307498400740e+03
9.533011059044729336e+03
7.923170207662018584e+03
3.029098710664149985e+04
-2.680161833602776369e+02
8.175856600384437115e+03
3.443314992530288873e+04
1.846540089856549457e+04
1.259757176533134952e+02
1.249419717133559971e+04
2.391341961622158851e+04
3.953859425968240430e+03
1.468785285276371724e+04
6.510639266766849687e+03
1.004759167045961294e+04
1.615225743274477281e+04
2.308138731659774930e+04
2.472199737252001069e+04
1.565525533503478619e+04
2.153397212192612278e+04
2.389249857584072379e+04
2.407833846295248804e+04
4.302487147496423859e+04
1.452086224310434591e+04
2.773400787229459456e+04
1.934691286820820096e+04
7.018809636163307005e+04
4.880561990395458997e+04
1.912130646450582935e+04
9.632516696241002137e+03
1.388141158391840872e+04
2.542921462170630912e+04
2.177510457105627574e+04
5.746430028036447766e+03
1.402980885009632766e+04
8.299654673507666303e+03
3.328283200608169864e+04
1.219713804337195143e+04
3.847316696358707850e+04
3.036712013139013288e+04
1.704766520464244240e+04
2.264339180247587137e+04
2.622032944904776014e+04
3.173054734162188106e+04
5.043537514186054977e+03
4.523688573737662955e+04
3.864833969233026437e+04
1.353865320380368939e+04
2.364823364688204674e+04
2.132046478351085534e+04
2.251899094933735250e+04
2.526469481529707264e+04
1.245856546225024067e+04
8.777753577820678402e+03
9.703886182830987309e+03
1.429512408682257410e+04
1.928365857909553233e+04
2.677246180693463248e+04
1.409379249850580709e+04
3.401471806342588388e+04
9.812092569290403844e+03
4.441375310939899646e+04
1.406624938673124598e+04
3.178633404850416264e+04
1.461924086759973216e+04
1.489084946204425069e+04
1.187871593072211181e+04
5.200766713342451112e+03
3.995023828443280308e+03
1.956756036611268792e+04
8.883577753510946422e+03
3.026263129974818003e+04
6.353674134451428108e+04
1.581330853237105475e+04
1.188238314636033101e+04
1.182048724799061529e+04
8.842472285464857123e+03
2.869882952432450838e+04
2.474977730687915027e+03
3.798115253677371948e+04
1.465268704513730336e+04
1.925057826294625920e+04
3.074182944545888313e+04
7.027916908014235560e+03
4.993969649202768778e+03
1.138373454795707585e+04
1.185445287502232350e+04
4.636205147420864523e+04
1.379526377659820719e+04
7.485951291599772958e+03
3.331412290382379433e+04
2.476305139628728284e+04
2.046559406216890056e+04
2.992730781793118877e+04
1.343021656455872289e+04
3.160479370407601527e+04
1.194449505739067172e+04
1.071406621618464487e+04
5.479476846810758616e+03
1.222170656940380832e+04
1.891838336947483549e+04
1.310819774623317790e+04
3.023450826072358723e+03
9.620935780246314607e+03
1.749765681777718783e+04
2.446102508895411665e+04
7.024323327672268533e+03
1.853404159303211054e+04
2.476175283512289025e+04
3.913905708614530886e+04
1.490207431271781388e+04
4.169972682001783687e+04
7.702852369121303127e+03
1.633734267408591404e+04
8.058164525740708996e+03
4.438665439071657602e+03
3.668446671813516332e+03
1.518801185573803741e+04
1.413806702894247064e+04
1.527369249019841300e+04
6.139929615053669841e+04
2.335394348929386979e+04
1.410891490886413885e+04
1.190872930509689104e+04
8.413315207362582441e+03
2.288094040465999205e+04
3.051571185634363064e+04
1.100289298607189630e+04
8.243277359832749426e+03
2.460396608195990848e+04
1.574366506625792681e+04
1.492359086940948146e+04
2.408020975839219318e+04
1.368097316082198449e+04
1.008753424055696632e+04
1.083585937624832877e+04
2.429140316710744810e+04
1.485568568622507883e+04
1.980328822730066167e+04
1.343652325695717445e+04
-2.577117242246663409e+01
1.872519025396226425e+03
2.948817574016841536e+04
1.357430922913466202e+04
2.070641106146880338e+04
1.628555900580439629e+04
1.924875243396317819e+04
1.607190234251861511e+04
8.040619654118630933e+03
1.845341242434178639e+04
1.055079579955267400e+04
1.653396471460320026e+04
1.982140505590214616e+03
1.816640733901900967e+04
1.249223927280853968e+04
4.243977936416049488e+04
1.355276313728280365e+04
1.350078780420001567e+04
2.781102304051855390e+04
4.039867681596684633e+03
2.032739571596196038e+04
4.608419600333271956e+04
8.338316687031374386e+03
3.076655789919549716e+04
2.140249611927067963e+04
5.323317749163561530e+03
1.144454761370178130e+04
1.171010773978757061e+04
1.780730113116066059e+04
8.219983087407315907e+03
1.381876194689391014e+04
5.744082470840095993e+03
2.651475415281628375e+04
6.306030950165786635e+03
5.275589892458562099e+04
3.780522644283519912e+04
1.932838632984104333e+04
4.900788504354949509e+03
3.563960670845644927e+04
4.986915949440072836e+03
1.259249038981173726e+04
5.614587560163618946e+03
2.764925230175239267e+04
9.988013762690461590e+03
2.371701315449436879e+04
1.855396683147726071e+04
3.733779333737934940e+04
1.634586106634236967e+04
2.030851122505945386e+04
1.428236402311552047e+04
8.656790948610650958e+03
2.175220825758230058e+04
2.858573605750218849e+04
3.957117216972562892e+04
1.898132200860704324e+04
1.736334445400541154e+04
1.173643220687287612e+04
4.759659334292003768e+04
6.375933471663336604e+03
1.958015118629234348e+04
1.379773047873779797e+04
3.772435757759300759e+04
1.043186257328247848e+04
9.956491836610370228e+03
4.490672582013178726e+03
8.663056078136633005e+03
8.042433982096047657e+03
1.103178742761143258e+04
2.898926694504326224e+04
3.088182429833171773e+04
2.443352652506142476e+04
4.883146555014825026e+03
2.994136255067437742e+04
7.478526429656129039e+03
3.587996260590050952e+04
2.456559793661494405e+04
2.110087391881147414e+04
1.203117364720083970e+04
2.429533871444729448e+04
2.530738658707675131e+04
7.568283783010847401e+03
2.298792338119274791e+04
1.618747347363009249e+04
1.493465856092653848e+04
3.285471356630256196e+04
8.942152291252921714e+03
2.691895092215697514e+04
8.972522991956609985e+03
1.264450548381925000e+04
3.633324493870869446e+03
2.323359382587939763e+04
6.958872949243227595e+02
1.787967357093706960e+04
2.721542622211284470e+04
8.320417182233464700e+03
3.948363306256623764e+04
2.594743663644103071e+04
7.828318251992093792e+03
6.062170339131302171e+03
1.458514655157093148e+04
3.632057861887459876e+04
1.001579928209262653e+04
3.434202120185871536e+03
5.624161062318177756e+03
7.919143196697749772e+03
1.658306431651642197e+04
8.439414279688737224e+03
2.497006954667007085e+04
2.613423098576869234e+04
2.218964833419210117e+04
1.221633009582350678e+04
1.916487050000138333e+04
1.592926658401149552e+03
1.435485505735170045e+04
1.329480062102370539e+04
3.489069934261411254e+04
5.713536875833111844e+04
1.959841693253783887e+04
1.061078173899163448e+04
9.728184680466065402e+03
4.121810668441060989e+04
2.622603231997024704e+04
2.411509510385036992e+04
3.550778801461972762e+04
2.371830004314537291e+03
2.182464002365580382e+04
3.505544266159349354e+04
1.210154848862483050e+04
1.406207790537249639e+04
3.910987715425781789e+04
4.009614645289093914e+03
4.980286417474693735e+03
1.225625150890410259e+04
1.017484618104774927e+04
1.109633058641670868e+04
1.732977742487834257e+04
6.587434219418160865e+03
1.273787694875413399e+04
2.189170335696387701e+04
3.819544219590362627e+04
1.374074992712560925e+04
1.163450167125182998e+04
1.900217059989251720e+04
8.910598592859732889e+03
4.002809153023686667e+04
3.118262110708575619e+03
2.361425222380773994e+04
4.236221126046148856e+04
1.923954974776955169e+03
8.703497845147607222e+03
2.025584900146917425e+04
1.486581438216830429e+04
1.698821047536129845e+04
1.360934309091264367e+04
2.376753796616222462e+04
1.009906273820729621e+04
7.313254640368218134e+03
1.476115602782308088e+04
6.939066081449970625e+03
7.360344013604093561e+03
1.916789684481098448e+04
3.167095627272932325e+04
4.253357940515219525e+03
3.704983404612767572e+03
7.811166706377144692e+03
4.291507257625769125e+04
1.683156060524132772e+04
8.187244546453759540e+03
3.875817554989730706e+04
1.261372534418514806e+04
1.767522090233571726e+04
1.289295476413056167e+04
4.070479335108103987e+04
9.405412353670330049e+03
6.091774892764887227e+03
1.120324965149911441e+04
1.332071289370580234e+04
1.202357071621534487e+04
2.508754757664126373e+04
2.424403695103890277e+04
4.859303322115940318e+03
1.861031258100670675e+04
1.490823431342788535e+04
1.040811975647062354e+04
2.698251098535587153e+04
2.224504941272531869e+04
2.796291639631892394e+04
3.532375905622407299e+04
5.313742091217967754e+03
2.498851719640025840e+04
1.986479353474355958e+04
3.478005066459130467e+04
9.736419721928125000e+03
3.496684310141864989e+04
8.284986843445987688e+03
3.762022654552658059e+04
8.579666974451512942e+03
3.558476928907619822e+03
1.828705003526282962e+04
6.101510723661558586e+03
2.798047669843897165e+04
2.312146932841063972e+04
3.411687031496640702e+04
7.404443193280014384e+03
2.725769732253648181e+04
9.491928693432437285e+03
1.313182089251111029e+04
5.879897766223525105e+04
6.991793052070375779e+03
1.884350282177573717e+03
1.646053644359045938e+04
1.394244403688358943e+04
1.247756526448329168e+04
1.529949027098785518e+04
4.302308886000766506e+03
1.097201902231830536e+04
7.359306252332849908e+03
2.676545005100986236e+04
9.690476922504236427e+03
6.225419288717000018e+04
3.518666451455404604e+04
4.162398797765567724e+04
1.598010227625857260e+04
1.922595299898609665e+04
8.018824263608668844e+03
1.557706429633650259e+03
1.453531386575639408e+04
1.557516549601270162e+04
9.782348573608300285e+03
8.251059625462248732e+03
2.822119300766885135e+04
8.060912862530684833e+03
8.477216748408915009e+03
8.640015903090501524e+03
4.768926033823152102e+04
4.013789325029247266e+04
8.862192773078255414e+03
2.288482604339964746e+04
5.994315181252242837e+03
2.702852264260427546e+04
1.430344122964361668e+04
1.004173461166975130e+03
4.387701375652888601e+03
4.913158773709026718e+03
1.373481670529347321e+04
4.385082424622155486e+03
7.105017257663723285e+03
1.670885728640224261e+04
1.151992026099696159e+04
3.004151861759748863e+04
3.996376161908780341e+04
4.172483889455023018e+03
2.249447139681992121e+04
9.129379084581890493e+04
3.687014529843060700e+03
3.011808146339265295e+04
9.253134337836509076e+03
5.497730715227805922e+04
1.733631017539842287e+04
1.075377644353639334e+04
2.191018651743159717e+04
7.002373250498019843e+03
1.051670400533042084e+04
3.246443967114774205e+04
3.171787677996486309e+04
1.757909631145174717e+04
3.735108986154622471e+03
1.462044428160855568e+04
1.618821986479221232e+04
1.021731721318365089e+04
2.687576021329401101e+03
3.228931679129394615e+04
1.709526304556679679e+04
1.505047590469341412e+04
9.319496145024813814e+03
2.849179218201260028e+03
3.731293903395855159e+04
1.206748016234224997e+04
6.974941238145061106e+03
3.705843633569410304e+04
4.418613524370649657e+02
4.621729547785422255e+03
2.614470826009967641e+04
1.030666698827449909e+04
1.149117597320073219e+04
1.124596423073174810e+04
5.745933005973371110e+03
2.388413245432182521e+03
4.124392509059330041e+04
6.212023551704235615e+03
2.496003151956389411e+04
9.134875744548369767e+03
3.319543408334458945e+04
2.633345488129169098e+04
3.822353571233983530e+03
1.981141255278093740e+04
1.444869802505692132e+04
3.844207284267034265e+04
1.997607568993324094e+04
2.991189624625414945e+04
1.515842549020809565e+04
2.566580499350648461e+04
2.281097539597408104e+04
4.230929811295692161e+03
1.009280796542172902e+04
2.927303383619941451e+04
5.305041594603819249e+03
2.914865618015315704e+04
1.480190229520524190e+04
2.294871097275192005e+04
1.197518677377542554e+04
5.788578526957771828e+03
1.015307196016311354e+04
6.424689941928383632e+03
4.791666662046450074e+04
3.161803777071385048e+04
1.670756961949414108e+04
5.891083899836553428e+03
2.501841230906718556e+04
4.327506728453374308e+03
1.079979743749255795e+04
1.074062524344269514e+04
1.288350531163253982e+04
5.272462500469217957e+03
4.366274659672705457e+04
6.097289641898796617e+03
1.043501168348212104e+03
2.406501194740238861e+04
2.260561796614971172e+04
5.118719115735088963e+03
2.365227504798534937e+04
1.058343349803409001e+04
7.956086384337778327e+03
1.711494151496017730e+04
6.238899413164899306e+04
3.066566077591622525e+04
1.579011318623710031e+04
1.108503539331337925e+04
4.400465239011627273e+04
9.321661595911129552e+03
9.054640677554438298e+03
1.218084278175846703e+04
1.045192661627635607e+04
7.952753322365652821e+03
1.242241605187797904e+04
2.456246259659943826e+04
3.441822905423242901e+03
4.064419138498513348e+04
1.260236840389254576e+04
2.969961463519161771e+04
8.823341251373291016e+03
2.231297548810228182e+04
4.326724150115685916e+04
4.301428628007418411e+03
4.862217551062341954e+04
2.556959100772280726e+04
3.741127173893140025e+03
3.347193640648404835e+04
1.663936943276986858e+04
7.380932809852893115e+03
1.256218057787256112e+04
6.223430722860264359e+04
2.413799543838926547e+04
1.173778093801272553e+04
9.435858460608600581e+03
1.088383105443818204e+04
1.703746661081675848e+04
1.327733929417601757e+04
7.335229238945683755e+04
7.108455591167907187e+03
6.796824733103200560e+04
2.494189717104239389e+04
1.366358325144564878e+04
3.813201548834097048e+04
1.766984377992651571e+04
1.704044052090553305e+04
3.870409380224471533e+04
3.322845724845064251e+04
2.316756959903084862e+04
1.252639706425611803e+04
1.016281167573902712e+04
3.139773128420481225e+04
1.401400114860854774e+04
2.415300286052237061e+04
2.070698806155407874e+04
1.808492573914267996e+04
2.423204695242613525e+03
2.783551309917662002e+04
1.145631383248739985e+04
1.303704709208341592e+04
5.012135842371371837e+03
7.216615188022585244e+03
8.648821201681672392e+03
5.685015043224712826e+03
7.925195602335617878e+03
8.683495394637766367e+03
2.298547092803974010e+04
2.100547109337388611e+04
2.256865019093948649e+04
3.174865147069928571e+04
5.786960695841708002e+03
5.136495552806883643e+04
2.223858653464253075e+04
1.380291173836999405e+03
1.585975940306281154e+04
1.160052384702280506e+04
1.100953772552212831e+04
2.352731727975533431e+03
2.836954267878853352e+04
6.250517288997823925e+04
9.255452664993425060e+03
6.156417974584922376e+03
7.453263519202713724e+03
3.895092196004351717e+04
6.933129712532464509e+03
2.641206666071684958e+04
3.260702066642325735e+04
2.606779348170899902e+04
4.139726869568083202e+04
2.352577566790924539e+04
1.319056828334717648e+04
5.291635152486240258e+04
9.132293880981039820e+02
7.683607488711050792e+03
6.738394456806281596e+03
2.273049201136955526e+04
3.198896402433199546e+04
4.530269509730053869e+03
3.601455971218325431e+04
5.260973569206672437e+03
2.065829087142823846e+04
1.291364762581740433e+04
1.878302168441950198e+04
5.373968557264443007e+03
1.372921371529965654e+03
1.121877481150344465e+04
5.394448136157549743e+04
1.368109919317821732e+04
4.877677969626461709e+04
1.838262936019994231e+04
1.000942534316037018e+04
9.305138862234865883e+03
1.525636859158321749e+04
2.706690315794174239e+04
2.838675633684396962e+04
1.049198038032852128e+04
1.372270868250101194e+04
6.207282621260648011e+04
2.417218267813239436e+04
1.601751194411357937e+04
1.528764760763366576e+04
9.575599787594377631e+03
3.931851259145581571e+04
9.137570705618923967e+03
1.088678057207841630e+04
2.070316386605449588e+04
2.473808348961254887e+04
9.484438087576490943e+03
7.810725147332987035e+03
1.171848608550555946e+04
8.935919628166120674e+03
3.009300898518357644e+04
1.280394469014605056e+04
5.445418635213957168e+04
8.740456128265897860e+03
1.587614789324155572e+04
1.718297157717385926e+04
6.588433334153473879e+03
2.371303815549319188e+04
-3.693818946558121752e+02
2.245537432581437315e+04
7.453214758374924713e+03
4.512983684192877263e+04
3.574777122792349837e+04
8.595131536676701216e+03
8.167541655283832370e+03
1.281317748010017021e+04
1.081605587915265824e+04
2.100769703372410004e+04
2.211385446330060586e+04
1.552498890785235562e+04
3.346852811799878691e+04
4.348724300649772340e+04
1.958783902180064979e+04
6.619778909412582288e+04
1.664327686439592526e+03
1.387417216372964867e+04
2.352255713078382178e+04
2.765610334522671474e+04
8.786182486368923492e+03
7.115423626752075506e+03
1.477124783978005871e+04
3.199859662194712291e+04
1.916577094834291711e+04
1.620010805085393076e+04
1.874943444706685841e+04
8.764284416417965986e+03
2.264581253828329136e+04
2.073140549953396840e+04
3.068763538173957204e+04
1.003721786879836509e+04
6.684627625887522299e+04
3.113774027496335839e+04
1.948941972493986395e+04
2.693965958514832892e+04
8.597507229394657770e+03
1.077570554579797317e+04
7.447882821614712157e+03
2.010815617945961276e+04
7.852700318354178307e+03
2.894870198897107184e+04
1.854587637571786036e+04
5.646058337548274721e+03
4.943168826728166891e+02
2.195577752586871065e+04
1.914333743682627755e+04
7.852670266800250829e+03
4.372530390563603578e+04
2.598116013705086152e+04
7.833163302389521050e+03
1.450896470096528719e+04
1.110814952566513784e+04
3.405056736266252119e+04
2.250252661407103733e+04
1.617256865680289411e+04
1.149734420821546519e+04
1.264154223901194018e+04
1.514894213770082206e+04
6.973619342179117666e+03
2.007925272599832169e+04
1.855584470657608472e+04
6.247392712856806611e+03
1.019850149369006795e+04
8.480628593047507820e+03
1.745063205774546441e+04
1.912604398673408286e+04
1.451646638128751692e+04
1.469836148838430017e+04
4.916500389698670915e+03
1.346679684483465462e+04
1.625329554578295938e+04
1.139288490755248858e+04
2.519088345948000642e+04
4.592087171707759990e+04
3.212787567072048114e+04
1.075428997084270122e+04
2.242927845395653276e+04
7.110043949756151051e+03
4.005300688892968083e+03
7.874720011116594833e+03
1.876513614619078726e+04
2.564696755684371965e+04
2.137361635708724498e+04
4.959430956737030647e+04
6.165982214488236423e+03
1.934017396928721428e+04
7.689080869223666014e+03
3.616287108848311618e+04
2.430990414664228956e+04
3.180638962723638542e+04
4.540287973679366405e+04
9.376558871194993117e+03
3.152633613960867660e+04
2.791156684226877769e+04
1.160784709408885465e+04
2.849050774361521326e+04
2.065689933325864331e+04
5.032524394917277095e+04
1.389657938081690008e+04
3.617752427768296911e+03
3.614478332952252822e+04
1.280881223340978249e+04
2.392108301821750501e+04
2.291258126910117790e+04
3.394610672129812156e+04
9.895419203919067513e+03
4.261933558747534335e+03
4.767256633820747084e+03
1.370322472382391607e+04
1.688124475039703975e+04
3.537105696561422974e+03
3.533961736783133529e+04
1.344925672889385169e+04
1.314339190274271823e+04
1.350775104366358028e+04
7.421771775283653369e+03
3.142790581034027127e+04
1.488704491423754007e+04
2.247038327393717918e+04
2.469589176250631135e+04
3.249092138936063566e+04
2.297253043596097996e+04
7.119628024271913455e+04
5.298065075631535365e+03
1.377714072737482638e+04
7.240913184323029418e+04
1.970650139822428628e+03
1.943047716266346833e+04
2.084275851603272167e+04
1.065887638471301943e+04
2.965484712099309763e+04
1.424908404660790984e+04
2.502231662110716570e+03
6.850037923331473394e+03
2.778965907942675403e+04
5.656282828645831614e+04
5.711901612971651957e+03
2.135891392456476751e+04
2.552121867592921626e+04
6.160124562105472251e+03
1.212688435374742039e+04
3.045768098417911824e+04
7.137839532816406972e+03
2.655812703909989796e+04
1.375197260635584826e+04
1.356442947138865384e+04
1.583329697604607463e+04
2.797675703164425613e+03
1.679138333083777979e+04
1.199648948441067114e+04
2.404804928634794851e+04
8.337746993668624782e+03
1.303395315825034595e+04
1.659358096190199285e+04
1.469473156791191104e+04
1.543757122041595721e+04
3.535109974045192212e+04
2.163216090672545397e+04
1.308109686263930416e+04
1.875417703469419939e+04
2.814483777965884292e+04
3.195761693475985521e+04
6.012194497614309512e+03
4.202056821412758836e+03
7.473067052608406811e+03
4.020067005716805397e+03
3.729498995182614453e+04
4.863466023161881822e+03
5.683599793010432222e+03
1.117592232548044376e+04
1.129356302485728520e+04
4.887568983489520906e+04
1.243460568723695178e+04
1.800824578929230483e+04
9.516806050220331599e+03
3.208521282015451652e+04
1.048519301109871230e+04
6.424130474160470840e+03
1.495271848498960026e+04
2.458299627865289222e+04
1.639527017571447504e+04
1.737189330711575894e+04
2.653078267180921102e+04
5.492654605150583666e+04
2.089161724454413707e+04
7.469019790815620581e+03
3.601413225656904251e+04
4.747611877391543203e+03
4.495510516378332977e+04
6.449088398063122440e+03
8.588996658578824281e+03
1.049805684289178862e+04
2.560847024091225467e+04
1.712526031243185798e+03
3.359128695769330807e+04
1.479206274248893351e+04
1.456180516722588982e+04
1.378728017118559728e+04
1.486129681057624475e+04
2.484151285010918218e+04
1.277238078113639313e+04
5.088128025340805470e+04
1.225081936865138050e+04
1.659803101697077727e+04
2.685606984383517556e+04
1.201059468489540814e+04
1.680879179218402442e+03
2.204406741823742777e+04
1.627250632258656879e+04
2.190977233999234522e+04
1.251691533650002384e+04
4.334222277000762915e+03
1.861118333725911725e+04
8.839627190174038333e+03
2.944139719409480313e+04
2.379310341929458082e+04
7.681228817118208099e+03
4.819757861866519670e+04
3.792467331188573735e+04
1.807135934926225309e+04
2.959636109804034641e+04
2.615687164594025671e+04
1.578765323835238451e+04
7.937016917996250413e+03
2.741155135528976098e+04
7.561791544935142156e+03
9.801725044492828602e+03
2.146561985106026623e+04
1.699250494510978751e+04
5.868776330049829994e+03
1.091278195176052577e+04
4.053404575600032695e+04
1.488260810448431039e+04
1.182796147189725889e+04
2.644477783818736134e+04
1.906450902961556130e+04
3.478603337829313386e+04
8.798621423143948050e+03
3.880007139472419112e+03
4.633586105992584635e+04
2.773634205679551815e+04
7.539804141608559803e+03
3.631083162085494405e+04
6.788261337702231685e+03
8.745058410891484527e+03
5.976853399044460275e+03
2.929057380584399652e+04
1.396718499838488606e+04
1.418742462242924194e+04
1.401524852058912074e+04
1.017937167877005959e+04
1.512896839653645475e+04
1.103147744512324971e+04
2.759803064334088413e+04
1.260785037263172671e+04
2.013361063987566376e+04
1.110107981505340467e+04
1.603772357024465964e+04
3.830962310753363272e+04
3.977400908876242465e+04
3.719106149513768287e+03
2.783273389220305762e+04
2.788226309311985096e+04
2.150916985403921717e+04
2.718181432133875205e+04
6.659603033776148550e+03
4.562930249080744034e+03
3.451769155548155686e+04
5.269718436449201363e+03
1.712971570898249411e+04
1.800746690356357794e+04
5.973040008453694099e+03
2.725869734651748149e+04
9.667824450266818531e+03
4.105742557577532716e+04
1.176730140112322806e+04
1.397693221414016080e+04
4.028403581678928276e+03
9.895788382172097045e+03
1.746504653235055957e+04
9.126520070146902981e+02
1.832775911394732248e+04
3.159782715819976511e+04
5.012200820328488589e+03
2.218352750862561516e+04
1.949422969466886207e+04
6.834363406795584524e+03
7.178337238428483033e+03
3.076336079673968197e+04
1.057665893292655528e+04
1.846844611132929640e+04
1.719767940379686843e+04
1.441071703676307880e+04
4.447115689292901152e+03
4.222443581493919191e+04
1.539820341466805985e+04
6.505658616993176111e+03
4.874312124199910613e+03
3.885305597162200138e+04
4.797981350808864954e+04
2.126390742556540499e+04
8.177920846505903683e+03
4.875156480613224267e+04
4.882979880873169168e+04
1.306138139893014886e+04
3.689254595447444899e+03
6.330916882802051077e+03
1.888617035700346605e+03
1.578246063096278704e+04
6.273380685260175596e+03
1.201910707168880072e+04
9.274635710625505453e+03
1.197282402492901019e+04
8.419201015993003239e+03
2.429187716171535430e+04
8.618060531658615218e+03
8.132914058341220880e+03
2.293497908017028385e+04
2.275943691177131768e+04
3.128532283829080188e+04
2.448981602733816180e+04
1.131106179998096923e+04
1.419087493606386670e+04
6.492805164417341075e+03
1.257796262969334202e+04
3.811998108690542722e+04
4.001803535555540748e+03
2.510796756436997748e+04
9.261799334160426952e+03
5.895833026133246676e+03
2.530806112319448584e+04
1.090494507757010797e+04
1.342897858704741520e+04
2.200366491387896531e+04
1.512318102377666582e+04
2.214522567069932120e+04
2.978953062934092304e+04
5.092210175915261061e+03
2.020411553896131227e+04
9.499886550015085959e+03
2.596257257173848848e+04
2.019253820368662491e+04
1.758983838854899295e+04
7.720250123780480862e+03
3.640234524289456749e+04
3.194042354692461231e+04
6.992968480438585175e+03
2.326799354195466367e+04
3.154336901014825708e+04
8.862002218587840616e+03
2.888702976016819321e+03
1.877477566642557940e+04
2.543938209306778299e+04
5.440564258523052558e+03
1.939717886694335175e+04
7.542552073793605814e+03
9.703122979652926006e+03
1.398161229447847472e+04
3.972928246002643573e+04
5.908603727118714596e+04
5.515174061602452639e+03
1.628881220234744615e+04
1.268191447338764556e+04
5.320568575132025217e+03
3.322149903743401228e+04
-1.198012136895584945e+02
8.056396313143683074e+03
9.252726478060836598e+03
8.731518301542837435e+03
1.562673041815061151e+04
2.366001037501748942e+04
8.541087082151307186e+03
1.819480743604510644e+04
1.563362412397488333e+04
2.197137996936291529e+04
2.041669788533795145e+04
8.044216669113553507e+03
1.808894741315935971e+04
1.910238077436967069e+04
2.113726103789225454e+04
1.961115144214872998e+04
3.234391068856776837e+04
3.375408711844520440e+04
2.051487934307348769e+04
2.953167236942427189e+04
4.302005487715668278e+04
3.876564094797428697e+04
2.052806605249966196e+03
6.805238131573816645e+03
1.026546054112783168e+04
2.035769035020807860e+04
2.807519203545254277e+04
1.833160999631654340e+04
1.156248614178593562e+04
1.149617241449729954e+04
2.791569968292234626e+04
7.251025223360054042e+03
1.908895693245712755e+04
4.188059023479211464e+04
1.359641863581616053e+04
1.911570775352468991e+04
2.793496863212212338e+04
2.058503772419017332e+04
1.465113676389330249e+04
4.792883525116595592e+03
1.472257584886472250e+04
3.382659525202367513e+04
2.972462944553296256e+04
3.690207193319231010e+04
1.865167300507771870e+04
1.992764879709315574e+04
3.401657467149150307e+03
7.535583449913868208e+03
2.346537053235264102e+04
1.599737051074975534e+04
4.619008970933270757e+04
4.879583125173642657e+03
6.766164991397936319e+03
4.450186758059219574e+04
3.925042890434246510e+04
2.015263970402777704e+04
2.155966685145803422e+04
3.157609679144640904e+04
1.918098019449686399e+04
3.757904933874167182e+04
1.627307708816089507e+04
2.046569389832615343e+04
1.350356316806524228e+04
1.174192963474278804e+04
8.793680364924506648e+03
1.147659603391360361e+04
6.150444162334928478e+03
1.505378232890449726e+04
9.653196762060275432e+03
1.384777915112823393e+04
1.687907869321926410e+04
2.662245429822509323e+04
1.545162915110195900e+04
6.038449349018615976e+03
1.449887279791163382e+04
6.748467037156316110e+03
2.401026294721520389e+04
1.216673084324539559e+04
8.282692659396891031e+03
1.908683093287651354e+04
2.666234180245353855e+04
1.338700851835917319e+03
5.470134952743238500e+03
4.974061211088463460e+04
1.079916762969652336e+04
7.988403619233376048e+03
9.551342544994968193e+03
8.980865950154018265e+02
1.119440880757038940e+04
2.064476284401172961e+04
2.336249137580185925e+04
4.360099000324656663e+04
1.105329503667639256e+04
4.656854233200506133e+04
1.953966043941391763e+04
5.402221609467631788e+04
3.751782968028233881e+04
2.217058736973662963e+04
1.939819788843084461e+04
1.200693108463526914e+04
3.088160740978835383e+04
1.646704446659665700e+04
1.377435723456102642e+04
5.463137660107244301e+04
4.554577540593449157e+03
1.265648159276231672e+04
4.125133910297047987e+04
1.842564754923329747e+04
6.244889079331564972e+03
2.924788145440755761e+04
6.021313927862073797e+03
9.081589383754037044e+03
4.207966015351541864e+04
3.644417723732953164e+04
1.292578977413250686e+04
5.112556448120603818e+03
7.211637887242406578e+03
1.533715976363142545e+03
2.940481250970574365e+03
2.570248996197845554e+04
2.463507867139545851e+03
3.859713890099803393e+03
3.975345941989806306e+04
1.400060833429291779e+04
5.428434257024625549e+04
3.764422588592465218e+03
5.077194764814747941e+03
3.498922169746716099e+04
4.953612173942508889e+03
1.038329712965046019e+04
3.667509417604070768e+04
1.278969423333416853e+04
3.136994666555262302e+04
9.767854431879899494e+03
6.899733460874393131e+03
3.834060725450356404e+04
9.510832661940828984e+03
1.053560326309822631e+04
6.422154124202243111e+03
2.326522188460563848e+04
5.006094656730504539e+03
3.751722380841897393e+04
2.947911298014402200e+04
2.479025555089042609e+04
5.404959599231567154e+03
2.676825443046403234e+04
1.124645062353734829e+04
1.661717282792616970e+04
2.444720737696029755e+04
4.697831656328716235e+03
5.111626329653630819e+03
1.732502421608958684e+04
2.960103864641995824e+04
2.763749311925646180e+04
1.054427541889206987e+04
1.895726389334162377e+03
5.047559762863720607e+03
1.377414190328124823e+04
3.917327988026951789e+04
1.325303917392765288e+04
7.885637672615830525e+03
1.357090795233551034e+04
2.005588271071802592e+04
7.237131631928217757e+03
2.470393714292621735e+04
1.146879016225702435e+04
2.726328758621076850e+04
2.518169387988325616e+04
7.977917876315603280e+03
3.020964308276837255e+04
2.270199362357007340e+04
2.749803390745216529e+04
2.889633495729908645e+03
4.887387763222373906e+03
2.649241694689753058e+04
1.141572543025955019e+04
2.842685223650636544e+04
2.187592010106777161e+04
2.195862166298161537e+04
1.602781118417636026e+04
1.848315298009744538e+03
7.844740003449101096e+03
1.377789497580932766e+04
1.908267773610873701e+04
1.791994418371384745e+04
8.848564980575307345e+03
3.645813851917794818e+04
4.081369780467953387e+04
4.552926898135682859e+04
3.045766083797669489e+04
2.050265488325120771e+02
1.892123170887838569e+04
1.453071573582411656e+04
4.867009129214233326e+03
3.054366391555465088e+04
9.157345124628338453e+03
2.194029575335980917e+04
5.775071503739472973e+04
5.926151512348366850e+03
2.746624154956915663e+04
3.818855659364849271e+04
2.542027535534175513e+03
6.408995597109869777e+03
3.546062812201719498e+04
4.210528849224811711e+04
4.316283797394607063e+03
1.916668511330665569e+04
2.271176187038707212e+03
3.825134407719508454e+04
2.037317079135511813e+04
2.317627047983870580e+04
1.042964704014251583e+04
1.151118392596765261e+04
1.534767921685796318e+04
4.715982000646150118e+04
1.078090844749630014e+04
9.974063329712136692e+03
1.707750629468483748e+04
1.005389686437880846e+04
9.884013243611036160e+03
1.315307971853197159e+04
5.622514006227078062e+04
3.321749398142837163e+04
1.888224414734111633e+04
7.053192909789521764e+03
1.579444226984680608e+04
2.232299444760438564e+04
1.276160684851649421e+04
3.432501126918696536e+04
5.486675869750388301e+02
7.615451185996864297e+03
3.175821808062650234e+04
1.260668659574278354e+04
1.148575136023434970e+04
2.342493889676935214e+04
1.527621815355989384e+04
5.096967701815466717e+04
6.120538735900632673e+03
1.227052293726614698e+04
4.289156553899346363e+03
2.067189614952931879e+04
2.591984090119373286e+04
1.834315474214062124e+04
2.993559757849355083e+04
7.790620873239620778e+03
1.636825909520689311e+04
4.691822502618193539e+03
1.476374163429584951e+04
9.596488061408472277e+03
1.690541828610097582e+04
3.333272487265373638e+04
8.805627412141591776e+03
2.339389843087757072e+03
1.555648181961308183e+04
2.018480596837284247e+04
4.318319352582791907e+04
6.227454850037352116e+03
2.538242025215281683e+04
3.634810575238333695e+04
1.548423586473055911e+04
1.599781113049198029e+04
6.934835643035261455e+03
1.075549860866557719e+04
5.287596912272452028e+04
2.869755352646514439e+04
1.641285301984076796e+04
2.436263042252072046e+04
8.777378542623244357e+03
2.032573912851761270e+04
7.778759566186200573e+03
2.178847800791192640e+04
1.833559872765408363e+04
1.814582273583209826e+04
1.916955095532187988e+04
6.789511130132143080e+03
1.219595889829643602e+04
1.262649005087200385e+04
2.428609975601873157e+04
2.342290337689207809e+04
2.127469539781436106e+04
5.731524852067175743e+03
2.199564390775971333e+04
1.558129190518735959e+04
7.235173017758347669e+03
7.350349787489976734e+03
1.591143590380747810e+03
2.135389918488490366e+04
2.866072544095675767e+04
1.267382967822564206e+04
4.570257171832512540e+04
3.906962385546604492e+04
3.611795715489779832e+04
4.138513369009693997e+04
8.715161294105784691e+03
2.710862399251331226e+03
2.805985070120601449e+04
1.088311236435943283e+04
2.729854840794560369e+04
1.310375144469642328e+04
3.338791233514493797e+04
3.512970793087434868e+04
3.853308351385132028e+03
9.379077590092013997e+04
1.065920884793393452e+04
1.519173304903399548e+04
2.167518697389362933e+04
1.374734944116888437e+04
2.907624792174591494e+04
8.131140569026142657e+03
8.230298074723623358e+03
2.775270554935123437e+04
9.028033946003262827e+03
2.718495554571725734e+04
5.683747547884288906e+03
4.010801819617469300e+04
7.169989690781648096e+04
3.856270426483290521e+03
4.046690586644584982e+04
6.021970390862419663e+03
7.605948739718630350e+03
1.759832030032919283e+04
9.608096893288507999e+03
7.565004310061819524e+03
1.960473987528748694e+04
1.517958600550740266e+04
2.649418481252992206e+04
1.305648067058612469e+04
1.442620041433271581e+04
3.857789685432250553e+04
1.422774221111262887e+04
1.096088927581483949e+04
3.351984608630678122e+04
6.170326890107050531e+03
1.326910336789567737e+04
3.053850589412228874e+04
1.064530848635736038e+04
3.473892181007500039e+04
1.503991743831219719e+04
1.350684396542082141e+04
2.092585609695399762e+04
5.808662889475699558e+03
1.342097466992610498e+04
2.175876714327575428e+03
3.882018446380031946e+03
1.035404469005564169e+04
1.581968293558930236e+04
2.291769210255719372e+04
8.005186085717824426e+03
3.537954334940768604e+04
1.630019913465885475e+04
2.438510901129582999e+04
4.164880790249879647e+04
5.893603680586707196e+04
5.909358288156527124e+02
1.600361211374851700e+04
1.908375830646386385e+04
2.023034453005777686e+04
1.543405491545387804e+03
1.022930422620300669e+04
7.186328558292385424e+03
1.332655983074839060e+04
3.786288424123165169e+04
2.070587534547752512e+03
6.081801249885910693e+03
2.113281774648648570e+04
9.136460922219332133e+03
9.053180265726405196e+03
2.759853347550433318e+04
7.536612238577999960e+03
1.259310908508573630e+04
5.093044654248031293e+04
1.040458913017921441e+04
3.576916960842331173e+04
9.019831889881645111e+03
1.165100504841435759e+04
1.013802306824243533e+04
2.235679777299065609e+04
1.115923121502133290e+04
1.445577922109611245e+04
2.105105429240338708e+04
6.205935947782626499e+03
1.687335054588106868e+04
1.081628959945638235e+04
1.495436271707969718e+04
1.830287701744167134e+04
1.240928463196590928e+04
7.307616693637975914e+03
1.605223702647751088e+04
1.229757734448129850e+04
2.222678716948932561e+04
1.708920098262958345e+04
4.034798376798488607e+04
1.209205549201693429e+04
1.530884300518817690e+04
2.193084506094747121e+04
1.836593474068593059e+04
1.567135632455044470e+04
4.660127073374032079e+03
1.682055441738433001e+04
2.210809713947133423e+04
6.883799241045515373e+03
6.852319802252648515e+04
1.898628215709189135e+03
3.463328952824399494e+02
1.042264401681699201e+04
2.573553502347615358e+04
2.153968029732527066e+04
1.437178147676539083e+04
1.918178566111400505e+04
2.258839785533251415e+04
4.063843209167974419e+04
5.523689098934260983e+04
2.013857120945664428e+04
7.619362821766777415e+03
8.778041777064738199e+03
6.814432859716423081e+03
1.957141080975427758e+04
2.737969088247607215e+04
3.208460208276061167e+04
1.425419840331099113e+04
6.600591975125216777e+03
1.318443430487717706e+04
2.604431098585801010e+03
2.308158561502359953e+04
1.069149195222908747e+04
3.246681569107536052e+04
1.050622377049682473e+04
1.602159609230523893e+04
1.958279479547623396e+03
6.979293601869072882e+04
2.947454522077594811e+04
6.032137669336865656e+04
-2.028138971347606230e+02
7.376279907998173258e+03
1.004876544820842901e+04
3.998492365928794243e+03
9.555256377146841260e+03
2.046011000316277205e+04
2.411426099463348510e+04
4.145876166811394796e+04
