4.932221932233844418e+05
6.417755938509257976e+05
4.725666677303541801e+05
5.458422594729610719e+05
5.455057640091546346e+05
5.257657732634601416e+05
5.387340759272648720e+05
6.418251357464091852e+05
6.122429716202931013e+05
6.655443657204202609e+05
5.150583915726646082e+05
6.597126301450966857e+05
6.153969511405575322e+05
5.159675603303130483e+05
5.101339418373607914e+05
5.303961560127025004e+05
5.203721987304318463e+05
6.936831758684241213e+05
5.855540926088698907e+05
5.418261095774181886e+05
6.185014936828094069e+05
6.721603240951597691e+05
6.221373472739649005e+05
5.325412327446977142e+05
4.920831576193998917e+05
5.668699096467308700e+05
5.904557217779124621e+05
5.518937490874879295e+05
5.853576218923092820e+05
6.099179278109283186e+05
