1.939696777343750000e+03
2.786819335937500000e+03
3.857214843750000000e+03
6.402094238281250000e+03
9.895249023437500000e+03
1.112548144531250000e+04
9.678362304687500000e+03
1.319576171875000000e+04
1.477327148437500000e+04
1.409279492187500000e+04
1.194773144531250000e+04
1.340113867187500000e+04
1.241733300781250000e+04
1.176105761718750000e+04
1.358909179687500000e+04
1.305808984375000000e+04
1.639348046875000000e+04
1.472811914062500000e+04
1.554923730468750000e+04
1.525708593750000000e+04
1.899141015625000000e+04
1.524813085937500000e+04
1.895033789062500000e+04
1.584906738281250000e+04
1.486409179687500000e+04
1.728902148437500000e+04
1.455930273437500000e+04
1.855382226562500000e+04
1.648521093750000000e+04
1.613387109375000000e+04
1.791116796875000000e+04
1.646891992187500000e+04
1.618113281250000000e+04
1.531094531250000000e+04
1.652648046875000000e+04
1.703308984375000000e+04
1.656979882812500000e+04
1.514193945312500000e+04
1.602315820312500000e+04
1.726402343750000000e+04
1.541194140625000000e+04
1.750811718750000000e+04
1.490151464843750000e+04
1.501371875000000000e+04
1.772719531250000000e+04
1.908492773437500000e+04
1.690452148437500000e+04
1.653554687500000000e+04
1.655716796875000000e+04
1.707172265625000000e+04
1.485843652343750000e+04
1.706350390625000000e+04
1.834619921875000000e+04
1.604060839843750000e+04
1.589840820312500000e+04
1.602210351562500000e+04
1.600176562500000000e+04
1.675366210937500000e+04
1.663225390625000000e+04
1.725928515625000000e+04
1.787604687500000000e+04
1.955781640625000000e+04
1.742746484375000000e+04
1.474642578125000000e+04
1.816670312500000000e+04
1.893112500000000000e+04
1.587998535156250000e+04
1.432186718750000000e+04
1.891363671875000000e+04
1.856774804687500000e+04
1.799168750000000000e+04
1.586069335937500000e+04
1.750933593750000000e+04
1.686667968750000000e+04
1.827232617187500000e+04
1.983062890625000000e+04
1.613658398437500000e+04
1.581082617187500000e+04
1.837117773437500000e+04
1.479002539062500000e+04
1.548705175781250000e+04
1.710396875000000000e+04
1.869487109375000000e+04
1.801594140625000000e+04
1.618106738281250000e+04
1.829318164062500000e+04
2.011266406250000000e+04
1.831564257812500000e+04
1.871928906250000000e+04
1.914619140625000000e+04
1.619494726562500000e+04
2.165980859375000000e+04
1.649033593750000000e+04
1.926631640625000000e+04
1.845701562500000000e+04
1.637362304687500000e+04
1.920068750000000000e+04
1.686550000000000000e+04
1.609912207031250000e+04
1.712626367187500000e+04
1.768643164062500000e+04
1.853322851562500000e+04
1.851672070312500000e+04
1.827197460937500000e+04
1.487316796875000000e+04
1.772771875000000000e+04
1.856414062500000000e+04
1.796712695312500000e+04
1.808823437500000000e+04
1.925674609375000000e+04
1.677547656250000000e+04
1.636817578125000000e+04
1.837968359375000000e+04
1.543563671875000000e+04
2.184570703125000000e+04
1.806563281250000000e+04
1.726728320312500000e+04
1.697990429687500000e+04
2.021700976562500000e+04
1.821886718750000000e+04
2.170144531250000000e+04
1.538200976562500000e+04
1.654039453125000000e+04
1.561081835937500000e+04
1.740161718750000000e+04
1.980777929687500000e+04
1.637469335937500000e+04
1.709823828125000000e+04
1.905033398437500000e+04
1.911776171875000000e+04
1.841650000000000000e+04
1.697630273437500000e+04
1.722008398437500000e+04
1.956190625000000000e+04
1.840150195312500000e+04
1.622604296875000000e+04
1.713633203125000000e+04
1.724884375000000000e+04
1.978898437500000000e+04
1.749628320312500000e+04
1.767773242187500000e+04
1.639733789062500000e+04
1.784207226562500000e+04
2.025228125000000000e+04
1.530629394531250000e+04
1.885786328125000000e+04
1.573819726562500000e+04
1.655744726562500000e+04
1.731318554687500000e+04
1.932675000000000000e+04
2.058754687500000000e+04
1.667469726562500000e+04
1.537982910156250000e+04
1.929147265625000000e+04
1.858027539062500000e+04
2.020131640625000000e+04
1.610268066406250000e+04
1.611175097656250000e+04
1.763450390625000000e+04
1.655866601562500000e+04
1.568566308593750000e+04
2.025660742187500000e+04
1.739610546875000000e+04
1.623415429687500000e+04
1.713648046875000000e+04
1.397559667968750000e+04
1.900887304687500000e+04
1.946627148437500000e+04
1.775992968750000000e+04
1.899723437500000000e+04
1.699373046875000000e+04
1.664752734375000000e+04
2.000216406250000000e+04
1.973678515625000000e+04
1.674345703125000000e+04
1.487978320312500000e+04
1.612074023437500000e+04
1.663108984375000000e+04
1.760272265625000000e+04
1.728408593750000000e+04
1.814505468750000000e+04
1.706613671875000000e+04
1.745868359375000000e+04
2.038610937500000000e+04
1.783756835937500000e+04
1.798693554687500000e+04
1.763086328125000000e+04
2.062808398437500000e+04
1.574074707031250000e+04
1.813977343750000000e+04
1.701724609375000000e+04
1.921349023437500000e+04
1.667258203125000000e+04
1.677196289062500000e+04
1.977776953125000000e+04
2.041783398437500000e+04
1.721939648437500000e+04
1.760655468750000000e+04
1.742568359375000000e+04
1.478363281250000000e+04
1.775420703125000000e+04
1.625798046875000000e+04
2.071892578125000000e+04
1.932082031250000000e+04
1.892846679687500000e+04
1.832707617187500000e+04
1.842161132812500000e+04
1.618704199218750000e+04
1.626181250000000000e+04
1.756462695312500000e+04
1.722160742187500000e+04
1.726748828125000000e+04
1.787810156250000000e+04
1.685212500000000000e+04
1.666160351562500000e+04
1.552496289062500000e+04
1.711055468750000000e+04
1.627286523437500000e+04
1.811540234375000000e+04
1.565624707031250000e+04
1.922218359375000000e+04
1.860519531250000000e+04
1.629277832031250000e+04
1.944975195312500000e+04
1.786534179687500000e+04
1.818149023437500000e+04
1.695826757812500000e+04
1.908816406250000000e+04
1.612025781250000000e+04
1.774743750000000000e+04
1.606766015625000000e+04
1.928644726562500000e+04
1.803979687500000000e+04
2.002729296875000000e+04
1.506558007812500000e+04
1.452796484375000000e+04
1.836233203125000000e+04
1.765308398437500000e+04
1.688919140625000000e+04
1.722146875000000000e+04
1.839471289062500000e+04
1.807102148437500000e+04
2.058506640625000000e+04
2.078583789062500000e+04
1.755092187500000000e+04
1.593670117187500000e+04
1.766125781250000000e+04
2.117434765625000000e+04
1.884789453125000000e+04
1.695293359375000000e+04
1.509437695312500000e+04
1.827643750000000000e+04
1.640460351562500000e+04
1.796302343750000000e+04
1.990906445312500000e+04
1.626544726562500000e+04
1.664157812500000000e+04
1.688431250000000000e+04
1.665549804687500000e+04
1.740397070312500000e+04
1.795540234375000000e+04
1.729225000000000000e+04
1.603801269531250000e+04
1.796033789062500000e+04
1.632029882812500000e+04
1.804692382812500000e+04
1.900022265625000000e+04
1.775079296875000000e+04
1.761806835937500000e+04
1.813381054687500000e+04
1.897873828125000000e+04
1.642856250000000000e+04
1.732924218750000000e+04
1.726829687500000000e+04
1.654587500000000000e+04
1.767462695312500000e+04
1.671122851562500000e+04
1.583721289062500000e+04
1.565215820312500000e+04
1.831077539062500000e+04
1.566307519531250000e+04
1.945025585937500000e+04
1.880910156250000000e+04
1.795472265625000000e+04
1.796738281250000000e+04
1.420142382812500000e+04
1.761830859375000000e+04
1.584770214843750000e+04
1.651075000000000000e+04
1.372491699218750000e+04
1.548646484375000000e+04
1.706168164062500000e+04
1.568165625000000000e+04
1.822177734375000000e+04
1.755157031250000000e+04
1.710989453125000000e+04
1.411352343750000000e+04
2.107053515625000000e+04
1.631251367187500000e+04
1.861656054687500000e+04
1.678403710937500000e+04
1.777471484375000000e+04
1.692914453125000000e+04
1.847871679687500000e+04
1.785446093750000000e+04
1.995617773437500000e+04
1.872963085937500000e+04
1.623906250000000000e+04
1.750203125000000000e+04
1.738787500000000000e+04
1.593651269531250000e+04
1.611498144531250000e+04
1.979291015625000000e+04
1.736354492187500000e+04
2.018780273437500000e+04
1.708870703125000000e+04
1.746969531250000000e+04
1.803580664062500000e+04
1.765763671875000000e+04
1.839408007812500000e+04
1.805275585937500000e+04
2.010201757812500000e+04
1.773495507812500000e+04
1.781552734375000000e+04
1.703215820312500000e+04
1.925209960937500000e+04
1.855529296875000000e+04
1.761934179687500000e+04
1.965338281250000000e+04
1.642078906250000000e+04
1.923969531250000000e+04
1.792693359375000000e+04
1.916961718750000000e+04
2.017740429687500000e+04
1.579292968750000000e+04
1.752511523437500000e+04
1.521885546875000000e+04
1.928099023437500000e+04
1.728885937500000000e+04
1.801545117187500000e+04
2.076902148437500000e+04
1.633256054687500000e+04
1.845622656250000000e+04
1.663948828125000000e+04
1.942859375000000000e+04
1.665380273437500000e+04
1.834693750000000000e+04
1.597772070312500000e+04
1.626923144531250000e+04
2.027772265625000000e+04
1.746066796875000000e+04
1.681944531250000000e+04
2.104852734375000000e+04
1.746752734375000000e+04
1.798422265625000000e+04
1.617475488281250000e+04
1.583089550781250000e+04
1.769389453125000000e+04
1.991317382812500000e+04
1.633035058593750000e+04
1.685873046875000000e+04
1.772237890625000000e+04
1.514508203125000000e+04
1.721554101562500000e+04
1.530932226562500000e+04
1.911034375000000000e+04
1.747564453125000000e+04
1.733198632812500000e+04
1.845945312500000000e+04
1.498133496093750000e+04
1.651704296875000000e+04
1.931858203125000000e+04
1.622044238281250000e+04
1.703272851562500000e+04
1.695469726562500000e+04
1.728828515625000000e+04
1.701521875000000000e+04
1.589497851562500000e+04
1.902892968750000000e+04
1.721327148437500000e+04
1.667590625000000000e+04
1.804942968750000000e+04
1.847488281250000000e+04
1.929584765625000000e+04
1.872548632812500000e+04
1.853658203125000000e+04
1.929074414062500000e+04
1.590367578125000000e+04
1.419629882812500000e+04
1.600212792968750000e+04
1.783835351562500000e+04
1.854870117187500000e+04
1.466503710937500000e+04
1.509411914062500000e+04
1.878704101562500000e+04
1.719869531250000000e+04
1.771431250000000000e+04
1.542893164062500000e+04
1.590433105468750000e+04
1.651800000000000000e+04
1.798479882812500000e+04
1.922834570312500000e+04
1.612500976562500000e+04
1.661507812500000000e+04
1.707929687500000000e+04
1.551222949218750000e+04
1.759590820312500000e+04
1.746526757812500000e+04
1.931992773437500000e+04
1.693169921875000000e+04
1.901823046875000000e+04
1.770856640625000000e+04
1.775508984375000000e+04
1.690787304687500000e+04
1.656642382812500000e+04
1.917772070312500000e+04
1.697326562500000000e+04
1.713852929687500000e+04
1.697735937500000000e+04
1.679853125000000000e+04
1.648743750000000000e+04
1.607107031250000000e+04
1.929661328125000000e+04
1.587397070312500000e+04
1.604634375000000000e+04
1.627082226562500000e+04
1.612432031250000000e+04
1.714385742187500000e+04
1.846085546875000000e+04
1.509316796875000000e+04
1.727375781250000000e+04
1.813139257812500000e+04
1.598831250000000000e+04
1.677126562500000000e+04
1.581655273437500000e+04
1.343668847656250000e+04
1.948294140625000000e+04
1.722753515625000000e+04
1.675483789062500000e+04
1.645902343750000000e+04
1.969061328125000000e+04
1.885894531250000000e+04
2.002021289062500000e+04
1.889573437500000000e+04
1.846148046875000000e+04
1.713720117187500000e+04
1.697041210937500000e+04
1.907544140625000000e+04
1.574326562500000000e+04
1.786083398437500000e+04
1.828207031250000000e+04
1.839246289062500000e+04
1.850623046875000000e+04
1.815639453125000000e+04
1.770180664062500000e+04
1.559121484375000000e+04
1.721907421875000000e+04
1.751013671875000000e+04
1.689832812500000000e+04
1.518811816406250000e+04
1.658472460937500000e+04
1.985255664062500000e+04
1.823555859375000000e+04
1.606186914062500000e+04
1.700281250000000000e+04
1.657761914062500000e+04
1.729150976562500000e+04
1.569736816406250000e+04
1.725790039062500000e+04
1.736796679687500000e+04
1.738228125000000000e+04
1.815458984375000000e+04
1.849372265625000000e+04
1.783633203125000000e+04
1.762830859375000000e+04
1.913037500000000000e+04
1.759461718750000000e+04
1.507154394531250000e+04
1.862793359375000000e+04
1.994100585937500000e+04
1.860980859375000000e+04
1.854955078125000000e+04
1.634339648437500000e+04
1.982222460937500000e+04
1.884709960937500000e+04
1.788077343750000000e+04
1.661745117187500000e+04
1.617145410156250000e+04
1.594859960937500000e+04
1.877374609375000000e+04
2.013095703125000000e+04
1.896581250000000000e+04
1.818559960937500000e+04
2.105471093750000000e+04
1.567270019531250000e+04
1.470026562500000000e+04
1.854540625000000000e+04
1.748798632812500000e+04
1.647877148437500000e+04
1.589187695312500000e+04
1.957785937500000000e+04
1.802317578125000000e+04
1.620434765625000000e+04
1.931744726562500000e+04
1.418641796875000000e+04
1.648870703125000000e+04
1.825575390625000000e+04
1.833884765625000000e+04
1.913670117187500000e+04
1.794877343750000000e+04
1.598351171875000000e+04
1.477174414062500000e+04
1.836317578125000000e+04
1.869699804687500000e+04
1.817905468750000000e+04
2.126059375000000000e+04
1.921863281250000000e+04
1.532947070312500000e+04
1.732331250000000000e+04
1.957180859375000000e+04
1.756316015625000000e+04
1.616103515625000000e+04
1.814803710937500000e+04
2.040387500000000000e+04
1.737259765625000000e+04
1.481248730468750000e+04
1.713301953125000000e+04
1.919184375000000000e+04
1.716037304687500000e+04
1.720613867187500000e+04
1.890353906250000000e+04
1.534690820312500000e+04
1.753158593750000000e+04
1.640902343750000000e+04
2.010391992187500000e+04
1.755941015625000000e+04
1.727835937500000000e+04
1.764927148437500000e+04
1.729685937500000000e+04
2.133656640625000000e+04
1.798001171875000000e+04
1.917561718750000000e+04
1.694288476562500000e+04
1.868950781250000000e+04
1.790389453125000000e+04
1.822617773437500000e+04
1.726556640625000000e+04
1.785729687500000000e+04
1.435205273437500000e+04
2.041976562500000000e+04
1.730050000000000000e+04
1.682170898437500000e+04
1.969518164062500000e+04
1.715385742187500000e+04
2.038253906250000000e+04
1.790754296875000000e+04
1.557546289062500000e+04
1.666813867187500000e+04
1.896153320312500000e+04
2.107531250000000000e+04
1.805899609375000000e+04
1.954557421875000000e+04
1.734744140625000000e+04
1.804213476562500000e+04
1.804721484375000000e+04
1.815499414062500000e+04
1.953507421875000000e+04
1.763776757812500000e+04
1.904053906250000000e+04
1.829129296875000000e+04
2.056385546875000000e+04
1.937260742187500000e+04
2.029648437500000000e+04
1.621721679687500000e+04
1.728755468750000000e+04
1.921429296875000000e+04
1.831025781250000000e+04
1.936431640625000000e+04
1.913179296875000000e+04
1.727530078125000000e+04
1.821380468750000000e+04
1.793675000000000000e+04
1.851812500000000000e+04
1.893106250000000000e+04
1.730615820312500000e+04
1.826693164062500000e+04
1.812164257812500000e+04
1.770682421875000000e+04
1.834640234375000000e+04
1.937337109375000000e+04
1.707333007812500000e+04
1.747779882812500000e+04
1.676537500000000000e+04
1.774317968750000000e+04
2.031219531250000000e+04
2.102011328125000000e+04
1.642309375000000000e+04
2.097903125000000000e+04
2.011767187500000000e+04
1.692917382812500000e+04
1.757621875000000000e+04
1.916982617187500000e+04
1.769366406250000000e+04
1.847285742187500000e+04
1.795318750000000000e+04
1.666867578125000000e+04
1.596223144531250000e+04
1.833970703125000000e+04
1.695148046875000000e+04
2.191449218750000000e+04
1.471829492187500000e+04
1.872006250000000000e+04
1.824485937500000000e+04
1.826197265625000000e+04
1.712145312500000000e+04
1.561197656250000000e+04
1.945063281250000000e+04
1.776292578125000000e+04
1.806397070312500000e+04
1.817062695312500000e+04
1.562949902343750000e+04
1.942667187500000000e+04
1.878173046875000000e+04
1.551094824218750000e+04
1.856635937500000000e+04
1.695326367187500000e+04
1.701636914062500000e+04
1.755700000000000000e+04
1.963755273437500000e+04
2.072018359375000000e+04
2.176371875000000000e+04
1.679134765625000000e+04
1.859026171875000000e+04
1.842187500000000000e+04
1.679969921875000000e+04
1.332171679687500000e+04
1.877125000000000000e+04
2.093443359375000000e+04
1.626161523437500000e+04
1.832431250000000000e+04
1.673019921875000000e+04
1.902062500000000000e+04
1.704795703125000000e+04
1.886318750000000000e+04
1.638810546875000000e+04
1.444860937500000000e+04
2.040117382812500000e+04
1.814216210937500000e+04
1.634229882812500000e+04
1.745853515625000000e+04
1.644834375000000000e+04
1.736490625000000000e+04
1.940644726562500000e+04
1.792204882812500000e+04
1.590132617187500000e+04
1.793461523437500000e+04
1.711734375000000000e+04
1.728829296875000000e+04
1.327004882812500000e+04
1.396669921875000000e+04
1.991465429687500000e+04
1.910291796875000000e+04
1.767753906250000000e+04
1.855227343750000000e+04
1.726347265625000000e+04
1.889128125000000000e+04
1.821525585937500000e+04
1.620333007812500000e+04
1.769091015625000000e+04
1.724076562500000000e+04
1.486988769531250000e+04
2.287196289062500000e+04
1.864425585937500000e+04
1.891515429687500000e+04
1.941724218750000000e+04
1.648608593750000000e+04
2.093725000000000000e+04
1.884106250000000000e+04
1.695111718750000000e+04
2.114272265625000000e+04
2.027874218750000000e+04
1.922199218750000000e+04
1.837137500000000000e+04
1.811294921875000000e+04
1.959524609375000000e+04
1.719517187500000000e+04
1.755755468750000000e+04
1.800293945312500000e+04
1.802449218750000000e+04
1.898914843750000000e+04
1.806873242187500000e+04
1.813111718750000000e+04
1.647869140625000000e+04
1.695948046875000000e+04
1.929093750000000000e+04
1.714217187500000000e+04
1.650806640625000000e+04
1.803947265625000000e+04
1.995165820312500000e+04
1.865985937500000000e+04
1.670422070312500000e+04
1.818019335937500000e+04
1.834883203125000000e+04
1.681229101562500000e+04
1.878353515625000000e+04
1.772663281250000000e+04
1.893765039062500000e+04
1.896499218750000000e+04
1.506905859375000000e+04
1.785345117187500000e+04
1.535657128906250000e+04
1.667599218750000000e+04
1.882070507812500000e+04
1.991429687500000000e+04
1.864483984375000000e+04
1.898151562500000000e+04
1.736637304687500000e+04
2.101661523437500000e+04
1.798269531250000000e+04
1.813229687500000000e+04
1.926333007812500000e+04
1.989924804687500000e+04
2.168115234375000000e+04
1.718395898437500000e+04
1.811637890625000000e+04
1.681050390625000000e+04
2.081246875000000000e+04
1.993027343750000000e+04
1.528982226562500000e+04
1.978331640625000000e+04
1.383225976562500000e+04
1.850216406250000000e+04
1.952922460937500000e+04
1.902556250000000000e+04
1.759699023437500000e+04
1.998592968750000000e+04
1.860426953125000000e+04
1.583340429687500000e+04
1.513734375000000000e+04
1.909372265625000000e+04
1.985801171875000000e+04
1.827600390625000000e+04
1.770039453125000000e+04
1.464046679687500000e+04
1.952120507812500000e+04
1.602499902343750000e+04
1.686269335937500000e+04
1.833600976562500000e+04
1.685158203125000000e+04
1.378290332031250000e+04
1.649043750000000000e+04
1.529173632812500000e+04
1.634960742187500000e+04
1.705996093750000000e+04
1.352902148437500000e+04
1.632412402343750000e+04
1.812044140625000000e+04
1.794502343750000000e+04
1.662026171875000000e+04
1.565844335937500000e+04
1.819541796875000000e+04
1.518210156250000000e+04
1.715902539062500000e+04
1.647549023437500000e+04
1.589483007812500000e+04
2.040402539062500000e+04
1.941978906250000000e+04
1.900472265625000000e+04
2.017108593750000000e+04
2.141046875000000000e+04
2.052892187500000000e+04
1.623171582031250000e+04
1.963904492187500000e+04
1.944808007812500000e+04
1.750809375000000000e+04
1.922850781250000000e+04
1.629899902343750000e+04
1.702244140625000000e+04
1.820743750000000000e+04
1.440111523437500000e+04
1.437067871093750000e+04
1.970528906250000000e+04
1.539985644531250000e+04
1.488932617187500000e+04
1.875314062500000000e+04
1.369029296875000000e+04
1.917025976562500000e+04
1.805138867187500000e+04
1.789245117187500000e+04
1.684376953125000000e+04
1.958510546875000000e+04
1.733717578125000000e+04
1.607985839843750000e+04
1.658029296875000000e+04
1.728074609375000000e+04
1.977628906250000000e+04
1.904503906250000000e+04
1.749283203125000000e+04
1.676720898437500000e+04
1.567705468750000000e+04
1.640453515625000000e+04
1.687918164062500000e+04
2.134436328125000000e+04
1.935125390625000000e+04
2.187299218750000000e+04
1.711320507812500000e+04
1.744052734375000000e+04
1.699221679687500000e+04
1.855160937500000000e+04
1.876947656250000000e+04
1.774986914062500000e+04
1.959410351562500000e+04
1.911279687500000000e+04
1.604222167968750000e+04
2.070030468750000000e+04
1.667022460937500000e+04
1.754021093750000000e+04
1.828580078125000000e+04
2.082128515625000000e+04
1.687687304687500000e+04
1.909556250000000000e+04
1.744467773437500000e+04
1.803094921875000000e+04
1.664010937500000000e+04
2.057640625000000000e+04
2.103457031250000000e+04
1.869872656250000000e+04
1.748711132812500000e+04
1.919490039062500000e+04
1.833345703125000000e+04
1.765560351562500000e+04
1.696819921875000000e+04
1.543006640625000000e+04
1.799300000000000000e+04
1.922704687500000000e+04
1.672451171875000000e+04
1.985805468750000000e+04
1.858904296875000000e+04
1.514614746093750000e+04
1.541037695312500000e+04
1.730210156250000000e+04
1.618287500000000000e+04
1.463063085937500000e+04
1.584556542968750000e+04
2.059323828125000000e+04
1.783768164062500000e+04
1.967373828125000000e+04
1.776232031250000000e+04
1.694651757812500000e+04
1.765759765625000000e+04
1.523174609375000000e+04
1.937741601562500000e+04
1.763643554687500000e+04
1.775716796875000000e+04
1.667620117187500000e+04
1.627213574218750000e+04
1.824212695312500000e+04
1.738977734375000000e+04
1.815182812500000000e+04
1.883258984375000000e+04
1.549557812500000000e+04
1.847386132812500000e+04
2.070947460937500000e+04
2.226024414062500000e+04
1.655200781250000000e+04
1.663826562500000000e+04
1.518444921875000000e+04
1.516931445312500000e+04
1.979564257812500000e+04
1.681316601562500000e+04
1.608162695312500000e+04
1.643081445312500000e+04
1.596136523437500000e+04
1.917017968750000000e+04
1.444861523437500000e+04
1.935056250000000000e+04
1.864927734375000000e+04
1.658610156250000000e+04
2.097254687500000000e+04
1.625297070312500000e+04
1.790243359375000000e+04
1.580497460937500000e+04
1.878840820312500000e+04
1.991871093750000000e+04
1.637675195312500000e+04
1.824594726562500000e+04
1.744216601562500000e+04
2.036898046875000000e+04
1.797055273437500000e+04
1.973660156250000000e+04
1.715592382812500000e+04
1.764441015625000000e+04
1.719649023437500000e+04
2.152758789062500000e+04
1.829145117187500000e+04
1.874334570312500000e+04
1.979682031250000000e+04
1.960181250000000000e+04
1.910084960937500000e+04
1.714544335937500000e+04
1.818252929687500000e+04
1.684917968750000000e+04
1.712860156250000000e+04
1.974554492187500000e+04
1.634492480468750000e+04
1.556847265625000000e+04
1.665431250000000000e+04
1.561496679687500000e+04
1.685583593750000000e+04
1.626836816406250000e+04
1.674454101562500000e+04
1.604143164062500000e+04
1.823541210937500000e+04
1.875586328125000000e+04
1.841851171875000000e+04
1.468486425781250000e+04
1.888975976562500000e+04
1.567114843750000000e+04
1.868397460937500000e+04
1.423863964843750000e+04
1.947560351562500000e+04
1.806555859375000000e+04
1.518871093750000000e+04
1.885874023437500000e+04
1.604700390625000000e+04
1.672184570312500000e+04
1.814135546875000000e+04
1.580155078125000000e+04
2.114294726562500000e+04
1.565663867187500000e+04
1.950042187500000000e+04
1.944373437500000000e+04
1.357469531250000000e+04
1.833593164062500000e+04
1.944756640625000000e+04
1.906405078125000000e+04
1.923464453125000000e+04
1.743177539062500000e+04
1.566787109375000000e+04
1.841894531250000000e+04
1.720070312500000000e+04
2.093839453125000000e+04
1.676705859375000000e+04
1.741314453125000000e+04
1.938794921875000000e+04
2.067389453125000000e+04
1.671938867187500000e+04
1.667867773437500000e+04
1.899047851562500000e+04
1.844173242187500000e+04
1.970094140625000000e+04
1.490072070312500000e+04
1.990012890625000000e+04
1.972455859375000000e+04
1.783994140625000000e+04
1.679841210937500000e+04
1.485557421875000000e+04
1.589614062500000000e+04
2.089454687500000000e+04
1.880233984375000000e+04
1.955930468750000000e+04
1.995325195312500000e+04
1.853182226562500000e+04
1.934266210937500000e+04
1.759326367187500000e+04
1.729755078125000000e+04
1.712002929687500000e+04
1.477710644531250000e+04
1.632395410156250000e+04
1.426712597656250000e+04
1.567896093750000000e+04
1.876334570312500000e+04
1.989563476562500000e+04
1.721409960937500000e+04
1.719918164062500000e+04
1.724750585937500000e+04
1.617191796875000000e+04
1.380257714843750000e+04
1.756126562500000000e+04
1.672203125000000000e+04
2.057223437500000000e+04
1.817300781250000000e+04
1.769765234375000000e+04
1.768298828125000000e+04
1.797490820312500000e+04
2.084030468750000000e+04
1.862216796875000000e+04
1.687875195312500000e+04
1.604441210937500000e+04
1.959726757812500000e+04
1.894870312500000000e+04
1.654241406250000000e+04
1.480784472656250000e+04
1.801023437500000000e+04
1.802354296875000000e+04
1.822309960937500000e+04
1.650957031250000000e+04
1.857298828125000000e+04
1.622043652343750000e+04
1.643012109375000000e+04
1.579679980468750000e+04
1.823905273437500000e+04
1.703593750000000000e+04
2.168143359375000000e+04
2.041143554687500000e+04
1.732024414062500000e+04
1.929442578125000000e+04
2.073325781250000000e+04
1.576673339843750000e+04
1.542083593750000000e+04
1.456926269531250000e+04
1.900919140625000000e+04
1.873712304687500000e+04
1.616945117187500000e+04
1.745763476562500000e+04
1.681082421875000000e+04
1.653433789062500000e+04
1.896695312500000000e+04
1.979697265625000000e+04
2.085086328125000000e+04
2.114642968750000000e+04
1.813578906250000000e+04
1.939294921875000000e+04
1.657706835937500000e+04
1.658209570312500000e+04
1.510332812500000000e+04
1.508008105468750000e+04
1.595110351562500000e+04
1.944954492187500000e+04
2.014705468750000000e+04
1.710608203125000000e+04
2.031494921875000000e+04
1.697222265625000000e+04
2.155579882812500000e+04
1.706792187500000000e+04
1.670748046875000000e+04
1.764244921875000000e+04
1.844795507812500000e+04
1.665821679687500000e+04
2.000444726562500000e+04
1.897431250000000000e+04
1.588441210937500000e+04
1.807676367187500000e+04
2.028776953125000000e+04
1.601300390625000000e+04
1.687830468750000000e+04
1.752256054687500000e+04
1.724592578125000000e+04
1.687933984375000000e+04
1.779645507812500000e+04
1.861180078125000000e+04
1.911952539062500000e+04
1.866759375000000000e+04
1.656520507812500000e+04
1.783024609375000000e+04
1.741066406250000000e+04
1.673862890625000000e+04
1.600630957031250000e+04
1.749468359375000000e+04
1.961713867187500000e+04
1.837127343750000000e+04
1.825763085937500000e+04
1.620622070312500000e+04
1.901139062500000000e+04
1.690891601562500000e+04
1.920308984375000000e+04
1.737708984375000000e+04
1.802310742187500000e+04
1.658001562500000000e+04
1.787446875000000000e+04
1.688337890625000000e+04
2.045301953125000000e+04
2.054072656250000000e+04
1.725473242187500000e+04
1.557719726562500000e+04
2.069880468750000000e+04
1.705799218750000000e+04
1.704708984375000000e+04
1.722339062500000000e+04
1.950552343750000000e+04
1.442941503906250000e+04
1.830542382812500000e+04
2.060211914062500000e+04
1.883829882812500000e+04
1.520213085937500000e+04
1.951053906250000000e+04
1.769505078125000000e+04
1.836748046875000000e+04
1.554343359375000000e+04
2.090787500000000000e+04
1.907503125000000000e+04
1.679002929687500000e+04
1.725659765625000000e+04
2.019408007812500000e+04
1.638195703125000000e+04
1.630016894531250000e+04
1.767683984375000000e+04
1.776352539062500000e+04
1.679523828125000000e+04
1.762114453125000000e+04
1.835597656250000000e+04
1.598144335937500000e+04
1.719226953125000000e+04
1.784032031250000000e+04
1.983691992187500000e+04
1.700507617187500000e+04
1.752073828125000000e+04
1.584666796875000000e+04
1.662787500000000000e+04
1.880210351562500000e+04
1.533223437500000000e+04
1.695249218750000000e+04
1.795331054687500000e+04
1.862932226562500000e+04
1.910928906250000000e+04
1.492758398437500000e+04
1.977082617187500000e+04
2.053858398437500000e+04
1.764037304687500000e+04
1.843879492187500000e+04
1.854230078125000000e+04
1.903495898437500000e+04
1.942058593750000000e+04
1.616964257812500000e+04
1.639491796875000000e+04
1.762094335937500000e+04
1.911729687500000000e+04
1.965112304687500000e+04
1.957383593750000000e+04
1.611812304687500000e+04
2.034698437500000000e+04
1.807571289062500000e+04
2.074641796875000000e+04
1.738969921875000000e+04
1.771276171875000000e+04
1.535685937500000000e+04
1.947344726562500000e+04
1.553888671875000000e+04
1.573498242187500000e+04
1.892351757812500000e+04
1.971102539062500000e+04
1.943008984375000000e+04
2.187877148437500000e+04
2.161356640625000000e+04
1.769159765625000000e+04
2.158817773437500000e+04
1.817028515625000000e+04
1.704954296875000000e+04
1.964963671875000000e+04
1.720850000000000000e+04
1.886141992187500000e+04
1.608016699218750000e+04
1.565177050781250000e+04
1.840525781250000000e+04
1.757827539062500000e+04
1.617146777343750000e+04
1.774613281250000000e+04
1.788829492187500000e+04
1.730722656250000000e+04
2.043486718750000000e+04
1.755237304687500000e+04
1.982361718750000000e+04
1.717853515625000000e+04
1.915504882812500000e+04
1.794970507812500000e+04
1.972039843750000000e+04
2.020604296875000000e+04
1.705656640625000000e+04
1.677981835937500000e+04
1.670544335937500000e+04
1.606506347656250000e+04
1.479989257812500000e+04
1.888534570312500000e+04
1.736903710937500000e+04
1.825058789062500000e+04
1.797657031250000000e+04
1.795629687500000000e+04
1.701342773437500000e+04
1.597222656250000000e+04
1.799529687500000000e+04
1.967860351562500000e+04
1.765011914062500000e+04
1.636857812500000000e+04
1.932406835937500000e+04
1.864200585937500000e+04
1.653436328125000000e+04
1.697861328125000000e+04
1.972840625000000000e+04
1.876207031250000000e+04
2.128314648437500000e+04
1.864382031250000000e+04
1.864236328125000000e+04
1.891524023437500000e+04
1.721133593750000000e+04
1.443732324218750000e+04
1.978891796875000000e+04
1.636249121093750000e+04
1.616454394531250000e+04
1.641425390625000000e+04
1.920908203125000000e+04
1.729205468750000000e+04
1.783284960937500000e+04
2.057745312500000000e+04
1.656162109375000000e+04
1.564918847656250000e+04
1.570037792968750000e+04
1.836554687500000000e+04
2.009767382812500000e+04
1.755164453125000000e+04
1.859430468750000000e+04
1.834151953125000000e+04
1.912374804687500000e+04
1.778749609375000000e+04
2.113065039062500000e+04
2.059966210937500000e+04
1.735362500000000000e+04
1.881058398437500000e+04
1.608498437500000000e+04
1.698273632812500000e+04
1.420208398437500000e+04
1.859933593750000000e+04
1.781534570312500000e+04
1.879097851562500000e+04
1.559265234375000000e+04
1.843090234375000000e+04
1.693650585937500000e+04
1.647879101562500000e+04
2.025351562500000000e+04
1.770773046875000000e+04
2.117293164062500000e+04
1.790597460937500000e+04
1.825123437500000000e+04
2.257937304687500000e+04
1.946281640625000000e+04
1.804075781250000000e+04
1.500875878906250000e+04
1.589143652343750000e+04
1.905821093750000000e+04
1.817601171875000000e+04
1.947551562500000000e+04
1.681957031250000000e+04
1.678480859375000000e+04
1.795850390625000000e+04
1.943643945312500000e+04
1.602129296875000000e+04
1.935497460937500000e+04
1.786631250000000000e+04
1.820023632812500000e+04
1.864724804687500000e+04
1.919241210937500000e+04
2.013343164062500000e+04
1.810730859375000000e+04
1.884085546875000000e+04
2.213143750000000000e+04
1.785760937500000000e+04
1.905215429687500000e+04
1.771783593750000000e+04
1.623250195312500000e+04
1.687533789062500000e+04
1.729871093750000000e+04
1.566546777343750000e+04
1.758588671875000000e+04
1.921608593750000000e+04
1.929200390625000000e+04
1.828600000000000000e+04
2.026620117187500000e+04
1.703130859375000000e+04
1.839259765625000000e+04
1.973918164062500000e+04
1.839896875000000000e+04
1.788488671875000000e+04
1.642066796875000000e+04
1.570938671875000000e+04
1.798641796875000000e+04
1.586105859375000000e+04
1.678752539062500000e+04
1.647132421875000000e+04
1.827379882812500000e+04
2.018466015625000000e+04
2.017212890625000000e+04
2.018872460937500000e+04
1.887976562500000000e+04
1.975372656250000000e+04
1.650824609375000000e+04
1.672576953125000000e+04
1.538686132812500000e+04
2.037350390625000000e+04
1.654287890625000000e+04
1.716312890625000000e+04
1.770246093750000000e+04
1.849385351562500000e+04
1.785641210937500000e+04
2.203608789062500000e+04
1.717338671875000000e+04
1.741769531250000000e+04
1.798471484375000000e+04
1.898041015625000000e+04
2.054022656250000000e+04
1.879603906250000000e+04
1.928906250000000000e+04
2.084318750000000000e+04
1.949974414062500000e+04
1.833608789062500000e+04
1.555255175781250000e+04
1.790533398437500000e+04
1.712067382812500000e+04
1.752777734375000000e+04
1.816103906250000000e+04
1.725925390625000000e+04
1.757397460937500000e+04
2.134506640625000000e+04
1.625051757812500000e+04
1.655193164062500000e+04
1.731688476562500000e+04
1.446299804687500000e+04
1.653875195312500000e+04
2.007873046875000000e+04
1.707272070312500000e+04
1.732042578125000000e+04
1.919105859375000000e+04
1.634921679687500000e+04
1.855803515625000000e+04
1.661766992187500000e+04
1.686613671875000000e+04
1.737904687500000000e+04
1.878443164062500000e+04
1.810830468750000000e+04
1.633518359375000000e+04
2.036554687500000000e+04
2.264437890625000000e+04
1.568987695312500000e+04
1.727004101562500000e+04
1.790123632812500000e+04
2.180552929687500000e+04
1.614590234375000000e+04
1.994199804687500000e+04
1.987312109375000000e+04
1.519209179687500000e+04
1.859979296875000000e+04
1.861652539062500000e+04
1.746239062500000000e+04
2.146827734375000000e+04
2.226415625000000000e+04
1.741847851562500000e+04
1.841282226562500000e+04
1.618470117187500000e+04
1.649196289062500000e+04
1.779496093750000000e+04
1.675745507812500000e+04
1.853170703125000000e+04
1.938337109375000000e+04
1.813712304687500000e+04
1.915582617187500000e+04
1.935598437500000000e+04
1.818643750000000000e+04
1.782904296875000000e+04
1.799419921875000000e+04
1.898350781250000000e+04
1.972044531250000000e+04
1.898199023437500000e+04
1.812927343750000000e+04
1.655100585937500000e+04
1.535153613281250000e+04
1.658263281250000000e+04
1.576923242187500000e+04
1.960663867187500000e+04
1.879915625000000000e+04
1.705533203125000000e+04
1.893736914062500000e+04
1.691182226562500000e+04
1.879189453125000000e+04
1.678841015625000000e+04
1.695237890625000000e+04
1.885694921875000000e+04
1.487500097656250000e+04
1.629600976562500000e+04
1.745388085937500000e+04
1.594875000000000000e+04
1.765123046875000000e+04
1.735268750000000000e+04
1.785925390625000000e+04
1.538341601562500000e+04
1.688788281250000000e+04
1.879841992187500000e+04
1.958062500000000000e+04
1.666000000000000000e+04
1.538956640625000000e+04
1.962700000000000000e+04
1.757782617187500000e+04
1.913488281250000000e+04
1.866704296875000000e+04
1.804219921875000000e+04
1.658475781250000000e+04
1.747265820312500000e+04
1.819065429687500000e+04
1.827449218750000000e+04
1.820071875000000000e+04
1.621457714843750000e+04
2.065187890625000000e+04
1.980421679687500000e+04
1.700374414062500000e+04
1.795589453125000000e+04
1.803065820312500000e+04
1.586982519531250000e+04
1.546022363281250000e+04
1.838818945312500000e+04
1.917508203125000000e+04
1.980000781250000000e+04
1.357306250000000000e+04
1.661478515625000000e+04
1.535123437500000000e+04
2.059453125000000000e+04
1.712689453125000000e+04
1.847679687500000000e+04
1.644226171875000000e+04
1.548983300781250000e+04
1.849125000000000000e+04
2.200810937500000000e+04
1.907112890625000000e+04
2.043392187500000000e+04
2.065051562500000000e+04
1.674558984375000000e+04
1.827821875000000000e+04
1.472946484375000000e+04
1.731398828125000000e+04
1.713759960937500000e+04
1.913508007812500000e+04
1.850095898437500000e+04
1.538922656250000000e+04
1.872963671875000000e+04
2.116823632812500000e+04
1.513182128906250000e+04
1.780673046875000000e+04
1.508185937500000000e+04
2.009953906250000000e+04
1.712687500000000000e+04
1.578382421875000000e+04
1.948667382812500000e+04
2.033511132812500000e+04
1.824344921875000000e+04
1.625690039062500000e+04
1.577444628906250000e+04
1.656369140625000000e+04
1.795650000000000000e+04
1.835877734375000000e+04
1.625526367187500000e+04
1.728552148437500000e+04
1.770900390625000000e+04
1.721163281250000000e+04
1.835808007812500000e+04
2.111100781250000000e+04
1.693336523437500000e+04
1.851437695312500000e+04
1.509183593750000000e+04
1.626642968750000000e+04
1.885604296875000000e+04
1.753982421875000000e+04
1.674651171875000000e+04
1.639026367187500000e+04
1.961159375000000000e+04
1.735384570312500000e+04
1.901966992187500000e+04
1.975643164062500000e+04
1.769748046875000000e+04
1.816153320312500000e+04
1.731242578125000000e+04
2.026562890625000000e+04
1.841478710937500000e+04
1.930728125000000000e+04
1.435817578125000000e+04
1.515392773437500000e+04
1.747482617187500000e+04
1.761978906250000000e+04
1.986438671875000000e+04
1.745468359375000000e+04
1.985374609375000000e+04
1.917611523437500000e+04
1.614390039062500000e+04
1.767198046875000000e+04
1.837807617187500000e+04
1.873896484375000000e+04
1.679884765625000000e+04
1.700478320312500000e+04
1.691748828125000000e+04
1.812868945312500000e+04
1.861971093750000000e+04
1.791612500000000000e+04
1.897330078125000000e+04
1.809893554687500000e+04
1.707193750000000000e+04
1.781062304687500000e+04
1.697318164062500000e+04
1.790571679687500000e+04
2.005726562500000000e+04
1.614103320312500000e+04
1.575613281250000000e+04
1.799350585937500000e+04
1.550567382812500000e+04
1.909976171875000000e+04
1.935386718750000000e+04
