-2.400000000000000000e+03
4.994329105301296295e+03
1.050073741236315982e+03
2.234696310258674202e+04
4.584487280652335357e+03
2.133409436297534558e+04
-7.683967529801164346e+03
-4.278985024070081636e+03
-3.129065805815606382e+03
-1.308745181299457363e+04
-1.043687594777930644e+04
-1.713805177164041743e+04
-1.698899123141649034e+04
-2.041125361868647451e+04
-2.262273396796038287e+04
-2.108969984841800760e+04
-2.332602337005855225e+04
-3.903404164292927817e+03
-2.041263050512231712e+04
-3.339200000000000000e+04
-3.562559999999999854e+04
-3.797920000000000437e+04
-4.027359999999999854e+04
-4.251840000000000146e+04
-4.472480000000000291e+04
-4.704000000000000000e+04
-4.928000000000000000e+04
-5.166720000000001164e+04
-5.393120000000000437e+04
