1.052179537519060774e+06
1.147302239647571929e+06
9.616142861732579768e+05
1.148669252618074650e+06
1.207387484800103586e+06
1.341446127297238680e+06
1.167531762982765213e+06
1.176824478414765093e+06
1.169624879038426094e+06
1.326383701164849102e+06
1.073391218687739922e+06
1.091509102064799285e+06
1.260448151307782158e+06
1.155729671757695265e+06
1.165888656969056930e+06
1.303385811871832702e+06
1.143059417185428319e+06
1.147046821154720150e+06
1.322144406393758953e+06
1.180063575497255661e+06
1.085730844540122198e+06
1.321738775483706966e+06
1.039250150435373536e+06
1.198438862047972390e+06
1.106388732977591222e+06
1.179236135148931295e+06
1.326746941447950201e+06
1.141865954343484715e+06
1.186319032489347504e+06
1.178677176079311408e+06
1.215240305030331016e+06
1.028583698753279634e+06
1.199359896843954921e+06
1.232922729366784450e+06
1.027009104145376128e+06
1.278798041471626144e+06
1.208030906369223492e+06
1.071596503402028233e+06
1.239037378771360032e+06
1.047832308162940550e+06
1.169548622933345148e+06
1.313867217603685334e+06
1.111678315924126189e+06
1.277108866599306231e+06
1.234818054499356542e+06
1.226767399992542807e+06
1.094794062468583928e+06
1.056422703756531235e+06
1.344858664708132390e+06
1.317165008159813238e+06
1.253277915875743842e+06
1.300469620117190061e+06
1.130056442920982838e+06
1.250403125583112705e+06
1.221794507966299308e+06
1.141453754821460694e+06
1.175269163848301861e+06
1.152302671226793434e+06
1.210538718442024896e+06
1.272227304398477776e+06
