1.003709664563158731e+04
1.270238063798258008e+04
1.025621556276840238e+04
9.847194618243627701e+03
6.102987607515535274e+03
1.330455521301223780e+04
1.133962029113775861e+04
1.097692306573909082e+04
9.259364294939110550e+03
1.049554911407839609e+04
1.168591248931319751e+04
7.963994227735072855e+03
7.364955374744140499e+03
9.275268180510494858e+03
1.140307573628065984e+04
8.957517518503436804e+03
6.511602520179964813e+03
8.421128233960103898e+03
7.974579365598932782e+03
8.977709838164297253e+03
7.235979862398664409e+03
1.136213017212373779e+04
1.098802167276410000e+04
7.564722033213487521e+03
1.099027076749179469e+04
5.647028967551368623e+03
1.386203958717951537e+04
1.093601148529645798e+04
9.963004634920947865e+03
1.068965180853906168e+04
