-9.480000000000000000e+02
1.348728410326873245e+03
1.077934162172849938e+04
3.468479028132961957e+03
1.851791673101290598e+03
3.586249420181482947e+03
8.114414623072269933e+03
3.693174837708718314e+03
1.816074250845361530e+04
2.209716364177638388e+04
1.382562880843487801e+04
7.558864952492864177e+03
1.380787081845015018e+04
1.266832227766545111e+04
3.670736153852118878e+04
2.221706413784934921e+04
4.159053890809770564e+03
1.448541970445854167e+04
-1.718519306891782605e+02
2.041612151598808123e+04
8.989539889143543405e+03
1.766363761821580738e+03
-1.169788576315317187e+03
5.333253675586333884e+03
1.793196579303306498e+04
2.604553070629454305e+04
3.519064863559297009e+03
1.750976404112610453e+03
1.279973037114293402e+04
9.062043372593378081e+03
8.474864725537396225e+03
8.095501885386791400e+03
6.757983831383048710e+02
4.173485046488012813e+03
1.051687378402801187e+04
3.366930846359986390e+03
5.730700973400863404e+03
1.173205419501100005e+04
8.913928954268048983e+03
7.795284501980408095e+03
2.497225805479348310e+03
9.527251754580425768e+03
3.354177123143150675e+04
4.587334627447641651e+03
1.142395461495191284e+03
1.371952016309267037e+03
1.491965057166046063e+04
2.537368265552878074e+04
9.976513091889428324e+02
6.412051023194284426e+03
8.612600239844448879e+03
2.892669406576490928e+03
4.209090581440629649e+03
1.465492425371916579e+04
1.508795144635592806e+04
9.032203688849551327e+03
5.808098808043176177e+03
1.028983340513929579e+04
3.546874714407168995e+03
5.802721129274001214e+03
8.175822744819390209e+03
8.487081240356801572e+03
9.386390798950242242e+03
6.275709918201609980e+03
6.249066088207352550e+03
-4.815315159908564056e+02
8.323363941318719981e+02
2.710391088859793854e+03
4.257879145484253968e+03
1.459194627797820067e+04
3.526957297114549874e+03
7.410346819258374126e+03
1.577443952417606488e+04
2.516502157659634577e+03
1.105134660274250018e+04
8.776648208672855617e+03
1.238352293964077580e+04
1.717214949293241716e+03
9.423211830183230632e+03
5.571004164798778220e+03
9.943403428612431526e+03
1.778127500813403458e+03
1.672610046014359614e+04
1.426921247706971008e+04
1.324728454624644837e+04
8.482581087282494991e+03
1.644628016027723788e+04
1.449657810034322756e+04
2.687436553543939226e+04
9.333244073729369120e+03
5.028894243542402546e+04
5.875713008392369375e+03
5.463516591397520642e+03
9.525784533582665972e+03
1.575636283467265093e+04
1.589191434443798789e+04
1.504914199721146724e+04
5.356019096410933571e+02
6.786106439714620137e+03
1.850722285351406299e+03
1.413157067882101728e+03
4.093393261055780386e+03
1.890782198379428883e+04
6.870327290334190366e+03
1.533392223688335253e+04
1.445125432766723179e+02
2.933020125625101355e+04
9.859914211738383756e+02
1.644217821082326554e+04
8.016368479215713705e+03
2.825297805014067490e+04
2.796692884196658270e+03
1.176056841610907395e+04
1.226936821408986725e+04
6.311814282710776752e+03
1.236390207009449682e+02
5.420642044144652573e+03
1.987968358050838287e+04
7.242611046303049079e+03
1.225763315278470873e+04
4.783281332258266048e+03
6.185089595314584585e+03
1.342837580102504580e+04
3.912835233856651939e+03
8.793969147066869482e+03
5.862199404146036613e+03
2.652550858799795606e+03
1.227585473158803143e+04
3.223304808344569665e+03
4.825231096403422271e+01
1.187719526487263829e+04
1.215942276654482885e+04
1.633687121472320177e+04
1.019962012478746328e+04
2.374668282932636794e+04
1.351437749517135308e+04
5.144237573935066393e+03
-2.505995138294836408e+02
7.434754813913014004e+03
1.177111819376749554e+04
4.862082049904691303e+03
5.771822048346359225e+03
3.817686988138665583e+03
2.876385655928373671e+04
8.075935150523116135e+03
4.874076829114523207e+03
2.554146089157571259e+04
9.596802901442599250e+03
2.132865613117830890e+03
9.125566596236798432e+03
3.396708340937756020e+03
4.578234837700753133e+02
4.994646912716579209e+03
1.039412600133897740e+03
1.502490040219557341e+04
2.522256034974425347e+02
2.402633802784056752e+04
9.300246160181131927e+03
9.089574848024647508e+03
-5.553476022976766444e+02
2.266903405183841460e+04
1.395398451221323285e+03
6.422956832245377882e+03
6.460415400460604360e+03
4.299048621288786308e+03
2.397022631702568106e+04
1.380215807270396726e+04
1.927400492132390718e+04
9.195035691064160346e+03
4.448324517942600664e+02
1.029390462452616885e+04
7.556070831397770235e+03
8.694352161319688093e+03
2.701170374062375231e+03
3.466635867729963138e+03
1.429729087413327761e+04
7.904311497438508923e+03
2.367257955264987322e+04
1.003659602467021614e+04
9.645498198505745677e+03
1.186396096497173494e+04
9.167198502821909642e+03
4.361549716287816409e+03
2.697183889708899642e+03
1.821074297446150740e+04
1.413854562671564963e+03
1.356968634991636281e+04
2.204364126384496922e+04
1.832966894905237723e+03
1.580121081535111807e+04
1.890191477591640796e+04
1.030510733323434579e+03
2.190939750839504995e+03
2.268296915101692866e+04
5.055845913894494515e+03
4.163661900771734508e+03
2.032870733859115353e+04
7.161497715630577659e+03
1.430251082977935766e+04
2.653388072672684757e+03
2.361023400579136705e+03
5.030802752214769498e+03
1.291790377284529313e+03
7.391840858171435684e+02
1.494903947956980574e+03
7.733649067504163213e+03
4.957030928061364648e+03
9.103020351757466415e+03
1.251819833479827321e+04
6.444309794368767143e+03
4.280836764970978038e+03
3.277509312666944425e+03
9.157020632812167378e+02
3.336473842550125255e+02
1.351320757958045760e+03
8.308801442023577692e+03
1.321110732655943502e+04
1.646185929141593806e+04
3.683081252582848265e+03
4.588626915753381581e+03
2.879898228307771933e+04
3.135760970952575008e+03
1.500481454614667018e+04
3.773039646253253886e+04
1.164419304362351340e+03
7.718500959361537753e+03
4.539641942539101365e+03
1.377501166758189584e+03
2.691713523345210433e+03
5.003539372322590680e+03
1.475839104344672523e+04
6.408005194564409976e+03
1.770152283072046339e+04
5.714518965803458741e+03
1.703518232010955398e+04
2.225474926968080763e+04
6.619398195243606096e+03
2.154485749389796183e+04
4.391166117640557786e+03
1.673241965666647593e+04
9.106119028099179559e+03
5.776154294576967004e+03
7.599090534824000315e+03
9.662824005838683661e+03
7.106191267531156882e+03
1.045923403347370186e+04
7.743830015151434054e+01
3.960352966706682764e+03
7.396764261276977777e+03
-1.142926173235156853e+02
1.017039352020458864e+04
3.155019505672111791e+03
9.088867563470037567e+03
2.666336871314689688e+03
8.568684524766225877e+03
2.157955942588441758e+03
1.533336340809327521e+04
1.722086967467613795e+04
1.006972480222760350e+04
6.811114251495552708e+03
4.968116107886432474e+03
1.887637998604232416e+04
3.013003258982389980e+03
4.192142479721787822e+03
2.775743604182634954e+03
3.032698717880420645e+03
2.067740817543689445e+03
1.020719368434900571e+04
4.616619816819153129e+03
1.703648559195329290e+04
9.269758338143852598e+03
6.053700712906811532e+03
1.574643176069050241e+03
2.280784980464246473e+04
1.860207336158203361e+03
3.471044557040811924e+03
7.661612757168470125e+03
3.300034116270652703e+03
2.635462999422080611e+04
9.830944792305515875e+03
2.338622873717041875e+04
1.089483431677557928e+04
1.140923300810233559e+04
1.537485282642980746e+04
4.523910986795888675e+03
1.800614278768636723e+03
1.198212822865308226e+04
1.283034852851115465e+04
7.557553911879775114e+03
1.580591297492474496e+03
2.986303876432702054e+03
4.676858611893521447e+04
2.146518081373821042e+04
3.033565402938904754e+03
4.534524669754718161e+03
2.144809004225177705e+04
5.385665598318712000e+03
3.447341511997033194e+02
2.701045201652328615e+04
6.844944002912831138e+01
7.602906925827361192e+03
7.320245102975888585e+03
1.399084582877727735e+04
2.024586876444310519e+03
9.606904478927781383e+03
9.900052604791391786e+03
6.682464754994037321e+03
1.482046602954155605e+04
-3.575503588951609117e+02
7.211992497866027406e+03
1.854105496647213658e+04
3.901534703417854871e+03
5.303855923228557003e+02
4.253096201950421346e+03
1.169191207053730977e+04
1.593403724498014890e+04
3.489789645887205552e+03
1.676575402769471111e+04
8.974361543130538848e+03
3.243328136864769931e+03
3.650785707188127708e+04
2.659229241219590222e+03
1.208148805608622752e+04
1.415088631951556636e+04
7.057652534698757336e+03
1.971705454658061626e+03
1.302497652191852285e+04
3.913802927140076463e+03
2.466497117311513648e+03
5.949034868421987085e+03
4.627480726965522990e+03
1.153757613526088244e+04
5.255868869477508269e+03
2.138779251339321490e+04
1.124331733898125276e+04
1.439902059593217928e+04
5.341217838449736519e+03
8.177383925405983973e+02
9.835228278278906146e+03
3.247694525701649582e+02
-7.428372223170985080e+02
3.075469163570281808e+02
1.612271684702124548e+04
3.791324913585103332e+03
1.660773050718486047e+04
4.025052988742375601e+04
5.523334027436178530e+02
7.360037553079220743e+03
1.958536012283220771e+04
9.561459983467639177e+03
3.086365696447052323e+04
4.749958777918827764e+03
9.154197820913515898e+03
5.265303637908516066e+03
1.603206922620090518e+04
7.772904207483593382e+03
1.226536868682073691e+04
2.391675650542149378e+04
3.183347815882183113e+03
3.161281501733744335e+03
8.057706650306782649e+03
2.722016567931068494e+03
1.165989845412879731e+03
1.071898770624544159e+04
1.462795240900620774e+04
5.074727612159643286e+03
1.882953916005356223e+04
7.935472016999575317e+03
8.745482069135303391e+03
1.694705864787063183e+04
7.417429335348172117e+02
1.965844774041999244e+03
1.704740650058659867e+03
1.488171714679881552e+04
7.615803005576859505e+03
7.375175384110620143e+03
1.017379302915423750e+03
2.319461789822762967e+03
5.344533315398010927e+03
2.238103284472307223e+03
4.913263910799892983e+03
7.157100517925407075e+03
2.083011786518747158e+03
5.628140995035365449e+03
2.176725381304256371e+04
3.332213329770832388e+03
3.425400269269096952e+03
1.599277382855365795e+04
3.748137129950588587e+03
9.061591086614676897e+03
1.445681500161416352e+03
1.165185279998212354e+04
1.265302783168327187e+04
2.018842616089890362e+04
1.033584456852062067e+04
1.731056129183198937e+04
1.001842655719148024e+04
8.668859437641513068e+03
1.520609226034550011e+04
2.290458249134078869e+03
3.899700516565376802e+03
2.771422201054185280e+03
1.441174589451237989e+04
4.985345719475022634e+03
7.803216222582059345e+03
2.268002061804641562e+04
1.266230644683685932e+04
1.358784828219220799e+03
6.665943559982411898e+03
1.369361717480185325e+04
1.642677268423922214e+04
2.721644209583386782e+03
6.786203608271851408e+03
2.001600957750200905e+04
1.149347824739845237e+04
2.572334475575901160e+04
4.780629133119990001e+03
1.010445624476913872e+04
5.722007175738741353e+03
2.227743785561523964e+03
2.309368062532437307e+03
1.209127416897072362e+04
4.048264499790304853e+02
2.136908194046275639e+03
4.616878547946089384e+03
4.699466659072634684e+03
1.670007305673422525e+04
1.488901708840096035e+04
2.607425670338724331e+02
5.006447844387028454e+03
1.079217852266093723e+04
8.011895448699284316e+03
1.121558486401985874e+03
6.127052338891979161e+03
2.031821062413893742e+04
5.477836244593274387e+03
2.414607703734758161e+03
2.386494260471888629e+04
1.183857448328725150e+04
6.772210035179309671e+03
2.154762624396792307e+04
2.969650518116714011e+03
7.148744548954975471e+03
1.464769399043767862e+03
9.945047855830046046e+02
9.790182852910249494e+03
8.238723867174296629e+02
2.290390599582136929e+04
2.775835201152753598e+03
2.217455101712292526e+04
8.456701100333679278e+03
2.329159302513824514e+03
1.309811987895370112e+04
2.614815858521164046e+04
-4.411849513807599124e+02
9.575386538376566023e+03
8.462072160821255238e+03
1.648486253859716817e+04
2.674511229897668454e+04
2.744264977707040998e+03
2.297658017136076523e+04
1.065127399887076535e+04
5.319219181157941421e+03
4.742046531784078979e+03
1.326234073650226128e+04
5.540283287373706116e+03
8.462595375001736102e+03
6.731053191555301055e+03
2.560385011799242420e+03
2.860330230649276018e+03
1.073388759208721422e+04
1.050979014156388803e+04
4.311798030195755928e+03
9.830391615214117337e+03
3.835952105757054596e+03
-3.320584407613492317e+01
3.897079698543071800e+02
1.329440301924379855e+04
2.417946859416326697e+04
1.563786604020028790e+04
1.376601457319000838e+04
3.307910351182959857e+03
9.119445564536708844e+03
2.700160620354065941e+03
9.734769302724635054e+03
9.576281881477996649e+03
9.433263859537933968e+03
1.487580968867903721e+04
4.118812055405233878e+03
1.073736298967367657e+04
6.806693236103525123e+03
1.126458368982202592e+04
2.809257555708019936e+04
8.601860325485751673e+03
1.943109780343961029e+04
9.477786139725832982e+03
5.928387617307498658e+03
4.150329806245084001e+03
-2.737903331745696960e+02
1.147596729874900302e+04
2.032382001347090863e+03
8.435884798723545828e+03
2.328151915063219803e+03
4.351703527051531637e+03
3.301580314858551901e+03
4.716556466359812703e+02
7.345257370355461717e+03
1.074491563825866615e+04
8.847511868824600242e+03
1.392005676554482670e+04
1.257028036610669369e+04
3.727709437760357832e+04
4.890816552971468809e+02
4.935504436340415850e+03
2.681558388263166853e+04
4.723231724760878933e+03
3.294866320735594491e+04
5.476910797077959614e+03
2.275279103211374832e+01
1.224013368045243624e+04
-1.274039272935624467e+00
9.031744263634107483e+03
2.401671701150477020e+03
3.541944528842076579e+03
2.344241174548165145e+04
2.181750584490867368e+03
8.302824841861784080e+03
1.280850332919079119e+04
5.494709345923085493e+03
1.610156916032941081e+04
1.898232102149797811e+03
-6.037983692764036050e+02
5.438757541072136519e+03
3.234229138357327975e+04
1.261424019282950212e+04
1.713510448291236116e+03
1.450736106243209179e+03
4.351152205354043872e+03
1.592792597847542311e+04
3.871846855031600171e+03
1.623354529138737053e+04
1.950295066980305273e+04
2.845709155097474195e+03
7.965283025973609256e+03
6.830908106656846940e+03
3.794284929539292352e+04
3.910131831575303295e+03
7.938967481432865497e+03
1.143076872431368247e+04
2.258011311498858504e+03
1.800823196522106446e+04
5.877567082646964991e+03
-7.481484586070050682e+02
1.699333403799876032e+04
1.897042457461154845e+04
9.935318101351218502e+03
9.944352410003453770e+03
4.927863480350807549e+03
5.496264200047073246e+03
8.075397785459409533e+03
8.963307645865126688e+03
5.990092054093134720e+03
1.226721368892342616e+04
8.552948642800674861e+03
5.602774492616517819e+02
1.001093244874044831e+04
8.854049016527034837e+03
1.787341723324964551e+04
5.287644990529906863e+02
8.319671065450067545e+03
3.840040319606621324e+03
3.445726350356710100e+03
1.382527257358886345e+04
1.621870631365840154e+03
4.607810402174709452e+03
1.902752269959803016e+04
1.478547258576785316e+04
5.728814487775006455e+03
3.206801398785714809e+03
1.287339424490994134e+04
2.303143673377176310e+04
9.448064301161415415e+02
2.076456614392717893e+04
3.351776688078935877e+03
7.282457914475686266e+03
2.652912416429054429e+04
1.130542378411522441e+04
4.390147599348357471e+04
-5.598864915677517047e+02
3.084905666181789002e+03
5.452186340641852667e+02
1.596618846123422736e+04
1.799963806967084747e+04
3.990209282532725410e+03
1.488511235618243290e+03
1.156672085441289528e+04
6.511874322279544685e+03
3.981899408845830294e+03
7.240181796439766913e+03
1.034950021225245291e+04
2.074292701430310262e+04
-5.610118756676588418e+02
1.452179360039071798e+04
1.036234128883734684e+03
9.707080797296894161e+03
2.577151157708303799e+03
2.376768514988908282e+04
3.166070935020188244e+03
5.806667958601088685e+03
1.373546258748024229e+04
8.167890039093590531e+03
3.703444590370503283e+04
3.214724629513986656e+03
1.120310025706321358e+04
7.258525813555133027e+03
9.118182755963052841e+02
2.616357539828931749e+03
4.226260105239633049e+03
1.366482561752767651e+04
1.376113026371320120e+04
2.559418719123485425e+04
7.655464020511246417e+03
3.483033217390399659e+04
7.490523595688535352e+03
1.020608991963127664e+04
1.403954108138941774e+04
1.092861390245496113e+04
5.174051016032131884e+03
3.571903654784136961e+03
3.372189355773854913e+04
1.067035776826440269e+03
2.063922173898164692e+04
2.098683230286027992e+03
9.031614638317392746e+03
9.646371712262400706e+02
1.061594312253950920e+04
9.423648516235417674e+02
3.242119609806497010e+03
1.090013478641384791e+04
1.357479992217128029e+03
1.555930372835444905e+04
4.345858244679599920e+03
4.766356751359879127e+03
6.204822093447519364e+03
9.919781500861468885e+03
5.533291924883632191e+02
-1.154975786616756750e+01
1.850932266748629627e+04
3.998769265141457254e+03
9.803560061488544306e+03
1.350149666253118812e+04
4.905075182356955338e+03
2.737825451785224504e+04
2.243906797641602316e+04
1.818642720236753121e+03
8.215512245343972609e+03
1.711368776180074929e+04
1.025938118600276903e+04
2.853540740252276009e+03
-2.003466667086729558e+01
5.251658152224944160e+02
1.288131032473972709e+03
3.039132188216358918e+04
2.483685391833585982e+03
3.174564300214515970e+04
4.803035065494769697e+03
1.255846848420336573e+04
3.629168773940041865e+04
5.830187996393510730e+01
1.634697948745258873e+04
2.058773997105563467e+04
8.742074476721373912e+02
2.433661276101035401e+04
7.521077651633406276e+03
1.556120171117883729e+04
1.228405960725162004e+04
4.771999859575302253e+03
5.888776890718944742e+03
8.835476614555700507e+03
1.045516757258357939e+04
1.121415508235525886e+04
1.852868771244230447e+04
2.398740263843401408e+04
6.963066084563905861e+03
1.052464145132274825e+04
1.228013114977374789e+04
1.289578630675292334e+04
1.211288605884205026e+04
8.213502560710736361e+03
2.015979696327452984e+04
6.781177862707072563e+03
2.388608394748450883e+04
5.987050949430476976e+03
1.073553045230580938e+04
3.396131100105330916e+03
1.944483390037720528e+04
1.348612357150804928e+04
4.122423195897977166e+03
5.443377770284829239e+03
-5.300509449963124098e+02
8.386184029223291873e+03
2.405746924508864140e+03
1.877240733706310129e+04
5.401165036943937594e+03
3.393893799274267803e+04
5.935703599349722936e+03
-4.573888629148531209e+02
4.411103615922672361e+03
3.174083231694128335e+04
3.670835950015929029e+03
1.751593910166864362e+03
2.522826260684190856e+03
2.967601723512755143e+03
6.541622226377296101e+03
3.777503999747814669e+04
6.369468477715776316e+03
2.144635888936549964e+04
3.818128101905927906e+03
3.231733089884595393e+04
2.300971697086805762e+03
1.675455929209902024e+04
2.437205058706969339e+03
1.165757705580365109e+04
1.774658944408675961e+04
3.636558735442504985e+04
1.137537348222304900e+04
4.900210274561201004e+03
2.698106329233638826e+04
4.092293688594620107e+03
9.963531395574722410e+03
5.069860317544628197e+04
3.016179675736365425e+03
1.641339724113428019e+04
3.771389932369477265e+02
9.168814054260094053e+03
1.499446965446679314e+03
7.602061737207313854e+03
4.649988509653358051e+03
6.151664921078412590e+03
9.378716295694903238e+03
5.474464092129447636e+03
1.948456476729674614e+04
9.454762083776808140e+03
1.991341428404923136e+03
1.472712862795572073e+04
1.805004404024011365e+03
8.786496982492386451e+03
9.548319157549944066e+03
1.722808672097263843e+04
2.553058909820396730e+04
3.584749544242921729e+03
5.330016268003500954e+02
6.892992770633612054e+03
4.122926641026340803e+03
1.504728921355052080e+04
9.212097154829036299e+03
1.257537193252009820e+04
5.479564581948023260e+03
8.070993312296514887e+03
8.065461491681784537e+03
8.002296369422258977e+03
7.468044779030916288e+03
9.390574322184393168e+03
1.161808002098051134e+02
7.140264869174212436e+03
1.149307177542413046e+04
1.971601983494654178e+02
6.522977948358439789e+03
2.718221665530038536e+02
1.782492113357202470e+03
1.315061074829725476e+04
2.591121983100294528e+04
-2.154334566988882216e+01
2.449812459469288569e+03
3.259412644811513474e+03
2.162131946082898503e+04
1.006754844185243746e+04
7.462015954655355017e+03
4.350723188245891834e+03
6.329094878030802647e+03
6.132628039863929189e+03
2.551969572360961138e+03
3.353837337885209990e+01
3.769759059422618520e+03
2.883056167556117998e+03
7.851766683271455804e+03
5.072516443596394993e+02
3.433749523167792358e+04
1.454163443652146270e+04
5.827111718296944218e+02
2.653540742019727531e+03
1.309825527143089130e+04
8.271703580380179119e+03
6.140082871343084662e+03
1.354947245688325665e+03
1.930171391774059521e+04
3.884338804312595130e+03
1.796015009536360594e+03
2.538444164925066070e+04
7.690136093331956545e+03
1.053337279245687023e+04
4.643231866656765305e+03
1.150865012778430901e+04
2.264793098292940704e+04
9.723086618278161041e+03
4.330297159443554847e+03
5.652618587209389261e+03
6.543461783725468194e+03
3.371885077270245529e+04
1.481725233257214541e+03
1.480803424242705296e+04
7.175930762504693121e+03
6.678897061704049520e+03
5.729693090110620687e+03
8.081852555389806184e+03
1.538962310461259040e+04
8.487963069353470928e+03
9.047467580238853770e+03
7.105976686475284623e+03
5.082250402709415539e+03
7.652701831338788452e+02
1.008185338403119749e+04
3.434582790303365618e+04
1.653050105069386063e+03
5.611716101268310013e+03
6.707230351656245148e+03
2.499322623274760554e+04
1.017126887741052815e+04
1.341607518473928167e+03
1.514800429748464376e+04
1.312158370330808339e+03
2.456838379356818223e+03
1.252432592769103940e+04
9.215006725352754074e+03
1.429525264248863323e+03
6.296501437549481125e+03
2.931248102420298437e+03
4.493689100831781616e+03
1.697389307141711470e+04
4.034431210862406260e+03
5.831159159882674430e+03
6.177727155130376104e+02
3.357521132079988092e+03
7.876179928399862547e+03
1.213536684229555976e+04
1.385432427250179899e+04
1.192960059033152447e+03
8.666432722999930775e+03
1.267550802003212311e+03
1.031675756709042798e+04
8.136460703041690977e+03
1.495579031170658345e+04
8.460278001749358737e+03
7.655238415292399168e+02
3.695852249326919264e+04
6.711738536294308688e+03
3.683499643425329850e+03
5.487179557289040531e+03
4.448700347462838181e+03
3.940432699560783931e+03
1.011268226892602979e+04
3.995165303154349203e+03
1.889864408344191179e+04
4.779759648196475609e+03
4.023463469438893299e+03
8.637825933780401101e+03
8.436389618284587414e+03
1.048755937412853018e+04
1.118923862220257615e+04
-5.040795422497290019e+02
2.461188538816205983e+04
4.355746439428262420e+02
5.876238975579864928e+03
-5.178040680982771846e+02
6.957316506058108644e+03
3.239184356824960560e+03
2.085608290764838603e+04
1.247394647926370089e+04
7.572194662926405726e+03
7.472052785395639148e+03
1.600325637453140007e+04
5.890774622913804706e+03
5.817062854813268132e+03
1.933897372857274240e+04
4.365607829732644859e+03
5.355454344035444592e+03
3.056614930209857266e+04
1.205713001451759055e+03
2.161654628602541925e+04
3.333473305913196782e+03
-5.047849059315761906e+02
2.452585160513162555e+04
4.318111334501878446e+03
2.650219003381661423e+03
2.265532106489130092e+04
1.890751094319663935e+03
1.415034765315675213e+04
9.240063681439038191e+03
4.480253989282873590e+03
8.051478194278150795e+02
2.288618070277991592e+03
8.830444329647272752e+03
1.703147260263813223e+01
5.344970362188795661e+03
1.744063108350063703e+04
1.251212724645135677e+04
1.630868245486976775e+04
7.765396769518472865e+03
3.052605590978031614e+03
9.691475556503686676e+03
1.898575227622680177e+04
3.659901806134238541e+03
6.633473534305897374e+03
1.255663504383200689e+03
5.301341893961149253e+03
7.689302699005960676e+03
1.199151967340896954e+04
4.494434239956948659e+03
2.479346971345619022e+04
2.770414541943982476e+04
1.640975535671176476e+04
2.859601256121048209e+04
2.674456145398372428e+03
4.591317014008835940e+03
1.122580739371924756e+04
1.726961020246631051e+03
1.325987843710954985e+04
5.003139784693808906e+03
4.210471191487380565e+03
4.147566923180373851e+04
1.134910220596508589e+04
2.036092137859213608e+03
1.582623878008699648e+04
1.633647944468990136e+04
9.676360093598415915e+03
3.730363580638288568e+03
5.311864244940790741e+03
1.677745207162726274e+03
1.502160483474110606e+03
1.684093931584089660e+04
3.517999252216054629e+03
1.475457851468523950e+04
5.303174834561348689e+03
1.360947160713091364e+02
1.618976797864614127e+04
1.889108029490917033e+02
1.420144600765146242e+04
1.665382811229726940e+04
3.878236505795760877e+03
4.921756931115654879e+03
1.407093420889617300e+04
1.218399093722980797e+04
8.619985123354070311e+03
1.085721387324403258e+04
3.406225966309483192e+04
1.532978230053520565e+04
1.170370689974511879e+04
3.305236877109622583e+04
7.563427664262286271e+03
-8.717660180164014037e+02
6.044257704841078294e+01
3.796531526989453141e+03
-1.006029854604910270e+02
1.535700878929857026e+03
2.446718036146438408e+03
1.087918044916591498e+03
2.791563511074860799e+04
7.807957326023868518e+03
6.439185702984763338e+03
1.969744389333976869e+04
7.273425727242964058e+03
1.528857892820633606e+04
6.646916355755086443e+03
5.432266504715408701e+03
1.333967945498444351e+04
6.065698014638273889e+03
1.561899898586798008e+04
1.609163674417711627e+04
5.953331173211956411e+03
1.649335270507669702e+04
-4.656651238551313554e+02
5.355856174047556124e+03
6.258599862694273725e+03
9.655546235393218012e+03
1.349784226034843050e+04
6.310701780582316132e+03
1.189964423524985796e+04
8.656124664139699235e+03
5.196812340996530111e+03
8.479138342532305614e+03
6.188503504870846882e+03
1.342311136452950996e+04
7.833935138708211525e+03
1.197034072102972459e+04
5.946923141365668926e+03
1.226826631825272852e+04
9.004760364005144311e+02
2.044517255394750464e+04
7.820543107425261041e+03
2.979826495112998600e+03
5.103456009686391553e+03
1.272999904671605691e+03
2.168737223342073776e+04
1.849886266813077236e+04
4.947225918090192636e+02
3.180624284520103174e+03
1.183327475733079336e+04
9.480790447407172906e+03
4.450979827004553954e+03
2.151858742164165506e+03
-6.938476682793123018e+02
6.711465227588619200e+03
1.798846662522839324e+03
5.862367570333897675e+03
1.663112208144225951e+04
9.837360234516872879e+03
1.726194646956983706e+04
8.300861904265095291e+03
5.592637610978824341e+03
2.725548908918240704e+04
1.039742225127472921e+03
1.164110077084299155e+04
1.193161831355170580e+04
1.657962320769822554e+03
8.977356011787982425e+03
7.448726319123197754e+03
4.709571463769458205e+03
4.287768755512958705e+03
2.490299299441661424e+04
5.340853623670674097e+03
1.159368882083818971e+04
5.342507194947717835e+03
1.257318811915941978e+03
1.446276107715547005e+04
1.944440871070969706e+03
1.725054327326940324e+02
3.933797433103161165e+04
1.496549143128917058e+04
1.101920388303428808e+04
1.294551421105316649e+03
1.942148776695120887e+03
5.599999021805331722e+03
-1.073464276238351886e+03
8.851262485136827308e+03
7.408298306748330106e+03
1.266742986747986379e+03
5.717728055820394729e+03
1.616267346342024030e+04
7.608058194377578729e+03
1.887635160947318946e+04
6.918030450166921582e+03
1.321394021307505318e+04
8.130915783525853840e+03
5.646354781131244636e+03
5.620926629872239573e+03
3.718887325265525305e+03
3.990604543759668104e+03
2.928100031322017458e+03
1.003944183751734090e+04
4.065054279439657876e+03
4.246067362713031798e+03
8.531686345907663053e+03
1.967131095690438451e+04
3.160066713664212330e+03
2.056997648289177596e+04
8.325756676661301753e+03
2.987438412515322852e+03
8.787344619717541718e+03
1.997276726478715318e+03
1.122363830099836014e+04
2.013942819228657754e+03
3.006408377586488314e+03
9.017050383756773954e+03
1.221623838425502981e+03
6.743096127552484177e+03
2.063173182535163505e+03
7.519365811134731302e+03
3.570499709343665018e+03
8.840529102836693710e+03
1.505656922447173929e+04
4.304536194182458530e+03
6.352730978934592713e+03
8.636268465396053216e+03
1.434142913821432558e+04
2.582427554715193764e+03
4.864881860227909783e+03
1.278129832507623405e+03
3.333886196389688394e+03
2.609169086592394251e+03
4.898703690032098166e+03
2.148952762886789060e+04
6.921893904218291937e+03
3.312184311635510767e+03
2.713719930249012577e+03
1.979767530310960501e+04
8.010463665908023358e+03
2.608931871453781059e+04
1.377849305301302775e+04
7.702470632196393126e+03
3.805554577501814492e+03
2.430990350112740089e+03
2.195363741856156048e+04
1.080734974890707417e+04
5.035310922174303414e+03
7.430251665895697442e+03
1.119276563359187276e+04
1.098912651598789853e+04
2.607480876594903748e+03
7.715852198783816675e+03
9.484470320610103954e+03
1.064233544835415523e+04
7.514669413116892429e+03
6.032176648119873789e+03
3.331572828627131003e+03
1.678090527642452071e+04
1.052290936977030105e+04
1.300025961418454062e+04
1.516152728080351153e+04
1.296499871533859186e+04
4.690564226222031721e+03
4.786301956224804599e+03
7.664349072312510543e+03
7.185007241094295750e+03
2.482691950561670092e+04
7.359158657239499007e+03
4.854985369429663479e+03
8.281909309881215449e+03
5.403415080694096105e+03
1.325734379063105507e+03
3.788202450064017285e+03
1.743015183283366468e+03
1.385953792815737688e+04
1.224789008222011034e+04
5.945809811130610797e+03
9.553329038568992473e+03
1.697826297777484797e+04
5.335188477371240879e+03
2.400655744391368717e+04
-5.490380023734335282e+02
8.813835654135231380e+03
2.338425261911705456e+04
6.076282064062565041e+03
4.125444417415797943e+03
7.322109857511907649e+03
5.481178543006661130e+03
2.463012118863375508e+04
1.105234957481093079e+04
5.688498963519122299e+03
1.434168686110944145e+04
7.778292638453774998e+03
1.966647050186565684e+04
3.438067229465491437e+03
2.725284840542518396e+03
2.260552882189578213e+03
1.188282752617836923e+04
1.083718250582104702e+03
1.703839316165479613e+04
1.260580345902363842e+04
3.727385318232660666e+03
7.847485440272849928e+02
1.437847490093914530e+04
2.763268567694909052e+03
9.885106971738324546e+02
1.309801431453640362e+04
2.288243943582375505e+04
1.080503080815406611e+04
1.081751456538820275e+04
4.297057156206747095e+03
9.625119276009563691e+03
8.571228414511238952e+03
9.682991542441277488e+03
3.206858377747985742e+03
1.049870684515008634e+03
8.282380894142135730e+03
1.117165858605418725e+04
7.090947399250443596e+03
2.681174005193646008e+04
1.640165556522013503e+04
6.718241306134817933e+03
6.816863649091747902e+03
6.948278114326756622e+03
2.896596159431623164e+03
1.818042418113734675e+04
5.453833900390878625e+03
3.698392364672028634e+03
1.363132444389541342e+04
1.979941647347669118e+02
-5.085650131957431768e+02
6.561517933894763701e+03
1.083075624020499708e+04
1.616500479534774604e+04
6.271701743807539970e+03
7.086973432233114181e+03
3.268114364488983483e+03
2.897683824774161985e+04
-1.109357846300384836e+02
6.864474715708270196e+03
3.193639404486128115e+03
2.907439267195690718e+03
1.023970145755828867e+03
3.881652449573128251e+04
1.766662633519434894e+04
1.591096062738514092e+03
2.018273627473761371e+04
9.087466940414087730e+03
9.567553150130868744e+03
6.114462569147578506e+03
-7.234734551323324467e+02
4.199137754933362885e+03
4.980774273726992760e+03
7.440542723613109956e+03
8.377200428492034916e+03
4.883097792581631438e+03
3.014106371735269931e+03
2.950138014729546921e+04
1.325354306272018675e+03
1.770216131538520858e+04
6.238549507071702465e+03
7.076570596149018456e+03
8.201692359381222559e+03
4.812879303506962856e+02
2.211683023880502878e+04
7.749809411915639430e+03
6.321444496551976044e+00
2.972478790325218142e+04
3.530821180664029725e+03
1.203283321290042113e+04
5.075315271585177470e+03
2.638368949566257652e+04
3.351490260263020900e+04
1.061449122060329682e+04
3.963015424289589191e+03
1.265049603668117561e+04
1.528651245636836620e+03
1.802212357838772004e+04
8.731829828717516648e+03
2.320838199350613650e+03
5.335388297583177518e+03
6.941811996825873393e+03
9.830139849373787001e+03
1.978377503187910406e+03
1.281077731557949846e+03
2.429534193157760456e+04
1.118927496416221766e+04
7.632676304474107383e+03
2.062781276460416848e+04
4.803269769952470597e+03
2.161043282749432547e+04
9.215269780338821874e+03
7.269174097568356956e+03
3.225525795302373808e+02
1.477702896711523408e+03
1.246819060071057356e+04
2.300545332592722480e+04
9.122504579979216942e+03
1.146060792638701241e+04
8.614289774800565283e+03
2.696931804769675364e+04
1.422724881549789643e+04
8.064280892098975528e+03
2.757962195835547027e+04
7.172279035862849014e+03
9.840328764054836938e+03
2.160490776625239960e+03
8.701927695033838972e+03
7.940195989192484376e+03
1.038016057498190321e+03
5.530787343266336393e+03
1.296921959879644419e+04
6.236087291706892756e+03
5.300636181850690264e+03
1.385358565011057362e+04
3.726201034893171709e+03
1.068826244793022306e+04
2.394128366108017872e+03
1.723521738143366520e+03
1.393882437631095490e+04
9.626534172804678064e+02
1.782885018689650906e+03
1.427836156504212340e+04
1.973959613543381056e+04
4.026237078696452500e+03
7.131398968899364263e+03
1.102274707408790709e+04
1.246276917386363857e+04
7.161009653074100925e+02
4.882553785454651006e+03
1.874187811463785329e+04
1.290761684386365960e+04
1.989915619300201342e+03
2.149011619112130211e+04
2.413419994450806371e+03
1.641479196305870801e+03
3.832591673462004564e+02
3.111387336852845692e+03
8.767806340965818890e+03
5.101320779944788228e+03
4.297115478018068643e+03
6.969453619090034408e+03
2.294931571417943360e+03
9.175327959557489521e+03
5.000212769092362578e+03
1.693656074163379162e+04
1.522597505082245334e+03
1.213364168997084562e+04
1.260239519938069134e+04
2.840057703290521204e+03
2.026800949805481287e+04
8.962565618237340459e+03
4.648625320993813148e+03
5.003669245069510907e+03
1.175606748887637514e+04
8.997529250658573801e+03
1.041311301500388254e+03
1.271545512695831349e+04
8.977272043427110475e+03
3.648801130134839241e+03
1.226535464646296350e+04
1.921196314072092719e+04
6.459380187863546325e+02
1.319562199927000620e+04
2.195334377590428630e+03
5.966915787947100398e+03
2.088253700742517594e+03
1.209728681421916372e+04
8.456217403432759966e+03
1.252965230535746014e+04
1.205920869328102708e+04
8.879986229251830991e+02
6.720990263964411497e+03
5.608656479058968216e+03
3.686415797360802571e+03
1.287161397902235149e+04
2.008998597790894109e+03
1.629546953982148079e+04
2.462780935965455865e+04
1.613225134514111051e+04
6.594906279322866794e+03
8.774171014903182368e+03
2.675219210658994598e+03
1.837689998609221948e+04
1.122465476743255931e+04
2.286373052162176828e+04
1.536731257617405754e+04
7.207804384150040278e+03
1.504279184819930379e+03
3.488459855447207519e+04
6.940581506703733794e+03
8.064897481140851596e+03
1.218563690918792781e+04
1.477353475480218549e+04
1.103047846866317195e+04
1.643929322618682636e+04
1.696908267261197398e+04
1.040301306348159233e+04
1.364598692193765601e+04
9.322631177557923365e+03
1.983726396222553149e+03
1.952021629725843377e+04
3.109176531369955046e+04
-1.236991405733380134e+01
4.794119389976046477e+03
2.139722920130645070e+04
6.585928712696545517e+03
-7.800789473935681144e+02
7.816112248048066249e+03
6.756525113108095866e+03
8.374431534408337029e+03
2.670549982054091743e+03
2.148885521129932022e+04
3.410646707719820824e+03
1.774841116407423669e+03
6.354262170599575256e+03
9.241442097324637871e+03
9.115856286987747808e+03
1.483637476937214888e+04
1.942755095334759972e+03
2.223133694887892852e+04
1.642014109909833860e+04
1.127525661992428832e+04
3.090954997623048257e+04
9.029697265227994649e+03
8.757066027837878210e+03
9.175149223154941865e+03
9.828441971491754884e+03
2.525587908732622964e+04
1.454832346457401945e+04
1.333986879425784355e+04
1.040389633367704118e+04
4.385602898884517344e+02
3.491735578248629463e+04
1.759378234854641778e+04
1.779496839396254472e+03
7.397483953440395453e+03
6.644901084189540597e+03
1.046440521348520451e+04
3.094862514966922390e+03
5.254658056288916669e+03
1.617185962278383522e+04
6.041309437380805321e+03
1.575269310819957354e+04
9.458005835188687342e+03
2.359009016248317039e+03
1.317493044370768621e+04
1.471802754182517447e+03
1.638148741814555797e+04
1.172708468232296400e+04
2.723250352349824425e+03
2.193607656988125018e+04
1.359248740188349984e+04
1.216257347042362881e+03
4.072043355063889976e+03
2.520610660349737009e+04
7.336203834735926648e+03
4.993969235350858980e+03
8.575881587520882022e+03
4.238420248942130456e+03
7.770468263788951617e+02
1.193381675880207695e+04
6.804303056630929859e+03
1.072243560653200075e+04
5.874828562096749920e+02
4.829013880753118428e+03
1.566431609453059355e+04
2.637315441338004348e+03
2.695552429328986818e+03
7.369369735911794123e+03
1.047393088739614177e+04
3.560952437743372229e+03
2.106116706049304412e+04
1.297530666670602659e+04
2.194368154046257041e+04
2.308751972313152692e+03
4.373428568285399706e+03
4.988064240995606724e+02
3.117237832839822295e+04
1.136495967772214135e+04
1.092476710894748294e+03
3.754079875908040412e+04
9.402843421322473660e+03
6.337544884716886372e+03
6.265465200724232773e+02
2.833603829809272611e+03
7.609299090873058049e+03
1.042641226897810520e+04
2.597728446358217479e+04
2.823712198049311701e+04
7.112708574567825053e+03
5.788583011482491202e+03
4.680941724634119055e+03
2.236803396712901304e+04
3.362395015469542705e+04
-1.098421569979262131e+03
1.447149126877484923e+04
1.136448309651404816e+04
-2.992132183051563743e+02
4.540917340515577962e+03
5.731115838557227107e+03
1.446666647811478833e+04
1.296036266510056157e+04
5.381784988473362318e+03
1.272118966573558646e+04
1.070674671744369152e+04
3.910890662679102206e+03
2.787628994895287178e+03
2.587487488794531237e+04
1.658631559729018772e+04
5.014573077152267615e+03
2.586516796569844155e+04
1.624897024399326983e+04
4.888784832871318940e+03
1.777127218184777303e+04
2.075080929837173608e+04
1.028290988921265489e+04
1.416382805354133961e+04
1.109104456894300029e+03
2.141281437972253843e+04
6.418906522210027106e+03
8.297362567862121068e+03
2.747542502126976251e+04
8.832530013580499144e+03
1.981101243844913370e+03
3.186343713950730489e+03
1.541804756104242188e+03
1.355524233562907102e+04
2.611650417857978937e+03
2.576732374407197494e+04
6.720375055707900901e+04
5.053987318305928966e+03
1.026096069665349933e+04
1.258829047923694088e+04
1.846392573082918170e+04
-1.216698904139188699e+03
5.720918430244352749e+03
1.272332086486973822e+03
9.168152286291049677e+03
8.456950400068937597e+03
2.094216161634615491e+04
1.482718024797390353e+04
1.667330571205231172e+04
