8.245624401188688353e+05
8.762265303597409511e+05
6.743269186868804973e+05
6.769440644936235622e+05
7.782641154191002715e+05
7.103437018511065980e+05
6.784663506755098933e+05
7.677684391005585203e+05
7.126498903005827451e+05
7.699464900227424223e+05
6.457787157914777054e+05
6.656280280088890577e+05
8.174419876870267326e+05
8.027248583681735909e+05
6.319749818251574179e+05
6.764781572274408536e+05
8.804644885080958484e+05
7.231748972443661187e+05
8.434876181060398230e+05
7.299576250794139924e+05
6.797824797597579891e+05
7.768600212674309732e+05
7.452291407147964928e+05
8.286909622968157055e+05
6.892221466365342494e+05
7.009031979680971708e+05
6.915337855205647647e+05
7.099371679174955934e+05
6.383718594751597848e+05
7.237453656826962251e+05
