-1.382548436646746122e+05
-1.835117039425314171e+06
-2.708842450629740022e+06
-1.705445187049558852e+06
-3.080546837578235427e+05
-1.091352361352453008e+06
-2.497044621065351646e+06
-2.957586399496779777e+06
-1.185729409498724854e+05
-5.620920329774392303e+05
-1.681593774165867362e+06
-6.937407609203049215e+05
-1.331325724846057128e+06
-5.083812996645701933e+05
-1.250220752379610203e+06
-2.152718252055775840e+06
-6.406273085268129362e+05
-6.644661521948889131e+05
-9.863473765324266860e+05
-1.234579084568350110e+06
-1.364389789933710359e+06
-1.790563841438487172e+06
-3.414087188005732605e+05
-8.624422296549681341e+05
-1.495537847004859941e+06
-1.685426178688438609e+06
-2.551823250755912741e+05
-1.160373996830554912e+06
-2.648824131302015390e+06
-9.066597256912008161e+05
-1.078786044109281152e+06
-9.844450631117966259e+05
-4.986631461663218215e+05
-8.896235562910959125e+05
-8.741724311506778467e+05
-8.253848504002265399e+05
-2.504520175888353959e+06
-1.002613064921127283e+06
-3.732326728157012840e+05
-1.374638907638075063e+06
-1.497524127186588245e+06
-2.571537267391055357e+06
-1.224820793674190762e+06
-1.248132594804541441e+06
-1.649292341333171586e+06
-4.958409117725621909e+05
-9.442174782989028608e+05
-2.017620623178468377e+05
-1.219187032520495821e+06
-7.183122601326034637e+05
-1.010398271660197177e+06
-1.628359637892991072e+06
-2.692974381145560183e+06
-1.076605859281325247e+06
-8.283076750164150726e+05
-4.847013327901597368e+05
-6.049850402923419606e+05
-1.409589962397385156e+06
-9.141679315826697275e+05
-1.479276685635683592e+06
-9.540153413657012861e+05
-8.267397854140778072e+05
-5.093197415775476256e+05
-4.856053802893320099e+05
-8.377506812472076854e+05
-2.146588203017242718e+06
-2.978547469375299290e+06
-4.082825437493889127e+06
-3.440587490288626403e+06
-1.035429255676582223e+06
-8.987285178903082851e+05
-6.813708881157081341e+05
-1.420372707312310347e+06
-1.840906514630843420e+06
-3.503707104316452984e+06
-3.773891059022477362e+06
-8.120257733415126568e+05
-1.605048121163718868e+06
-1.390369955681678839e+06
-2.504014353183564730e+06
-1.050299669439904159e+06
-7.109872299873380689e+05
-1.716371850430574734e+06
-1.031419501968581812e+06
-5.803751476727260742e+05
-1.527010456414686516e+06
-1.164731263207915705e+06
-5.142938901533928001e+05
-6.156894402857718524e+05
-1.690011743490014225e+06
-1.482906723845835775e+06
-9.939620505629908293e+05
-2.272947964699346106e+06
-1.944321533157323953e+06
-9.726326367336362600e+05
-1.195792075110881589e+06
-1.124321359209406422e+06
-2.386631602977838833e+06
-3.789402995547184255e+06
-2.337329797532891855e+06
-3.173491828464851715e+06
-1.751324598173241597e+06
-1.500194513495235238e+06
-3.507234838526800158e+05
-4.735153797038313933e+05
-1.577283741835358087e+06
-8.488066772348381346e+05
-9.653613983335027006e+05
-2.146955490231833886e+06
-1.065087964030634146e+06
-9.032592727832101518e+05
-1.233644887937605148e+06
-1.476655652391152689e+06
-2.726817470935455989e+06
-3.095809873356787022e+06
-1.507653522816659184e+06
-1.115750520355957327e+06
-1.966945937946985243e+06
-1.812614156020609196e+06
-8.646532081978891511e+05
-1.455915497394410893e+06
-2.265570017066509929e+06
-3.517735507960364339e+05
-8.325758224827562226e+05
-2.259408113830568735e+06
-2.874520920351996087e+06
-3.469619311430713627e+06
-3.787616946980134817e+05
-7.239701378770039883e+05
-1.855659442642690614e+06
-6.407120358258355409e+05
-5.201054578405267675e+05
-1.098068478950443910e+06
-3.636705156745585264e+05
-1.906072019325530622e+06
-1.095231047973866342e+06
-2.163695549236771767e+05
-7.005635889077580068e+05
-5.695842935130011756e+05
-8.869245434484590078e+05
-1.483196114567269105e+06
-1.704473002157574520e+06
-2.039764679821271566e+05
-1.179007051031061914e+06
-1.604864327865015250e+06
-1.462262554808275076e+06
-2.426121763030888047e+06
-3.869476442438830622e+06
-5.769451271061850712e+06
-2.882451685869830661e+06
-7.823418278305082349e+05
-6.947306763346269727e+05
-1.021549306743528461e+06
-7.255320335037675686e+05
-1.034728705520539545e+06
-1.448522892765978584e+06
-7.947773796544515062e+05
-1.250879025875131367e+06
-1.306084707087185234e+06
-2.237259173340444453e+06
-6.839414679022562923e+05
-6.563935580114785116e+05
-1.674982297378882300e+06
-1.160720118202397600e+06
-1.754329972801784519e+06
-1.629079994229340693e+06
-1.994846848648190964e+06
-4.288746585237771069e+04
-6.294572037666434189e+05
-1.774044541264656233e+06
-1.729436297346491832e+06
-1.060296120933328057e+06
-1.047166349209504435e+06
-1.895377460759396199e+06
-1.635343020883108489e+06
-3.662403075247216970e+06
-5.337025616581571288e+06
-2.389041427513046656e+06
-6.102446790249333717e+05
-6.031689074042009888e+05
-7.516726232606393751e+05
-4.445689901067741448e+05
-1.670877901669836137e+06
-2.679736972910493147e+06
-1.201429340696876170e+06
-3.261126403377639595e+06
-3.232618833096809103e+05
-1.059572699307094095e+06
-8.225129195785489865e+05
-6.606470517632670235e+05
-2.052348730996773345e+06
-9.297543758583234157e+05
-2.441806627614586614e+06
-2.797485564010451548e+06
-4.646675232227569213e+05
-6.490623683585033286e+05
-2.204882103933018167e+06
-1.196985009370904882e+06
-3.538285300308710430e+05
-1.271936466442903969e+06
-2.092177702110101935e+06
-1.938018318217592780e+06
-7.895446617756756023e+05
-2.034377631922310684e+06
-7.988479098706728546e+05
-1.005589637674881145e+06
-1.061713918288009707e+06
-2.512374016493863892e+06
-3.912385204209062271e+06
-3.157170364125275984e+06
-1.354576378928199410e+06
-2.270723224060541950e+06
-1.132535280795583036e+06
-1.110149569822951220e+06
-4.671906147960621165e+05
-1.586313887307916535e+06
-1.654549379004101735e+06
-1.943880047824706184e+06
-1.596694842257622629e+06
-1.061212928282933775e+06
-1.582795446203254629e+06
-1.914736208004079293e+06
-1.633248364698818186e+06
-1.768924446188568603e+06
-7.462201169456107309e+05
-1.082450739144694991e+06
-1.036487440475128242e+06
-1.549086006452009082e+06
-5.744673966193099041e+05
-5.723236049504951807e+05
-1.248729490528004710e+06
-1.712851636443472933e+06
-1.154891541111646453e+06
-2.434457034583351575e+06
-5.083376488968179328e+05
-9.986905312617173186e+05
-1.929321048773494782e+06
-2.658922483044796158e+06
-1.705988975622451399e+06
-1.109535275853843894e+06
-2.197681998373671900e+06
-4.151391703925902490e+06
-4.510730535578875802e+06
-5.842231334130153060e+06
-3.393747038156578783e+06
-4.951573838208041707e+04
-1.533208539315617178e+06
-3.781686922304208390e+06
-1.499333029652286321e+06
-1.032791260512190871e+06
-1.131338701827169396e+06
-1.200827842912400141e+06
-1.325872115636325441e+06
-1.416031491530460538e+06
-1.176701035709855845e+06
-1.142279171049357858e+06
-2.512373058508879971e+06
-2.448160571322991513e+06
-1.092362146839188208e+05
-9.577682268742742017e+05
-1.100119721913727932e+06
-1.019732263538215542e+06
-1.030329805988971144e+06
-2.207713548270889558e+06
-3.669123618055373430e+06
-5.300654579236371443e+06
-6.234814167323396541e+06
-2.219707479026338551e+06
-1.435793833071052330e+06
-9.233163894999210024e+05
-1.302275872021670919e+06
-8.925888434088032227e+05
-1.234761682281734888e+06
-1.872688069174980745e+06
-2.532592898709361907e+06
-1.707448370228487300e+06
-2.648987559284078423e+06
-4.342595614852096187e+05
-4.129193764425312402e+05
-1.295031173703584820e+06
-1.826515726272458909e+06
-2.688592736075236462e+06
-1.075615933394860709e+06
-1.037255325926467078e+06
-1.443878665313362144e+06
-3.572773769288797630e+05
-1.032639990686917328e+06
-1.337386577418339206e+06
-1.500746061270662118e+06
-8.464874166749601718e+05
-1.377981409714778420e+06
-2.015656627648810623e+06
-3.222186574471047497e+05
-1.183150854788309196e+06
-9.495759768481084611e+05
-2.094935817100809887e+06
-3.271356943526239134e+06
-4.664723474126314744e+06
-2.370436183663331438e+06
-4.253031565217358002e+04
-1.081352417692270596e+06
-1.447403314485322917e+06
-7.676997391219020355e+05
-9.210466268875323003e+05
-4.909670743076389772e+05
-1.046317251547550433e+06
-2.368893435395194683e+06
-6.731367338583244709e+05
-7.912834370113596087e+05
-6.911752474197838455e+05
-1.757621832769785775e+06
-2.040996622789929854e+06
-1.928384373792249011e+06
-1.364886130736231804e+06
-2.100857072587272152e+06
-2.746687181740869768e+06
-2.350966222943305038e+06
-4.593232734622886637e+05
-1.721864867835165933e+06
-1.013804392386802239e+06
-4.639783401562152721e+04
-1.360978758563448442e+06
-2.914835476203508209e+06
-1.268682498376939446e+06
-1.156871213923468953e+06
-2.497486008510796819e+06
-3.237816508222112898e+06
-4.247242711724126711e+05
-7.732147664444136899e+05
-9.685300838712962577e+05
-9.255327663668219466e+05
-5.235484326234046603e+05
-1.191819116819504416e+06
-2.187771433607404120e+06
-9.455808599623193732e+05
-1.303084132116265362e+06
-3.894575593284614151e+05
-1.753149644220441114e+06
-2.046862870289799292e+06
-3.721603928913871292e+06
-8.771868957841055235e+05
-3.908745389027470374e+05
-1.203199563457055250e+06
-3.125304132404868142e+05
-9.993443637190358713e+05
-1.596115505134540144e+06
-3.642748348845646717e+06
-1.489150055079417769e+06
-5.368923667250017170e+05
-1.815278959834869485e+06
-7.350404339862669585e+05
-1.820224845784408972e+06
-1.079978596074359957e+06
-1.308672599968341179e+06
-2.190047354049101006e+06
-3.269108915092884097e+06
-1.151386076350342017e+06
-7.588233810413765023e+05
-1.430428283692342695e+06
-2.097435436616330873e+06
-2.323149967073823325e+06
-1.083796766102920519e+06
-1.244906962721621851e+06
-9.596541003440335626e+05
-7.929796915616227780e+05
-7.571464093257819768e+05
-7.695900770033703884e+05
-1.917636540520756738e+06
-1.785255700702292146e+06
-5.109661535531149129e+05
-1.303027836633482482e+06
-2.298733970250410028e+06
-3.711764376555382274e+06
-3.708293797863944434e+06
-1.208110259118021233e+06
-2.385710395808293018e+06
-1.490452724728010129e+06
-1.181523571011350723e+06
-2.021507686353303958e+06
-1.729889438874300104e+06
-2.832257973728436627e+05
-4.888141599196344614e+05
-1.381807349696703954e+06
-3.631493951701999176e+05
-1.005147436638242216e+06
-1.938622946207114263e+06
-1.760784914672643412e+06
-1.713720614155194955e+06
-1.043770721532388008e+06
-8.760887101502690930e+05
-1.871251420880778925e+06
-1.244481434891381301e+06
-2.954575717869022628e+05
-1.214799822121636244e+06
-5.618288250649147667e+05
-1.657180592089394573e+06
-1.206295270119613502e+06
-7.078933561119966907e+04
-1.268285408282591728e+06
-1.368970286683796439e+06
-1.757394002144995378e+06
-3.383792170602459228e+05
-1.907834895216116856e+05
-9.912359362024115399e+05
-1.793620536762473406e+06
-1.782274987929954426e+06
-8.409023517262398964e+05
-1.397928481519399909e+06
-1.633442287684103008e+06
-1.193446308978319168e+06
-2.820176112932540011e+06
-3.569669091179472394e+06
-6.601143961807043524e+05
-9.340869415657188511e+05
-2.068016559034806211e+06
-2.652088578974853270e+06
-3.259402209135546815e+06
-4.778103250213508727e+05
-1.331392034649290377e+06
-2.582338115980523173e+06
-8.685083926409666892e+05
-1.883593764214131515e+06
-8.184904881152424496e+05
-6.522423828222390730e+05
-1.867862087636396289e+06
-1.551581566891120048e+06
-7.386783760379261803e+05
-1.921285694237811491e+06
-3.303505488257866818e+05
-1.612334653589144815e+06
-2.666881513067631982e+06
-3.601427514160926454e+06
-3.659716848723451141e+06
-9.121720050656344974e+05
-3.596907390470762039e+05
-5.303250310701983981e+05
-1.361827921296618180e+06
-2.465514075952470303e+06
-3.569984014776650816e+06
-3.761007060392170213e+06
-1.774742440777242649e+06
-1.538953716424954589e+06
-1.941874892873088596e+06
-8.754621091530129779e+05
-1.245632465290255845e+06
-1.051392878896590555e+06
-1.265621782735569170e+06
-2.941049040442083962e+06
-1.034676652005215408e+06
-5.826787893272878136e+05
-1.681435063626151532e+06
-1.000213436315580038e+06
-1.114360913793479092e+06
-6.527663561009985860e+05
-8.336959763989427593e+05
-1.643995209003324620e+06
-6.937076740572445560e+05
-3.712667837567768293e+05
-7.740137826181494165e+05
-1.646178374601523392e+06
-1.317984990229969379e+06
-1.869026859722362366e+06
-8.516383424368494889e+05
-5.175554166440324043e+05
-1.121210385578220244e+06
-3.678756679833634989e+05
-1.259610367291674484e+06
-7.086510709864955861e+05
-5.046360906223095953e+05
-8.078023132576964563e+05
-9.653029498110484565e+05
-1.278235082048014272e+06
-3.210457536365675041e+05
-7.319480092268148437e+05
-1.656553450187087990e+06
-5.907856281937778695e+05
-7.046216824266162002e+05
-1.775680943759802030e+06
-2.096607841283734189e+06
-2.950653208273500786e+05
-9.251403541822374100e+05
-8.355420019935044693e+05
-1.420169383904506220e+06
-6.573391219345083227e+05
-1.019637015890774084e+06
-1.210973663437835174e+06
-2.315066948273025453e+06
-2.765013023635306396e+06
-8.160563325423167553e+05
-1.435404100852166070e+06
-1.002383719216766418e+06
-1.405828060630724533e+06
-1.999045128884390695e+06
-2.261865700652408414e+06
-1.352969716153873829e+06
-1.277667327228322625e+06
-5.844234561964243185e+05
-1.299236165743039455e+06
-1.252100376215730794e+06
-9.807677704213522375e+05
