1.340636416000000000e+09
1.951612108800000000e+10
4.814486732800000000e+10
5.862246400000000000e+10
4.982494822400000000e+10
4.418516992000000000e+10
4.701435494400000000e+10
5.354604953600000000e+10
5.135442739200000000e+10
4.826489651200000000e+10
4.673023590400000000e+10
4.667414118400000000e+10
4.478713036800000000e+10
4.518855884800000000e+10
4.387425894400000000e+10
4.534321971200000000e+10
4.565657600000000000e+10
4.427948851200000000e+10
4.352279756800000000e+10
4.190536499200000000e+10
4.224627916800000000e+10
4.405208678400000000e+10
4.264312012800000000e+10
4.150849945600000000e+10
4.122714521600000000e+10
4.184760320000000000e+10
4.114711347200000000e+10
4.017331404800000000e+10
4.118355148800000000e+10
4.155374796800000000e+10
4.133225267200000000e+10
4.060932505600000000e+10
3.924429209600000000e+10
3.894160179200000000e+10
3.825666457600000000e+10
3.705218662400000000e+10
3.732115456000000000e+10
3.720872755200000000e+10
3.565748224000000000e+10
3.522264268800000000e+10
3.518993203200000000e+10
3.565451673600000000e+10
3.520473497600000000e+10
3.449747046400000000e+10
3.292693504000000000e+10
3.243928166400000000e+10
3.102479155200000000e+10
2.988360089600000000e+10
2.972441600000000000e+10
2.867729203200000000e+10
2.756093952000000000e+10
2.706095923200000000e+10
2.611668582400000000e+10
2.524808192000000000e+10
2.457736192000000000e+10
2.279565312000000000e+10
2.230782976000000000e+10
2.029219840000000000e+10
1.894476595200000000e+10
1.784318156800000000e+10
1.670270771200000000e+10
1.495449292800000000e+10
1.352312524800000000e+10
1.215121203200000000e+10
1.079559987200000000e+10
9.630271488000000000e+09
8.469153280000000000e+09
7.542126080000000000e+09
6.705794560000000000e+09
5.885424640000000000e+09
5.379309056000000000e+09
4.795684352000000000e+09
4.537422336000000000e+09
3.999286528000000000e+09
3.874191360000000000e+09
3.331886848000000000e+09
3.259684352000000000e+09
2.787279360000000000e+09
2.604731136000000000e+09
2.629017088000000000e+09
2.517423104000000000e+09
2.478300160000000000e+09
2.332883456000000000e+09
2.183445504000000000e+09
2.292181504000000000e+09
2.258011648000000000e+09
2.259266560000000000e+09
2.080484352000000000e+09
2.185211392000000000e+09
2.143372032000000000e+09
2.038393088000000000e+09
1.957811200000000000e+09
1.834576896000000000e+09
2.000248576000000000e+09
1.819545856000000000e+09
1.797982976000000000e+09
2.095720832000000000e+09
1.866016512000000000e+09
1.776023552000000000e+09
1.904310272000000000e+09
1.855341312000000000e+09
1.762576000000000000e+09
1.706965120000000000e+09
1.683947392000000000e+09
1.531714176000000000e+09
1.551335168000000000e+09
1.639267584000000000e+09
1.652905984000000000e+09
1.491515008000000000e+09
1.633707520000000000e+09
1.611559808000000000e+09
1.581983104000000000e+09
1.649919104000000000e+09
1.526205056000000000e+09
1.442625920000000000e+09
1.505208448000000000e+09
1.645543936000000000e+09
1.579436544000000000e+09
1.445298688000000000e+09
1.496732928000000000e+09
1.474099328000000000e+09
1.515713280000000000e+09
1.295895296000000000e+09
1.417131264000000000e+09
1.471585024000000000e+09
1.469969536000000000e+09
1.408610688000000000e+09
1.421587456000000000e+09
1.475100544000000000e+09
1.519510784000000000e+09
1.318444160000000000e+09
1.399203200000000000e+09
1.415824128000000000e+09
1.431877760000000000e+09
1.283518336000000000e+09
1.368204032000000000e+09
1.466733440000000000e+09
1.271572352000000000e+09
1.298242176000000000e+09
1.370180736000000000e+09
1.433648512000000000e+09
1.332592384000000000e+09
1.296456704000000000e+09
1.396820736000000000e+09
1.382328064000000000e+09
1.273871616000000000e+09
1.282287104000000000e+09
1.292026624000000000e+09
1.151454592000000000e+09
1.310775296000000000e+09
1.219717888000000000e+09
1.362032384000000000e+09
1.355243648000000000e+09
1.384067584000000000e+09
1.314368896000000000e+09
1.181491584000000000e+09
1.313045632000000000e+09
1.271235968000000000e+09
1.315618048000000000e+09
1.230916864000000000e+09
1.229223552000000000e+09
1.339270144000000000e+09
1.261369728000000000e+09
1.367727616000000000e+09
1.316954240000000000e+09
1.307576832000000000e+09
1.348823808000000000e+09
1.221354496000000000e+09
1.236639104000000000e+09
1.381698688000000000e+09
1.316940160000000000e+09
1.240289152000000000e+09
1.343063424000000000e+09
1.224437248000000000e+09
1.321232000000000000e+09
1.139917056000000000e+09
1.232371712000000000e+09
1.317679616000000000e+09
1.318615424000000000e+09
1.125420288000000000e+09
1.322413696000000000e+09
1.300416384000000000e+09
1.413605888000000000e+09
1.236785792000000000e+09
1.292481792000000000e+09
1.267174272000000000e+09
1.177449216000000000e+09
1.312399616000000000e+09
1.212083712000000000e+09
1.295553792000000000e+09
1.305910912000000000e+09
1.245602176000000000e+09
1.278963328000000000e+09
1.276844288000000000e+09
1.286295296000000000e+09
1.366710528000000000e+09
1.264914176000000000e+09
1.268831232000000000e+09
1.368832768000000000e+09
1.273510272000000000e+09
1.347935232000000000e+09
1.207733632000000000e+09
1.329857152000000000e+09
1.245723520000000000e+09
1.297115904000000000e+09
1.344653696000000000e+09
1.369266304000000000e+09
1.303987968000000000e+09
1.276516352000000000e+09
1.362050176000000000e+09
1.217217792000000000e+09
1.352669312000000000e+09
1.267364608000000000e+09
1.149018368000000000e+09
1.120947840000000000e+09
1.349660928000000000e+09
1.371452288000000000e+09
1.407559296000000000e+09
1.439804672000000000e+09
1.255245440000000000e+09
1.192600448000000000e+09
1.406932224000000000e+09
1.304526464000000000e+09
1.192500736000000000e+09
1.221044480000000000e+09
1.237722880000000000e+09
1.304814848000000000e+09
1.356507520000000000e+09
1.325075072000000000e+09
1.270170368000000000e+09
1.343447296000000000e+09
1.411184896000000000e+09
1.458706688000000000e+09
1.279501568000000000e+09
1.219326080000000000e+09
1.279052928000000000e+09
1.398479104000000000e+09
1.273688192000000000e+09
1.189915392000000000e+09
1.304397952000000000e+09
1.147321856000000000e+09
1.405173504000000000e+09
1.389944576000000000e+09
1.294701312000000000e+09
1.269445248000000000e+09
1.280483584000000000e+09
1.477420416000000000e+09
1.247745536000000000e+09
1.184727680000000000e+09
1.296923904000000000e+09
1.335586304000000000e+09
1.416977920000000000e+09
1.477285376000000000e+09
1.386057856000000000e+09
1.315956352000000000e+09
1.334670592000000000e+09
1.302547456000000000e+09
1.362714624000000000e+09
1.438548992000000000e+09
1.295090432000000000e+09
1.282064640000000000e+09
1.196290816000000000e+09
1.339754752000000000e+09
1.410037888000000000e+09
1.232374528000000000e+09
1.282336128000000000e+09
1.424181376000000000e+09
1.319819520000000000e+09
1.249098240000000000e+09
1.231747712000000000e+09
1.334026496000000000e+09
1.412421760000000000e+09
1.140389632000000000e+09
1.423605888000000000e+09
1.398596736000000000e+09
1.467647488000000000e+09
1.444889856000000000e+09
1.465808512000000000e+09
1.419636480000000000e+09
1.331087488000000000e+09
1.379152384000000000e+09
1.318432000000000000e+09
1.384856960000000000e+09
1.487447808000000000e+09
1.418439168000000000e+09
1.544521856000000000e+09
1.433462016000000000e+09
1.373931520000000000e+09
1.491110272000000000e+09
1.220340224000000000e+09
1.355643776000000000e+09
1.161945856000000000e+09
1.337384192000000000e+09
1.354961280000000000e+09
1.363358976000000000e+09
1.305673984000000000e+09
1.492176128000000000e+09
1.414048000000000000e+09
1.470679296000000000e+09
1.536305920000000000e+09
1.428583680000000000e+09
1.330394624000000000e+09
1.373923840000000000e+09
1.391037184000000000e+09
1.328416640000000000e+09
1.330073600000000000e+09
1.413100032000000000e+09
1.015140480000000000e+09
1.260491648000000000e+09
1.459859968000000000e+09
1.653856640000000000e+09
1.332783488000000000e+09
1.460402432000000000e+09
1.370220416000000000e+09
1.224078208000000000e+09
1.355982976000000000e+09
1.346721664000000000e+09
1.301985024000000000e+09
1.491872896000000000e+09
1.283369344000000000e+09
1.105121024000000000e+09
1.156835840000000000e+09
1.091251456000000000e+09
1.259579776000000000e+09
1.449763072000000000e+09
1.162299008000000000e+09
1.422718208000000000e+09
1.498821376000000000e+09
1.448124288000000000e+09
1.251441920000000000e+09
1.224261760000000000e+09
1.301350912000000000e+09
1.235183872000000000e+09
1.329154432000000000e+09
1.132544128000000000e+09
1.356667520000000000e+09
1.313955072000000000e+09
1.295354112000000000e+09
1.364460416000000000e+09
1.291352448000000000e+09
1.230220544000000000e+09
1.103069440000000000e+09
1.193830272000000000e+09
1.588671616000000000e+09
1.343008640000000000e+09
1.276869376000000000e+09
1.484709376000000000e+09
1.052987712000000000e+09
1.185009152000000000e+09
1.365509888000000000e+09
1.232767232000000000e+09
1.467411200000000000e+09
1.306709120000000000e+09
1.371019264000000000e+09
1.415386624000000000e+09
1.287789440000000000e+09
1.261574400000000000e+09
1.176544896000000000e+09
1.170931200000000000e+09
1.544316160000000000e+09
1.358158464000000000e+09
1.458970368000000000e+09
1.269379968000000000e+09
1.438100224000000000e+09
1.290927488000000000e+09
1.516171136000000000e+09
1.176312704000000000e+09
1.218615808000000000e+09
1.336999808000000000e+09
1.468190592000000000e+09
1.278103936000000000e+09
1.246510336000000000e+09
1.378935680000000000e+09
1.354949888000000000e+09
1.217499136000000000e+09
1.367919616000000000e+09
1.290853248000000000e+09
1.331496960000000000e+09
1.218477952000000000e+09
1.375021184000000000e+09
1.616352512000000000e+09
1.356587264000000000e+09
1.135579264000000000e+09
1.420713984000000000e+09
1.309520896000000000e+09
1.233498752000000000e+09
1.389526272000000000e+09
1.283405824000000000e+09
1.269794048000000000e+09
1.212817152000000000e+09
1.243360256000000000e+09
1.227959040000000000e+09
1.423884800000000000e+09
1.397022848000000000e+09
1.264435456000000000e+09
1.463543552000000000e+09
1.343029504000000000e+09
1.180686592000000000e+09
1.169663232000000000e+09
1.205964544000000000e+09
1.173677312000000000e+09
1.289215360000000000e+09
1.129144192000000000e+09
1.085180288000000000e+09
1.173793536000000000e+09
1.284196224000000000e+09
1.255258368000000000e+09
1.250543744000000000e+09
1.196516608000000000e+09
1.349636736000000000e+09
1.189040128000000000e+09
1.345881088000000000e+09
1.256397952000000000e+09
1.343197440000000000e+09
1.261831936000000000e+09
1.214653824000000000e+09
1.438294656000000000e+09
1.328819840000000000e+09
1.241954048000000000e+09
1.290776832000000000e+09
1.400247936000000000e+09
1.361944832000000000e+09
1.376107776000000000e+09
1.305933184000000000e+09
1.380131456000000000e+09
1.264235264000000000e+09
1.348439040000000000e+09
1.189977088000000000e+09
1.397036416000000000e+09
1.349018880000000000e+09
1.312426752000000000e+09
1.322616064000000000e+09
1.201155328000000000e+09
1.429404928000000000e+09
1.202131072000000000e+09
1.271936256000000000e+09
1.332634880000000000e+09
1.323844480000000000e+09
1.050296960000000000e+09
1.407857152000000000e+09
1.263523968000000000e+09
1.279463168000000000e+09
1.197752064000000000e+09
1.397940736000000000e+09
1.253573888000000000e+09
1.205172480000000000e+09
1.367068672000000000e+09
1.250153216000000000e+09
1.240731520000000000e+09
1.340765824000000000e+09
1.343196416000000000e+09
1.254432384000000000e+09
1.253937664000000000e+09
1.258799232000000000e+09
1.228507904000000000e+09
1.334591616000000000e+09
1.154722048000000000e+09
1.390478208000000000e+09
1.469130752000000000e+09
1.246994688000000000e+09
1.327894656000000000e+09
1.138882048000000000e+09
1.551999744000000000e+09
1.332225152000000000e+09
1.272725376000000000e+09
1.226331904000000000e+09
1.304177152000000000e+09
1.425209088000000000e+09
1.306116992000000000e+09
1.385910528000000000e+09
1.222236800000000000e+09
1.302960896000000000e+09
1.495707264000000000e+09
1.211104896000000000e+09
1.326645760000000000e+09
1.441198080000000000e+09
1.353938432000000000e+09
1.406935296000000000e+09
1.202730112000000000e+09
1.228915456000000000e+09
1.385038080000000000e+09
1.019325312000000000e+09
1.281061632000000000e+09
1.302652672000000000e+09
1.187393792000000000e+09
1.101978880000000000e+09
1.454262272000000000e+09
1.402256640000000000e+09
1.275816704000000000e+09
1.137036800000000000e+09
1.360868608000000000e+09
1.209713280000000000e+09
1.312526464000000000e+09
1.155321216000000000e+09
1.311282432000000000e+09
1.333496064000000000e+09
1.447511808000000000e+09
1.196418176000000000e+09
1.309128064000000000e+09
1.189631488000000000e+09
