2.116042750000000000e+06
5.331921875000000000e+05
3.837135937500000000e+05
2.555158437500000000e+05
4.541580000000000000e+05
2.607626250000000000e+06
5.977179000000000000e+06
9.149790000000000000e+06
1.427198400000000000e+07
2.113022000000000000e+07
2.702643800000000000e+07
3.192941400000000000e+07
3.587945600000000000e+07
4.291643200000000000e+07
4.965832800000000000e+07
5.439512400000000000e+07
5.936597600000000000e+07
7.409251200000000000e+07
7.985001600000000000e+07
8.826309600000000000e+07
1.014775920000000000e+08
1.061974640000000000e+08
9.775659200000000000e+07
9.874683200000000000e+07
9.203889600000000000e+07
9.320342400000000000e+07
8.419180800000000000e+07
8.354925600000000000e+07
7.697232800000000000e+07
7.896744800000000000e+07
6.767578400000000000e+07
7.284628800000000000e+07
6.853518400000000000e+07
6.365070000000000000e+07
6.123055200000000000e+07
7.177437600000000000e+07
6.448022400000000000e+07
5.400329600000000000e+07
5.397401600000000000e+07
6.049831600000000000e+07
6.092754000000000000e+07
6.472844000000000000e+07
6.005288400000000000e+07
5.767111600000000000e+07
5.474619600000000000e+07
6.074465200000000000e+07
5.477718400000000000e+07
6.028221600000000000e+07
6.761272000000000000e+07
6.325013600000000000e+07
7.026499200000000000e+07
7.674445600000000000e+07
7.277556800000000000e+07
7.813690400000000000e+07
7.421432000000000000e+07
9.072201600000000000e+07
8.063772800000000000e+07
1.009243040000000000e+08
1.027782240000000000e+08
1.012650240000000000e+08
9.781163200000000000e+07
1.002542240000000000e+08
1.143043200000000000e+08
1.090587520000000000e+08
1.014664240000000000e+08
1.018978320000000000e+08
1.101734880000000000e+08
1.045981600000000000e+08
8.934759200000000000e+07
1.041635200000000000e+08
9.165336800000000000e+07
9.853786400000000000e+07
8.607140800000000000e+07
1.006150560000000000e+08
8.663816800000000000e+07
8.080014400000000000e+07
8.767118400000000000e+07
8.552301600000000000e+07
8.091841600000000000e+07
8.263450400000000000e+07
8.476773600000000000e+07
8.102724800000000000e+07
7.914180000000000000e+07
7.998112000000000000e+07
8.217264800000000000e+07
8.122991200000000000e+07
7.117473600000000000e+07
7.366757600000000000e+07
7.615428000000000000e+07
7.833567200000000000e+07
7.309691200000000000e+07
7.810252800000000000e+07
8.330856000000000000e+07
7.740380800000000000e+07
7.069392800000000000e+07
7.198973600000000000e+07
7.409590400000000000e+07
6.250615200000000000e+07
6.559644000000000000e+07
6.769532000000000000e+07
7.226724800000000000e+07
7.203399200000000000e+07
6.551066400000000000e+07
6.350881200000000000e+07
7.079989600000000000e+07
7.016914400000000000e+07
7.599580000000000000e+07
6.889544000000000000e+07
7.305813600000000000e+07
6.403210400000000000e+07
7.145080000000000000e+07
6.128764800000000000e+07
7.110796000000000000e+07
6.384158800000000000e+07
7.508101600000000000e+07
7.520955200000000000e+07
7.233697600000000000e+07
7.523979200000000000e+07
7.614693600000000000e+07
7.760732000000000000e+07
8.569740000000000000e+07
8.501434400000000000e+07
8.505849600000000000e+07
8.636417600000000000e+07
8.545944000000000000e+07
9.161704800000000000e+07
9.700186400000000000e+07
9.854650400000000000e+07
9.118484000000000000e+07
9.607553600000000000e+07
9.490376800000000000e+07
9.673512000000000000e+07
1.123978640000000000e+08
1.052101360000000000e+08
1.082231280000000000e+08
1.157778080000000000e+08
1.128197360000000000e+08
1.179864960000000000e+08
1.245086320000000000e+08
1.229438320000000000e+08
1.282742240000000000e+08
1.241734880000000000e+08
1.297303440000000000e+08
1.453258560000000000e+08
1.495547360000000000e+08
1.349043040000000000e+08
1.490870240000000000e+08
1.355092800000000000e+08
1.527354560000000000e+08
1.501471040000000000e+08
1.683865600000000000e+08
1.796124960000000000e+08
1.681302720000000000e+08
1.686865440000000000e+08
1.984577280000000000e+08
1.621597280000000000e+08
1.719309120000000000e+08
1.721532000000000000e+08
1.803660640000000000e+08
2.094853920000000000e+08
1.972653600000000000e+08
1.999115840000000000e+08
2.026349920000000000e+08
2.066712800000000000e+08
2.250876160000000000e+08
2.083676160000000000e+08
2.364462400000000000e+08
2.091852480000000000e+08
2.256255040000000000e+08
2.078684480000000000e+08
2.328419520000000000e+08
2.223409600000000000e+08
2.133806880000000000e+08
2.353294080000000000e+08
2.048685760000000000e+08
2.304050240000000000e+08
2.246792960000000000e+08
2.314252320000000000e+08
2.068037760000000000e+08
2.223450560000000000e+08
2.244565760000000000e+08
2.200383680000000000e+08
2.108106080000000000e+08
2.262953280000000000e+08
2.305322720000000000e+08
2.142824480000000000e+08
2.135957760000000000e+08
2.245789920000000000e+08
2.246595520000000000e+08
2.182969120000000000e+08
2.007372800000000000e+08
2.123720160000000000e+08
2.287381280000000000e+08
2.232428480000000000e+08
2.453539840000000000e+08
1.999641120000000000e+08
2.186860320000000000e+08
2.326738720000000000e+08
2.248447200000000000e+08
2.415008480000000000e+08
2.178021440000000000e+08
2.259096320000000000e+08
2.298925600000000000e+08
2.273420480000000000e+08
2.649708800000000000e+08
2.316389120000000000e+08
2.481516800000000000e+08
2.524649440000000000e+08
2.166490400000000000e+08
2.461606080000000000e+08
2.344709120000000000e+08
2.353112640000000000e+08
2.393540800000000000e+08
2.243016000000000000e+08
2.368532000000000000e+08
2.303277280000000000e+08
2.513526240000000000e+08
2.437968160000000000e+08
2.517726240000000000e+08
2.677907200000000000e+08
2.937712640000000000e+08
2.513139680000000000e+08
2.669142720000000000e+08
2.566603520000000000e+08
2.617841440000000000e+08
2.781366080000000000e+08
2.840798400000000000e+08
2.897632960000000000e+08
2.594993600000000000e+08
2.787874880000000000e+08
2.823321920000000000e+08
2.798123840000000000e+08
2.891706240000000000e+08
2.982912000000000000e+08
3.151028800000000000e+08
3.037685120000000000e+08
3.302820800000000000e+08
3.233772480000000000e+08
3.289642560000000000e+08
3.289281920000000000e+08
3.354230080000000000e+08
2.840021440000000000e+08
3.319326080000000000e+08
3.082047360000000000e+08
3.337569280000000000e+08
2.991827840000000000e+08
2.934952960000000000e+08
2.977048000000000000e+08
2.960987200000000000e+08
2.989605120000000000e+08
2.876048000000000000e+08
2.702401920000000000e+08
2.941375040000000000e+08
2.885944960000000000e+08
2.622431200000000000e+08
3.060480000000000000e+08
2.949561280000000000e+08
3.127349120000000000e+08
3.066168960000000000e+08
2.992981440000000000e+08
3.120000960000000000e+08
2.853861760000000000e+08
2.977582400000000000e+08
3.168987840000000000e+08
2.730811200000000000e+08
2.775347840000000000e+08
2.750309120000000000e+08
2.913302400000000000e+08
2.600483360000000000e+08
2.918958720000000000e+08
2.856630400000000000e+08
2.865595520000000000e+08
2.834212800000000000e+08
2.715470720000000000e+08
2.832810560000000000e+08
2.608394560000000000e+08
2.544940800000000000e+08
2.716909440000000000e+08
2.547804960000000000e+08
2.614412000000000000e+08
2.787920960000000000e+08
2.901589440000000000e+08
2.760754240000000000e+08
2.710307200000000000e+08
2.721559360000000000e+08
2.779393920000000000e+08
2.710943360000000000e+08
2.550050560000000000e+08
2.624341280000000000e+08
2.571543520000000000e+08
2.666079040000000000e+08
2.402267840000000000e+08
2.643362080000000000e+08
2.556427840000000000e+08
2.549870080000000000e+08
2.532428320000000000e+08
2.691426880000000000e+08
2.433483040000000000e+08
2.746434240000000000e+08
2.573311040000000000e+08
2.534131680000000000e+08
2.587336000000000000e+08
2.580739360000000000e+08
2.489304800000000000e+08
2.359101440000000000e+08
2.484632000000000000e+08
2.397440480000000000e+08
2.554817280000000000e+08
2.730477440000000000e+08
2.520673760000000000e+08
2.534602720000000000e+08
2.134007360000000000e+08
2.484803040000000000e+08
2.597400640000000000e+08
2.638300960000000000e+08
2.681773600000000000e+08
2.203252800000000000e+08
2.202585920000000000e+08
2.336420800000000000e+08
2.566870240000000000e+08
2.369352160000000000e+08
2.354862400000000000e+08
2.228824320000000000e+08
2.313223360000000000e+08
2.411817760000000000e+08
2.414217280000000000e+08
2.441419840000000000e+08
2.325248800000000000e+08
2.240356160000000000e+08
2.419137600000000000e+08
2.260736800000000000e+08
2.293126400000000000e+08
2.537097920000000000e+08
2.458535360000000000e+08
2.323312320000000000e+08
2.396990240000000000e+08
2.240431040000000000e+08
2.165357280000000000e+08
2.546725920000000000e+08
2.384721440000000000e+08
2.184797920000000000e+08
2.169887200000000000e+08
2.373833760000000000e+08
2.313248480000000000e+08
2.226721280000000000e+08
2.216497920000000000e+08
2.290071040000000000e+08
2.223636960000000000e+08
2.150080960000000000e+08
2.258196480000000000e+08
2.026947680000000000e+08
1.994432960000000000e+08
2.134587840000000000e+08
2.336414400000000000e+08
2.179649600000000000e+08
1.967715840000000000e+08
2.203298240000000000e+08
2.309649600000000000e+08
2.364496160000000000e+08
2.107837280000000000e+08
2.069666880000000000e+08
2.142774720000000000e+08
2.098104000000000000e+08
2.234929920000000000e+08
2.111466080000000000e+08
1.914885280000000000e+08
1.994244640000000000e+08
2.060257600000000000e+08
1.952659520000000000e+08
1.890217280000000000e+08
1.829864320000000000e+08
2.224022240000000000e+08
2.220364000000000000e+08
1.948344960000000000e+08
2.227988800000000000e+08
1.863252320000000000e+08
2.062744000000000000e+08
1.728135520000000000e+08
1.948981920000000000e+08
1.987410400000000000e+08
1.996576480000000000e+08
2.303809280000000000e+08
1.888240640000000000e+08
2.204589760000000000e+08
1.968565600000000000e+08
2.084618400000000000e+08
1.842759360000000000e+08
1.894085920000000000e+08
1.945046720000000000e+08
1.860131520000000000e+08
1.857446560000000000e+08
2.048706880000000000e+08
2.001334560000000000e+08
2.086262560000000000e+08
2.077378880000000000e+08
1.763060000000000000e+08
2.021861920000000000e+08
2.053183200000000000e+08
1.811933280000000000e+08
1.993664320000000000e+08
1.848516160000000000e+08
1.857922080000000000e+08
2.057338080000000000e+08
1.517654560000000000e+08
1.675797280000000000e+08
2.037869120000000000e+08
1.581742080000000000e+08
1.857836480000000000e+08
1.845409280000000000e+08
1.824319520000000000e+08
1.969890720000000000e+08
1.900039360000000000e+08
1.832033600000000000e+08
1.717926080000000000e+08
1.844438080000000000e+08
1.669113920000000000e+08
1.809916160000000000e+08
1.800315040000000000e+08
1.890344960000000000e+08
1.860194720000000000e+08
1.606190400000000000e+08
2.019083200000000000e+08
1.717402880000000000e+08
2.001636160000000000e+08
1.856611200000000000e+08
1.952542560000000000e+08
1.657786080000000000e+08
1.740868480000000000e+08
1.918984800000000000e+08
1.764033120000000000e+08
1.859358240000000000e+08
1.710536960000000000e+08
1.631133920000000000e+08
1.740224160000000000e+08
1.663567040000000000e+08
1.731007040000000000e+08
1.688879040000000000e+08
1.712873120000000000e+08
1.549157760000000000e+08
1.732364960000000000e+08
1.739081440000000000e+08
1.722781760000000000e+08
1.671405760000000000e+08
1.732470400000000000e+08
1.602220480000000000e+08
1.648985760000000000e+08
1.795429120000000000e+08
1.712040000000000000e+08
1.553942080000000000e+08
1.745636640000000000e+08
1.670386240000000000e+08
1.789149760000000000e+08
1.493168480000000000e+08
1.688180960000000000e+08
1.811266880000000000e+08
1.846462720000000000e+08
1.738242240000000000e+08
1.596167680000000000e+08
1.660852480000000000e+08
1.623084160000000000e+08
1.709442080000000000e+08
1.735808000000000000e+08
1.723840960000000000e+08
1.618302880000000000e+08
1.697265920000000000e+08
1.756556480000000000e+08
1.502087040000000000e+08
1.741822880000000000e+08
1.760454240000000000e+08
1.738965440000000000e+08
1.631396960000000000e+08
1.443849440000000000e+08
1.455592160000000000e+08
1.618311360000000000e+08
1.398838080000000000e+08
1.554267360000000000e+08
1.614323360000000000e+08
1.526939200000000000e+08
1.723233760000000000e+08
1.524942240000000000e+08
1.594852000000000000e+08
1.747673280000000000e+08
1.624298080000000000e+08
1.714913440000000000e+08
1.506169920000000000e+08
1.534698400000000000e+08
1.522434880000000000e+08
1.694785280000000000e+08
1.317009520000000000e+08
1.584990880000000000e+08
1.639928800000000000e+08
1.547886240000000000e+08
1.403667040000000000e+08
1.803109600000000000e+08
1.493620960000000000e+08
1.708695520000000000e+08
1.580385600000000000e+08
1.789268960000000000e+08
1.609105600000000000e+08
1.391197280000000000e+08
