2.879271242628833716e+04
1.904217124297993360e+04
1.863471745414689212e+04
1.486961005258681871e+04
2.217463308805138149e+04
2.503743534150464711e+03
1.549325780370147004e+04
3.133886974798407755e+04
1.605872335142636075e+04
1.645915389727012735e+04
1.232328438157158234e+04
4.983182016476584977e+03
2.434584304050553328e+04
2.383697280482578935e+04
2.652391834780714271e+04
7.281733870292815482e+03
-1.210046496245137314e+04
-2.064609957824016965e+04
-1.896315809662268657e+04
-3.023176571563874677e+04
-1.457862062659810181e+04
1.619307430953843323e+04
1.762436588528243010e+04
2.446034194254413160e+04
1.836831002292273479e+04
2.398163866299840811e+04
1.880053022485756810e+04
2.974905247628208599e+04
2.866452832413591750e+04
3.223590983485649849e+04
