-4.057600000000000364e+03
-7.489552172415111272e+03
-5.878064716194050561e+03
-6.604977675861636271e+03
-6.717591827765736525e+03
-1.576479154039845525e+03
-3.502726028761483576e+03
-4.284113142244904338e+03
2.536836366016962529e+03
6.384925725203436741e+03
7.772012028879544232e+03
4.184165733059024205e+03
7.479288473033533592e+03
5.659648246844326422e+03
-4.113144540997563126e+03
5.586455769691958267e+03
-3.730934978156484249e+03
9.896254375896173769e+02
1.231139188353123245e+04
6.105070278286033499e+03
1.206469498402666068e+04
7.089858975818129693e+03
1.683382535653449850e+03
6.695943830778595839e+03
8.254103218348422160e+03
3.989917508967932008e+03
1.821979158813206232e+04
-4.063006398819259630e+03
-8.699345090956521744e+02
-3.684648734125844385e+03
-1.425895965015135744e+03
-5.538910780738282256e+02
-2.699945025503269335e+03
-5.827324099640065469e+03
1.571586647542793980e+04
2.962154115914136128e+04
-7.662825784205610944e+02
2.196708710343576240e+04
1.228683092754057725e+04
-4.103685153726519275e+03
5.214323513469040336e+03
1.383880411904489119e+04
2.642415629915092359e+04
-1.011525222773425185e+03
-2.008131940783462824e+03
5.904827626114707527e+03
-3.071355879152907619e+03
6.559236381108661590e+03
1.045464784426073675e+04
2.994972281924038725e+03
8.571538813473633127e+03
-2.276067388882498108e+03
-6.604033290244660748e+01
1.851726563449441528e+03
2.750736660396201387e+03
1.650974284788130944e+03
5.194940435441267255e+02
1.064415780041731887e+04
5.541883837634417432e+03
7.861171619625389212e+03
6.781785735488556384e+03
-2.344034330989284172e+03
3.226069585328918492e+03
5.966986896976788557e+03
-6.124554562714016356e+03
1.916578659403386700e+04
9.865140477379118238e+03
7.059725316731504790e+03
-2.161723644034172139e+03
-7.147435621177066878e+02
7.905495216516101209e+00
8.577080968270478479e+03
4.887791441354656854e+03
-5.061268044819335955e+03
1.390707966706587467e+04
7.444887230572123826e+02
4.768393872961562920e+03
2.494384536539370856e+03
-2.056646178437372328e+03
-7.066020275411861803e+03
4.119092013442121242e+03
1.190193529749252320e+03
2.431650203272803992e+03
5.897928732987713374e+03
-4.179643025288633908e+03
3.149140369451183233e+03
2.050644300901325187e+04
9.815417226352883517e+03
-2.557135073367101540e+03
-1.450314721788145107e+02
1.080406414653652064e+03
-2.951167110642794341e+03
2.358735269232107612e+02
1.516221078392990785e+04
-4.194509333309321846e+03
2.710671933953680082e+02
5.213724439378691386e+03
-4.801090276910813373e+03
-1.025146729970489105e+03
5.321282009391886277e+03
9.663701648597111671e+00
1.087494481675199495e+04
1.599991292575162879e+04
8.167865984731107346e+03
3.536033348851427581e+04
5.312680388352891896e+03
-3.846067340156437240e+02
9.199602810021955520e+03
1.427445711820026554e+04
2.004966739457765698e+03
-1.107051098182316764e+03
1.240958329369191415e+04
-4.927200723515688878e+02
2.887203164198512695e+03
-1.812182364690140730e+03
8.950537162043106946e+03
1.597500303928949961e+03
7.875363716125519204e+03
4.434366564612811999e+03
1.006405554141066568e+04
1.066905974645220340e+04
6.922361704634070520e+03
1.494608064686719990e+04
3.068022620569116407e+04
3.089664660427911258e+03
7.418538833786008581e+03
3.033301368995904340e+03
-8.332551839805987584e+02
-1.872701449522220173e+03
1.349115284382845857e+03
2.741125054499593534e+04
-3.198703190277748490e+03
1.462786499867106613e+04
8.038035108422473968e+03
7.708885083609364301e+03
-1.182665896251383174e+03
6.605247403554249104e+02
-5.029984344380623043e+03
1.000582449560539862e+04
1.070965046358014479e+04
-1.649370662547281427e+03
-1.673868956491498921e+03
-1.032877342899197174e+03
-2.168914526764108359e+02
-2.241068232872097269e+03
5.785900050701456166e+03
1.462756373876340604e+03
1.507521560806829257e+04
6.529835976419833059e+03
-2.052419183538700963e+03
-1.032767143181985830e+03
1.634454821384312163e+04
-3.100998573197438418e+03
2.762313010769508764e+03
3.219280754672446710e+04
-3.183728056027468028e+03
6.654906043706039782e+03
1.105258975488885517e+04
-4.800501873497320958e+03
5.647372964819156550e+03
6.186191218424826729e+03
7.003261616226815022e+03
1.944720693220236171e+03
-3.538932625481308150e+03
1.299911142918487167e+04
-1.766372300661488225e+03
3.673366150039400964e+03
1.500916764650842197e+04
-2.275688933628231098e+03
4.587739964079181846e+03
-4.407277343907003342e+03
-4.392711851844981538e+03
4.456267901061853081e+03
6.879430179303142722e+03
6.351292107003440833e+03
7.493865001288947497e+03
1.400638110635143676e+04
1.544968633080571817e+04
8.339204787831558860e+03
1.910566507425844247e+04
7.562877679053673091e+03
2.464819779897793069e+03
2.338244435081484880e+03
-6.632885388136974143e+02
7.228246785229275702e+03
8.926660968994624454e+02
9.612281769338616755e+01
1.123253197924431674e+02
2.023901047688133622e+04
7.307191290611417571e+03
-1.714079299168298576e+03
4.428478421187322965e+03
1.685086481436166650e+04
-1.335137748188979913e+03
1.946744932798156697e+03
4.581695247580291834e+03
1.947697917005379350e+04
7.875380772561839876e+03
3.866371678467309721e+03
-1.822952620160656920e+02
2.412406911389134166e+03
5.002418590538538410e+03
-2.695491091328299262e+02
6.612570782011429401e+03
-4.552058216665693635e+02
5.675626167815679764e+03
6.618350731696667935e+03
7.641587949823043346e+03
5.038141254683482657e+02
1.710988100392813749e+03
1.787768292668794311e+04
1.003730158906496581e+04
-2.650844072145504470e+03
3.307294949298370739e+03
1.464924778739119756e+04
5.974528213158467224e+03
2.226548134170458070e+03
-4.910618483765033488e+02
1.192428471940715644e+04
5.131682679978550368e+03
3.826239695022365595e+03
-2.492776184761687091e+03
3.211730625762927957e+03
5.131344268388669661e+03
5.431901337696370319e+03
1.944532801975981783e+03
-3.773283616760497807e+03
5.449251367711739476e+03
1.191321366928347743e+03
-5.662829995617571512e+02
1.189024686097898848e+04
-1.055469818435281923e+03
-1.850310185354652276e+03
7.811604182630907417e+03
5.650620913849365934e+03
-4.103639669647859591e+03
-2.342185901625527094e+03
9.669485912204108899e+03
8.929660379144008857e+02
9.855481377562402486e+03
-2.659151778042994920e+03
1.215434228584618359e+04
-2.242283353665630329e+03
-3.637356184981809974e+02
2.823320748539909346e+03
1.029942069866882775e+04
1.126995019638271151e+04
1.694660361772385295e+04
4.118561780951069522e+03
1.269622717778306105e+04
1.009808131030465847e+04
5.979836775327148644e+03
1.234893890051290509e+04
2.897797727818061048e+03
1.385947187059875887e+03
7.580140855332916544e+03
9.215957794323710914e+03
1.307412457972581069e+04
5.960156619372670548e+02
3.126334073398041255e+03
-1.165094170824876983e+03
6.493310565269748622e+03
1.217781627472538094e+04
1.106177613226391259e+03
-1.885064746324219414e+03
1.299908908594126387e+03
-5.695695004152116780e+02
-1.015003434503921653e+01
9.158636419787602790e+03
1.916392740832070558e+04
2.229782433703022616e+04
4.411371287027914150e+03
7.438745097935642661e+03
-3.489685473894475308e+03
1.498000731402210295e+04
6.038996950856744661e+03
7.604794065212206078e+03
3.576092478297326579e+03
7.256599778008867361e+03
1.966564962955650844e+04
3.446507092239241047e+03
3.903538644821662274e+03
1.691277421890944970e+04
-1.560635148476523682e+03
7.812448633261094074e+03
4.167938081764958042e+03
3.301262325229077305e+03
2.211827584525949351e+04
5.883403813524455472e+03
6.756157304471527823e+03
3.381068409869156312e+03
1.433342469849952249e+04
3.080431193796371645e+03
-1.086554210292230209e+03
4.163673046977220338e+02
1.106086434846753218e+04
-8.968395005579470762e+02
8.635317600966625832e+03
4.831659186131128081e+02
1.834488604479838250e+04
-2.685191756130850081e+03
1.164599137362133843e+04
-2.182735153269080911e+03
1.104018141372817627e+04
5.152262721526069527e+02
3.078570887741409933e+03
1.185916658305704186e+04
9.328022946050823521e+03
4.587441224706013600e+03
1.106557325023763406e+04
1.417654069756080025e+04
7.350149870584338714e+03
4.673686584167268848e+03
-9.805878135403099805e+02
1.410231792414276424e+04
4.221889924399486063e+02
6.198822328926211412e+03
-2.212890787071333762e+03
6.690501852536975093e+03
1.152247788669784313e+03
1.106576996173146108e+04
1.911165220077760978e+03
6.773583736486876660e+03
1.888742397274276755e+03
-1.247007846012604432e+03
3.719262475294576689e+02
4.313654413999378448e+03
2.257934503976876385e+03
-7.190863525057056904e+02
2.163684789169812211e+04
7.582739902484399863e+03
6.751171995754349155e+03
6.555728219464705944e+03
4.223661929558375050e+03
-3.190510664789314433e+03
2.672168566043699684e+03
9.117854544349824209e+03
9.217482058409419551e+03
1.064877740939629075e+04
8.956058334363932545e+02
-4.533570967663432043e+02
3.218872786919928330e+03
1.111932365431417747e+04
4.980924372803475308e+03
1.209788096701419090e+04
4.539818237740950281e+03
4.244144618980380073e+03
1.635161744504368289e+04
-2.532974633007091143e+03
-3.673909205940958600e+03
2.425559212956598003e+02
-1.482716574295833198e+03
6.103212745576118323e+03
-1.170531305282373523e+03
3.297229301769534231e+03
9.344203103530810040e+03
4.906186601498657183e+03
-1.709704640075185125e+03
5.037387384108327751e+03
9.362914801364802770e+03
4.810765846181122470e+03
1.108286704121277398e+04
1.361915801640293103e+04
4.785830888202646747e+03
-2.816057174276993464e+03
4.304426147708173630e+03
3.392220453584621282e+03
-1.990693474742856779e+03
2.088916827618681054e+03
1.192558537272043759e+04
-1.182791480435640096e+03
-7.997722758136731045e+02
-2.488460812246253226e+02
6.740078068631975839e+03
2.583813771792887565e+03
5.840790988141296111e+03
7.617929506957640115e+03
-2.267410683104183136e+03
5.784566039003617334e+03
5.853456168978362939e+02
7.163028248066475498e+02
4.621191493162848928e+03
2.754903243488320186e+01
-6.157853948992851656e+00
7.284075932844328918e+02
2.657232291910823733e+03
1.394440317287896141e+04
3.821801330731600956e+03
1.959554242939964752e+03
1.028176798180205515e+04
4.030282930281792687e+03
-3.080894697416363670e+03
1.658181422005419336e+03
2.274001596167195385e+04
-3.155067474714614946e+03
7.183101602636230382e+03
2.283868520464549874e+03
3.764220870170866419e+03
6.782371494713958782e+03
3.765569512931713234e+03
1.350730253101928793e+04
-7.768234032647787899e+02
7.399722799190785736e+03
-1.096510455179663495e+03
3.202120818081750258e+03
2.609228823859258227e+03
1.702874365840202518e+04
2.326752680347257865e+03
6.397955187128015496e+03
1.318457060145456808e+03
4.901586003158813583e+03
-2.043612111911635566e+03
6.057548527912917962e+03
1.708801976178677432e+04
3.949648704605395778e+03
1.912373427999385171e+02
3.629758475444880787e+03
2.437709275041984438e+04
2.937531596228544913e+03
3.833890139849397201e+03
-1.244898803715445638e+03
-2.459621271636018264e+03
8.793887583610827278e+03
4.653014091306780756e+03
1.187020777717226338e+03
1.046630717850105430e+04
7.248778268100317064e+02
-5.981600909211202861e+02
-7.768818912892606932e+02
3.569625134618846005e+03
1.256591967139571352e+04
1.298508670008818854e+03
5.627486703730866793e+03
-1.869668500103922270e+03
6.416552174387894411e+03
5.564976659111554000e+03
-1.104270213341963881e+03
4.112124772544615553e+03
4.011712063228686020e+03
3.480726485550142115e+02
-2.945435165552378294e+02
4.760479728754383359e+03
6.115785467677898851e+03
9.763983066820837848e+03
5.471782888889898459e+03
2.715567050588375059e+04
8.965775361619998876e+03
3.746525450973837906e+03
-9.156264137080779619e+01
-2.789149844813597610e+03
1.107033503926990306e+04
1.572773215926112243e+04
-3.306192200917309037e+03
6.728400994069682383e+03
-3.439113309912804198e+03
6.631193146737300594e+03
5.722081590077285000e+03
9.469219812698005626e+03
3.716748422397203285e+03
4.767488584283898490e+03
5.623747787944852462e+03
9.617799872825047714e+03
-2.633421479099451517e+03
8.357410242420728537e+03
6.055826001465611625e+03
8.916893539080527262e+03
1.109495402590098365e+03
2.331053512486513227e+03
-8.110848097890811914e+01
5.436866376873641457e+03
5.522879322077431425e+03
2.522176786767500289e+03
5.845911533659235829e+03
1.804042444848639889e+03
2.403610730328427053e+03
2.670720279750472855e+03
7.986391545743424103e+03
1.478633960479073721e+02
-2.557624817049733792e+03
9.829909131100492232e+03
4.151837491804489218e+03
1.973716136720333907e+03
1.106014572972651649e+03
-3.827669658181435807e+03
5.318552237625392991e+03
1.460153953518402159e+04
6.571895389135718233e+02
8.839773725669969281e+03
1.179112691737060004e+03
1.410310908380397086e+04
9.055643716581062108e+03
1.055646499729844800e+04
-3.856024788125153918e+03
7.360966067354328516e+03
8.051975871307253328e+03
3.611598755228625578e+03
-1.998440903779414839e+03
7.776077608205636352e+03
1.286339265498486384e+03
2.330162052556592243e+03
1.142549766714075486e+04
7.690170910398283922e+03
9.749034330029466219e+03
1.306225962182323201e+03
3.636891535701380235e+03
-4.522841821763865482e+03
6.399975120618064466e+03
5.700914260418451704e+03
1.063251503986672651e+04
-2.083384029405650381e+03
6.309526242319893754e+03
5.625722935384257653e+03
2.162466431576652212e+03
2.935725027974971908e+03
8.038235061306043463e+03
5.007577664807286055e+03
1.528420971984329844e+04
1.301391694148120951e+04
5.632828439332879498e+02
4.383548601733950818e+02
3.021239044568901591e+03
-2.957004076631867974e+03
1.422843374245159566e+03
1.243120557898152401e+04
-3.163450412072484596e+03
3.861856827859289751e+03
-1.316417625488029898e+03
4.197433672194435530e+03
4.539318923557053495e+03
1.179201468355256475e+04
1.541547483848810407e+04
-3.884955583488980665e+03
2.576558377060236126e+03
6.471649663515893280e+02
6.887212324277641528e+03
3.281350848398897142e+03
4.890881718654356519e+03
1.147145967067984202e+03
2.927669962732157728e+04
3.609503027900275811e+03
1.562765782060541824e+03
5.248521438047199808e+03
-1.209948027160342463e+03
2.362022756509812098e+04
9.678952602974973161e+02
8.517864125439071358e+03
-9.450970842973933941e+02
-1.361148256876938149e+03
-2.728860750405982344e+03
9.033621165832706765e+02
4.808191339843108835e+03
3.463302629214048466e+03
7.646566309482574979e+03
6.874549003814112439e+03
-2.493706666985033280e+03
5.300871529096789345e+03
-1.429010956981588606e+03
1.065488285687692769e+04
8.318297047516007297e+03
2.054117592083888212e+03
2.839231333293837088e+04
6.146079733868666153e+03
1.360042944262556739e+04
-4.111101754853021703e+03
6.380183500963577899e+03
3.011629680866846570e+02
3.326553658656930565e+02
1.172561295050843364e+04
2.929991077477813178e+03
-5.694358536561155688e+02
1.289703725317913813e+04
-2.569563202521280800e+02
7.176701749160169129e+03
3.066044849336419247e+03
8.390486029189716646e+03
3.160527848187919062e+03
1.925586690626862946e+03
1.308847830261365743e+03
7.778037161775656386e+03
7.314932083839448751e+01
3.884899405251230746e+02
1.332792418465337505e+03
3.194686642674327004e+01
1.034767773362009575e+04
1.588477281015326662e+04
1.740451940256558373e+04
2.774341284701693439e+03
4.537808703566848635e+03
5.398315242461061644e+03
8.478659040703918436e+03
4.207450378548610388e+03
2.030737104266062261e+02
1.904489190359660597e+03
2.663092566767202243e+03
1.800891545063142257e+04
7.861770822430408771e+03
7.839398237265857460e+03
1.067661573340502764e+04
1.165379918829649796e+04
6.290337918914185593e+02
-3.635242049585081077e+03
1.901887894512043204e+03
4.494740253281685000e+03
1.427995043230147712e+04
-4.351862860341630039e+02
4.722204055935561883e+03
4.008181594833701638e+03
6.726135212236858024e+03
1.181452302539061202e+04
1.307595325599993430e+02
-2.504052289175346687e+03
2.152830446034622582e+04
-1.356733593470032247e+03
3.687729199275382598e+03
-2.438853927744546581e+03
-2.924840610593386373e+03
4.526138274610823828e+03
-1.130435671110423300e+03
8.454907124789089721e+03
-7.775654107683965321e+02
4.140385436185194521e+03
-2.325458653876902190e+03
9.686339063822227899e+02
7.551608175184067477e+03
2.375646811765566235e+04
-1.028606518115784638e+03
3.048562342566388452e+03
1.020139655879309544e+03
1.759750207291143056e+02
5.186118217854503200e+03
-2.333255801765534216e+03
6.153644293486672723e+03
1.322657063083656112e+03
2.214387260329034689e+03
6.116790908925928306e+03
-1.214829131891065117e+03
9.833871381781533273e+03
8.298229578873713763e+03
1.062307777036252628e+04
1.175655941357291522e+04
-1.800268071653797961e+03
1.238286335937535296e+04
3.306871379887976673e+03
1.966724581873826537e+03
9.888891860047460796e+03
1.394204620869090468e+04
4.875079265959450822e+03
6.681066198748949319e+02
7.058837290984291030e+03
2.755968126865300292e+03
-2.882977359767002781e+03
-4.482847067130562209e+03
1.277597764563454257e+04
-1.839829944725130190e+03
-5.413356188823781849e+02
2.524617486465714137e+03
2.659734666404221571e+03
3.851891942839183230e+03
-9.620839770167674487e+02
7.871579797057939686e+03
4.909744062465296338e+03
1.095129273263486539e+03
3.882876047723694683e+03
7.967209902703413718e+03
8.068976053595243684e+03
1.625064364650399148e+04
6.596563364542928866e+03
-9.581422338043089439e+02
-2.854104667690905899e+02
1.594225499498688123e+03
-2.723392812654883528e+03
1.715650262474753163e+03
-1.834374126980511392e+03
-1.194574943352976106e+02
1.209059986438815758e+04
1.110210628334553803e+04
-3.000996722544758995e+03
6.883259434062651053e+03
1.228323406045224147e+04
2.327753931852517326e+03
1.682897870522961057e+03
-4.495506330122958389e+03
-8.944592066835110700e+01
2.631839118915631479e+04
-2.475837942206999742e+03
1.737751958489655863e+03
5.528911234544968465e+03
1.336930076952831223e+04
-1.407097543136620970e+03
-1.257672414830899243e+03
4.161811211746003210e+03
1.143691334449255010e+04
4.716309954369474326e+03
-1.815655073249862880e+03
5.638925055048962349e+03
-1.705944356470592538e+03
9.805842720072683733e+03
1.437194414015053917e+04
3.643696672809478514e+02
9.331406819403946429e+03
8.529441875126880404e+03
1.124517530848453862e+04
4.726877342807019886e+03
1.760321140124740964e+02
1.085605683502357351e+03
-2.734318328439401284e+03
2.077447582122669701e+04
-2.049733064357546652e+02
-2.140606538676027412e+03
1.196250632473829501e+04
2.821880970795506983e+03
1.976341121272251257e+04
3.096301009440311645e+03
-4.528085081200806599e+02
3.678385999180103681e+03
-5.928910542832986721e+03
2.575983527141247123e+03
3.037563092079984926e+03
8.002021705024631046e+02
4.915826010973036318e+03
8.399781842824437490e+02
8.782239790023955720e+03
3.066047396156587297e+02
-1.021743084510752055e+03
8.895141174953936570e+03
4.517425484641777985e+03
6.756943791335515925e+02
7.200216319026147858e+02
1.421762073548276021e+04
-1.911795389344639716e+03
-2.388297500702955404e+03
1.970252888422749675e+04
8.959458228221790250e+02
6.679626939879779457e+03
1.340594176462949144e+04
3.461444278593234685e+03
3.341915112393058280e+03
9.567956719727322707e+03
-7.197262002001575638e+02
5.799948274649423183e+03
1.711866721552640229e+03
7.109562254003525595e+03
-2.504883956392829077e+03
7.702047918423151714e+03
-2.214805669306631444e+02
2.852884875015095531e+03
4.246271416058416435e+03
1.470526433752886442e+04
1.815480591021112332e+03
3.376374930498563117e+03
2.464331398423409155e+03
2.427324929543517555e+02
8.603976660903312222e+03
4.251480124948615412e+03
-1.066943876310542691e+02
5.788734781059610214e+03
3.349995716763943165e+03
1.954033371925699976e+04
4.899173921671150310e+03
1.830883918772585275e+03
-2.260240085029480724e+03
4.925289016606434416e+03
-5.404201445002258879e+03
9.671251909891383548e+03
-4.568286662784394139e+02
5.240561034814631057e+03
5.988584151078093782e+02
2.296046444747452188e+04
8.583916534353978932e+03
2.218642962328576232e+03
4.240306334661507208e+03
1.945517665486978785e+03
-5.709130661712331403e+02
-1.257594164353010228e+03
9.761237933656937003e+02
2.322536188909343764e+04
1.674844145871177170e+04
-9.792403265679610058e+02
6.770966184618559055e+03
1.979604596973762091e+04
-7.363860099171274669e+02
-1.930049552275382666e+03
4.745482933031447828e+03
5.138726354102473124e+03
1.043037538905875635e+03
2.558203086374047416e+03
4.091366965128032916e+03
-1.470798156337897581e+03
-5.299244193086681207e+02
4.928816918229746079e+03
-2.226589334623271952e+03
2.912239306985152507e+04
-2.792881206035326159e+03
2.095262354743557353e+03
-8.419525675496907979e+02
1.536922100732677063e+04
1.264007115327332031e+04
1.144711489028441429e+04
9.632411994368005253e+03
5.395103140071963708e+02
8.675642327102566924e+03
1.712339504062607011e+04
-1.102481728617057797e+03
-3.303807354878384103e+03
-1.407951553827196221e+03
1.247829548182219514e+04
4.490440421538107330e+03
5.095767645703066592e+03
1.305023971728511606e+04
2.932907342343385153e+03
3.863154707749320551e+03
3.057515319821317917e+03
-6.614655030669111966e+02
8.758495708969869156e+03
1.351024544704349682e+04
-1.848012733972790329e+03
-2.481748301279490079e+03
1.037991611225252745e+04
2.705777026725421092e+04
9.691463692579327471e+03
-5.769885549089543701e+02
4.347702933806383953e+04
1.843828223337237205e+03
-2.185555530180913593e+02
1.105609899017019052e+04
2.729446226108274277e+04
-4.680303453970223927e+03
4.473451191373664187e+03
1.047570914725580587e+04
6.117581825393342115e+03
2.547192849245080197e+03
1.186012359095795910e+04
1.073325875976404495e+04
-2.497486674819622294e+03
-2.869666023946831956e+03
4.061079227238769818e+01
-1.421117203989169639e+03
-4.480470974972119620e+03
2.031215721136232605e+04
2.931189900884495273e+03
1.323420421200986675e+04
1.132062128302751626e+04
1.216239051632663177e+04
1.144131005656478010e+03
1.766821448081526614e+04
-2.477394734854082117e+02
1.511918713491006019e+04
3.955719408481742448e+03
9.898350660154967045e+03
3.936757474485144030e+03
1.012803052145076435e+03
-1.104581954168190578e+03
4.029008380566778555e+02
3.659394679397085838e+03
4.155734400317380278e+03
8.739872888209532903e+03
6.007519506254940097e+03
1.251305089036663048e+03
7.952016693350438800e+03
2.991289631877749343e+03
1.581825507418188863e+03
-2.146738011312710569e+03
4.042433429839051314e+03
8.755643629342581335e+03
-5.844731431996592619e+02
1.599221210882977539e+04
4.594647248787089666e+03
1.586356259817368709e+03
-1.687119965144117373e+02
6.057659487304970753e+03
8.481639351514118971e+03
1.232425091761288058e+03
1.920266437279595630e+04
1.347520422382214019e+04
4.758100142258868800e+03
1.436975325378625485e+03
5.032927060402080315e+03
1.229326297165562028e+04
3.977256562250759544e+03
2.867702641668077376e+03
6.180688161635592223e+03
8.907193411896805628e+03
5.259330658358392611e+03
1.345595575954199148e+03
4.290052242209995711e+03
1.085847502571006953e+04
8.108847957671055156e+03
1.260161483426788254e+04
8.150089385225658589e+03
-1.989844334747605899e+03
1.536888797716234694e+04
9.644316746285925547e+03
4.820708096267004294e+03
2.079556222355712816e+04
6.991792521137717813e+03
1.294921860071412539e+03
2.522590606979468703e+03
8.705976345160397614e+02
9.670438333076592244e+03
8.629859628398426139e+03
1.458033302864463622e+03
4.730367876662133426e+02
-2.456266032853467550e+03
-1.939697930618484406e+03
5.504634096846784814e+03
2.245064016803846698e+03
4.812451208922190744e+03
3.483300097199133234e+03
-1.975964742361187973e+03
1.234922982765001325e+04
-5.274309692460540191e+02
2.369505290753442750e+03
7.818437380643459619e+03
2.424363854973037814e+04
7.957597739240341070e+03
1.234414129751261953e+03
-2.253787521420917983e+03
1.082872280957764451e+04
1.429537708336271180e+03
-2.795123853676906947e+03
1.472541386842817701e+01
7.293044121170290964e+03
6.113672265700597563e+03
-3.284592241417110472e+03
5.937940806477861770e+03
2.634021304590683940e+03
8.808741139140238374e+03
1.573506556946167620e+04
1.547801218660203176e+03
6.712721125729383857e+03
1.608097600279905600e+04
2.835326876307021848e+03
4.251756575495597644e+03
1.094286198156921819e+04
1.098616183891630499e+03
-1.223608029106117101e+01
7.733129003221592939e+03
1.107825827873002027e+03
1.274775297637821041e+03
1.107247943794678940e+04
4.980550086346798707e+03
3.084888086400952943e+03
3.267559452363974742e+03
3.060250373109607153e+03
5.825065947819175562e+02
-1.797382594341374897e+03
1.809432484039715291e+03
6.548461844918501811e+03
9.367957466683649272e+02
1.226969362688274123e+04
1.370320913869381911e+04
3.094244829797895818e+03
6.816719054944407617e+03
5.692891054989191616e+03
8.491894630182538094e+03
5.839393460581877662e+03
2.062574153394428868e+04
1.352343302268618390e+04
2.477824945132723587e+04
2.858679717258203254e+03
-4.503076980872784588e+03
3.024330550265363399e+03
-5.411636925077164051e+01
-1.511117354051935763e+03
2.692975102776847780e+04
8.658334051104147875e+02
-2.108541289136888736e+03
1.189815030697535985e+04
1.519403737502991680e+04
1.123493213094763087e+04
1.278230946410075194e+04
-1.903174921528549476e+03
1.388101712864059846e+04
-2.373900255630548600e+03
-8.889521542079405663e+02
3.295945051201306342e+03
-1.161571944748714941e+03
7.430109855485474327e+03
-1.229252199409680316e+03
1.321819195470663362e+04
1.171102267423171361e+04
5.922441180367468405e+03
2.457843828337248397e+03
-3.897707215152177923e+03
-1.595918837104661179e+03
1.092551389564280726e+04
-9.646256242096351343e+02
2.689795886635395073e+04
1.283073753311482142e+04
1.486097592432004603e+04
6.714459592158270425e+03
4.705304247892830972e+03
-3.976970035775711040e+03
-4.935826008154543160e+03
1.991352134863634092e+03
2.189924615682612057e+03
1.560993020182304463e+02
2.129440385706529014e+03
5.469885498048095542e+03
1.158177386888462752e+04
-9.928089270728398787e+02
7.164620255786147936e+03
6.085494132880437974e+03
1.729980617048730892e+03
3.776585469514714077e+03
1.436327802841119365e+03
2.055828622720044950e+04
9.650016798525439299e+03
7.992936681812612733e+03
1.434321866033302831e+04
1.452246486112800085e+03
2.558162898906838564e+03
-3.553936101544149437e+02
-8.809800271452023708e+02
9.737348948819040743e+03
-8.316049593506251085e+02
-1.004523894038755770e+03
9.247948973421833216e+03
2.009771698858864511e+03
-3.768496204811240204e+02
-1.177079183774064404e+03
7.035364106513085972e+03
2.674750047461319991e+04
4.293766944805196545e+03
1.053233117146238874e+04
1.516285829911557812e+04
9.260099283253839531e+02
-9.658298453602837981e+02
-1.600192938366271846e+03
7.635652619630457593e+03
7.801181082120015162e+02
2.301316184509991217e+03
3.361224630135137886e+03
1.253495091397796841e+02
1.660574616620923553e+04
1.132562217645437886e+04
1.298600540263784069e+03
1.015943632422067822e+01
1.461137154624928371e+04
1.088592341366964138e+04
5.828194617897103853e+03
2.917944350620134173e+03
2.078062129489186555e+04
1.057695018594607518e+03
1.490708625981603473e+04
6.978655167063023328e+03
-8.362406715026118036e+02
5.500025280938169999e+03
-6.796716269029952855e+02
5.857596593958231097e+03
1.185545588519994453e+04
1.811203630954615846e+03
9.017830443825270777e+03
-9.021978657043471230e+02
5.553340781993052587e+03
5.106330881188373496e+03
8.577881109321908298e+03
4.955772103798431999e+03
7.315348168233854267e+02
2.358876123239764638e+03
1.305994989122215520e+04
5.024846870075676634e+03
-1.103990052626105808e+03
6.044825539607925748e+03
9.189498388907433082e+02
8.757115147111266197e+03
4.605849775910032804e+03
6.373147161596592014e+03
1.267928363240477483e+04
2.432327994465328629e+03
9.535254960195283275e+03
1.850512530119261555e+03
-3.987823952465992079e+03
-3.179562446941876260e+03
-4.399646170851864554e+03
1.499452027873076440e+04
1.236452400025877751e+03
6.880965392487426470e+03
1.452229093000990360e+04
1.835869400502113422e+04
-5.080457846997862362e+03
4.975690521039018677e+03
6.611536948769621631e+03
4.287287353383005211e+03
2.551148628776447003e+04
6.083514238181083783e+03
2.963496168689964179e+03
5.948870670746182441e+03
4.670754376303766549e+03
-1.413842305621612468e+03
5.951845546773392016e+03
9.141126836129715230e+03
-1.870992857439413001e+03
-3.773756167034941882e+03
2.844635834585720204e+03
1.443128137930306912e+04
-3.185729348731702885e+03
2.685915316843776054e+03
3.046142969327079300e+03
7.996417337906226749e+03
5.086791461971779427e+03
1.837394907577920776e+03
3.176064017503671039e+03
2.520032990557027733e+04
6.145246729686014078e+03
-2.370915233929046735e+03
6.480632625773373547e+03
3.815843672228697869e+02
2.472335956619773697e+03
1.078800960551695425e+03
-1.569423841254125136e+03
6.291574348529085910e+03
6.533315751735330196e+03
-1.263737061986487333e+03
5.719602666837588004e+03
2.031837515480756701e+04
5.105206784946326479e+03
-2.835234967426245476e+03
2.420791570031658921e+03
7.092261975535364400e+03
9.371165014723372224e+03
1.478061365859290345e+04
5.562500584693219025e+03
-2.505111422117718575e+03
2.166790097780907672e+04
3.389282839343351043e+03
-1.475098179026057323e+02
3.164269771539821249e+03
5.616009705605806630e+03
-1.078422845284784671e+03
1.634522290176064871e+03
5.656768852303756830e+03
4.065549069531371970e+03
4.695441340751664029e+03
2.751997842437888721e+03
9.451025292391470884e+02
1.690776353846959682e+04
5.757923406855465146e+03
1.818621661695942748e-01
-6.700608873998882018e+02
3.896684833191279722e+02
3.075564505269715482e+03
9.126068259086695207e+02
-2.315556184706441400e+03
7.794724841648976508e+03
8.194952248702385987e+03
1.576053404009753422e+03
6.404106849311226597e+02
5.171630531745904591e+03
-7.064302281877735368e+02
4.910244569030481216e+03
-2.103150351497542943e+03
5.678076836410569740e+03
1.336665552174972618e+04
1.241167115254502460e+04
1.183528760082922417e+03
5.219779869525140384e+03
4.824392795053922782e+02
3.613860339020897300e+03
3.382292018712931167e+03
-6.639368994429261193e+02
9.049629042636649956e+02
9.152131688359168038e+03
7.986497340526292646e+03
8.539984132288820547e+03
1.024520547505127251e+04
4.014014719273248375e+03
7.305217586039871094e+03
-1.327810940905035750e+03
1.769573026940162890e+03
1.941433629718886368e+04
7.300438244113724068e+03
7.010970376989059332e+03
-1.317253940524660266e+03
1.591818620481288963e+04
6.417970789287533080e+03
8.075679016751530071e+03
-1.941073009534092080e+03
2.468337613133304330e+03
-4.530548512848213250e+03
8.007711817894698925e+02
-1.558281469968676447e+02
1.768636275153981114e+04
5.238832229410577384e+02
-6.815060880458654538e+02
4.479268338441102969e+03
1.994397596724246569e+03
-1.314401812962054464e+03
-7.150436920966561729e+02
5.751622824968517307e+03
5.989836343507909078e+03
1.841376322186987636e+03
9.669190606491130893e+03
4.874693433050506428e+03
9.371566661836763160e+03
1.279588066009426257e+04
4.505439332287906836e+03
1.883523302221410631e+04
1.312106028845339461e+04
6.809576039160241635e+03
-3.963995912132635567e+03
7.875306640059621714e+03
1.008303971373340573e+03
8.403337160535234943e+03
5.647212434545657743e+03
-1.226710680722766710e+03
1.871348714611709738e+02
-1.933514823066007921e+03
-1.426476126192133052e+03
8.076690508908950505e+02
-1.989817659828559044e+03
9.823448869302526873e+03
4.586811937523020788e+01
4.560238578070666335e+02
7.481655991571935374e+03
7.627764567777357115e+03
8.031728680804075339e+03
7.996184563714054093e+03
3.546960218243945292e+03
1.522673438451520633e+04
4.307191951244782103e+03
1.913513123463239026e+04
6.751329238981933486e+03
2.501206889793712435e+03
-1.557336500297564726e+03
1.832432829722817041e+04
3.687603828962255648e+01
6.444486799420905299e+03
1.295677384825749868e+04
1.276489229074235539e+02
4.455443641933286472e+02
7.969847440046274642e+03
9.579262343916227564e+02
-5.613818064180978809e+02
-1.805621594715437368e+02
1.735664504744462874e+03
1.057673560347425791e+03
2.223103801371287409e+04
9.037514807648911301e+03
1.687529466569587385e+03
2.834840467599719886e+03
3.098922550240979490e+03
2.839556074730256114e+03
-3.456885809500038704e+03
9.909757903159817943e+03
-2.446744839811665884e+02
-1.696804145899461673e+03
2.664770837218413726e+04
1.331054401623429658e+04
9.490388476320013069e+03
-8.887630997897526868e+02
-2.596312290876809357e+02
-1.159867689221038972e+03
6.450356863100073497e+03
1.398478698632806118e+04
-1.036916193334796844e+03
4.238379094313064343e+03
1.212186314811222655e+04
-4.343351405999806047e+02
1.804570363935949899e+03
1.614080955093642842e+04
1.497793885663410765e+04
-1.824273611123042201e+03
2.063592447174510016e+04
1.117982092970472877e+04
1.243877171651424760e+04
1.480598326113141957e+04
2.991005927193668413e+03
6.256725394571380093e+03
1.381439409971017812e+04
-6.450971933357007401e+03
1.301877630480632251e+04
-2.581506297632219685e+03
3.946183508968599654e+03
5.334210392064213011e+03
7.926933045689233040e+03
7.643033040736578414e+02
-2.232716089776414265e+03
2.949232718566231597e+02
5.015546232303718170e+03
-3.558792628220067513e+02
3.024255601565821507e+03
8.850890545029615168e+03
2.315788896251019196e+03
-9.345699115640602486e+02
2.441744177906028881e+02
5.189044326753560199e+02
-1.695281868250772277e+02
3.735763205193215981e+03
3.881018888570717081e+03
7.252618065683824170e+03
-1.420907147672856809e+03
5.205153080535406843e+03
-1.191508672487998410e+03
1.300440397118561305e+04
4.966587267669186076e+03
3.930878099476855823e+03
6.513476906966958268e+03
9.971942566705941999e+02
8.473642110239759404e+02
8.873207566972679388e+02
1.279807553702412406e+04
8.095920726712629403e+02
5.666556705694876655e+03
3.549046310922549310e+02
-1.685065605644460447e+03
9.907913915484463359e+03
2.804984742906242900e+04
1.393810644640508599e+03
-6.728741705346089930e+01
1.418339808879183147e+04
4.909224673323304160e+03
2.624651590426364237e+03
-2.738287620953242367e+02
-5.630723126062504207e+02
-1.975066747794274988e+02
2.891996777284226482e+03
4.530070608662431368e+03
-4.233725020989219274e+02
7.283926398623681052e+03
1.708325764460159189e+04
-9.257900771691292903e+02
1.439815675709646348e+04
8.278246551020993138e+02
7.003901771275988722e+03
1.495420640977808034e+03
-4.979687744986831603e+02
5.086024646383440086e+03
5.150279286943472471e+03
2.683743026083040604e+03
-3.184875961331877988e+03
1.528358065653472750e+03
4.079466948417472850e+03
1.195168051956001000e+04
2.451289386656395436e+03
1.086043148906278475e+03
2.429889734386335476e+04
-1.811964923484501014e+03
2.136833759736520733e+04
-2.912675116781315865e+03
-3.037182537605594916e+02
-1.443642334054566618e+03
-5.164377842836247510e+02
2.977893565934856088e+04
1.947169804404670140e+04
3.561371197268213109e+03
-2.995255990179770833e+03
1.303198526378196948e+04
1.040386660892778491e+04
-8.602826754642564993e+02
2.651582260583608331e+03
3.053562061920651104e+03
3.171641237278785866e+03
1.047482630881618388e+04
1.406008798129333809e+04
1.472732024392102858e+03
-1.692975326003456530e+03
6.604565672595558681e+03
2.906726012575022651e+02
3.301903925081489888e+03
-2.984758093274053863e+02
6.386338694703454166e+03
1.003428554878511568e+04
3.258284220317707423e+03
-3.757020741790236116e+03
2.527712840312243316e+03
1.658631254805144863e+03
-3.082336306869534383e+03
1.343261052221776117e+04
7.556868861973102867e+02
1.176981089401444297e+04
-7.583764164376909775e+02
-5.345214686588414224e+03
-1.445085501208861842e+03
2.689066387046894761e+03
3.828806653019257737e+02
-3.009101736277462805e+03
4.184657191709339713e+03
3.962583200045933154e+03
-1.639052856001196005e+03
2.536149924799907694e+03
2.591207155598073768e+03
2.279267045621448915e+02
9.399177127991588350e+03
6.602800482673017541e+03
-3.780569606324702363e+02
1.261196859243609106e+04
3.599876525608783595e+01
-2.428535623956786367e+03
3.351797458456572713e+03
4.701640641075914573e+03
2.482397622691923971e+02
-1.966014098449467383e+03
1.236549625720155927e+04
1.978817548924290168e+04
7.536241791362373988e+03
7.865777585577567379e+02
-5.091552254593797784e+02
-1.472800611650694918e+03
-6.613006054391818225e+02
2.493489947968622801e+03
2.283623116135469445e+03
3.866240799023214095e+03
3.029708597740414461e+03
-5.584965958938350923e+02
1.088359111066440892e+04
2.292832195495585438e+03
-6.917955153295208675e+02
1.100085648545138974e+04
2.851844059309434215e+03
9.445225102988604704e+03
4.251323176590824005e+03
-1.360463016789302401e+03
3.314590553234615800e+04
-2.563175131270260863e+03
4.573155223076274524e+03
2.845521278731757775e+02
-5.904842828757809912e+02
7.063273408330067468e+03
3.002737505421549940e+03
2.390252949370786610e+03
-1.580490147081916916e+02
-6.453507576077820431e+02
-9.042084704498556675e+02
-8.804624491037143343e+02
1.848823931557467176e+03
1.365442237198841212e+03
2.492713876340598290e+03
3.459018914918214250e+03
2.372757902450016263e+04
-4.904641937582066930e+03
-1.981138205591332280e+03
-2.335760077120298774e+03
8.869262172805156297e+02
5.395246727637235381e+03
-1.307464619084028982e+03
7.849826791269258138e+03
-2.077536289099321948e+03
5.128064349632756057e+04
5.048270875981657809e+03
-6.849741334097248000e+02
2.094339291669580234e+02
6.375426091294050366e+02
-2.138320402197966814e+03
2.036330937427359686e+03
-4.025318822748239654e+03
5.371505275562210954e+03
1.700371602811831508e+03
7.723716165102301602e+03
3.670307816152893338e+03
-2.029110221188998366e+03
-1.824086559800808573e+03
-1.904188956482142657e+03
1.716479858408587461e+04
8.633073809201346194e+02
2.895044964648303903e+03
1.086702543827129193e+04
-2.112783270766241912e+03
7.008301747162422544e+02
-1.559375755267129193e+01
4.538930710900474423e+02
-5.044570262604048366e+03
2.103414254097198864e+03
5.340555620248773266e+03
-3.403565994156130728e+03
-1.884811258696202458e+03
-8.390112746778770543e+02
2.208659929767134599e+04
-4.213996405722315103e+03
7.355054620779817469e+02
9.356360083392901288e+02
3.124460998787149038e+03
-5.290250237903127299e+02
1.817778528010067748e+04
-1.888106983144431524e+03
1.020196521234732427e+04
8.177411140880343737e+03
1.028374666411427643e+04
1.057425468040005853e+03
2.714386648702494767e+03
6.366811944199806021e+03
-1.564028114298681089e+02
5.807954105116393293e+03
3.776415748446672296e+03
7.815321953157570533e+03
2.351798757773141915e+03
-3.587098761284315060e+03
-6.889803193283319160e+03
-2.423949612156774947e+03
3.488542458744317173e+03
-1.626115809416799038e+02
-5.948483947990623619e+02
1.576761012695749287e+03
3.236149039868326781e+03
2.173930489435410891e+03
4.496361033086356542e+02
8.252287224087351206e+03
7.521667172963801931e+03
-4.064576823533249694e+02
1.538796798116595164e+04
