9.533013299347541761e+05
1.093687961678617401e+06
8.689123630860932171e+05
7.347938764112978242e+05
5.038037335732852225e+05
3.532312513693970977e+05
2.260938735057713347e+05
9.534241674465523101e+05
9.970864227043044521e+05
8.166642718530558050e+05
9.114307267593560973e+05
4.846496944179345737e+05
5.892226405996698886e+05
1.105170072367852321e+06
1.145310977671825560e+06
5.903362799222025787e+05
-3.541815877788168145e+05
-7.462152824348249706e+05
-9.732472568912401330e+05
-1.354468412827152759e+06
-1.400531114719605306e+06
1.972467192631154903e+05
1.055467860791365849e+06
1.412362307230483275e+06
1.113851558037922019e+06
1.189412328657651320e+06
9.748774745008465834e+05
1.265843927087570541e+06
1.312781282354188850e+06
1.286544826804972487e+06
