1.519203906250000000e+04
1.700249218750000000e+04
1.063429296875000000e+04
1.712550585937500000e+04
1.894230078125000000e+04
1.878272070312500000e+04
1.925145507812500000e+04
2.025375390625000000e+04
2.161056640625000000e+04
2.521137890625000000e+04
2.714732226562500000e+04
2.928388476562500000e+04
3.234629492187500000e+04
3.120860351562500000e+04
2.890227539062500000e+04
3.484996093750000000e+04
2.836825390625000000e+04
3.085994921875000000e+04
3.212640625000000000e+04
3.300019531250000000e+04
3.089500976562500000e+04
3.493784765625000000e+04
3.018846093750000000e+04
3.544866796875000000e+04
3.333132812500000000e+04
3.541042187500000000e+04
3.235295117187500000e+04
3.786748046875000000e+04
3.575158984375000000e+04
3.478916796875000000e+04
3.661985156250000000e+04
3.486923828125000000e+04
3.724754687500000000e+04
3.679210937500000000e+04
3.195343164062500000e+04
3.377417578125000000e+04
3.372023828125000000e+04
3.534376562500000000e+04
3.897635156250000000e+04
3.594145703125000000e+04
3.515469531250000000e+04
3.610176562500000000e+04
3.780891406250000000e+04
3.851736718750000000e+04
3.932395703125000000e+04
3.545383203125000000e+04
3.583199218750000000e+04
4.144171875000000000e+04
3.990591015625000000e+04
4.178811328125000000e+04
4.107963671875000000e+04
4.510791406250000000e+04
4.183327343750000000e+04
4.516896093750000000e+04
4.580758984375000000e+04
3.921706640625000000e+04
4.280391406250000000e+04
4.622644921875000000e+04
3.950628125000000000e+04
4.521292968750000000e+04
4.964705078125000000e+04
4.655628515625000000e+04
4.180678906250000000e+04
4.614319921875000000e+04
4.708062500000000000e+04
4.735184765625000000e+04
4.158594140625000000e+04
5.157059375000000000e+04
4.716119531250000000e+04
4.557092187500000000e+04
4.498433593750000000e+04
4.692628515625000000e+04
4.818037890625000000e+04
5.010120703125000000e+04
5.232567968750000000e+04
4.949342187500000000e+04
4.686121875000000000e+04
4.949984765625000000e+04
5.626341406250000000e+04
4.710025000000000000e+04
4.984230859375000000e+04
4.683999609375000000e+04
5.398075390625000000e+04
5.436179296875000000e+04
4.849717187500000000e+04
5.581127343750000000e+04
4.869692968750000000e+04
5.442750000000000000e+04
5.919831250000000000e+04
4.808492578125000000e+04
5.329202343750000000e+04
5.684313281250000000e+04
5.138777343750000000e+04
5.251313281250000000e+04
5.132110937500000000e+04
5.974066796875000000e+04
5.254559375000000000e+04
5.348053515625000000e+04
5.355247656250000000e+04
5.095733984375000000e+04
5.659926953125000000e+04
6.016277343750000000e+04
5.701970312500000000e+04
5.890535156250000000e+04
5.908291406250000000e+04
5.760164843750000000e+04
5.626454687500000000e+04
5.470519140625000000e+04
5.937988671875000000e+04
5.366953125000000000e+04
6.129246093750000000e+04
5.714842187500000000e+04
5.831963671875000000e+04
6.071925781250000000e+04
6.144916796875000000e+04
6.426912890625000000e+04
5.907417187500000000e+04
6.589896093750000000e+04
6.035952343750000000e+04
6.015016796875000000e+04
6.629737500000000000e+04
6.672407812500000000e+04
6.246949609375000000e+04
6.137243750000000000e+04
6.826614062500000000e+04
6.385014843750000000e+04
5.885728906250000000e+04
7.255253125000000000e+04
7.436335937500000000e+04
6.271268750000000000e+04
7.263271875000000000e+04
6.726692187500000000e+04
7.364601562500000000e+04
6.560867968750000000e+04
6.810190625000000000e+04
6.907968750000000000e+04
7.014079687500000000e+04
7.448096875000000000e+04
7.112689062500000000e+04
6.368775000000000000e+04
7.908353125000000000e+04
6.769765625000000000e+04
7.111080468750000000e+04
7.147577343750000000e+04
7.332178125000000000e+04
6.837959375000000000e+04
7.431238281250000000e+04
7.308772656250000000e+04
6.918058593750000000e+04
7.470717187500000000e+04
7.552704687500000000e+04
7.420804687500000000e+04
7.265330468750000000e+04
8.207666406250000000e+04
7.892907812500000000e+04
7.513864062500000000e+04
8.272293750000000000e+04
8.038504687500000000e+04
7.783775781250000000e+04
8.020217968750000000e+04
7.910977343750000000e+04
7.829746093750000000e+04
7.981740625000000000e+04
8.263652343750000000e+04
7.852632812500000000e+04
8.436951562500000000e+04
7.791052343750000000e+04
8.629094531250000000e+04
8.205353125000000000e+04
8.770586718750000000e+04
7.438317187500000000e+04
7.754422656250000000e+04
8.380631250000000000e+04
8.390690625000000000e+04
7.959859375000000000e+04
8.759029687500000000e+04
8.511610156250000000e+04
7.734106250000000000e+04
8.967450000000000000e+04
7.839893750000000000e+04
8.770664062500000000e+04
9.659907812500000000e+04
7.917982031250000000e+04
7.158735156250000000e+04
9.289271875000000000e+04
9.721371875000000000e+04
8.656189843750000000e+04
8.410014062500000000e+04
9.254771875000000000e+04
9.339599218750000000e+04
9.910341406250000000e+04
9.291060937500000000e+04
9.549819531250000000e+04
9.040406250000000000e+04
9.916193750000000000e+04
8.699328125000000000e+04
1.047703281250000000e+05
9.563833593750000000e+04
9.347329687500000000e+04
8.828993750000000000e+04
1.036849765625000000e+05
8.048925000000000000e+04
8.607087500000000000e+04
9.722383593750000000e+04
9.623829687500000000e+04
9.167650000000000000e+04
9.945052343750000000e+04
9.949461718750000000e+04
1.012330156250000000e+05
9.170775781250000000e+04
9.358071093750000000e+04
9.655839843750000000e+04
8.942071093750000000e+04
8.897529687500000000e+04
9.896390625000000000e+04
9.623820312500000000e+04
1.139443593750000000e+05
1.041457656250000000e+05
1.037222734375000000e+05
9.422118750000000000e+04
9.880100000000000000e+04
9.772539062500000000e+04
1.030477031250000000e+05
9.534101562500000000e+04
9.249573437500000000e+04
9.735764062500000000e+04
1.046744375000000000e+05
1.094299687500000000e+05
9.971935937500000000e+04
1.050774453125000000e+05
9.582603125000000000e+04
1.129890468750000000e+05
1.062266484375000000e+05
9.540555468750000000e+04
1.097753593750000000e+05
1.019211250000000000e+05
1.082559062500000000e+05
9.721432812500000000e+04
9.530639062500000000e+04
1.140017031250000000e+05
1.080569765625000000e+05
8.805397656250000000e+04
1.215028906250000000e+05
1.046626875000000000e+05
1.174520000000000000e+05
1.036551484375000000e+05
9.811082812500000000e+04
9.923625781250000000e+04
1.035212421875000000e+05
1.081656250000000000e+05
9.321314062500000000e+04
1.064131562500000000e+05
1.000429218750000000e+05
9.571319531250000000e+04
1.120946093750000000e+05
1.200977031250000000e+05
1.123273281250000000e+05
1.037201015625000000e+05
9.487978125000000000e+04
1.075709453125000000e+05
1.100377968750000000e+05
1.042581015625000000e+05
1.083170781250000000e+05
1.077650234375000000e+05
1.151775781250000000e+05
1.160998437500000000e+05
1.008982343750000000e+05
1.169143593750000000e+05
1.104250078125000000e+05
1.152937890625000000e+05
1.138035781250000000e+05
9.836439062500000000e+04
1.245027421875000000e+05
1.130694453125000000e+05
1.022851093750000000e+05
1.127106015625000000e+05
1.149860000000000000e+05
1.237088515625000000e+05
1.222366171875000000e+05
1.193277031250000000e+05
1.063256718750000000e+05
1.043711640625000000e+05
1.136051875000000000e+05
1.031973515625000000e+05
1.047996171875000000e+05
1.178493203125000000e+05
1.071531953125000000e+05
1.087999062500000000e+05
1.214968359375000000e+05
1.386876250000000000e+05
1.308697187500000000e+05
1.229064453125000000e+05
1.024888281250000000e+05
1.133123125000000000e+05
1.010761093750000000e+05
1.147536328125000000e+05
1.318808906250000000e+05
1.399367812500000000e+05
1.214754765625000000e+05
1.180362343750000000e+05
1.200750234375000000e+05
1.364545000000000000e+05
1.034739765625000000e+05
1.087735234375000000e+05
1.185784375000000000e+05
1.123223437500000000e+05
1.224560937500000000e+05
1.311891406250000000e+05
1.019284218750000000e+05
1.180099375000000000e+05
1.123324218750000000e+05
1.368421250000000000e+05
1.138429375000000000e+05
1.255806015625000000e+05
1.166263593750000000e+05
1.192961093750000000e+05
1.235460625000000000e+05
1.203341718750000000e+05
1.155173125000000000e+05
1.162061093750000000e+05
1.207159921875000000e+05
1.164715781250000000e+05
1.119992656250000000e+05
1.143057265625000000e+05
1.246754296875000000e+05
1.194698203125000000e+05
1.310802187500000000e+05
1.172539765625000000e+05
1.293109609375000000e+05
1.137421718750000000e+05
1.257332187500000000e+05
1.277830781250000000e+05
1.202999531250000000e+05
1.402778437500000000e+05
1.262110468750000000e+05
1.221258828125000000e+05
1.259531718750000000e+05
1.231678906250000000e+05
1.112740468750000000e+05
1.209739296875000000e+05
1.281717343750000000e+05
1.254114453125000000e+05
1.291182187500000000e+05
1.221797500000000000e+05
1.265441250000000000e+05
1.108054375000000000e+05
1.040016406250000000e+05
1.228886875000000000e+05
1.137538593750000000e+05
1.187234843750000000e+05
1.208289218750000000e+05
1.086690000000000000e+05
1.184217265625000000e+05
1.018898593750000000e+05
1.374292812500000000e+05
1.152895156250000000e+05
1.214679453125000000e+05
1.060380468750000000e+05
1.203214687500000000e+05
1.213323046875000000e+05
1.277934062500000000e+05
1.203393125000000000e+05
1.162106875000000000e+05
1.308483750000000000e+05
1.230847968750000000e+05
1.199554765625000000e+05
1.083845156250000000e+05
1.160550937500000000e+05
1.216621328125000000e+05
1.216308750000000000e+05
1.304958515625000000e+05
1.104939921875000000e+05
1.133167812500000000e+05
1.338031718750000000e+05
1.193537968750000000e+05
1.252571953125000000e+05
1.158575625000000000e+05
1.141462265625000000e+05
1.260784218750000000e+05
1.286899843750000000e+05
1.160169218750000000e+05
1.075848281250000000e+05
1.271152578125000000e+05
1.062490781250000000e+05
1.237472578125000000e+05
1.102125000000000000e+05
1.259862812500000000e+05
1.257343046875000000e+05
1.307993125000000000e+05
1.278756093750000000e+05
1.267591406250000000e+05
1.243799843750000000e+05
1.216842343750000000e+05
1.350602187500000000e+05
1.208971250000000000e+05
1.100690937500000000e+05
1.318476562500000000e+05
1.210977812500000000e+05
1.264538750000000000e+05
1.222758750000000000e+05
1.154625937500000000e+05
1.264939218750000000e+05
1.188156718750000000e+05
1.160737109375000000e+05
1.255567500000000000e+05
1.391644843750000000e+05
1.479578125000000000e+05
1.184079687500000000e+05
1.192987031250000000e+05
1.293046484375000000e+05
1.470318437500000000e+05
1.257385312500000000e+05
1.210254296875000000e+05
1.234519375000000000e+05
1.185785546875000000e+05
1.558509375000000000e+05
1.277916875000000000e+05
1.141791953125000000e+05
1.491877500000000000e+05
1.564341562500000000e+05
1.232495625000000000e+05
1.475888437500000000e+05
1.239999687500000000e+05
1.433696875000000000e+05
1.265713515625000000e+05
1.442196250000000000e+05
1.328262812500000000e+05
1.441881875000000000e+05
1.336760625000000000e+05
1.308320312500000000e+05
1.286056796875000000e+05
1.362398750000000000e+05
1.392292656250000000e+05
1.539571093750000000e+05
1.381934062500000000e+05
1.399297500000000000e+05
1.319288593750000000e+05
1.420873125000000000e+05
1.480372968750000000e+05
1.472255937500000000e+05
1.525171875000000000e+05
1.349519218750000000e+05
1.369415625000000000e+05
1.542998750000000000e+05
1.608862968750000000e+05
1.651424062500000000e+05
1.469747812500000000e+05
1.418947812500000000e+05
1.521524062500000000e+05
1.389395000000000000e+05
1.412201406250000000e+05
1.550182187500000000e+05
1.405314375000000000e+05
1.418093593750000000e+05
1.644285312500000000e+05
1.404765000000000000e+05
1.515386093750000000e+05
1.656695781250000000e+05
1.518835312500000000e+05
1.548812968750000000e+05
1.444516562500000000e+05
1.593669843750000000e+05
1.421274687500000000e+05
1.483442812500000000e+05
1.431047187500000000e+05
1.598694218750000000e+05
1.546743593750000000e+05
1.680065781250000000e+05
1.765080625000000000e+05
1.658766562500000000e+05
1.662786250000000000e+05
1.774996250000000000e+05
1.725360468750000000e+05
1.682761250000000000e+05
1.723272187500000000e+05
1.632995312500000000e+05
1.663017656250000000e+05
1.483357187500000000e+05
1.521364531250000000e+05
1.737149531250000000e+05
1.899550625000000000e+05
1.915111875000000000e+05
1.561000312500000000e+05
1.734418906250000000e+05
1.746405468750000000e+05
1.660705625000000000e+05
1.507971093750000000e+05
1.553823750000000000e+05
1.786515468750000000e+05
1.500373750000000000e+05
1.632827187500000000e+05
1.723992812500000000e+05
2.094756093750000000e+05
1.870413281250000000e+05
1.765807812500000000e+05
1.643761562500000000e+05
1.831802031250000000e+05
1.779703125000000000e+05
1.981336250000000000e+05
1.678430625000000000e+05
1.840325468750000000e+05
1.690981562500000000e+05
1.857624062500000000e+05
1.837479687500000000e+05
1.710787968750000000e+05
1.715061875000000000e+05
1.728534218750000000e+05
1.770517500000000000e+05
1.904264218750000000e+05
1.757507812500000000e+05
1.909624218750000000e+05
1.780815312500000000e+05
1.750422968750000000e+05
1.602808437500000000e+05
1.807104218750000000e+05
1.826114062500000000e+05
1.651311250000000000e+05
1.701122500000000000e+05
1.948001250000000000e+05
1.897580000000000000e+05
1.919953750000000000e+05
1.616427031250000000e+05
1.883352656250000000e+05
1.876403437500000000e+05
1.875249843750000000e+05
1.845284687500000000e+05
1.979580937500000000e+05
1.871921250000000000e+05
2.034333750000000000e+05
1.798584531250000000e+05
1.928481250000000000e+05
1.836009062500000000e+05
2.106072187500000000e+05
1.891540312500000000e+05
2.045166875000000000e+05
2.014383125000000000e+05
2.047110156250000000e+05
2.200613125000000000e+05
1.944774375000000000e+05
1.997947812500000000e+05
1.969724687500000000e+05
1.889525312500000000e+05
1.985215156250000000e+05
2.188014687500000000e+05
1.967475937500000000e+05
2.276439687500000000e+05
2.211157343750000000e+05
2.168360312500000000e+05
2.113698593750000000e+05
2.184679687500000000e+05
2.250313437500000000e+05
2.156550937500000000e+05
2.105734218750000000e+05
2.133589218750000000e+05
2.476585625000000000e+05
2.280953437500000000e+05
2.213369062500000000e+05
2.152920000000000000e+05
2.087353593750000000e+05
2.403286718750000000e+05
2.088571406250000000e+05
2.393651093750000000e+05
2.353298437500000000e+05
2.282725937500000000e+05
2.436157968750000000e+05
2.091055468750000000e+05
2.313569843750000000e+05
2.430420625000000000e+05
2.365185156250000000e+05
2.254391562500000000e+05
2.143514062500000000e+05
2.366285000000000000e+05
2.541767500000000000e+05
2.229219375000000000e+05
2.273388593750000000e+05
2.301052968750000000e+05
2.252639843750000000e+05
2.162410625000000000e+05
2.341667343750000000e+05
2.313290000000000000e+05
2.815379375000000000e+05
2.655647500000000000e+05
2.532601406250000000e+05
2.520430000000000000e+05
2.557315312500000000e+05
2.223769843750000000e+05
2.481383593750000000e+05
2.546314687500000000e+05
2.637346250000000000e+05
2.580066093750000000e+05
2.647141562500000000e+05
2.307747500000000000e+05
2.806244375000000000e+05
2.747445625000000000e+05
2.582304062500000000e+05
2.574260000000000000e+05
2.620260312500000000e+05
2.658119375000000000e+05
3.018646250000000000e+05
2.393130468750000000e+05
2.459278593750000000e+05
2.717024687500000000e+05
2.655416562500000000e+05
2.847362500000000000e+05
2.653743125000000000e+05
2.622654375000000000e+05
2.611207031250000000e+05
2.368574062500000000e+05
2.625249375000000000e+05
2.774809687500000000e+05
2.762202812500000000e+05
2.664911875000000000e+05
2.900496250000000000e+05
2.572482968750000000e+05
2.730467812500000000e+05
2.535118593750000000e+05
2.767129062500000000e+05
2.801711250000000000e+05
2.834452812500000000e+05
2.637166562500000000e+05
2.555735000000000000e+05
2.517943125000000000e+05
2.549291562500000000e+05
2.827931250000000000e+05
2.970902500000000000e+05
2.543227812500000000e+05
2.807105000000000000e+05
2.461586250000000000e+05
2.725302500000000000e+05
2.845617500000000000e+05
2.603275000000000000e+05
2.643407500000000000e+05
2.725030000000000000e+05
2.684772500000000000e+05
2.624245625000000000e+05
2.648268750000000000e+05
2.744574375000000000e+05
2.561567187500000000e+05
2.924679062500000000e+05
2.563790312500000000e+05
2.653010937500000000e+05
2.781344375000000000e+05
2.881866875000000000e+05
2.926900937500000000e+05
3.177436875000000000e+05
3.087810937500000000e+05
2.664480000000000000e+05
2.896971562500000000e+05
2.993243125000000000e+05
2.758166250000000000e+05
3.518188125000000000e+05
2.879650312500000000e+05
2.809123125000000000e+05
2.880100625000000000e+05
2.869773125000000000e+05
2.806488437500000000e+05
3.344249375000000000e+05
3.123153125000000000e+05
3.074395312500000000e+05
2.969674687500000000e+05
3.507583437500000000e+05
3.324916875000000000e+05
3.092953125000000000e+05
3.132257500000000000e+05
3.367618750000000000e+05
3.163047500000000000e+05
3.488800000000000000e+05
3.183427500000000000e+05
2.760738750000000000e+05
3.045399687500000000e+05
3.367820000000000000e+05
3.036163437500000000e+05
3.078361250000000000e+05
3.578238125000000000e+05
3.315111875000000000e+05
3.289180000000000000e+05
3.249131875000000000e+05
3.038956250000000000e+05
3.081400312500000000e+05
3.314962187500000000e+05
3.587370000000000000e+05
3.029612812500000000e+05
3.393325000000000000e+05
3.079348750000000000e+05
3.240280000000000000e+05
3.040763437500000000e+05
3.278121250000000000e+05
3.501723750000000000e+05
3.242965000000000000e+05
2.934069062500000000e+05
3.416108750000000000e+05
3.522057500000000000e+05
3.416468437500000000e+05
3.250189375000000000e+05
3.286019375000000000e+05
3.596686250000000000e+05
3.556470625000000000e+05
3.371678125000000000e+05
3.459224375000000000e+05
3.306108437500000000e+05
3.142230625000000000e+05
3.066173437500000000e+05
3.342248750000000000e+05
3.385043750000000000e+05
3.060645625000000000e+05
3.362454062500000000e+05
3.377594687500000000e+05
3.313664375000000000e+05
3.461164375000000000e+05
3.547619375000000000e+05
3.092424375000000000e+05
3.163647500000000000e+05
3.382396250000000000e+05
3.231392187500000000e+05
3.209552187500000000e+05
3.180901562500000000e+05
3.456214375000000000e+05
3.524857187500000000e+05
3.606306875000000000e+05
3.152483125000000000e+05
3.543510625000000000e+05
3.534349062500000000e+05
3.216667812500000000e+05
3.650035937500000000e+05
3.606058125000000000e+05
3.518305000000000000e+05
3.432624375000000000e+05
3.376688750000000000e+05
3.672706250000000000e+05
3.759624062500000000e+05
3.743640000000000000e+05
3.543032500000000000e+05
3.796874375000000000e+05
3.259431875000000000e+05
3.554234687500000000e+05
3.561593125000000000e+05
3.548618125000000000e+05
3.816710000000000000e+05
3.628677500000000000e+05
3.726101250000000000e+05
3.559771875000000000e+05
3.546726875000000000e+05
3.986664375000000000e+05
3.580514375000000000e+05
3.885307812500000000e+05
4.308252187500000000e+05
3.937739375000000000e+05
3.708733125000000000e+05
3.645066875000000000e+05
3.633139687500000000e+05
3.684945312500000000e+05
3.457629375000000000e+05
3.986506250000000000e+05
3.756443125000000000e+05
3.656175312500000000e+05
3.550707812500000000e+05
3.522154375000000000e+05
3.540184375000000000e+05
3.474614375000000000e+05
3.936733750000000000e+05
3.680161875000000000e+05
3.732230937500000000e+05
3.790053437500000000e+05
3.552743125000000000e+05
4.172979062500000000e+05
3.516280000000000000e+05
3.664467812500000000e+05
4.142064687500000000e+05
3.990560312500000000e+05
3.860601562500000000e+05
3.920188750000000000e+05
3.980915625000000000e+05
3.952319687500000000e+05
4.139713750000000000e+05
3.805246875000000000e+05
3.845882187500000000e+05
4.230924375000000000e+05
3.928191250000000000e+05
3.856399062500000000e+05
4.198202500000000000e+05
3.486981562500000000e+05
4.067005312500000000e+05
4.252860625000000000e+05
4.344361875000000000e+05
3.893083437500000000e+05
4.181800000000000000e+05
4.731636250000000000e+05
4.232701875000000000e+05
4.185763437500000000e+05
4.545750312500000000e+05
4.380846875000000000e+05
4.560426250000000000e+05
4.071036250000000000e+05
4.447166250000000000e+05
4.598298750000000000e+05
4.596585000000000000e+05
4.123990937500000000e+05
4.510409375000000000e+05
4.470796562500000000e+05
4.372612500000000000e+05
4.546510625000000000e+05
4.309674062500000000e+05
4.211770625000000000e+05
4.350324687500000000e+05
4.711990000000000000e+05
4.049499375000000000e+05
4.427348125000000000e+05
4.538977812500000000e+05
4.369208750000000000e+05
4.103922500000000000e+05
4.656037187500000000e+05
4.416039062500000000e+05
4.261521875000000000e+05
5.029853750000000000e+05
4.692463125000000000e+05
4.608009062500000000e+05
4.678825625000000000e+05
4.569575000000000000e+05
4.809077812500000000e+05
5.027933125000000000e+05
5.140769687500000000e+05
4.907765312500000000e+05
4.640223437500000000e+05
4.250905000000000000e+05
5.358136875000000000e+05
5.131459375000000000e+05
5.219696875000000000e+05
4.774658437500000000e+05
4.975151250000000000e+05
5.234510312500000000e+05
5.028135937500000000e+05
4.690648750000000000e+05
4.802691250000000000e+05
5.274833750000000000e+05
5.167117500000000000e+05
4.550783750000000000e+05
5.095115000000000000e+05
5.154986250000000000e+05
5.355797500000000000e+05
4.942982187500000000e+05
5.092191875000000000e+05
4.856484062500000000e+05
4.913063750000000000e+05
4.311192187500000000e+05
4.585575000000000000e+05
5.322048750000000000e+05
4.580686875000000000e+05
5.154605000000000000e+05
4.831270000000000000e+05
5.166901875000000000e+05
4.903741250000000000e+05
4.705413750000000000e+05
4.866247812500000000e+05
5.231393437500000000e+05
5.198133750000000000e+05
5.290101250000000000e+05
4.968980000000000000e+05
4.948052500000000000e+05
5.434491875000000000e+05
4.812891250000000000e+05
4.996114062500000000e+05
5.329693125000000000e+05
5.043226875000000000e+05
5.003818750000000000e+05
5.385154375000000000e+05
5.338993750000000000e+05
5.107510000000000000e+05
4.957649375000000000e+05
5.285496250000000000e+05
5.521003125000000000e+05
5.515114375000000000e+05
5.211708125000000000e+05
5.120046250000000000e+05
5.250011250000000000e+05
5.297222500000000000e+05
4.937038125000000000e+05
5.425376250000000000e+05
4.917631250000000000e+05
5.881651250000000000e+05
5.493981250000000000e+05
5.189973125000000000e+05
5.101267500000000000e+05
5.385047500000000000e+05
5.061304687500000000e+05
5.532329375000000000e+05
5.392037500000000000e+05
4.817117812500000000e+05
5.449457500000000000e+05
5.245155625000000000e+05
5.198702812500000000e+05
5.823316875000000000e+05
5.601192500000000000e+05
5.038250000000000000e+05
5.118403750000000000e+05
5.447303750000000000e+05
5.244073750000000000e+05
5.065161875000000000e+05
5.464416875000000000e+05
5.584639375000000000e+05
5.229584375000000000e+05
5.674900625000000000e+05
5.592267500000000000e+05
5.551683750000000000e+05
5.629213750000000000e+05
5.878346875000000000e+05
5.547798750000000000e+05
5.209941250000000000e+05
5.891273750000000000e+05
5.629156250000000000e+05
5.407501250000000000e+05
5.480316250000000000e+05
5.497875000000000000e+05
5.228147812500000000e+05
5.035131250000000000e+05
5.641016875000000000e+05
5.787628750000000000e+05
5.903933125000000000e+05
5.743226250000000000e+05
5.584715000000000000e+05
6.083301250000000000e+05
5.382306875000000000e+05
5.731031250000000000e+05
5.569443750000000000e+05
5.827302500000000000e+05
5.886812500000000000e+05
5.351885625000000000e+05
5.494375000000000000e+05
5.959517500000000000e+05
5.513558750000000000e+05
5.573904375000000000e+05
5.458531250000000000e+05
5.125519687500000000e+05
5.914588125000000000e+05
5.796538750000000000e+05
5.515729375000000000e+05
5.514671250000000000e+05
5.284477500000000000e+05
5.647507500000000000e+05
5.484755625000000000e+05
5.446567500000000000e+05
5.485768125000000000e+05
5.244841875000000000e+05
5.385240000000000000e+05
5.469486250000000000e+05
5.943457500000000000e+05
4.886139375000000000e+05
6.203316250000000000e+05
5.227611250000000000e+05
5.450610000000000000e+05
5.530735625000000000e+05
5.200575625000000000e+05
5.569273750000000000e+05
5.372045625000000000e+05
5.745908750000000000e+05
5.887726875000000000e+05
5.947735625000000000e+05
5.782187500000000000e+05
5.263620625000000000e+05
5.484956250000000000e+05
5.731246875000000000e+05
5.408846250000000000e+05
5.384863750000000000e+05
5.060577812500000000e+05
4.964267812500000000e+05
5.293495625000000000e+05
5.307180000000000000e+05
5.119140625000000000e+05
5.863859375000000000e+05
5.889405000000000000e+05
5.226970625000000000e+05
5.355953125000000000e+05
5.209674375000000000e+05
4.932628750000000000e+05
5.550913125000000000e+05
5.409448750000000000e+05
5.470383750000000000e+05
5.451415000000000000e+05
5.312437500000000000e+05
5.743846250000000000e+05
5.074089375000000000e+05
5.324599375000000000e+05
5.345923125000000000e+05
5.444746250000000000e+05
5.424836250000000000e+05
5.435184375000000000e+05
5.326846250000000000e+05
5.473636250000000000e+05
5.280084375000000000e+05
5.749081875000000000e+05
5.384737500000000000e+05
5.677432500000000000e+05
5.536341875000000000e+05
5.786673750000000000e+05
5.674244375000000000e+05
5.443333750000000000e+05
5.461318750000000000e+05
5.272588750000000000e+05
5.459948750000000000e+05
5.270015000000000000e+05
5.638657500000000000e+05
5.727650000000000000e+05
5.475687500000000000e+05
5.168284375000000000e+05
4.971766250000000000e+05
5.406151875000000000e+05
5.566170000000000000e+05
5.848173125000000000e+05
5.122100625000000000e+05
5.862354375000000000e+05
5.074340312500000000e+05
5.550875000000000000e+05
5.259461875000000000e+05
5.457026875000000000e+05
5.382936875000000000e+05
5.604961875000000000e+05
5.097901562500000000e+05
5.577701875000000000e+05
5.149808750000000000e+05
5.514080000000000000e+05
5.482427500000000000e+05
5.653954375000000000e+05
5.836969375000000000e+05
5.192430625000000000e+05
5.211212500000000000e+05
5.437568750000000000e+05
5.475392500000000000e+05
5.668496875000000000e+05
5.143788437500000000e+05
5.502573750000000000e+05
5.290981875000000000e+05
5.277668750000000000e+05
5.275105000000000000e+05
5.028096562500000000e+05
5.141872500000000000e+05
5.050413750000000000e+05
5.269234375000000000e+05
5.185872187500000000e+05
5.327860000000000000e+05
5.329682500000000000e+05
5.652103750000000000e+05
5.113287187500000000e+05
4.926345000000000000e+05
5.188089687500000000e+05
5.154119062500000000e+05
5.095130937500000000e+05
5.393518125000000000e+05
4.986238437500000000e+05
4.900785625000000000e+05
5.193022500000000000e+05
5.253247500000000000e+05
5.315528125000000000e+05
5.539863750000000000e+05
5.192876250000000000e+05
5.281673750000000000e+05
5.121338125000000000e+05
5.233278437500000000e+05
5.132198750000000000e+05
5.145608125000000000e+05
5.400191250000000000e+05
4.891105000000000000e+05
5.530548750000000000e+05
5.503840000000000000e+05
5.995308125000000000e+05
5.759899375000000000e+05
5.639916250000000000e+05
5.606870000000000000e+05
6.027520000000000000e+05
6.509313750000000000e+05
7.000944375000000000e+05
7.996353750000000000e+05
8.277175000000000000e+05
9.059152500000000000e+05
9.941530000000000000e+05
1.100574000000000000e+06
1.158600500000000000e+06
1.287469125000000000e+06
1.269172375000000000e+06
1.373953000000000000e+06
1.410215375000000000e+06
1.488159000000000000e+06
1.539432875000000000e+06
1.767053500000000000e+06
1.820206500000000000e+06
2.016863000000000000e+06
2.073391500000000000e+06
1.981902500000000000e+06
1.967506125000000000e+06
2.129868000000000000e+06
2.094203750000000000e+06
2.263706000000000000e+06
2.220652750000000000e+06
2.489630000000000000e+06
2.274460500000000000e+06
2.759585750000000000e+06
2.900592000000000000e+06
2.801098000000000000e+06
2.542474500000000000e+06
2.967575500000000000e+06
2.784112250000000000e+06
2.944630750000000000e+06
3.113778500000000000e+06
2.758156500000000000e+06
3.208368000000000000e+06
3.159943000000000000e+06
3.402643000000000000e+06
3.377358750000000000e+06
3.741176500000000000e+06
3.936804500000000000e+06
3.878659000000000000e+06
3.599942250000000000e+06
3.761807500000000000e+06
3.938838750000000000e+06
4.170809250000000000e+06
3.631088500000000000e+06
4.589892000000000000e+06
4.255271000000000000e+06
4.598088000000000000e+06
4.764026000000000000e+06
3.922926750000000000e+06
4.685098500000000000e+06
4.647526000000000000e+06
4.224998000000000000e+06
4.970419500000000000e+06
4.919332000000000000e+06
4.557161000000000000e+06
4.426309500000000000e+06
4.308815000000000000e+06
4.451002500000000000e+06
5.024635000000000000e+06
4.516934000000000000e+06
4.546164000000000000e+06
4.327770000000000000e+06
4.159576250000000000e+06
4.251318000000000000e+06
3.815487250000000000e+06
4.644697000000000000e+06
4.520339500000000000e+06
4.046470250000000000e+06
4.073022500000000000e+06
4.116811000000000000e+06
3.967044000000000000e+06
4.142797000000000000e+06
3.467355750000000000e+06
3.335231000000000000e+06
3.068645750000000000e+06
2.854987500000000000e+06
2.791359500000000000e+06
2.841306000000000000e+06
2.804622000000000000e+06
2.853335000000000000e+06
2.939793000000000000e+06
2.810239000000000000e+06
2.538363500000000000e+06
2.637201500000000000e+06
2.737894250000000000e+06
2.916744000000000000e+06
2.752091500000000000e+06
2.905860500000000000e+06
2.769092750000000000e+06
2.763603250000000000e+06
2.487984750000000000e+06
2.751981000000000000e+06
2.956974000000000000e+06
2.811294000000000000e+06
2.990865500000000000e+06
3.025458500000000000e+06
2.945358000000000000e+06
3.245915500000000000e+06
3.065467000000000000e+06
3.289471000000000000e+06
3.030553500000000000e+06
3.194544500000000000e+06
3.361066750000000000e+06
3.110040250000000000e+06
3.364623250000000000e+06
3.178715000000000000e+06
3.463396250000000000e+06
3.690431750000000000e+06
3.562387500000000000e+06
3.812323250000000000e+06
3.699200000000000000e+06
4.162942000000000000e+06
4.135313500000000000e+06
4.450850000000000000e+06
4.796211000000000000e+06
4.475069000000000000e+06
4.700242000000000000e+06
4.763264000000000000e+06
5.228198500000000000e+06
4.820776000000000000e+06
4.982644500000000000e+06
5.221516000000000000e+06
5.478000000000000000e+06
5.310603500000000000e+06
5.939216500000000000e+06
6.266373000000000000e+06
6.092203000000000000e+06
6.738644000000000000e+06
7.824576000000000000e+06
7.317931000000000000e+06
6.860329000000000000e+06
7.173328000000000000e+06
6.961629000000000000e+06
7.464487000000000000e+06
7.957831000000000000e+06
7.389240000000000000e+06
7.826499000000000000e+06
7.766369000000000000e+06
8.144612000000000000e+06
8.130372000000000000e+06
8.095970000000000000e+06
7.569691000000000000e+06
7.192078500000000000e+06
8.053760500000000000e+06
7.753765000000000000e+06
7.979807500000000000e+06
8.042394000000000000e+06
7.664058000000000000e+06
7.608199500000000000e+06
6.873737500000000000e+06
6.930744000000000000e+06
6.923159000000000000e+06
6.879519000000000000e+06
7.241243000000000000e+06
6.889890500000000000e+06
7.249365000000000000e+06
6.384614000000000000e+06
6.206938000000000000e+06
6.099949000000000000e+06
5.617378500000000000e+06
5.828006500000000000e+06
6.103791500000000000e+06
5.535112000000000000e+06
5.182326000000000000e+06
4.652961500000000000e+06
4.776439000000000000e+06
3.880979000000000000e+06
4.621376500000000000e+06
4.052513500000000000e+06
4.067402250000000000e+06
4.600596000000000000e+06
4.319814500000000000e+06
4.187671500000000000e+06
4.093869250000000000e+06
4.688898000000000000e+06
4.207007000000000000e+06
4.126992750000000000e+06
4.901069000000000000e+06
4.202653500000000000e+06
4.681339000000000000e+06
5.122199500000000000e+06
5.343292000000000000e+06
5.918058500000000000e+06
5.560065000000000000e+06
5.459136000000000000e+06
6.161847500000000000e+06
5.663021000000000000e+06
5.609317000000000000e+06
5.934326000000000000e+06
6.344903000000000000e+06
6.626971500000000000e+06
6.516649500000000000e+06
7.291437500000000000e+06
7.438297500000000000e+06
7.715422000000000000e+06
8.346065000000000000e+06
7.656931000000000000e+06
8.035908000000000000e+06
8.399328000000000000e+06
8.623274000000000000e+06
8.241839500000000000e+06
8.477219000000000000e+06
9.336547000000000000e+06
9.111690000000000000e+06
1.006712000000000000e+07
9.159080000000000000e+06
9.697124000000000000e+06
9.374306000000000000e+06
9.803283000000000000e+06
1.047186100000000000e+07
9.418374000000000000e+06
1.000711900000000000e+07
9.536244000000000000e+06
1.047785600000000000e+07
1.081181800000000000e+07
9.539507000000000000e+06
1.040091800000000000e+07
9.455057000000000000e+06
1.176302700000000000e+07
1.049858200000000000e+07
1.065316600000000000e+07
1.103720900000000000e+07
1.137783400000000000e+07
1.342152700000000000e+07
1.241431000000000000e+07
1.255655200000000000e+07
1.325187600000000000e+07
1.236549100000000000e+07
1.109396600000000000e+07
1.260222700000000000e+07
1.225627600000000000e+07
1.196177500000000000e+07
1.126216200000000000e+07
1.076055200000000000e+07
1.177568800000000000e+07
1.288118700000000000e+07
9.598612000000000000e+06
9.745297000000000000e+06
1.040022600000000000e+07
9.908420000000000000e+06
9.261820000000000000e+06
1.015953500000000000e+07
9.920310000000000000e+06
9.756926000000000000e+06
9.626042000000000000e+06
8.530406000000000000e+06
8.651294000000000000e+06
9.336708000000000000e+06
9.879242000000000000e+06
7.399028000000000000e+06
6.814587500000000000e+06
7.195539500000000000e+06
6.801543000000000000e+06
6.200429500000000000e+06
6.072481000000000000e+06
5.505605000000000000e+06
5.398818000000000000e+06
5.443882500000000000e+06
5.737147000000000000e+06
5.303756000000000000e+06
5.715806500000000000e+06
5.051069500000000000e+06
5.341814000000000000e+06
5.399983500000000000e+06
6.165126000000000000e+06
5.833575000000000000e+06
6.060571000000000000e+06
5.874418000000000000e+06
5.596381500000000000e+06
6.391090000000000000e+06
5.819176500000000000e+06
5.338948500000000000e+06
5.990692500000000000e+06
5.778514000000000000e+06
5.978845000000000000e+06
6.379191000000000000e+06
6.300260000000000000e+06
5.956623000000000000e+06
6.635016500000000000e+06
6.474181000000000000e+06
5.718180000000000000e+06
6.799891000000000000e+06
6.572020500000000000e+06
6.245681000000000000e+06
6.838756000000000000e+06
6.657377500000000000e+06
7.297032000000000000e+06
7.791195000000000000e+06
8.133581000000000000e+06
8.028531500000000000e+06
7.555095500000000000e+06
8.052617000000000000e+06
8.650508000000000000e+06
8.398179000000000000e+06
7.866021000000000000e+06
8.753414000000000000e+06
8.835045000000000000e+06
8.753440000000000000e+06
9.496182000000000000e+06
9.954886000000000000e+06
8.973764000000000000e+06
9.706477000000000000e+06
1.055352300000000000e+07
1.055635200000000000e+07
1.007736000000000000e+07
1.097273800000000000e+07
1.094591100000000000e+07
1.131992300000000000e+07
1.087453200000000000e+07
1.136423000000000000e+07
1.327923400000000000e+07
1.203610900000000000e+07
1.104140500000000000e+07
1.154366200000000000e+07
1.399177800000000000e+07
1.305631300000000000e+07
1.265518500000000000e+07
1.366369600000000000e+07
1.334950600000000000e+07
1.308764400000000000e+07
1.405186300000000000e+07
1.489284600000000000e+07
1.502598000000000000e+07
1.443613600000000000e+07
1.321393800000000000e+07
1.332232600000000000e+07
1.324828100000000000e+07
1.291382000000000000e+07
1.554538200000000000e+07
1.435836800000000000e+07
1.456530000000000000e+07
1.498694000000000000e+07
1.673918000000000000e+07
1.413695800000000000e+07
1.579032400000000000e+07
1.258806000000000000e+07
1.312719000000000000e+07
1.238513500000000000e+07
1.166741400000000000e+07
1.122705300000000000e+07
1.115325500000000000e+07
1.019673200000000000e+07
8.395503000000000000e+06
7.474125000000000000e+06
6.336856000000000000e+06
5.896671000000000000e+06
5.638606500000000000e+06
5.636339000000000000e+06
5.261513000000000000e+06
5.411551000000000000e+06
5.505105000000000000e+06
5.505872000000000000e+06
6.001077500000000000e+06
5.930524000000000000e+06
6.495306000000000000e+06
6.950768000000000000e+06
6.013574500000000000e+06
7.326999500000000000e+06
8.617648000000000000e+06
8.065262500000000000e+06
9.611940000000000000e+06
9.853682000000000000e+06
8.782918000000000000e+06
9.477748000000000000e+06
1.049904000000000000e+07
1.027825800000000000e+07
1.041689600000000000e+07
1.067421000000000000e+07
8.217185000000000000e+06
9.145379000000000000e+06
8.248915500000000000e+06
8.472574000000000000e+06
9.421449000000000000e+06
8.789754000000000000e+06
8.242564500000000000e+06
7.681868000000000000e+06
8.906647000000000000e+06
9.007631000000000000e+06
9.234614000000000000e+06
9.019910000000000000e+06
1.041431600000000000e+07
1.014711000000000000e+07
9.637851000000000000e+06
1.006814300000000000e+07
9.351666000000000000e+06
1.024490700000000000e+07
9.930674000000000000e+06
1.006151600000000000e+07
1.020266400000000000e+07
9.824142000000000000e+06
1.003864200000000000e+07
1.015777300000000000e+07
1.068930100000000000e+07
1.106369000000000000e+07
1.066935800000000000e+07
1.101675000000000000e+07
1.047001800000000000e+07
1.050484700000000000e+07
1.146248900000000000e+07
1.018421100000000000e+07
1.170616600000000000e+07
1.173539400000000000e+07
1.075849700000000000e+07
9.981864000000000000e+06
1.046362100000000000e+07
1.000808400000000000e+07
9.912729000000000000e+06
1.033795200000000000e+07
9.154882000000000000e+06
9.936012000000000000e+06
9.173813000000000000e+06
9.198576000000000000e+06
8.952642000000000000e+06
8.495474000000000000e+06
8.630808000000000000e+06
9.128201000000000000e+06
8.260539000000000000e+06
9.142638000000000000e+06
1.031587300000000000e+07
9.488249000000000000e+06
9.866834000000000000e+06
9.551958000000000000e+06
9.809218000000000000e+06
9.259402000000000000e+06
9.529293000000000000e+06
9.094649000000000000e+06
9.032708000000000000e+06
8.414108000000000000e+06
8.621590000000000000e+06
8.607056000000000000e+06
