1.800237666679171525e+04
2.326977795338369833e+04
1.894541362780893542e+04
1.408256952343826379e+04
1.648489548985384681e+04
1.671764752846993360e+04
1.667051521240610964e+04
1.426912782303213862e+04
1.823606098913994356e+04
1.618284401226268164e+04
1.943276496165339631e+04
1.465740029587313438e+04
1.473458584400666587e+04
1.625950092782765205e+04
2.330601332233709036e+04
2.208768772318974516e+04
2.045290297650254433e+04
1.730383199852044709e+04
1.750407588070674319e+04
1.799910996818489366e+04
1.688652341649615119e+04
1.612747198389569166e+04
2.814767192455415352e+04
1.995761995482371276e+04
1.633859388114929607e+04
1.702812623939375044e+04
2.272861615427102515e+04
1.524837220817110210e+04
1.633222918747261247e+04
1.763171890369824905e+04
