-9.200000000000000000e+02
-7.361398063799340434e+02
2.159203408327279976e+04
2.344020883855162538e+03
1.380566373149870560e+04
7.249053588824846884e+03
1.194738290780556599e+04
2.228282288113791583e+04
1.478501920541950130e+04
1.030795849880018977e+04
2.173783934613959718e+04
3.097362293261490777e+04
5.386158881942860171e+04
1.446552656610128361e+04
1.333428228472413866e+04
2.154012254353531898e+04
1.462164642383178943e+04
8.291672418018109965e+03
1.305354438572299114e+04
1.890145783703977577e+04
3.351643787959573092e+04
4.488499878093579355e+03
2.331462031673216552e+04
9.663778107349036873e+03
1.117830327231623232e+04
9.457484219584450329e+03
1.319443199079264741e+04
6.467834919412799354e+04
1.334965471917837567e+04
9.180746083485537383e+03
2.925525641407017247e+04
2.664091206202521062e+04
3.385574372618740199e+03
1.931456954488704469e+03
6.873163360188413208e+03
1.553156330072217315e+04
2.344902867395119392e+04
2.745983634118505870e+04
5.338359210609510228e+03
2.271492619449575068e+04
2.484087953587222000e+04
2.950230057512662825e+04
1.868357412639113318e+04
3.238905711224274910e+03
2.221262447062397769e+04
1.101217380727218733e+04
3.718598963045452547e+04
1.278752730122005778e+04
9.922416849454983094e+03
1.063737466027714981e+04
1.206604128658501941e+04
5.413893028352977126e+03
2.395226192067668308e+04
4.255000340427241463e+04
1.731858632709137601e+04
6.463628388801184883e+03
3.263690847120822582e+04
1.700472583842719905e+04
5.609768876323031145e+04
2.449785785045823286e+04
6.717010379942530562e+03
3.499311004498318653e+04
2.705570492840318548e+04
5.712432480231481895e+04
3.465314279018592060e+04
4.606412311130508897e+04
2.500029299404641279e+04
7.578993383409112539e+03
2.664397392101443256e+04
2.975117358261580307e+02
6.769941472744817474e+03
2.306258950816871584e+04
2.333913875637398087e+04
1.701933244940072836e+04
3.769393109029490915e+03
2.034126652025874864e+04
8.631353898489638595e+03
2.607063087127025938e+04
1.277935064393382163e+04
2.375131134136877517e+04
2.919397714901262952e+04
1.599606687990275532e+04
2.792423140140222677e+04
2.849554127992641952e+03
4.300140421816900925e+03
2.131696830467057589e+04
1.078405865411345076e+04
7.498353357063555450e+03
5.663558861295650786e+03
1.647810499741057356e+04
4.339058545215015329e+04
4.687771257446131494e+04
2.883805720943176129e+04
1.854299259192956379e+04
1.549536680621823143e+04
2.200690498676161224e+04
2.692378837532507168e+04
1.806138693852831057e+04
6.691973135410562463e+03
5.869011463620421637e+03
1.603060499302884455e+04
1.087747090037230737e+04
1.741861763168491598e+04
1.323103018978505861e+04
1.237365030223947178e+04
9.527236123031931129e+03
1.691541440053494807e+04
8.819965994052448877e+03
3.960579553221029528e+03
9.828428298679307773e+03
2.981914770790770490e+04
2.560813428165443111e+04
4.802905906555324691e+03
1.528549786453074557e+04
3.728904511965509755e+03
2.999874426185144694e+04
7.210565541570382265e+03
3.425773997139182757e+04
2.931357845735190040e+03
2.169737301605510220e+04
6.607779951576410895e+03
1.474818004098884012e+04
1.352957055676375785e+04
4.985323280981329845e+03
1.192706168893509494e+04
1.124103446768630420e+04
1.622206372311732775e+04
1.208140658004815850e+04
2.754520941186548589e+04
1.963649491888637567e+04
1.370815855046810248e+04
4.536452637383005822e+03
8.742034523210933912e+03
2.326617485851985839e+04
4.391941988159926041e+03
7.430043694050722479e+03
5.356164302236208641e+03
2.051463783184492422e+04
2.563324259496380819e+03
5.840480824521513568e+03
1.488478086740321123e+04
3.459269923827729508e+04
1.187033630466598515e+04
1.053006101328421028e+04
1.434214388435096043e+04
1.371768089627539666e+04
5.283365579993551364e+04
2.734931181385393575e+04
5.031088027629724820e+03
4.302378432413120208e+03
1.232836548232086716e+04
1.639128033300523748e+04
6.239817788907401336e+03
9.029594917529249869e+03
1.338696246738726040e+04
2.696170810883633385e+04
3.903000249228821485e+04
1.065526902512889683e+04
1.357957373962382007e+04
2.711004582233590918e+04
1.483932911422117741e+03
2.579515943666148451e+04
2.046874852775059480e+04
7.442955920955379042e+03
1.155991186233410190e+04
3.951195828832763709e+03
2.474685169016620057e+04
3.530617990772792382e+03
2.956072889716894133e+04
1.168394530472782026e+04
1.443193776271712886e+04
4.731978111678254209e+03
1.579441133669921874e+04
3.295461644434124901e+04
1.740007818445584417e+04
9.482241278974262968e+03
7.408782033047867117e+03
2.347796182485865756e+03
8.635512786989500455e+03
1.502252859741192151e+04
1.532991495723185290e+04
3.827522634481123077e+03
7.676593670987132100e+03
4.381390283250161883e+04
2.315809203247720507e+04
1.564809600981421318e+04
4.978985849297665118e+04
5.209263650344154303e+04
9.501553600911331614e+02
4.878882135568848025e+04
-4.457530462380356084e+02
6.480198841979960889e+03
5.368203887948313422e+03
1.920224144427851570e+04
2.301761977853927965e+04
3.243906414851157024e+04
7.076307267415224487e+03
1.114130609023430043e+04
6.774100234068758255e+03
2.977240658764472755e+04
4.563638725312495808e+03
2.111157522350900035e+04
3.134944261138857473e+04
2.824797254879953834e+04
2.011491180937171885e+04
1.950850939279719023e+04
6.715684493385548194e+03
1.653758588281547782e+04
8.710395142471355712e+02
1.753680956035148847e+04
7.737220260295360276e+03
1.469975789469295341e+04
4.967123237942582637e+04
1.788728373673262831e+04
3.116315872333083826e+04
2.137963261675957619e+04
8.868681829566481611e+03
2.479132726959180582e+04
2.558826607180753490e+04
6.634686781663513102e+03
2.042956471317209798e+04
1.420129652830868690e+04
3.969127488381599687e+04
6.562100018481032748e+03
5.973358985708399814e+03
3.300515957892367442e+04
4.964999800135309670e+03
5.974188215097134162e+03
8.903108674099989003e+03
3.649881981396370065e+03
9.975833000074566371e+03
2.205583597253026164e+04
1.002449605733909630e+04
2.191470321348625657e+04
8.172625536880915206e+03
5.777896286719276304e+02
4.635674137139697268e+04
2.555672674148899750e+04
2.055101332535840993e+04
1.523695611691514614e+03
5.354019686527707563e+03
2.844620627155048169e+03
5.224201603129573778e+04
1.440950320167221616e+04
4.286492467865104118e+03
2.299399791053235094e+04
5.025826866575595886e+03
3.008313780898481855e+04
1.499564919921498222e+04
1.261369109871488035e+04
8.631450233368130284e+03
2.366709339149895823e+04
1.345672807774867579e+04
1.935221288878468113e+04
2.270225087429310952e+04
2.258981676224579496e+04
3.141601119251895216e+04
7.337660500180545569e+03
1.987740373202292903e+04
2.110809179372380459e+04
9.224254317301038100e+03
8.419883799861016087e+03
2.706689078748949214e+03
1.236367971266456516e+04
2.691288117997275549e+04
3.667945199111805414e+04
7.369072315580579925e+03
1.031036474544851626e+04
2.043176141158577593e+04
2.947301741361871973e+04
2.114183927731687436e+04
8.073436175978935353e+03
2.766595704089071296e+04
8.323044953042306588e+03
2.129103305531379010e+04
2.807713522290542096e+04
1.218733406791245216e+04
4.463412487034285732e+03
8.185591521816478235e+03
3.149775815630125180e+03
3.166199909962492529e+04
3.482973670387707534e+04
3.453182779691847827e+03
9.687186315867165831e+03
2.623535710876648955e+04
6.074477036971222333e+03
2.965997432085867695e+04
1.700126921485894854e+04
9.051782525843489566e+03
2.115028584733380558e+04
4.431268538880006236e+04
5.862068213241752346e+03
2.630167019570115735e+04
2.276538467123766895e+04
1.360983790035440688e+04
1.829092631672084099e+04
1.933403171696952995e+03
1.957081478221182624e+04
5.036804675421544744e+03
9.492879969313136826e+03
2.657473504873107959e+04
1.971587098790971504e+04
8.856788985315892205e+03
4.392585904537991155e+04
4.363512115031808207e+04
2.110858700724272057e+04
1.953320539919332805e+04
1.811182758410369388e+03
3.049707949757145980e+04
3.316267836864277342e+04
2.150181548992870739e+04
1.022378207707092952e+04
2.184355862068551687e+03
1.239483886114711640e+04
2.237140671191936417e+04
1.072734546325120755e+04
2.076334020117729597e+04
1.909832593717255804e+04
3.282209136229926662e+04
3.053449146896117963e+04
9.934025801757246882e+03
1.270290297254249344e+04
6.099238094869285305e+03
3.138575357998579784e+04
3.239871152859388985e+03
1.637048900746152503e+04
2.816335224427457797e+04
1.328905273658785518e+04
3.665788288962168735e+04
4.178220489194616675e+04
5.995276747088197226e+03
8.096266088813216811e+03
2.368919568744678600e+03
1.401844289969290367e+04
1.758403810208893628e+04
1.191897751285760569e+04
1.418129222682841282e+04
4.651592830335916005e+03
2.631595882159149369e+03
2.425399195201701787e+03
4.943327829842110805e+04
8.098995095656604462e+03
7.063240829642817516e+03
2.972299791138702130e+04
2.132205201921836124e+04
1.019674879540233451e+04
6.202505016040145165e+03
1.475730750415976581e+04
1.378085140196064458e+04
6.127175252172301043e+03
7.385117107420637694e+03
2.065550516277110364e+04
1.261700506279337060e+04
3.616185907517310261e+04
7.156679358945558306e+03
8.006597110953573974e+03
3.049166356404208636e+04
2.082702898413059302e+04
1.312345230769640511e+04
2.979248617971460135e+03
1.521880370353154285e+04
5.182901367905820371e+04
2.674609823849848181e+04
1.268963838155937992e+03
1.229979617946770486e+04
6.632604613594041439e+03
1.120821649030907975e+04
8.502984168400356793e+03
2.577387343920545754e+04
6.093759215218270583e+03
2.036301221507810260e+04
4.098293203364271903e+04
1.392324616173632603e+04
7.972010263045573993e+03
3.931076614107691967e+02
7.557121335027659370e+03
1.668640796873032014e+04
1.519340538931254741e+04
1.476748366034164246e+04
2.821470244368460408e+04
3.767605620823443132e+03
3.113011235464073252e+04
4.752444060348728817e+04
5.401510727594952186e+04
3.401254477819018575e+03
1.205723341071692994e+04
1.729880859253042581e+04
2.422273504993646930e+04
8.598229680317805105e+03
6.198712207031385333e+03
1.962305168787848743e+03
2.627890898045308495e+04
1.650708389280606571e+04
2.078894394397986980e+04
1.626518650250579958e+04
1.195670457687461567e+04
1.205062949031032986e+04
1.262171424871607451e+04
1.064833576748999803e+04
1.361146565839767936e+04
9.847936122468083340e+03
2.684323668322755111e+04
1.423705413442664940e+04
1.546352942237776188e+04
2.008532400520591909e+04
4.374786392495479959e+03
4.423871165472274697e+03
2.986453581599372683e+03
3.609624375059620070e+04
6.193247349183615370e+03
1.365267884282099112e+04
5.774942350300893304e+04
1.256922705608420802e+04
3.690706725930657285e+03
6.277099355402513538e+03
1.826122890347929570e+04
1.549178891121456400e+04
2.360930600541553576e+04
2.273724797435438450e+04
5.570888724778920005e+04
1.880770121788901179e+03
2.513980529675349317e+04
1.785181248271084542e+03
1.006978840525857959e+04
1.095292570997931398e+04
4.426562294625730829e+03
6.336450527186357249e+03
1.004155427071673330e+04
1.591206231853846930e+03
7.931314136334213799e+03
6.876225046079251115e+03
3.844486940898814646e+04
2.045793349997742916e+04
5.613536876058386042e+03
3.284738752857054351e+04
1.511272264367150274e+04
4.239127438110915136e+03
9.030469044524412311e+03
3.772640297968072991e+04
5.616954294449430563e+03
1.962102758278822512e+04
9.492909718277656793e+03
3.755930709660412685e+04
2.537416578804823439e+04
4.609925955993318894e+03
1.180968028172668710e+04
2.760519697669874949e+04
8.878081340640490453e+03
2.768414996905326188e+04
9.726165181568680055e+03
1.059720793695417888e+04
3.111941328043032627e+04
8.591952606737317183e+03
1.326959112805914992e+04
1.947450998219037137e+04
3.014004627369497939e+03
1.666017672534037774e+04
8.019532397998031229e+04
8.599206735633538301e+02
1.872718594463929912e+04
5.627771606845881252e+03
1.563719695816275635e+04
1.400948213093729100e+04
3.456181776698489557e+04
4.099040391071975318e+04
3.831996680824633222e+04
1.965311698217926460e+04
2.410419218925165478e+04
8.834451024799071092e+03
1.435893990688962731e+04
9.313022850324461615e+03
1.249926210692430504e+04
1.166538995801549754e+04
9.259356043031966692e+03
9.343427217066677258e+03
4.145962259173978964e+04
4.443737273382153035e+03
2.093202686696852834e+04
2.260793407857358397e+04
2.476980730537072668e+04
2.426317521150222819e+04
1.581130959971114316e+04
2.314525422152918327e+04
2.602434865741008252e+04
1.773362265467594625e+04
1.246213583988202572e+03
5.425388411197260211e+03
5.434859837883683213e+03
2.730138316522900277e+04
6.899916061406174776e+03
1.002041751035713605e+04
4.227977688089476578e+04
3.253043944189222384e+04
8.027359258241989664e+03
3.945541237023778376e+04
3.612677735295729349e+02
1.303587706794526639e+03
3.254312753029202213e+03
2.849899657973149260e+03
2.174596676967644817e+04
2.443215469993901934e+04
1.835127623640117963e+04
2.247373195345452041e+04
1.647865528338610602e+04
2.560697970928365976e+04
1.873270204733229184e+04
4.667565934594159444e+03
7.282200359316532740e+03
2.465525186017860960e+03
2.297920626139002707e+04
8.266234427427367336e+03
2.494367358954308293e+04
2.910929379581892590e+03
3.137844561589818477e+04
5.515387188735759992e+03
1.775189194019534989e+04
3.575124970085897803e+04
1.591704263767296652e+03
2.285277473494928927e+03
5.493283844572672024e+03
8.440452412163580448e+03
1.773502780322538456e+04
2.501045037108250108e+04
1.438104771295773935e+04
1.611780042166091880e+04
9.746135245306912111e+03
8.645165945941949758e+03
3.323431673661398963e+04
1.075578948701032095e+04
8.609121486496005673e+03
3.057644029377949118e+04
1.289184596526594760e+04
4.607070491401123945e+03
4.691007542759845091e+04
2.247274696844752907e+04
1.194633751519904581e+04
1.492927028788188909e+04
4.409787647823761290e+03
1.779568226286478875e+03
1.770809830094276913e+04
3.614044304709276184e+04
6.807957957085293856e+03
4.904902620689554169e+04
5.534446352027748617e+03
3.239044979609370785e+04
1.167359645939670554e+04
1.344426032413482244e+04
9.951047872447348709e+03
1.519675721628976680e+04
1.413966438507028943e+04
2.824594523594874408e+04
1.576880665206218282e+03
2.476259250276519379e+04
3.494121868533100951e+03
1.032122886116765585e+04
9.981565083410663647e+03
1.670854155174516200e+04
1.356632378019626594e+04
1.249805126517381041e+03
2.486115979856023114e+04
9.121263365110147788e+03
1.076574439782044101e+04
1.296013995582135249e+04
1.328725331098353126e+04
2.047814045257999896e+04
1.451013970335891645e+04
2.468887635700498504e+04
1.049834758417044941e+04
1.823732463036185072e+04
2.936859702362939788e+04
2.472788885881528040e+04
5.889646123938077835e+03
7.541302579851500923e+03
8.948072556255752716e+03
4.720372159614812517e+03
1.022944697000919041e+04
8.534042106764965865e+03
7.658777464100715406e+03
7.578800648684446060e+03
1.788375343253310348e+04
1.125887643384693729e+04
7.711895028951619679e+03
1.859467982134016347e+04
2.281158336875850728e+04
1.468977476240375654e+04
2.492699114702565566e+04
2.925618006020651228e+04
3.205318426218924651e+04
1.251473516766055582e+03
8.448979697984255836e+03
1.167541700894237692e+04
1.715472636530507225e+04
5.511435423893173720e+03
1.175877134357770774e+04
1.816225936026361524e+04
1.064894353149259769e+04
1.315024178434342321e+04
3.558313823211501585e+04
2.028770904799174605e+04
2.641360860806630626e+03
7.595551152295709471e+03
2.334720358398705503e+04
7.617421935128751102e+03
3.371105871062082588e+04
1.124706952641790303e+04
7.685095741770991481e+03
5.252588458223267480e+03
1.772216909858916188e+04
1.089372455775040362e+04
1.074105112517706584e+04
2.887751246967827319e+04
3.839074336644941650e+04
1.194334530035454191e+04
5.265189691286850575e+03
1.665078337621432729e+04
9.854162998077439624e+03
1.262099276210936114e+04
1.446458754248192963e+04
2.878191180182263997e+04
2.611393622850926840e+04
-4.755904700924763802e+02
1.515235786437650631e+02
3.024489784218584191e+03
1.453881295602081263e+04
6.719503227711686122e+03
1.512358528071954606e+04
2.109652741894021892e+04
5.506433614317281354e+03
8.378431888795646955e+03
4.371413111673790809e+03
8.332908072035939767e+03
1.062884669361437773e+04
1.124041168080492025e+04
2.694949042597258449e+04
1.716988918803886918e+04
2.183250303496604465e+04
6.342556364052057688e+03
1.323931223911452798e+04
2.260658010712316900e+04
2.627692196649368998e+04
1.133276285515478776e+04
1.948913601671731885e+04
1.726267217463444831e+04
1.389647428730814499e+04
5.847808661892010605e+03
2.204353612725108178e+03
1.494985159971946632e+04
3.207548672933624403e+04
1.724901284716788723e+04
1.303829965541124693e+04
1.347693976442006351e+04
1.442431133956574558e+04
2.477093563066638308e+04
2.102805217954070486e+03
1.611525765798053180e+04
1.951508123997516668e+04
7.071845309323882248e+03
2.744473431574637289e+04
1.011593516890323917e+04
2.975446268733273610e+04
2.518774305713045032e+04
8.139669702602943289e+03
8.140590655673640867e+03
3.250858699531007733e+04
2.415459477417138987e+04
3.467976073808678393e+03
9.357660534840406399e+03
9.131252832020909409e+03
4.000073065713328833e+04
8.648388072915728117e+03
1.806940438659386928e+04
2.166480710322476443e+04
5.744147992366233666e+03
1.683054900826585435e+04
2.712984578261158458e+04
8.353037209655882180e+03
1.157251029906962503e+04
1.185293661868155687e+04
1.152783761814090030e+04
6.278376249335911780e+03
1.767392992155634420e+04
2.676731516445789748e+04
1.581271458929045548e+04
2.383529615851896961e+04
3.965807954930545293e+03
3.574078641116956715e+04
9.339147998972193818e+03
4.237552130732103251e+03
3.371062173250316846e+03
7.440781313239351221e+03
4.450630415497467038e+04
1.365105395689186116e+04
2.066642456437775400e+04
1.403302929032426437e+04
7.571680426283011002e+03
2.059531711529540189e+04
2.006441677409716067e+04
1.196370307637396581e+04
6.916354819586258600e+03
2.626725100072168061e+03
5.533627100016991790e+03
1.463704120046153912e+04
2.937487738269167676e+04
8.091750093781938631e+03
2.453290728438795486e+04
1.160780883186092251e+04
8.193325035924146505e+03
1.059895961631089085e+04
3.430612974028380268e+04
1.562405060073387176e+04
7.166741407775240077e+03
5.717379214434542519e+04
1.265030858253383667e+04
1.163966540427887412e+04
7.474686369720462608e+03
6.981862425609896491e+03
8.377657377945153712e+03
1.201769607870775144e+04
1.250547710356281459e+04
1.839819946506067208e+04
4.039935310869056593e+03
1.691398403944370875e+04
7.633172081780983717e+03
3.211082949623842433e+04
2.698362102311442413e+03
2.649335152489470784e+04
2.629060310627464423e+04
9.113773446592971595e+03
2.733901684819506045e+04
2.727032900125324522e+04
4.022470081537721126e+04
1.256818351879258080e+04
1.643742500838146589e+04
7.954758535289028259e+03
1.645439421933720041e+03
2.014145062233657518e+04
8.090792136092250075e+03
7.399553869369919994e+03
1.322846266031706728e+04
2.290087584200761921e+04
1.282839010494785725e+04
1.085838670444668423e+04
8.564355009920289376e+03
5.432435280489674915e+04
1.356617484335393783e+04
1.506999753413502003e+04
6.390174040206663631e+04
2.517160273699728714e+04
2.695068816481934118e+04
1.824444917787107215e+03
2.973041382443525890e+03
1.396218807931643460e+04
6.385770211332936015e+04
2.010911706664180019e+04
4.519854577858698576e+03
2.786276160551833891e+04
8.017655249066234319e+03
5.725431976073240548e+03
2.110672258452217284e+04
8.495213665880732151e+03
2.770342724217487557e+04
8.002155636379774478e+03
8.976113664669519494e+03
1.415904595956317462e+04
2.568966650270279206e+04
1.571743632067505314e+04
1.004237628070827304e+04
1.592986525468118634e+04
2.720164099943163092e+04
8.062049552629143363e+03
1.842541766553645721e+04
1.191712242740774309e+04
2.333549311843012401e+04
4.213300880969483842e+03
4.435671947394148447e+03
1.062158825650127255e+04
4.090890860851592606e+03
3.368209026172457925e+03
6.497885700892827117e+03
7.417476618380142099e+03
1.731652077304161867e+04
2.501938215394672079e+04
8.949907660745908288e+03
2.789839988934285429e+04
5.996309477296184195e+04
1.607430295636551455e+04
2.867877709836949361e+04
7.572279499994113394e+03
1.480203325280270838e+04
1.952200298144201224e+04
3.482107451379146369e+04
2.057810774093001237e+04
2.564102186363668807e+04
2.069430458236653794e+04
9.418356253183234003e+03
1.096356194114965911e+04
1.624889930459296920e+04
2.738648571058973539e+04
3.267431464727194179e+04
2.245075067438522819e+04
8.279100969132030514e+03
9.990631453478112235e+03
3.529558171244287223e+03
1.343058330865009520e+04
1.737274512487520769e+04
6.213692246107254323e+04
1.545479782447130674e+04
1.498548760202873018e+04
1.667022998291000840e+04
2.142074427817742981e+04
2.653971600565116205e+03
2.239685948477020429e+04
6.073876694950742603e+03
7.609740831761043410e+03
2.896394304385004943e+04
6.101502204654658271e+03
1.598846353006918798e+04
4.764988167505075580e+03
1.030092014510475201e+04
2.410619780102322693e+04
2.359743964367895023e+04
1.491245187865267508e+04
7.194693471292930190e+04
9.213998020128554344e+03
1.955916143143909721e+04
5.708035096100257988e+02
2.656607829720846894e+03
1.395581589313014956e+04
2.000981779323095543e+04
9.770476091274111241e+03
1.741165805940657447e+04
6.422324789311710447e+03
6.343284550565940663e+03
4.148562725167298595e+03
6.108006582089489712e+03
5.341697693790095400e+03
1.338586772027697589e+04
2.340264081624254322e+04
2.958635221525490124e+04
2.788739826723197984e+04
1.068337282117754148e+04
4.998825461591355634e+03
2.483491312075308088e+03
7.494739609431271674e+03
2.604031740039917713e+04
4.549927582906978205e+04
2.007031409326136782e+04
4.727872036187694175e+04
1.168822091337655729e+04
2.829175196276614224e+04
2.636898472118868085e+03
1.153946544406319663e+04
3.631660632652365166e+04
1.871908868647906638e+04
2.783804262383473178e+04
4.336425247967189534e+03
3.250904933867960790e+04
2.057181957652403798e+04
6.883927858573805679e+03
2.055355888167728335e+04
1.322453603768140965e+04
1.161487542138006029e+04
1.115936995571080115e+04
5.129416643704520538e+03
2.459834170251723117e+04
5.996899453774818539e+04
5.365671029781899051e+03
1.604095458512920595e+04
9.402544235568446311e+03
8.023784600927903739e+03
1.537656526446925091e+04
2.401334283024269462e+04
4.240923051966761705e+03
2.037424283036507040e+04
1.508513982770432631e+04
1.712208910633466530e+03
1.982744606758456212e+04
1.653182352515558159e+04
8.728171783001236690e+03
1.915093745080980079e+04
9.587104464742049458e+03
4.741043618139295722e+04
1.807920913449256841e+04
2.664813904970478325e+04
2.524055562692044623e+04
5.270277875424626473e+02
5.203326074624385910e+03
3.798056729980859814e+02
1.351818780696946123e+04
2.896637985157426010e+04
5.584668990332062094e+03
3.901251677514892890e+03
1.378904462222346228e+04
2.270248890999295691e+04
3.043074953108205136e+03
4.525815719622247707e+04
9.182395037303333083e+03
1.181438847770961911e+04
3.179460740082483244e+04
2.596824271997262622e+04
8.031157647557932250e+03
1.271723346780367137e+04
8.333971344891511762e+03
1.933186703371093608e+04
2.658013048043151139e+04
1.119030281348531571e+04
1.734942447458385141e+04
6.900363130697931410e+03
1.400011588004357509e+04
9.829302479058384051e+03
7.322242914752148863e+03
1.513863637873479638e+04
1.220689991331684541e+04
2.096108923757466982e+03
9.364798849227821847e+03
2.204797913842169237e+03
5.614759209079285938e+03
8.544125636838020000e+03
8.502529969740508022e+03
1.362683392484476099e+04
2.787949696389470773e+03
7.337166127716496703e+04
2.511808209918221837e+04
3.779094337837683270e+04
8.120676724855544308e+03
2.482201844818594691e+04
1.163891671063699323e+04
1.669574276935856324e+04
3.469460171735771291e+04
2.371841778877598699e+03
1.033758887648840573e+04
2.491488045619373224e+03
2.164941152711787436e+04
5.259951236961516770e+03
1.388249496942350197e+04
5.457443109670520244e+03
1.754413136893097544e+04
7.125524138117516486e+03
2.569883111382055358e+04
3.014892173665448718e+04
1.445184736329045518e+04
1.542792383237771173e+04
9.031128861317198471e+02
2.392271974171624151e+02
1.753462443133094712e+04
3.362869300998433027e+04
1.315095473676567781e+04
1.521585769287321455e+04
4.134813095285787858e+04
2.314038670403832657e+04
1.554564229747110949e+04
1.282781110021890345e+04
5.477271498885864276e+04
9.982597269151614455e+03
7.527094858115711759e+03
2.401097114744030023e+03
1.529231738189844327e+04
9.096337650410046081e+02
1.537400540040954729e+04
8.740474123042260544e+03
1.188224295043173515e+04
5.813371124056909321e+04
1.601162500958985765e+04
2.571476336107801671e+03
2.228250771676165459e+04
1.284391929867328508e+04
5.940222476059065957e+04
8.094967009689496081e+03
2.773061816507633557e+04
5.122725341511484658e+03
1.119682227859066006e+04
4.271717473826387504e+03
1.036301766090935416e+04
5.937125748346272303e+03
2.052617715530783244e+04
1.378392273841615497e+04
3.231639556153798821e+03
2.536445846762196015e+04
7.760471582728274370e+03
3.060273725506078335e+04
5.521941890281899759e+03
1.923796102087080499e+03
1.409908224348608019e+04
2.180492995438071739e+04
1.040320840366664197e+04
3.316482649760381719e+03
1.329040273900308785e+04
2.939472526110387480e+04
1.785957110865736468e+04
-4.731671021919646591e+01
4.548404363854383701e+04
1.004398429503842999e+04
1.250170376358288195e+04
8.969204402598248635e+03
1.299070614360946456e+04
2.682377437468899006e+04
4.879929281744365653e+03
3.007744981244066003e+04
2.391134880526526467e+04
4.308955164336773123e+03
7.333298530007960835e+03
4.743103966560440313e+04
2.936891876372587285e+04
6.687905546726528883e+03
4.033546244755916268e+04
1.496366230929825178e+04
3.367183892741998716e+04
1.898368486909486819e+04
1.774882261839268904e+04
8.482385896199739364e+03
3.963603163679691534e+03
1.793247615427412165e+04
1.377028869164900607e+04
2.943975676152208507e+03
3.926331643766730122e+04
2.094799251924416239e+03
2.056050448903468350e+04
3.148998501733521607e+03
1.215544350759169174e+04
7.220211789059207149e+03
1.169939821435059821e+04
7.426579786400320700e+03
1.808681911512190709e+04
8.725955218468703606e+03
1.998729094584879203e+04
4.510244645718763422e+03
9.846003831465855910e+03
8.044753606375575146e+03
2.808388238871060457e+04
6.712451938967221395e+03
2.839664517928324585e+03
3.040152665042231547e+03
1.524535550477669858e+04
5.883520183235516015e+03
2.404322355607824647e+04
1.372873903500489359e+04
6.389626992589621295e+03
8.926697917596899060e+03
3.073507412129123986e+04
5.790393991898492095e+04
2.409149597235930923e+04
6.824420358729993495e+03
4.611039103399802843e+04
1.896498867781149238e+04
5.771095061257308771e+03
4.113281999908841499e+03
3.005116247703613226e+03
3.354484036478579219e+04
2.335290730917193287e+04
3.086697139235254326e+03
1.092855858914853707e+04
1.160744923784896855e+04
2.536808992861131173e+03
2.525023759269156290e+04
4.614728337709997504e+03
2.023393643912427069e+04
1.170757840887358907e+04
4.612266926464472817e+03
1.340535166350643703e+04
2.200384281338672008e+04
3.638968422611665301e+04
1.361908219380498485e+04
4.147236644827897180e+03
9.456938549760759997e+03
3.984432426114648842e+04
1.656449557122444094e+04
1.890692289659673406e+04
1.022937326364295041e+04
1.966101166912755070e+04
2.717429322673996467e+03
6.306692369406275247e+03
4.787245370880016708e+03
2.337259196475174394e+04
1.206949919329882869e+04
3.441982292315348786e+03
1.248858200029029103e+04
4.111743685819378152e+04
9.537136262357409578e+03
5.009039373733514367e+03
1.161507031138444290e+04
1.511182431259451187e+04
2.502493282654022914e+04
9.706079694555153765e+03
8.070716889516241281e+03
5.478753420568142610e+04
6.985334893629293219e+03
2.774774893350581260e+04
3.229919390871634823e+04
1.376151467790858806e+04
9.800588817311212551e+03
2.490085289983301664e+03
2.653153087290253825e+04
1.068959637543631288e+04
2.605191384140469745e+04
3.747016493670969066e+04
3.274477481843385976e+04
2.870204543527442183e+03
8.446946030329592759e+03
5.481549821257549411e+03
8.497953308971935257e+03
6.141228489197153976e+03
6.124713520551095826e+03
4.514115124060638482e+04
2.976637444145949121e+04
4.495530443991733591e+03
1.121148823267906664e+04
4.987219380982782241e+03
5.918950779999500810e+04
9.532547113079474002e+03
6.012502305369996975e+03
5.381434196008324761e+03
2.433479490729585814e+04
1.823289112601090892e+04
2.922251838296852839e+03
2.108368436211340304e+04
6.270884565454634867e+03
5.846292516820189485e+04
4.218011796117093581e+03
8.847158820433147412e+03
3.453432264143903740e+04
8.479316304489750564e+02
1.330413910168014263e+04
3.661790588712512545e+04
6.160997959128473303e+04
7.428989316784361108e+03
5.384524457534154499e+04
6.669420599545829464e+04
2.282520602724103082e+04
4.517698454029914501e+03
3.696172671529252693e+04
1.226895001726451665e+04
1.255630509768328011e+04
8.694553534290493189e+03
4.575154761815536767e+04
3.854500755316731374e+04
8.695896255463425405e+03
1.183423957533750581e+04
4.608803789299101481e+03
1.283307461111962039e+04
2.337678050843937308e+04
8.555780979671708337e+03
8.504571228780203091e+04
1.218282812948543869e+04
1.435393676558487641e+04
1.460835822317339444e+04
1.220438159873236145e+04
5.328750817403767724e+04
2.172079140527344134e+04
2.936688664735998464e+04
3.015053503442061992e+04
7.945589656019851645e+03
5.765370366348358220e+04
4.891695871674271075e+03
3.252665367007534951e+04
4.140428907891644485e+04
1.364770107370623191e+04
1.455538230594190964e+03
6.869688641208106674e+03
3.294740010786784114e+04
1.054123885678250917e+04
3.025898071139848071e+03
7.793682036680481360e+03
5.311781052992435434e+03
1.496981202751165256e+04
8.872365097444451749e+03
2.783760273222401156e+04
1.948615419521622971e+04
1.944223202989759011e+04
1.381635029573538668e+04
1.095640336361837763e+04
1.656325556447430426e+04
4.336582452237239522e+03
3.272452355952676044e+03
2.521332870177792574e+04
2.920678952220939755e+04
4.423041181286377650e+03
1.448078798111330434e+04
5.000431955532554639e+03
4.247150574311808305e+04
4.337912390265226350e+03
1.151357520362260766e+04
1.814039159017420025e+04
2.388835233652287206e+04
4.262245493352967605e+04
1.490667584780929064e+04
5.908839506024492039e+03
1.413464904849526283e+04
1.763855143209010566e+04
3.141305945005396643e+04
1.978854790077908547e+04
1.476604921860779359e+04
1.254722873775626977e+04
1.150036993456982782e+04
1.359049974336744526e+04
2.685562000144310150e+04
4.310018575672101724e+04
9.043075931837773169e+03
9.922530177843986166e+03
3.288413020836054056e+04
2.536650983772936888e+04
3.705825336997201521e+04
2.518960029315046268e+04
8.838206353644027331e+03
1.722026384818533188e+04
1.944912097046719282e+03
2.086670049794717488e+04
1.325336977889787886e+04
4.713726422158396599e+04
1.946477396615458019e+03
1.280408608479258692e+04
4.265597595628499403e+04
3.339059760277501482e+04
2.932398579499644984e+04
1.642202283532975707e+04
2.081434017260737892e+04
1.127326623899055994e+04
1.980525396197010923e+04
7.192333392596928206e+03
4.291955126181715968e+03
4.246585666309423686e+04
8.177963874670022960e+03
7.458567807303437803e+03
1.126866137234665075e+04
3.600386356682389760e+03
3.750624113277631841e+04
1.691148009789528805e+04
1.794572749199825921e+04
3.800190458929591841e+04
1.968598715627580168e+04
7.886934865651701330e+03
1.366519346417630186e+04
2.850230018751020907e+04
5.108518930664823529e+03
6.868680836085494548e+02
9.449818277452593975e+03
7.049376392087124259e+03
1.924774634716696892e+04
1.042505720342646418e+04
5.310351911602815380e+04
1.328402732676785308e+04
3.399697716592751385e+04
4.863985460553020857e+03
4.745685706653056695e+04
2.211679471571410249e+04
5.737877986082633470e+03
4.714911891803500112e+03
1.280406207555622132e+04
1.003070796594598687e+04
1.562207071931037353e+04
6.041693764069022109e+03
6.661064729555757367e+03
6.265212156167183821e+03
1.343073510566107143e+04
2.554450136085886334e+04
7.349701724197494514e+03
2.417584976714726508e+04
1.201209351626955322e+04
6.462821254415644944e+04
8.347101024918634721e+03
5.583613334564245451e+04
2.054690298465138039e+04
1.622021972797518174e+04
5.158676064112944914e+03
3.925751142630820141e+03
8.577183503168736934e+03
2.161066503734597791e+04
4.789078915482850789e+03
1.755172081180038003e+04
3.014466291605468086e+03
4.442487695005336718e+03
3.135942025700675367e+04
4.034894503358825750e+04
1.779260115260504972e+04
1.633280043998142173e+04
2.246375524113120628e+04
7.011375235441067161e+03
1.751844881209069717e+04
1.630742585511306788e+04
1.170258443228103715e+04
2.478331823226349661e+04
3.037088108011172153e+03
4.126723878180394422e+03
2.601971773010775723e+04
6.950408207328143362e+03
3.544699677630086626e+03
4.626199612259618880e+04
1.311734858712780624e+04
1.702623039088711084e+04
2.490708042415425371e+04
7.121810748083838917e+03
2.698387193879342522e+04
9.872201596727592914e+03
1.335541591082132982e+04
4.334822088024759432e+04
1.056225052531902111e+04
2.057461333701958938e+04
1.765533087201051603e+04
5.218269336459056831e+03
2.084657346378236252e+04
1.864514532756981680e+03
2.569620567574449888e+04
1.322795155742133284e+04
1.141022389915650638e+04
2.187502900605430477e+04
1.678359470278621302e+04
8.880936773952380463e+03
2.487282698102889844e+04
9.764856506790849380e+03
4.615289440529481908e+03
5.937459523616946171e+03
8.596368703899637467e+02
3.172223473709165773e+04
2.389254562174349121e+04
2.354201590079714879e+04
8.537588798759999918e+03
7.252535424670790235e+03
2.592959488616910676e+03
3.186561851933821345e+03
5.590103742595158838e+04
1.538505254505660014e+04
1.383484178701320161e+04
1.570928922243765192e+04
4.084449347980244056e+04
1.501869796003989359e+04
7.827420790206892889e+03
2.321308301765300712e+04
-4.696330206253263668e+02
3.820898529966839851e+04
6.212351653606814580e+03
6.809938477701145985e+02
5.252896883679506573e+03
1.969664680135205708e+04
3.818191091576612234e+04
2.273864400397694408e+04
1.137580038563289781e+04
9.667341475077799259e+03
1.641497276576104923e+04
5.416228315638612912e+03
1.700700186809130173e+04
1.941065862582834961e+04
1.169901352114592191e+04
2.792562432826627628e+04
7.823288803587813163e+03
5.047720975713771622e+04
2.311603511953041743e+04
2.630805588081958922e+04
3.326907242004696309e+04
1.965434597968330127e+04
1.536218024164865528e+04
1.165133549084359765e+04
1.026871044210273976e+04
2.506295791531726081e+03
8.264451805359925856e+03
2.194828792895017250e+04
8.842008671541760123e+03
4.588616645354566572e+04
1.280256301629355767e+04
2.842488096735391446e+04
2.593142258993615906e+04
4.059107892740129319e+04
3.199363273490898791e+03
3.611679469700493792e+04
2.607650895441228568e+04
1.931626068574515739e+04
5.054666174428524755e+03
3.466291301031218609e+04
1.553914376555453782e+04
1.184719902647894196e+04
2.273513085616357421e+04
7.634371350930274275e+03
3.306730616219791409e+04
2.758125307944300584e+04
2.536152890174140339e+04
2.854007477706615100e+04
1.311325040730721230e+04
1.869896518577475945e+04
5.805009374565821781e+04
2.615589903793735357e+04
1.858217519143455138e+04
3.912485284234861319e+04
4.908042637616086722e+03
3.731999137025211894e+03
1.401083312148701043e+04
3.073905472017640932e+04
3.328546734504862798e+03
1.889071606457279995e+04
1.553275772649863029e+04
1.492717713758441096e+04
3.797851002676087955e+04
2.269064742664606456e+04
1.625596413057858445e+04
2.572587804757662889e+04
1.862282483756407237e+04
2.824874595080821564e+03
1.599268616253684013e+04
1.177482532388565232e+04
5.305204543791689503e+03
1.927179933952314968e+04
2.590622876731588622e+04
1.080343633385768771e+04
1.843957500643688400e+04
4.170474902865065087e+04
3.944169245436234178e+03
8.527114785197169113e+03
2.292080520499813065e+04
3.553216022598525160e+04
1.534452485570415774e+04
1.599988870419234445e+04
3.380570575880488377e+03
5.965057634684884761e+03
3.277465007693109510e+04
1.356762778864179381e+03
6.798377635850993101e+03
2.605453050427174821e+04
3.670981691669784777e+04
5.276850628004804457e+04
4.713072780433491062e+03
9.142063428247673073e+03
2.199329351500314806e+04
8.463161830198228017e+02
3.781110251016823167e+04
3.046830561248193408e+04
2.939120391627654681e+04
9.694810917951068404e+03
1.769751839032551288e+04
2.457659498689113389e+04
1.206693961590784602e+04
9.738323638355999719e+03
3.487334898523054289e+04
2.073785254357153826e+04
2.918814985877889558e+04
1.866121367917674070e+04
5.180843291504837907e+03
9.591485899596158561e+03
7.979381401306645785e+03
5.619779012834167952e+04
1.143618681946324796e+04
8.302562672739268237e+03
1.256016607230352020e+04
1.848428578634761652e+04
2.812074895244942127e+03
5.233339741777260315e+03
3.146452847758381904e+04
2.082080323139530446e+04
4.544698557389916459e+03
4.598538115866955923e+04
1.646446594580107194e+04
1.591964471011560636e+04
1.333063909700035947e+04
6.746716059748307998e+03
3.597000443347808323e+04
2.459905925960452441e+04
1.260285254992262890e+04
2.279007181019023483e+04
1.188350912218781923e+04
3.518802368764287166e+03
2.978234976702962012e+04
2.506622916056611211e+04
4.642012525743780316e+03
2.000087325068903374e+04
3.889817487329789583e+04
1.413174429411723213e+04
1.477330243939190404e+04
7.609487690935850878e+03
2.409857903156268003e+04
7.973131584531855879e+03
1.971444915176783979e+03
4.156704486520514183e+04
2.113356482342200979e+04
7.402123220801908246e+03
2.503017553673487055e+04
2.378319224722964645e+04
7.173819634230829251e+03
1.227205263125697093e+04
1.842650263896834076e+04
1.167279660483559928e+04
1.153385358313518373e+04
1.102231901879966426e+04
1.109429130376113608e+04
1.074246727873155760e+04
1.346982941939725788e+04
1.934380432170905988e+04
-2.604436112695657357e+02
3.047362451557998429e+04
3.018743662765744739e+04
2.464507369566540001e+04
1.107700935672215564e+04
8.723386443124538346e+03
1.103031468696550655e+04
5.104089728498952354e+03
2.135721545440833870e+04
-8.746878727491559857e+02
2.667615484816179378e+04
2.708255346528353039e+04
2.976434155428943541e+03
2.176436886870053422e+04
3.250798543593506110e+04
2.930354570913172211e+04
1.252908353216713476e+04
2.994535440514604488e+03
