8.480652687449190998e+05
1.044366885630091536e+06
7.186510436646782327e+05
8.450478403510302305e+05
8.498917660624408163e+05
8.525700612685200758e+05
8.816446282334894640e+05
8.419372165529216873e+05
8.087810740268313093e+05
9.000141239888381679e+05
8.145922734588107560e+05
7.199737152136636432e+05
7.191765080301769776e+05
7.833323570498164045e+05
8.804416958571163705e+05
8.791101004877126543e+05
8.429915946684512310e+05
8.400726643846898805e+05
7.709345819166568108e+05
7.980454193689707899e+05
8.087852455057140905e+05
7.927527225960654905e+05
1.132185527489731554e+06
8.902331643980946392e+05
9.062469405719406204e+05
8.581027984079001471e+05
8.694653303531813435e+05
9.951456245340307942e+05
9.328763639679795597e+05
8.432771466853363672e+05
