3.405207031250000000e+03
8.195446289062500000e+03
2.643608398437500000e+04
2.483639453125000000e+04
2.284775390625000000e+04
2.089166601562500000e+04
1.818032226562500000e+04
2.640578710937500000e+04
3.124072460937500000e+04
2.979472851562500000e+04
3.685677343750000000e+04
3.284742187500000000e+04
3.167954687500000000e+04
3.726575781250000000e+04
3.849696093750000000e+04
4.226327343750000000e+04
3.606717187500000000e+04
4.554639062500000000e+04
3.739353125000000000e+04
3.682517968750000000e+04
3.735991015625000000e+04
4.404170312500000000e+04
3.780733593750000000e+04
3.659754296875000000e+04
3.606997656250000000e+04
3.576286718750000000e+04
3.643976171875000000e+04
4.418221875000000000e+04
4.208641796875000000e+04
4.548646093750000000e+04
4.118027343750000000e+04
4.281651953125000000e+04
3.510321875000000000e+04
4.352949218750000000e+04
4.089332812500000000e+04
4.613919531250000000e+04
3.743552343750000000e+04
4.639491406250000000e+04
4.254478515625000000e+04
4.154792187500000000e+04
4.544539062500000000e+04
4.740021093750000000e+04
4.368423437500000000e+04
4.652396093750000000e+04
4.293114062500000000e+04
4.393217578125000000e+04
4.356653906250000000e+04
5.718942187500000000e+04
4.872646093750000000e+04
5.145487890625000000e+04
6.335550781250000000e+04
4.945443750000000000e+04
5.992834375000000000e+04
4.709941015625000000e+04
5.654327734375000000e+04
6.659670312500000000e+04
6.085453125000000000e+04
7.161639062500000000e+04
5.941975000000000000e+04
6.326439062500000000e+04
6.869764062500000000e+04
7.007080468750000000e+04
6.548627343750000000e+04
8.313098437500000000e+04
7.288319531250000000e+04
6.944844531250000000e+04
7.099337500000000000e+04
8.054490625000000000e+04
9.051036718750000000e+04
8.356576562500000000e+04
8.343048437500000000e+04
9.503164062500000000e+04
7.632496875000000000e+04
9.286879687500000000e+04
8.914721093750000000e+04
9.446422656250000000e+04
1.010126562500000000e+05
1.156948750000000000e+05
1.012902031250000000e+05
1.002759218750000000e+05
9.938484375000000000e+04
1.000312578125000000e+05
1.067473125000000000e+05
8.800107812500000000e+04
1.061751718750000000e+05
1.226309062500000000e+05
1.249546562500000000e+05
1.190038046875000000e+05
1.362803281250000000e+05
1.148254687500000000e+05
1.131340468750000000e+05
1.348843906250000000e+05
1.419500000000000000e+05
1.242197031250000000e+05
1.402100156250000000e+05
1.479702500000000000e+05
1.291966250000000000e+05
1.587441093750000000e+05
1.496852187500000000e+05
1.829628906250000000e+05
1.656780937500000000e+05
1.272391875000000000e+05
1.731594531250000000e+05
1.500771718750000000e+05
1.644330625000000000e+05
1.869382187500000000e+05
1.920119687500000000e+05
1.557592187500000000e+05
1.621271875000000000e+05
1.566196875000000000e+05
1.651683906250000000e+05
1.656213750000000000e+05
1.785838125000000000e+05
1.693520625000000000e+05
1.559575312500000000e+05
1.933890625000000000e+05
2.056791718750000000e+05
1.399294062500000000e+05
1.989658906250000000e+05
1.584487812500000000e+05
1.621798125000000000e+05
2.173367343750000000e+05
1.682454843750000000e+05
1.907041250000000000e+05
1.664122343750000000e+05
2.569445000000000000e+05
1.925568125000000000e+05
1.706500312500000000e+05
1.711606562500000000e+05
2.434599062500000000e+05
1.662894062500000000e+05
2.128057500000000000e+05
1.953632812500000000e+05
2.502899843750000000e+05
1.746710468750000000e+05
1.918700312500000000e+05
2.179209687500000000e+05
2.316021093750000000e+05
2.669193125000000000e+05
1.943532812500000000e+05
2.119130468750000000e+05
2.584313125000000000e+05
2.068662500000000000e+05
2.518313906250000000e+05
2.265549218750000000e+05
3.246214687500000000e+05
2.238178906250000000e+05
2.187580937500000000e+05
1.804726093750000000e+05
2.650896875000000000e+05
2.048575312500000000e+05
2.084205625000000000e+05
2.293080312500000000e+05
2.083465312500000000e+05
2.085988906250000000e+05
3.205155000000000000e+05
2.056116562500000000e+05
2.079652187500000000e+05
1.844015000000000000e+05
2.188079687500000000e+05
2.589204531250000000e+05
1.842794843750000000e+05
1.624926250000000000e+05
1.871797187500000000e+05
3.244966562500000000e+05
2.099792187500000000e+05
1.834707031250000000e+05
2.321451875000000000e+05
1.545601250000000000e+05
1.990942812500000000e+05
1.589485625000000000e+05
1.541255156250000000e+05
2.175938906250000000e+05
1.533634062500000000e+05
2.356587343750000000e+05
1.393282500000000000e+05
1.383263437500000000e+05
1.661893281250000000e+05
1.010614687500000000e+05
1.611405312500000000e+05
1.337888906250000000e+05
9.927117187500000000e+04
1.812946250000000000e+05
1.534505937500000000e+05
2.477803281250000000e+05
1.501270000000000000e+05
1.336090312500000000e+05
8.970461718750000000e+04
1.556573281250000000e+05
1.508277500000000000e+05
8.038457812500000000e+04
1.493271875000000000e+05
1.309109062500000000e+05
1.136780312500000000e+05
1.729703437500000000e+05
1.190906250000000000e+05
1.311694062500000000e+05
1.980868125000000000e+05
1.494373906250000000e+05
1.155115937500000000e+05
1.287789140625000000e+05
9.267875000000000000e+04
9.209375000000000000e+04
1.218881484375000000e+05
1.356627968750000000e+05
1.513350937500000000e+05
1.029251406250000000e+05
8.669753125000000000e+04
1.152061093750000000e+05
1.470817656250000000e+05
8.888576562500000000e+04
9.725075000000000000e+04
1.199702968750000000e+05
1.429372187500000000e+05
1.397316875000000000e+05
1.072640546875000000e+05
9.272006250000000000e+04
1.155446562500000000e+05
8.786332812500000000e+04
8.478185156250000000e+04
1.416686406250000000e+05
9.608262500000000000e+04
1.445661562500000000e+05
9.684748437500000000e+04
1.431212187500000000e+05
9.980826562500000000e+04
7.668482031250000000e+04
9.036799218750000000e+04
1.608783125000000000e+05
8.283834375000000000e+04
9.677407031250000000e+04
7.487581250000000000e+04
9.305619531250000000e+04
7.823639843750000000e+04
9.298223437500000000e+04
7.008687500000000000e+04
1.126191250000000000e+05
9.589757812500000000e+04
5.878453515625000000e+04
6.190130078125000000e+04
8.420886718750000000e+04
8.655273437500000000e+04
4.419534765625000000e+04
9.772256250000000000e+04
5.290899218750000000e+04
7.297514062500000000e+04
4.419153125000000000e+04
8.023307031250000000e+04
5.827867968750000000e+04
9.290632812500000000e+04
6.938614062500000000e+04
1.214017343750000000e+05
7.332268750000000000e+04
5.508224609375000000e+04
6.171915625000000000e+04
6.831773437500000000e+04
4.598129687500000000e+04
6.015896093750000000e+04
6.335225781250000000e+04
6.823171093750000000e+04
5.377067578125000000e+04
7.790489062500000000e+04
7.167603125000000000e+04
4.793476171875000000e+04
3.752851171875000000e+04
4.657891406250000000e+04
7.951890625000000000e+04
4.902275781250000000e+04
6.195801562500000000e+04
5.958967578125000000e+04
4.069892968750000000e+04
2.902159375000000000e+04
4.091497656250000000e+04
5.014861328125000000e+04
4.263742578125000000e+04
4.552046875000000000e+04
4.206842187500000000e+04
2.936244921875000000e+04
2.826716796875000000e+04
3.265865234375000000e+04
4.745135937500000000e+04
3.140075781250000000e+04
4.311510937500000000e+04
3.018615625000000000e+04
1.821975781250000000e+04
3.861528515625000000e+04
2.745095703125000000e+04
4.873083593750000000e+04
2.463261718750000000e+04
2.475551757812500000e+04
4.279093750000000000e+04
3.878903906250000000e+04
5.210851562500000000e+04
4.130968750000000000e+04
5.757623437500000000e+04
3.697206250000000000e+04
3.521682812500000000e+04
2.476091210937500000e+04
5.219634375000000000e+04
3.271552734375000000e+04
2.990151562500000000e+04
3.047856835937500000e+04
2.285557617187500000e+04
4.331379687500000000e+04
1.587605468750000000e+04
2.482148046875000000e+04
3.310304687500000000e+04
1.504605664062500000e+04
1.764153125000000000e+04
2.201993750000000000e+04
2.475856640625000000e+04
1.988467578125000000e+04
2.551470312500000000e+04
2.610334960937500000e+04
2.160669921875000000e+04
2.425099023437500000e+04
2.116092578125000000e+04
1.703453906250000000e+04
2.244104101562500000e+04
2.048692968750000000e+04
2.153852734375000000e+04
1.855764257812500000e+04
2.509396093750000000e+04
1.920290625000000000e+04
1.674834765625000000e+04
1.922798437500000000e+04
1.680013476562500000e+04
1.712835742187500000e+04
1.721114453125000000e+04
1.768634960937500000e+04
1.660109375000000000e+04
1.667217578125000000e+04
1.485777734375000000e+04
1.804955078125000000e+04
1.862490234375000000e+04
1.936328125000000000e+04
2.108725390625000000e+04
1.830992968750000000e+04
1.702035156250000000e+04
1.808577148437500000e+04
1.836300781250000000e+04
1.869434375000000000e+04
1.817690234375000000e+04
1.605475097656250000e+04
1.224451074218750000e+04
1.541575781250000000e+04
1.456979882812500000e+04
1.559251953125000000e+04
1.500969140625000000e+04
1.508391406250000000e+04
1.482996777343750000e+04
1.717094335937500000e+04
1.540222656250000000e+04
1.566098339843750000e+04
1.574573632812500000e+04
1.409231250000000000e+04
1.565473242187500000e+04
1.464696582031250000e+04
1.431280371093750000e+04
1.565284570312500000e+04
1.397441210937500000e+04
1.161792968750000000e+04
1.257726171875000000e+04
1.294876953125000000e+04
1.419925878906250000e+04
1.374689550781250000e+04
1.520635058593750000e+04
1.204553710937500000e+04
1.314068164062500000e+04
1.019700878906250000e+04
1.230608398437500000e+04
1.205572460937500000e+04
8.951994140625000000e+03
1.061983007812500000e+04
1.118323046875000000e+04
1.076919531250000000e+04
1.008417578125000000e+04
1.001040234375000000e+04
1.284924218750000000e+04
1.235063574218750000e+04
1.421906250000000000e+04
1.379605761718750000e+04
1.187350683593750000e+04
1.122229101562500000e+04
1.067824414062500000e+04
1.143898828125000000e+04
1.005580273437500000e+04
1.190826464843750000e+04
1.115464648437500000e+04
9.334187500000000000e+03
8.482694335937500000e+03
1.526948046875000000e+04
1.408585156250000000e+04
1.157411425781250000e+04
1.001765820312500000e+04
1.360963378906250000e+04
1.159075195312500000e+04
1.436004394531250000e+04
1.168428808593750000e+04
1.298184667968750000e+04
1.056544921875000000e+04
1.170315234375000000e+04
1.484659960937500000e+04
1.216426953125000000e+04
9.933000000000000000e+03
1.103516015625000000e+04
1.136040625000000000e+04
1.232667968750000000e+04
1.314890917968750000e+04
1.135598828125000000e+04
1.239703320312500000e+04
9.191015625000000000e+03
1.043355468750000000e+04
1.117426074218750000e+04
1.060407031250000000e+04
9.329816406250000000e+03
1.098190917968750000e+04
1.120252441406250000e+04
1.200245117187500000e+04
9.569727539062500000e+03
1.026467089843750000e+04
1.235235742187500000e+04
9.542438476562500000e+03
1.188069335937500000e+04
1.449676269531250000e+04
1.440907714843750000e+04
1.230324414062500000e+04
1.153081640625000000e+04
1.065625390625000000e+04
1.599496777343750000e+04
1.140619824218750000e+04
1.003652539062500000e+04
8.693205078125000000e+03
1.013860156250000000e+04
1.003116796875000000e+04
8.866406250000000000e+03
9.831105468750000000e+03
1.425952929687500000e+04
9.072364257812500000e+03
1.013591015625000000e+04
1.074806835937500000e+04
1.047600683593750000e+04
8.155253417968750000e+03
1.158487304687500000e+04
1.172403125000000000e+04
1.191912109375000000e+04
9.185169921875000000e+03
1.015765820312500000e+04
8.781365234375000000e+03
1.133824121093750000e+04
8.826947265625000000e+03
8.895514648437500000e+03
8.829876953125000000e+03
9.943336914062500000e+03
1.078097949218750000e+04
1.031134765625000000e+04
9.798255859375000000e+03
1.098662890625000000e+04
1.431097460937500000e+04
9.277826171875000000e+03
1.284250683593750000e+04
9.943395507812500000e+03
8.278274414062500000e+03
8.135088378906250000e+03
9.476617187500000000e+03
8.044804199218750000e+03
8.953577148437500000e+03
9.586951171875000000e+03
1.070017968750000000e+04
6.815872558593750000e+03
9.167613281250000000e+03
8.639802734375000000e+03
9.346103515625000000e+03
1.120013769531250000e+04
8.925029296875000000e+03
1.110170507812500000e+04
8.550739257812500000e+03
9.860083984375000000e+03
1.065707421875000000e+04
1.284839843750000000e+04
8.015289062500000000e+03
1.429219433593750000e+04
8.318251953125000000e+03
1.188180859375000000e+04
9.837154296875000000e+03
8.220805664062500000e+03
8.550226562500000000e+03
9.879704101562500000e+03
1.047460156250000000e+04
1.222100585937500000e+04
8.176197265625000000e+03
9.060566406250000000e+03
9.201982421875000000e+03
9.389478515625000000e+03
8.975583984375000000e+03
1.086090234375000000e+04
9.854182617187500000e+03
1.020305273437500000e+04
1.283393945312500000e+04
1.031798437500000000e+04
9.610588867187500000e+03
1.076726367187500000e+04
7.808941894531250000e+03
1.280622753906250000e+04
1.329779687500000000e+04
1.000421875000000000e+04
1.282118847656250000e+04
7.830726562500000000e+03
8.652946289062500000e+03
1.163866503906250000e+04
1.154589160156250000e+04
1.124612890625000000e+04
1.051004101562500000e+04
1.023762695312500000e+04
1.659585937500000000e+04
1.330650488281250000e+04
9.662118164062500000e+03
9.630951171875000000e+03
1.478389453125000000e+04
1.052208007812500000e+04
1.746875195312500000e+04
8.792413085937500000e+03
6.523788574218750000e+03
1.062399316406250000e+04
8.773121093750000000e+03
9.583556640625000000e+03
1.108688183593750000e+04
1.003140234375000000e+04
9.288422851562500000e+03
7.404450683593750000e+03
9.088015625000000000e+03
1.098145312500000000e+04
1.151917285156250000e+04
8.745322265625000000e+03
9.192219726562500000e+03
9.959566406250000000e+03
9.099279296875000000e+03
8.150431640625000000e+03
9.246994140625000000e+03
9.347582031250000000e+03
8.029177734375000000e+03
1.138186132812500000e+04
1.055347558593750000e+04
9.735982421875000000e+03
9.285906250000000000e+03
9.884395507812500000e+03
7.136183593750000000e+03
8.597732421875000000e+03
8.246553710937500000e+03
6.232357421875000000e+03
5.676178222656250000e+03
7.410980957031250000e+03
7.169410644531250000e+03
1.135506640625000000e+04
7.377378417968750000e+03
1.019715234375000000e+04
8.833812500000000000e+03
1.070977929687500000e+04
1.058268847656250000e+04
8.323897460937500000e+03
9.790678710937500000e+03
7.862370117187500000e+03
7.856395507812500000e+03
1.529343652343750000e+04
7.603062011718750000e+03
7.416809570312500000e+03
1.020170410156250000e+04
5.834651367187500000e+03
7.849328125000000000e+03
5.909026367187500000e+03
5.905794433593750000e+03
4.726482421875000000e+03
5.899335449218750000e+03
5.219682617187500000e+03
8.200439453125000000e+03
5.600272460937500000e+03
5.857697753906250000e+03
1.022718945312500000e+04
9.764628906250000000e+03
7.055518066406250000e+03
7.660021972656250000e+03
7.277291015625000000e+03
6.140963867187500000e+03
8.201257812500000000e+03
7.146414062500000000e+03
9.535835937500000000e+03
7.268858886718750000e+03
5.948901367187500000e+03
1.091434082031250000e+04
6.397879882812500000e+03
8.868861328125000000e+03
9.422386718750000000e+03
1.041381445312500000e+04
7.286726562500000000e+03
8.889123046875000000e+03
7.347759765625000000e+03
7.481494628906250000e+03
8.436835937500000000e+03
7.593410156250000000e+03
7.349035156250000000e+03
7.812330566406250000e+03
8.462222656250000000e+03
6.743198730468750000e+03
7.117612304687500000e+03
7.907439453125000000e+03
8.533161132812500000e+03
7.517730957031250000e+03
7.667618652343750000e+03
7.929726562500000000e+03
8.431554687500000000e+03
9.431777343750000000e+03
5.298890625000000000e+03
9.001179687500000000e+03
7.190869140625000000e+03
6.089872558593750000e+03
6.022849609375000000e+03
6.448175781250000000e+03
6.408797363281250000e+03
7.756833496093750000e+03
4.549020996093750000e+03
7.001456054687500000e+03
9.927291015625000000e+03
7.118010742187500000e+03
4.765198242187500000e+03
8.078562988281250000e+03
7.220542480468750000e+03
7.182357421875000000e+03
6.089817382812500000e+03
5.884580078125000000e+03
5.215648437500000000e+03
6.950701171875000000e+03
8.305583984375000000e+03
8.947628906250000000e+03
8.619496093750000000e+03
8.806228515625000000e+03
9.230951171875000000e+03
7.184340332031250000e+03
1.051191601562500000e+04
7.240076171875000000e+03
9.797519531250000000e+03
9.432222656250000000e+03
9.562637695312500000e+03
7.403681152343750000e+03
5.804403320312500000e+03
6.400224609375000000e+03
6.553504394531250000e+03
7.426995117187500000e+03
6.144064453125000000e+03
9.202813476562500000e+03
7.027289062500000000e+03
8.515720703125000000e+03
1.058824121093750000e+04
8.747456054687500000e+03
9.254384765625000000e+03
6.749199707031250000e+03
6.064975097656250000e+03
7.798769531250000000e+03
7.611870605468750000e+03
6.519340332031250000e+03
6.970818847656250000e+03
5.682461425781250000e+03
6.785028320312500000e+03
8.467297851562500000e+03
1.555308007812500000e+04
6.616693359375000000e+03
6.200229492187500000e+03
6.658843750000000000e+03
6.221158691406250000e+03
7.663044433593750000e+03
6.832117675781250000e+03
7.023557617187500000e+03
8.946423828125000000e+03
5.606447753906250000e+03
5.155556640625000000e+03
5.218899414062500000e+03
6.474796386718750000e+03
7.029532714843750000e+03
7.977864257812500000e+03
5.965234375000000000e+03
6.222261718750000000e+03
5.672039062500000000e+03
5.666457519531250000e+03
6.615674316406250000e+03
6.371837402343750000e+03
8.417937500000000000e+03
5.519082031250000000e+03
5.041971679687500000e+03
7.107533203125000000e+03
7.339127929687500000e+03
5.543756835937500000e+03
4.304734375000000000e+03
6.775632812500000000e+03
6.898962890625000000e+03
4.955976562500000000e+03
6.614404296875000000e+03
6.077125000000000000e+03
6.000809570312500000e+03
7.385819335937500000e+03
5.886714355468750000e+03
6.565311523437500000e+03
6.442305175781250000e+03
3.975986816406250000e+03
5.019628906250000000e+03
5.426937011718750000e+03
5.803445800781250000e+03
5.185303222656250000e+03
5.917932617187500000e+03
6.263748535156250000e+03
6.461360839843750000e+03
5.121812500000000000e+03
4.431661132812500000e+03
5.809256347656250000e+03
3.633085937500000000e+03
5.843358398437500000e+03
5.859907226562500000e+03
6.642198730468750000e+03
4.620326171875000000e+03
5.605739746093750000e+03
4.648752929687500000e+03
6.302184082031250000e+03
6.883302246093750000e+03
6.195105957031250000e+03
6.995219726562500000e+03
8.880580078125000000e+03
6.364553710937500000e+03
4.362064941406250000e+03
6.202516601562500000e+03
5.122273437500000000e+03
3.642337402343750000e+03
5.354583007812500000e+03
5.739253417968750000e+03
5.197519531250000000e+03
3.618442138671875000e+03
3.893247314453125000e+03
5.003353515625000000e+03
4.152458007812500000e+03
3.834225097656250000e+03
6.290472656250000000e+03
6.786053222656250000e+03
4.361522460937500000e+03
6.090172851562500000e+03
4.669201171875000000e+03
7.271571289062500000e+03
6.122250000000000000e+03
4.453252929687500000e+03
4.569208984375000000e+03
3.997402587890625000e+03
4.551149414062500000e+03
6.494842773437500000e+03
4.950808593750000000e+03
4.943056152343750000e+03
4.633622558593750000e+03
4.565624511718750000e+03
5.320520507812500000e+03
5.275865722656250000e+03
6.832991210937500000e+03
4.017701416015625000e+03
5.628379882812500000e+03
4.565222656250000000e+03
6.035145996093750000e+03
5.251570800781250000e+03
4.523884277343750000e+03
7.599772460937500000e+03
7.768384765625000000e+03
8.634054687500000000e+03
7.912657714843750000e+03
5.746271484375000000e+03
9.001429687500000000e+03
5.743000488281250000e+03
7.432548339843750000e+03
8.510251953125000000e+03
5.944647460937500000e+03
5.970355468750000000e+03
6.735351562500000000e+03
6.315935546875000000e+03
6.583564941406250000e+03
7.609693359375000000e+03
8.320304687500000000e+03
6.011495117187500000e+03
7.068415527343750000e+03
9.527269531250000000e+03
7.729819335937500000e+03
6.591501953125000000e+03
6.816949218750000000e+03
7.315819335937500000e+03
5.885853515625000000e+03
5.935620117187500000e+03
5.388469726562500000e+03
5.194054687500000000e+03
5.601967285156250000e+03
5.868997558593750000e+03
7.728305175781250000e+03
6.933138183593750000e+03
6.076588867187500000e+03
6.289846679687500000e+03
5.286394531250000000e+03
6.199502929687500000e+03
6.656420410156250000e+03
5.969040527343750000e+03
5.937194335937500000e+03
5.713717773437500000e+03
5.136805664062500000e+03
5.371774414062500000e+03
6.184706054687500000e+03
5.731314941406250000e+03
5.259633789062500000e+03
5.597730468750000000e+03
4.405039062500000000e+03
5.136568359375000000e+03
5.393817382812500000e+03
6.011062011718750000e+03
7.395054199218750000e+03
6.990520996093750000e+03
6.246696289062500000e+03
4.819177734375000000e+03
3.383887207031250000e+03
5.924700195312500000e+03
7.232374023437500000e+03
5.590513671875000000e+03
5.901518066406250000e+03
6.909878417968750000e+03
7.614920410156250000e+03
6.353594238281250000e+03
6.440743652343750000e+03
6.839116210937500000e+03
6.907936035156250000e+03
5.716225585937500000e+03
5.072685058593750000e+03
3.773267089843750000e+03
4.801752929687500000e+03
7.339583496093750000e+03
8.255027343750000000e+03
5.568968750000000000e+03
4.887815429687500000e+03
4.424753906250000000e+03
4.496360351562500000e+03
5.320378906250000000e+03
5.309986328125000000e+03
4.148905273437500000e+03
4.880313476562500000e+03
5.648781250000000000e+03
4.682869140625000000e+03
5.297981445312500000e+03
4.717130371093750000e+03
4.420723144531250000e+03
4.310370117187500000e+03
4.995513671875000000e+03
4.140673339843750000e+03
3.717352783203125000e+03
4.099078125000000000e+03
3.386494384765625000e+03
5.568895996093750000e+03
4.636674804687500000e+03
5.071691406250000000e+03
4.683650390625000000e+03
3.868286376953125000e+03
3.620042480468750000e+03
4.203173339843750000e+03
4.072883544921875000e+03
5.404557617187500000e+03
3.652026123046875000e+03
5.076691894531250000e+03
4.184791015625000000e+03
5.857730468750000000e+03
6.713867675781250000e+03
7.071386718750000000e+03
6.117988769531250000e+03
7.031936523437500000e+03
6.055790039062500000e+03
5.062750488281250000e+03
6.311317871093750000e+03
5.351460449218750000e+03
6.114541015625000000e+03
4.971218750000000000e+03
6.022880859375000000e+03
4.936779785156250000e+03
5.411553222656250000e+03
5.023556640625000000e+03
5.055927734375000000e+03
7.573012695312500000e+03
5.161934082031250000e+03
6.377989257812500000e+03
4.564722656250000000e+03
7.066260742187500000e+03
6.800608398437500000e+03
4.844318359375000000e+03
4.592164062500000000e+03
3.731952148437500000e+03
3.958093750000000000e+03
4.475300781250000000e+03
5.874058105468750000e+03
4.404092773437500000e+03
5.326416992187500000e+03
4.914613769531250000e+03
4.635718750000000000e+03
4.544414550781250000e+03
4.307624023437500000e+03
3.733443115234375000e+03
5.440440429687500000e+03
5.143846191406250000e+03
5.329665527343750000e+03
4.852688964843750000e+03
5.168169921875000000e+03
6.503420898437500000e+03
6.032903808593750000e+03
5.757756347656250000e+03
6.134063476562500000e+03
6.120333984375000000e+03
4.733842773437500000e+03
4.588211914062500000e+03
5.378340332031250000e+03
4.972605468750000000e+03
4.285921875000000000e+03
4.358879394531250000e+03
4.573029785156250000e+03
5.323333007812500000e+03
7.881370117187500000e+03
4.911275390625000000e+03
5.515002929687500000e+03
4.811317382812500000e+03
4.695399414062500000e+03
3.928540039062500000e+03
4.209020507812500000e+03
4.863165039062500000e+03
6.490272949218750000e+03
5.377772460937500000e+03
5.529931152343750000e+03
4.653705078125000000e+03
3.240046142578125000e+03
4.312816406250000000e+03
3.766298583984375000e+03
5.102147460937500000e+03
7.000385253906250000e+03
7.713469726562500000e+03
9.876004882812500000e+03
8.594573242187500000e+03
9.384601562500000000e+03
6.896805664062500000e+03
7.663108398437500000e+03
5.072009765625000000e+03
6.159540039062500000e+03
5.622204101562500000e+03
6.606438476562500000e+03
7.325496093750000000e+03
4.467500000000000000e+03
5.667461914062500000e+03
6.520161132812500000e+03
9.735520507812500000e+03
8.833056640625000000e+03
7.961980468750000000e+03
8.282381835937500000e+03
6.221223632812500000e+03
5.249128906250000000e+03
4.570933593750000000e+03
5.259201171875000000e+03
5.545900878906250000e+03
5.419911132812500000e+03
5.600146972656250000e+03
6.137767578125000000e+03
5.623605468750000000e+03
5.273203125000000000e+03
5.149812500000000000e+03
4.878903808593750000e+03
5.093853027343750000e+03
4.502873046875000000e+03
5.131466308593750000e+03
5.570515625000000000e+03
6.329107421875000000e+03
8.310014648437500000e+03
6.133764648437500000e+03
7.977947265625000000e+03
5.201299316406250000e+03
6.274579101562500000e+03
6.417526367187500000e+03
6.353681640625000000e+03
6.028194335937500000e+03
5.181251953125000000e+03
4.335242675781250000e+03
4.880544921875000000e+03
7.344767578125000000e+03
6.979106933593750000e+03
9.014824218750000000e+03
9.024917968750000000e+03
8.179767578125000000e+03
7.051001464843750000e+03
8.458838867187500000e+03
1.019347265625000000e+04
8.196515625000000000e+03
7.487943359375000000e+03
8.602833007812500000e+03
6.273561523437500000e+03
4.580500000000000000e+03
4.773924316406250000e+03
4.281557617187500000e+03
6.269186523437500000e+03
4.992420410156250000e+03
7.196812988281250000e+03
5.212885742187500000e+03
4.152584472656250000e+03
6.690799804687500000e+03
5.780990234375000000e+03
6.297026367187500000e+03
5.357047851562500000e+03
4.313556640625000000e+03
6.417626464843750000e+03
5.530638183593750000e+03
4.253162109375000000e+03
5.938474609375000000e+03
7.065438964843750000e+03
5.010066406250000000e+03
4.087459228515625000e+03
4.335706542968750000e+03
4.431432617187500000e+03
4.629845214843750000e+03
4.420808105468750000e+03
3.776024169921875000e+03
3.908626708984375000e+03
4.231189453125000000e+03
6.378267578125000000e+03
5.745457031250000000e+03
5.358314453125000000e+03
6.148847167968750000e+03
3.604487792968750000e+03
3.571097167968750000e+03
4.518781250000000000e+03
4.186528320312500000e+03
4.227836914062500000e+03
3.773288818359375000e+03
4.957519531250000000e+03
4.653166992187500000e+03
5.719226562500000000e+03
5.317730468750000000e+03
5.062778808593750000e+03
4.354016601562500000e+03
5.510768066406250000e+03
5.704718750000000000e+03
5.188300781250000000e+03
6.236442871093750000e+03
4.310510742187500000e+03
5.108511718750000000e+03
4.529508789062500000e+03
4.355608886718750000e+03
3.516631347656250000e+03
4.342090332031250000e+03
4.634486328125000000e+03
5.202792968750000000e+03
5.220479492187500000e+03
5.112891601562500000e+03
4.835211914062500000e+03
4.632209960937500000e+03
4.101685546875000000e+03
3.248675537109375000e+03
4.151302734375000000e+03
4.262107421875000000e+03
4.597046875000000000e+03
5.704347167968750000e+03
4.239876953125000000e+03
4.359522460937500000e+03
4.613515625000000000e+03
4.573258300781250000e+03
5.215835937500000000e+03
4.064552734375000000e+03
3.513418457031250000e+03
4.084088867187500000e+03
3.288828857421875000e+03
3.429460693359375000e+03
3.549503662109375000e+03
4.299981445312500000e+03
3.702581054687500000e+03
3.588653320312500000e+03
3.812418212890625000e+03
3.933543701171875000e+03
4.696169921875000000e+03
4.276098632812500000e+03
4.813837402343750000e+03
3.998721923828125000e+03
4.760990722656250000e+03
4.265788085937500000e+03
3.027598632812500000e+03
4.164525390625000000e+03
3.589775390625000000e+03
4.064106689453125000e+03
3.916162841796875000e+03
4.899660644531250000e+03
4.896671875000000000e+03
3.605739746093750000e+03
5.811541992187500000e+03
3.339283935546875000e+03
4.657081054687500000e+03
5.180400390625000000e+03
5.521950195312500000e+03
5.245192871093750000e+03
4.247088867187500000e+03
5.367539550781250000e+03
3.592258544921875000e+03
4.155746093750000000e+03
4.754293457031250000e+03
3.729933105468750000e+03
6.003669921875000000e+03
3.759467773437500000e+03
3.881458251953125000e+03
4.100945312500000000e+03
3.178123535156250000e+03
4.763986328125000000e+03
5.706252929687500000e+03
5.416128906250000000e+03
4.249641113281250000e+03
3.642141601562500000e+03
5.114291015625000000e+03
4.906611816406250000e+03
6.294873046875000000e+03
6.310807128906250000e+03
5.312846679687500000e+03
3.240172851562500000e+03
3.845039550781250000e+03
3.455350097656250000e+03
5.047566406250000000e+03
4.924360839843750000e+03
3.336890136718750000e+03
3.220675292968750000e+03
2.817980468750000000e+03
3.764313476562500000e+03
4.428888671875000000e+03
4.811085449218750000e+03
4.999508789062500000e+03
6.625730468750000000e+03
7.632923339843750000e+03
5.002053710937500000e+03
3.871425292968750000e+03
4.388772949218750000e+03
6.013108398437500000e+03
6.114041015625000000e+03
5.199312988281250000e+03
4.222292480468750000e+03
5.749616210937500000e+03
4.768560058593750000e+03
4.950212402343750000e+03
5.336371093750000000e+03
5.317311523437500000e+03
5.337879882812500000e+03
4.000272705078125000e+03
3.965996093750000000e+03
5.500395507812500000e+03
4.747943847656250000e+03
5.360373046875000000e+03
4.490261230468750000e+03
3.993199707031250000e+03
4.892830078125000000e+03
5.024153808593750000e+03
5.398625976562500000e+03
6.796717285156250000e+03
5.562222167968750000e+03
3.781381347656250000e+03
3.241897949218750000e+03
4.217184570312500000e+03
4.733888671875000000e+03
5.795852050781250000e+03
6.291154296875000000e+03
4.386087890625000000e+03
6.694831542968750000e+03
5.565810546875000000e+03
7.637860351562500000e+03
6.282298828125000000e+03
5.450682617187500000e+03
6.645952636718750000e+03
8.231192382812500000e+03
6.135101562500000000e+03
6.143316406250000000e+03
4.434751464843750000e+03
6.282392578125000000e+03
5.585965820312500000e+03
7.365196777343750000e+03
6.185744628906250000e+03
6.641785644531250000e+03
5.458396972656250000e+03
9.838996093750000000e+03
9.422386718750000000e+03
7.665431640625000000e+03
8.262418945312500000e+03
8.846436523437500000e+03
7.237087890625000000e+03
4.722575195312500000e+03
7.007264648437500000e+03
6.267331542968750000e+03
6.833706054687500000e+03
4.901679199218750000e+03
4.835155273437500000e+03
4.801346679687500000e+03
3.792095458984375000e+03
4.687914550781250000e+03
5.345969238281250000e+03
6.134014648437500000e+03
4.847820312500000000e+03
5.090845703125000000e+03
4.333968750000000000e+03
3.792295898437500000e+03
4.546331054687500000e+03
4.451544921875000000e+03
4.604288085937500000e+03
4.036982177734375000e+03
4.471299316406250000e+03
5.222066406250000000e+03
3.530745117187500000e+03
4.566137695312500000e+03
5.092100097656250000e+03
2.866321289062500000e+03
4.383935546875000000e+03
4.153072265625000000e+03
4.193063476562500000e+03
4.988337890625000000e+03
4.592675781250000000e+03
4.186583984375000000e+03
3.913269775390625000e+03
3.081722167968750000e+03
5.971031738281250000e+03
6.369517578125000000e+03
4.825168457031250000e+03
5.523626953125000000e+03
4.407604492187500000e+03
3.922544921875000000e+03
5.146231445312500000e+03
5.027652343750000000e+03
9.066694335937500000e+03
4.272638671875000000e+03
4.959083496093750000e+03
5.800310546875000000e+03
4.747853515625000000e+03
4.026605957031250000e+03
3.408741455078125000e+03
4.243195312500000000e+03
4.408862304687500000e+03
4.274485351562500000e+03
4.359753906250000000e+03
3.983183593750000000e+03
4.406274902343750000e+03
6.843933593750000000e+03
6.365722167968750000e+03
5.286170898437500000e+03
4.683249023437500000e+03
4.618362304687500000e+03
4.467922851562500000e+03
3.296887451171875000e+03
4.857471679687500000e+03
4.373063476562500000e+03
4.310081054687500000e+03
5.072759765625000000e+03
4.206624511718750000e+03
3.856976562500000000e+03
4.630581542968750000e+03
2.906999511718750000e+03
3.851645996093750000e+03
4.913536132812500000e+03
4.230225585937500000e+03
4.238449218750000000e+03
4.447263671875000000e+03
6.139340332031250000e+03
6.131906250000000000e+03
7.054986816406250000e+03
5.461271484375000000e+03
6.325970703125000000e+03
4.596760253906250000e+03
4.862107910156250000e+03
5.426007324218750000e+03
4.284375000000000000e+03
4.269966796875000000e+03
5.318467773437500000e+03
4.702479003906250000e+03
4.773667968750000000e+03
3.491364257812500000e+03
4.186515625000000000e+03
5.015019531250000000e+03
4.433702636718750000e+03
5.506036132812500000e+03
4.042339843750000000e+03
4.576067382812500000e+03
4.329710937500000000e+03
4.706509765625000000e+03
6.061124511718750000e+03
5.605865234375000000e+03
4.796016601562500000e+03
5.109916992187500000e+03
6.853974609375000000e+03
4.598655273437500000e+03
5.287780273437500000e+03
3.892073486328125000e+03
5.095145507812500000e+03
5.443687011718750000e+03
6.713344726562500000e+03
7.823364257812500000e+03
6.154452148437500000e+03
7.281536621093750000e+03
7.451733886718750000e+03
5.760427734375000000e+03
5.046536132812500000e+03
3.827179199218750000e+03
5.965333496093750000e+03
5.984196289062500000e+03
6.453133789062500000e+03
8.696423828125000000e+03
5.116583007812500000e+03
5.545812500000000000e+03
5.466190429687500000e+03
8.362314453125000000e+03
5.390340820312500000e+03
7.176881835937500000e+03
5.586385742187500000e+03
6.215722656250000000e+03
5.016765625000000000e+03
4.548717773437500000e+03
6.471055664062500000e+03
6.636763671875000000e+03
5.074191406250000000e+03
5.596505859375000000e+03
6.240520019531250000e+03
4.834349609375000000e+03
4.939394531250000000e+03
5.525489257812500000e+03
5.213793945312500000e+03
5.395924804687500000e+03
3.763518066406250000e+03
4.392570800781250000e+03
4.460278808593750000e+03
4.216141601562500000e+03
4.114748046875000000e+03
3.944081298828125000e+03
4.535509765625000000e+03
5.142507812500000000e+03
5.067346679687500000e+03
7.166356445312500000e+03
6.413311523437500000e+03
3.518818115234375000e+03
4.334706054687500000e+03
4.710457031250000000e+03
5.536196777343750000e+03
5.329232421875000000e+03
5.366304199218750000e+03
4.760181640625000000e+03
5.771237304687500000e+03
6.506383789062500000e+03
5.187900390625000000e+03
8.421278320312500000e+03
4.858672363281250000e+03
6.508831054687500000e+03
4.723025878906250000e+03
4.321536132812500000e+03
4.057407714843750000e+03
4.168069335937500000e+03
3.898437011718750000e+03
2.806814697265625000e+03
3.655260253906250000e+03
3.516155029296875000e+03
4.562794433593750000e+03
7.328849121093750000e+03
5.176598632812500000e+03
4.492801757812500000e+03
4.741284179687500000e+03
6.199039062500000000e+03
5.454624023437500000e+03
5.491013183593750000e+03
3.914938964843750000e+03
4.366431640625000000e+03
4.007464843750000000e+03
4.465038574218750000e+03
5.518697753906250000e+03
8.372126953125000000e+03
7.808804687500000000e+03
6.567263183593750000e+03
7.059213867187500000e+03
6.722759765625000000e+03
6.532189453125000000e+03
4.308709472656250000e+03
5.551213378906250000e+03
4.178396484375000000e+03
5.316136718750000000e+03
5.104236328125000000e+03
5.455763671875000000e+03
4.746237304687500000e+03
4.733602539062500000e+03
4.261804199218750000e+03
5.407659179687500000e+03
6.136553710937500000e+03
7.563123046875000000e+03
4.760602539062500000e+03
4.083978515625000000e+03
5.130441406250000000e+03
5.166825683593750000e+03
3.709092529296875000e+03
5.581040527343750000e+03
5.034734375000000000e+03
6.165868652343750000e+03
4.870370117187500000e+03
4.832911621093750000e+03
4.214491210937500000e+03
5.312628417968750000e+03
3.624398437500000000e+03
4.373904296875000000e+03
4.329112304687500000e+03
4.624186523437500000e+03
4.213091796875000000e+03
4.624042968750000000e+03
4.278019531250000000e+03
3.248504638671875000e+03
3.817683593750000000e+03
4.550986328125000000e+03
4.492130859375000000e+03
3.594878417968750000e+03
4.476096679687500000e+03
4.337922363281250000e+03
3.367010009765625000e+03
4.477411621093750000e+03
4.374905273437500000e+03
4.814839843750000000e+03
4.792753906250000000e+03
4.509952636718750000e+03
5.603101074218750000e+03
3.678894042968750000e+03
4.445149414062500000e+03
4.604523925781250000e+03
5.704415039062500000e+03
4.499620117187500000e+03
5.686548828125000000e+03
5.116022949218750000e+03
5.213093750000000000e+03
5.240506835937500000e+03
5.328070312500000000e+03
4.941863281250000000e+03
5.333335449218750000e+03
4.815874023437500000e+03
5.736804199218750000e+03
5.663781250000000000e+03
5.788804199218750000e+03
5.679645019531250000e+03
7.433100097656250000e+03
4.166695312500000000e+03
4.925311035156250000e+03
6.111946777343750000e+03
6.298362792968750000e+03
9.144785156250000000e+03
8.477936523437500000e+03
7.619413085937500000e+03
7.778931640625000000e+03
5.536458007812500000e+03
6.040519042968750000e+03
5.476504882812500000e+03
5.570719726562500000e+03
6.436725585937500000e+03
5.561928710937500000e+03
6.152148925781250000e+03
6.696359375000000000e+03
7.143813964843750000e+03
5.600725585937500000e+03
5.407894042968750000e+03
6.050675292968750000e+03
5.664155273437500000e+03
8.702047851562500000e+03
6.532897460937500000e+03
6.878376953125000000e+03
6.356635742187500000e+03
5.671790039062500000e+03
4.824696777343750000e+03
4.142303710937500000e+03
6.135899902343750000e+03
4.239369628906250000e+03
6.449718750000000000e+03
6.017035156250000000e+03
5.591445312500000000e+03
6.364272949218750000e+03
4.976536621093750000e+03
4.670336914062500000e+03
4.057210449218750000e+03
4.714780273437500000e+03
4.924850097656250000e+03
4.045891601562500000e+03
4.922007324218750000e+03
4.357002929687500000e+03
5.001234863281250000e+03
4.836767578125000000e+03
4.249521972656250000e+03
5.352708007812500000e+03
5.070907226562500000e+03
5.774831054687500000e+03
5.412488281250000000e+03
4.357443359375000000e+03
4.730279785156250000e+03
4.795310546875000000e+03
4.436118652343750000e+03
5.040351074218750000e+03
5.080480957031250000e+03
4.832737304687500000e+03
4.345668457031250000e+03
5.857503417968750000e+03
4.885618164062500000e+03
3.825561035156250000e+03
3.055324951171875000e+03
4.357599609375000000e+03
4.590419921875000000e+03
6.103824707031250000e+03
7.225579589843750000e+03
4.178167968750000000e+03
3.804030029296875000e+03
