-1.480485292329281801e+06
-1.936935208277681842e+06
-8.839672608743553283e+05
-6.736982510912533617e+05
-5.950374812317490578e+05
-7.133816140400343575e+05
-6.872426088138697669e+05
-7.784165892179713119e+05
-6.549712275166367181e+05
-6.802996360385600710e+05
-7.075482965695165331e+05
-6.627267229254548438e+05
-1.014065677866466343e+06
-6.553757778491397621e+05
-6.226051746357717784e+05
-8.724101048946067458e+05
-6.465941151438921224e+05
-6.065114340648931684e+05
-7.037976726658813423e+05
-6.413054639778225683e+05
-5.751161000636997633e+05
-7.616244776351844193e+05
-6.308789264492974617e+05
-7.903919110928688897e+05
-6.136146240711703431e+05
-6.498557343189667445e+05
-6.726003265013503842e+05
-7.141397727788457414e+05
-7.941580811473076465e+05
-6.276900526030377951e+05
