1.507251646425366926e+04
1.469271644615605510e+04
1.700270250700473116e+04
1.255898533327524819e+04
1.760405354684657141e+04
1.538179922944965438e+04
1.421779491373608107e+04
1.622558176522774193e+04
1.369662418699729278e+04
1.279223248725832127e+04
2.163207787689821635e+04
1.651156188162224134e+04
1.028453762423773514e+04
1.622996679064630371e+04
1.625441562414203145e+04
1.592881518221769875e+04
1.193319149486133756e+04
1.324829404397959297e+04
1.472262562594524024e+04
1.141520340600905547e+04
1.744439919380953870e+04
1.393235522573958224e+04
1.758147176391116227e+04
1.025392621268813309e+04
1.341977971264961161e+04
1.365498071425365015e+04
1.962463207768171560e+04
1.671836417341837296e+04
1.522207532801407433e+04
1.236343566964569982e+04
