-1.980000000000000000e+03
3.921868456161964787e+03
5.160705492786323703e+03
1.732834945435040936e+04
2.003056368721914623e+04
9.584694468732752284e+03
2.997180130245004420e+03
4.902675959210473593e+03
9.081235368079314867e+03
1.708917312161806694e+04
1.548703973818728628e+04
2.316961278624301849e+04
2.554988173113127050e+04
1.620061617252141332e+04
1.765646095714727926e+04
6.882981896268709534e+03
4.128013500421364006e+04
1.247225180264840128e+04
1.130950523208265622e+04
4.062683060146341450e+04
1.630247607760217943e+04
2.334372332317568180e+03
1.112524058308096937e+04
2.961807560616077171e+04
8.465081380657626141e+03
1.443458331419245587e+04
5.473882425094619975e+03
5.179512465104338844e+03
3.193414927646649448e+04
1.835452877742164219e+03
1.803888126171384283e+04
2.433938535947255150e+04
2.158943335157015099e+04
4.146196054786644709e+03
2.590510406843961391e+03
3.346847230660328205e+04
3.784515136374683152e+03
1.364626313836383815e+04
2.070323361803470834e+04
1.093702079785264505e+04
1.381134032955248040e+04
1.679439299066343301e+04
8.341696318791804515e+03
3.772702887944802933e+04
7.689306568778810288e+03
6.245521587110169094e+03
1.121491142946621767e+04
1.856650936119674043e+03
1.015804656476626951e+04
3.688626903783981834e+04
4.487313750261240784e+04
9.643174023326988390e+03
1.969215183094118402e+04
3.719498928896665166e+04
7.901640327454289945e+03
1.929390415530109749e+04
4.455624690089441719e+04
3.185123493658731968e+04
2.820960874897949452e+03
2.082244162701402092e+04
1.166598866351491961e+04
3.014081538006674236e+04
1.995430256289269528e+04
1.178471826839126879e+04
1.574153244143819393e+04
2.950881826347656533e+04
1.223033016439472522e+04
1.449380147844967723e+04
1.157122895355636319e+04
1.764555268962382979e+04
1.133304248440570336e+04
2.919974181521875289e+04
7.387883642423588753e+03
2.763355857818281220e+04
3.300037164622034470e+04
2.088408424364309394e+04
1.754016126620628347e+04
1.714106533048309939e+04
7.663744436289564874e+03
2.917362002864811529e+03
1.828948539766443355e+04
4.799015999023594304e+03
1.715412110945571476e+04
5.189765964937480931e+03
3.356607250544377166e+04
1.895469490635380862e+04
2.978662112197828719e+03
3.392838157215469982e+04
5.746231277881561255e+03
-2.336731346787453276e+02
1.644162675646934804e+04
2.975547883769864347e+04
4.361536513226818897e+03
1.876795445216663938e+04
5.419738249760221152e+03
9.296062995277548907e+03
9.926293660919222020e+03
2.913305776298849742e+04
1.675531505330928849e+04
7.070100179744291381e+03
3.514531847498456045e+03
5.293722566110324806e+03
2.200607603864869452e+04
2.105905843632376127e+04
1.460226596107431396e+04
4.433937143831604772e+03
1.675291479730761057e+04
3.846914326236241322e+03
1.020697172868814778e+04
2.380792125805311662e+04
6.257958434366449183e+03
1.053921378438941974e+04
1.383343909341243852e+04
1.443069197025133144e+04
3.475820774720365080e+03
1.402951983433869100e+04
9.405152019387256587e+03
3.521260210513984202e+04
1.082607426768712321e+04
1.776383194496808210e+04
8.937229938822973054e+03
4.109809282084669394e+04
9.868296202941421143e+03
2.018965522727525968e+04
1.430756423999979052e+04
1.579642505075570443e+04
1.120944031739081038e+04
2.325551463048774895e+04
7.191475072285609713e+03
4.149030627072200878e+04
1.045017523017810163e+04
5.236234303217507659e+03
5.858281360694180876e+03
5.815260985324176545e+03
8.521890667643649067e+03
1.119761744676375929e+04
1.074313643854529073e+04
3.857989794468738546e+04
2.419794740606850246e+04
2.978101734429974022e+04
1.893828900943198096e+04
2.877904185372480424e+04
1.151860487946066132e+04
1.212911596252969684e+04
2.687171986389736776e+04
7.511484651687583209e+03
1.288374408308005150e+04
1.130537734896426991e+04
1.005393522722310445e+04
3.003571219004780869e+04
1.716453393772006893e+04
4.325624621798885528e+03
9.406131935758989130e+03
3.791432465968970064e+04
1.201770536572165292e+04
1.291918155504059177e+04
7.485996856934287644e+04
4.550529823377131834e+03
1.859798855583667319e+04
2.861322303101304897e+03
2.046038403926722822e+04
1.599085807695449330e+04
7.067662226075362014e+03
-5.825649499262726749e+01
2.156606867913121096e+04
4.210917888780366775e+04
1.356113195145799182e+04
3.407865076649835100e+04
8.336577805513808926e+03
1.664058345484500387e+04
7.415855180315820689e+03
4.055564113318425370e+03
1.035061155038172546e+04
1.046944255436356980e+04
1.239645464604267181e+04
1.068605604341290382e+04
3.103238083762289170e+04
4.052486263049599984e+03
2.371299297768869292e+04
2.402999478937701133e+04
1.385107017614552933e+04
1.771120529531490320e+04
1.594612842001563877e+03
3.717635672629097826e+04
1.922427624831948924e+04
3.831097145898247163e+03
9.707541084310440056e+03
2.704244255130266538e+04
1.528739927819299373e+04
9.166835222152443748e+03
1.540407377430408269e+04
1.939251838436243270e+04
1.461061551601624524e+04
5.283423857546489671e+03
2.606411170221697103e+04
2.961824986600121520e+03
1.752459182379390040e+04
1.240328962658639830e+04
6.654295829748500182e+03
5.291107831577326579e+03
7.097623723218437590e+03
3.981560624002754139e+03
1.548314571021095253e+04
4.131800149230037641e+04
1.954811758241468488e+04
1.786381928441119453e+04
7.987971832624958552e+03
1.006335540002222479e+04
2.487836651597058517e+04
9.122136259071559834e+03
1.374465300360183937e+04
2.690979229156734800e+04
1.666663996774145198e+04
8.331769269101680038e+03
1.047551143884446356e+04
1.857581110479076233e+04
1.507150560545931512e+04
2.372086162144808259e+04
3.918533891305731959e+04
1.570374989186979110e+04
2.339817252626462141e+04
1.628516307725252045e+04
1.393231478751929535e+04
3.439742459705551482e+03
6.126479297999956543e+03
1.307101198737935192e+04
3.297840742269765178e+04
5.100427816348663328e+03
6.480015533150746705e+03
3.705493650290537335e+04
2.387665689059910801e+04
2.124699438651668970e+04
2.257316271236132889e+04
1.822362688410766714e+04
3.077651514590320585e+04
1.324017427733795375e+04
9.002182200021754397e+03
1.737228045060522709e+04
7.479011631092664175e+03
3.943552874595845879e+03
2.840909709027983627e+04
5.530357753289780521e+04
1.541911115876798613e+04
3.486737851847533420e+03
2.858175197146054415e+04
3.564771835925535470e+03
2.132690908322052201e+04
7.326740508340370070e+03
3.108014578784484911e+03
9.513823856941085978e+03
1.015309177543322767e+04
2.243737231857545703e+04
1.715951468314113663e+04
2.091005810169041069e+04
7.342317314027781322e+03
1.840178937126266101e+04
9.522924320201689625e+03
1.187386569333938314e+04
3.010969546969853127e+03
1.128799588390426652e+04
2.391830140886362642e+04
3.365183825334764151e+03
3.041404727660674325e+04
1.325472355765984321e+04
3.971666809375829325e+04
2.101365809577723212e+03
1.520804565381907014e+04
4.207682126413441438e+03
1.180986766707832976e+04
1.462740776726789409e+04
4.921640671625341383e+03
1.936315204618829011e+04
2.853016923842491815e+04
8.627024271516716908e+03
5.908808754800646057e+03
1.959694145239538921e+04
9.881143408875161185e+03
3.583893266844422760e+04
1.008324146456327617e+04
1.264541463504755939e+03
6.504395876963561022e+03
5.853956618192597489e+03
3.529806402320801681e+03
1.494355811688370159e+04
4.328904381154588009e+03
2.013507362300976820e+04
2.013948827364047611e+04
3.404775539694680629e+04
3.171268885118007802e+03
3.082667123833177902e+04
2.287319408999809821e+04
2.184503671872335326e+04
5.096419639271625783e+03
9.374540857958500055e+03
9.034319696018003015e+03
2.196018859939007962e+04
1.665324611024531623e+04
8.314705004019735497e+03
2.356079828145157808e+04
1.510554329742025584e+04
6.408279398329064861e+03
1.226993747943712333e+04
4.117538972009281224e+02
2.453153240716971413e+04
4.675348391805373467e+03
9.642521379441570389e+03
5.563742782006312154e+03
1.971966899182237103e+04
2.104399603166066299e+04
4.420742809239687631e+04
1.146317527536318448e+04
1.595872293146127413e+04
1.614955521652274911e+04
8.734807555664214306e+03
9.405889579970404156e+03
4.015657052542976453e+04
1.472353023066707647e+04
1.238663907508923330e+04
1.038415617630201632e+04
7.785376257246560272e+03
2.543547556950232320e+04
3.580786828173560934e+04
5.354071633133124124e+03
2.158101109385304881e+04
1.660998337323592932e+04
6.871148582088171679e+03
2.288387525098016704e+04
5.796176500408480206e+04
5.148235865120078233e+04
1.037548597730871188e+04
8.135811441769463272e+03
1.583183911682347753e+04
7.826390804812925126e+03
2.415037423641918576e+04
7.338151209436891804e+03
1.591623118017465231e+03
1.063615152021460017e+04
1.827331998013346674e+04
1.072562830796523303e+04
2.316965642341546118e+04
9.704328934848339486e+03
2.214915964409773733e+04
1.595630309703360035e+04
1.127855312845213302e+04
1.573827032692784269e+04
1.140334027084573427e+04
7.689116213480324404e+03
7.073060602616475080e+03
3.423253930421979749e+04
6.953277614838826594e+03
8.281940347267891411e+03
2.534156577255993398e+04
3.746995497389978482e+03
4.638277229698112933e+03
3.034155728316056775e+04
1.044170296744715961e+04
2.360429915391202667e+04
1.575319641536395102e+04
1.789666737230396393e+04
1.202121023842194882e+04
5.621193490544677616e+02
1.046863075524527630e+04
2.862605996621837403e+04
1.420972391922379938e+04
1.183354352296350589e+04
1.482062025477309726e+04
8.630063321355612061e+03
8.145315783204085164e+03
2.423543538703559898e+04
2.507322661937726662e+04
1.519442252799525704e+04
1.731211812680475123e+04
1.916755489548262631e+04
1.443929827934812783e+04
7.741380554616058362e+03
4.745011912627407582e+03
6.759810551776708053e+03
1.161641804733378012e+04
2.354029797668712126e+04
2.151561687561455619e+04
8.891238374065376775e+03
2.939098903358873940e+03
1.179267082800307435e+04
3.039725911058436759e+04
4.385696397820671700e+04
6.492397911727003702e+03
7.340669890340912389e+03
1.771535004589554592e+04
1.411144713557530122e+04
2.953646076289735356e+04
4.459320544986963796e+03
6.954197700639266259e+03
4.330688516826029809e+04
3.293350672273427335e+03
3.785190636606215412e+04
1.598531680470149695e+03
2.595871433823601910e+04
1.148113375828740027e+04
9.948130845979670994e+03
1.740364657708203958e+04
1.735740514039830668e+04
1.146999428513863313e+04
2.971195619166890538e+04
9.414628611910131440e+03
4.705414387030557918e+03
2.142904477348919681e+04
9.245745396810300008e+03
1.298768133024250346e+04
1.470522486609510452e+04
5.187243187013863462e+03
1.699503724148631227e+04
4.176228484942943032e+04
1.805742712938821205e+04
4.700965146271450976e+03
1.501759893367901532e+04
7.813965130658581984e+03
1.605553336598216993e+04
7.985444055110291629e+03
4.994298020387869656e+03
1.239443092300607350e+04
2.536214244769009747e+04
1.552649052818599739e+04
3.350025946988449141e+04
1.733317537049886596e+04
-7.830999404948574920e+02
3.402317928464378383e+03
1.077333362647318427e+04
3.797293642975651892e+04
1.848891550114759957e+04
7.125183153969257546e+03
1.831591999632113948e+04
7.149094278205150658e+03
2.315282813349249045e+04
7.237601479118758107e+03
6.201204245340148191e+03
7.732532981507740260e+03
8.693108370039433794e+03
6.985484242401949814e+03
1.587469293364740042e+04
1.454747374031493564e+04
1.260258963898962065e+04
1.330347576800612660e+04
2.421927431360419359e+04
1.025244385704138767e+04
6.457241679074592867e+03
2.969435109780883522e+03
2.494996100714042041e+04
8.041603529693548808e+03
1.296696766994935751e+04
2.120324929669279300e+04
1.020531379368759553e+04
2.121428532248496776e+04
8.480278619619686651e+03
2.926796571567149294e+04
5.740426201316402512e+03
2.569511026678229427e+03
6.742136354711169588e+03
2.084272085204018003e+04
2.468675131879294895e+03
1.050089428787978068e+04
2.284779606160044568e+04
3.146763986110319820e+04
1.918685547164177478e+03
1.712694139452629315e+04
8.919632915334193967e+03
2.164247244170641807e+03
5.216770255314558744e+04
1.411428639500601093e+04
1.143987492592745184e+04
1.170304413618087165e+04
1.950960300643958908e+04
2.317613093207389829e+04
1.360070350771362973e+04
1.983311156276141992e+04
1.759013667047315539e+04
3.631919280683258876e+03
1.185277639813131827e+04
7.223210505466171526e+03
7.843252412596064460e+03
9.243915678547793505e+03
5.031858011538257415e+03
4.615623390926365391e+04
2.321301674963294863e+04
3.279425295361849749e+03
2.918460736941340656e+04
2.084984821979940534e+03
5.548969347332120378e+03
1.650189672515317216e+04
1.488655360128105349e+04
1.826546279098957166e+04
1.214582825486179900e+04
1.422991803532902122e+04
7.620522892606926689e+03
2.520597608904441586e+04
2.406794831023633742e+04
1.519271451154524038e+04
9.872927924766830984e+03
8.002116962956673888e+03
5.341335322486973382e+03
6.243036568748985701e+03
4.822392094491915486e+04
7.515158305461909549e+03
2.351514394568849821e+04
1.720540155935917574e+04
3.614264106777064626e+03
1.873858113373999367e+04
2.179335692105012640e+04
1.500309013992911969e+04
1.797932710515032522e+04
1.563666641662231450e+04
4.259913464547931653e+03
1.005008707902168862e+04
5.165267661841557128e+03
7.418009612638336876e+03
2.579492062492050172e+04
1.958114127604122041e+04
5.367953369284493965e+04
2.690351307039334188e+03
1.075579845582580674e+04
1.650144303370401030e+04
1.723298336480130820e+04
1.837337204886330073e+04
1.185767400823096978e+03
2.685573490797906925e+04
2.482719160466136600e+04
8.299608600459314403e+03
3.618564760323207793e+03
2.665283542132615185e+04
4.341093896582639718e+04
1.843314498104969971e+04
6.547796062583014645e+03
2.296921926632758186e+02
1.376128251151654149e+04
2.419118879143677623e+04
9.225427259732881794e+03
6.474993520580605036e+03
1.647673411884254892e+04
5.009052735597206265e+03
2.136768387694597550e+04
2.996981042813655949e+04
7.118617072898580227e+04
1.074661374034734399e+04
6.435432480014098837e+04
-1.889411686496437142e+03
4.655572866108301241e+03
9.432924966859032793e+03
1.422405098095361973e+04
8.638383155163248375e+03
2.021299843845419673e+04
1.475915077846603708e+04
1.190469191642547457e+03
1.791141848490086704e+04
2.147421733164806210e+04
1.419610130113836931e+04
1.913687715117498738e+04
1.169897828938356542e+04
1.673432966569803830e+04
1.535008436067394359e+04
4.896059474696000507e+03
2.248406867255669204e+04
1.053109662232420123e+04
2.735221270791922143e+04
3.707237347322410642e+04
1.358157363547332579e+03
8.752242345464479513e+03
1.235707696499646772e+04
2.651151618048834280e+03
4.795675155543786968e+04
3.842876948058659036e+04
1.419037014272932356e+04
1.299466153023061088e+04
2.003713508455926421e+04
6.369922138965417616e+03
2.100140247359924251e+04
3.120357869602337450e+04
1.939266391983045105e+04
1.388955167268041805e+04
1.448781530121937794e+04
1.265677256236405447e+04
2.038557397484099965e+03
1.173732771743026933e+04
5.320312976365133181e+03
1.680455304156377679e+04
1.869409113328603053e+04
4.649474970137578202e+04
2.374313138850577525e+04
2.757301553999457246e+04
9.352894460417190203e+03
8.342178969702883478e+03
2.830572889721077081e+04
4.815427485557567707e+03
1.388280221621952296e+04
3.056261012852552449e+04
1.463063252905212903e+04
2.148896302417709376e+04
2.427726680747426872e+04
6.619471673387655756e+03
2.352665146466838632e+04
1.209218337715364032e+04
1.321961011000662438e+04
8.936247248542700618e+03
4.889324182125390507e+03
3.969881287219224760e+04
9.762329667551870443e+03
6.646095000339328180e+03
5.059555276095420595e+03
2.511861531450280381e+03
2.878977349464419603e+03
1.840641697748438673e+04
1.245256572591124132e+04
3.323472556865248862e+03
3.137560298705184687e+04
2.896414138874886703e+04
5.044927130640147880e+03
2.421450890872278978e+04
2.690438548642424576e+04
-6.307339863325425995e+02
1.951447086052508530e+04
5.072421561593626393e+03
1.514728354884197870e+04
2.406646316594960808e+04
6.679696604261232096e+03
3.124291117618185308e+04
1.560411376263432430e+04
8.767169264998839935e+03
4.667665027087051385e+03
2.554167875765474309e+04
1.902205546326988042e+04
1.304977066439197188e+04
7.584082862323518839e+02
1.523892047893705421e+04
1.952363966159085976e+04
1.303118716222365038e+04
1.542137379389469606e+04
4.230855282251119206e+04
4.503597244277717255e+04
1.145598677664717798e+04
3.105491058971289749e+04
6.286584582275368302e+04
8.996454593655849749e+03
2.032557726490754021e+03
2.184249844630479129e+04
6.639868674142353484e+03
4.844158918138648005e+03
2.878974048341865000e+03
2.462586371510371009e+03
2.391406800635354739e+04
1.717575212343741441e+04
7.952671944251369496e+03
1.310223998340622529e+04
1.385468934711528345e+04
1.171282893316168702e+04
8.028347925893450338e+03
1.259625121812085490e+04
1.242210778334518182e+04
2.551596538242940005e+04
1.070429534839328880e+04
7.729473003549037458e+03
1.261034903893062801e+04
1.386154522803966393e+04
6.257409463017242160e+03
2.648180467245111140e+04
2.142085975788161522e+04
1.822142020705311734e+04
9.357011096189955424e+03
5.113450212761504190e+03
1.423866836946590593e+04
2.297802865775720784e+04
2.662967976047796401e+04
8.479141816333805764e+03
3.506776093922719156e+04
2.884131565294754546e+04
1.510732275769040825e+04
1.229056762698929560e+04
2.266981372275699323e+04
3.155321288019575150e+03
4.457255152421942512e+03
1.463400849157972880e+04
1.203133183084708435e+04
1.014788644457049668e+04
2.349929527473225608e+04
1.364480598209023265e+04
2.583165464682992024e+04
7.232382899388539045e+03
2.099432087698798932e+04
1.574446201254382322e+04
1.988917985409862467e+03
1.026974032363584774e+04
1.066379523235670786e+04
2.683605884475055063e+04
2.318931167494361944e+04
4.885920080681916261e+03
5.832344667932782613e+03
1.780517044196283678e+04
1.241361916753069818e+04
1.937691409789572208e+04
1.422961603736838697e+04
4.043081169504199352e+04
9.312012251327183549e+03
1.482394779177786768e+04
9.240685335787880831e+03
3.781875162837745302e+04
1.144511523432009744e+04
4.864948990583518025e+03
5.343618337261027591e+03
1.986295960550203381e+04
1.098613449139762088e+04
2.145867104791788370e+04
7.390095336011230756e+03
4.571182257381841919e+04
3.915275444172048083e+03
2.530737367329235713e+04
1.700966059985956008e+03
1.369826098266920098e+03
1.353822597556329310e+04
1.316897094607476174e+04
1.798034746413097309e+04
4.146484147372015286e+04
7.885311010017105218e+03
5.698242887103160319e+04
3.505371653937694646e+04
2.147160640139336465e+03
1.625122414121240217e+04
1.675879184532675708e+03
2.882512733398263663e+04
9.416619160225374799e+03
1.728542623471027036e+04
1.720102274570517693e+04
3.219126249124848255e+04
1.142698301176943278e+04
2.132983519772729778e+04
1.834746414198704224e+04
2.225078633737553446e+03
2.199340353856737784e+04
1.360586569967613286e+04
7.505072959295472174e+03
1.872712630973877094e+04
1.413579226473530252e+04
2.859752185661892509e+04
6.490591108575290491e+03
9.775825956407166814e+03
1.450469169938212144e+04
3.376316301836060302e+04
2.654240741572446859e+04
5.994233198883597652e+03
3.271323853167508059e+04
7.748804528328224478e+03
2.109546698903104334e+04
4.544532476966839567e+03
5.861792426661150785e+03
4.243627436394376673e+03
2.781290484123783244e+04
3.420439769530699414e+04
7.858964299224350725e+03
1.575510155872659561e+04
2.533940423856407870e+04
1.600457202955603134e+04
1.711274424615444150e+04
2.587346020826206950e+04
1.401848129050055286e+04
2.968716371354617149e+04
2.307781346816354926e+04
1.985092738221870968e+04
7.507246781158950398e+03
2.358011060917632130e+04
2.387450462701121978e+03
9.758989427881675510e+03
-6.141782822185950863e+01
2.418598479305121145e+04
2.329940596080944033e+03
4.231986632261048362e+04
2.290194100324001192e+04
1.086643263915703210e+04
1.004686377187876678e+04
1.790534598559333972e+04
2.942448488648408238e+04
1.332840705051608438e+03
1.079696297687855258e+04
2.327346817276530783e+04
3.723031099226803781e+04
4.877884994564646149e+03
1.068037149560764919e+04
1.986279056320420932e+04
5.408261189694983841e+03
5.467871242541361426e+03
1.086604051298450395e+04
1.752574492976646434e+04
2.715549535177756115e+04
6.415467211515175222e+03
1.269649804067194509e+03
1.405989996831637472e+04
8.290355243343334223e+03
1.632995749860629076e+04
1.360032362436558469e+04
2.626528242993921594e+04
9.049990259547761525e+03
9.868034032400883007e+03
3.519994338949548546e+04
4.490531582685861395e+03
2.213383379347620212e+04
8.818818705079585925e+03
1.532412252380798236e+04
9.736510162642942305e+03
2.565076943921237034e+04
2.736506527601430935e+04
1.088770727021612402e+04
6.128095669393905155e+03
1.291226562140833266e+04
2.176311079335937393e+04
5.708241334875372559e+03
1.564200484520251621e+03
2.822502517241150053e+04
5.086076722121351850e+03
8.329289464107647291e+03
2.325766857911669285e+04
1.361073249609813138e+04
4.944248228150671821e+03
3.269026795373743880e+04
1.258264960783693459e+04
2.726538323164083340e+04
2.430831074375781463e+04
7.603710112241512434e+03
6.670733831630110217e+03
1.472653160230713183e+04
1.466722612943371496e+04
1.035190882476112529e+04
2.612407562361460805e+04
1.359172922173357802e+04
1.453194036698234777e+04
4.264934182141634665e+04
1.192198287029752282e+04
8.120848058063131248e+03
1.894366687516635648e+04
5.506059784628037960e+03
2.168694225147063480e+04
2.146679654842259697e+04
6.664255927905194403e+04
4.895496765829961078e+03
2.346085452584611267e+04
1.570198332801577999e+04
5.452300901816031910e+03
1.451619313227269458e+03
1.412564609743081064e+03
1.907401491616283238e+04
2.061781778410902916e+04
3.514599155322200386e+04
8.592511046846855606e+03
9.483852777288346260e+03
7.164391680046191141e+03
1.093685036615172612e+04
8.157347898079864535e+03
1.055152483426354229e+04
3.796696084594899730e+03
1.403935319595893998e+04
2.507655953319304535e+04
6.902549751689340155e+03
-1.029854287295817358e+03
6.357200490262122003e+03
1.239547466382550374e+04
3.009237317037420144e+04
4.626944603885421202e+03
5.617610535862611869e+03
2.191780975241740089e+04
1.568774023662110449e+04
3.455532611705692398e+04
8.125892838627903984e+03
7.965604926875425008e+03
2.210634091356256613e+04
3.485277442422779859e+04
2.017181598280405160e+04
8.988590001049657076e+03
7.329894020838684810e+03
1.794338480520164376e+04
3.581969407768810015e+03
2.653464646154868751e+04
5.860453967417691274e+03
2.634110588387437747e+04
1.072934726410295116e+04
1.759213649244402404e+04
1.230891719745676710e+04
7.166199471627600360e+03
2.809670037383341696e+04
-7.385577106809249699e+02
1.912500393500376231e+04
2.052982909807389660e+03
1.195690006334832469e+04
1.036124262066016672e+04
1.278054282597847123e+04
1.504789646045160225e+04
3.740217068650721922e+04
1.516356993606845026e+04
2.436613074902434528e+04
1.075697905846452159e+04
4.479506977424579418e+03
2.239927849730504386e+04
1.517616154397037826e+04
1.060946745603729687e+04
7.555603727235190490e+03
1.730414655949351072e+04
4.672095934772611145e+03
3.552703410285605787e+04
3.010615628251864837e+04
2.831729363632814056e+03
2.165443873479637477e+04
1.792808399287157954e+04
3.180783550099230342e+04
2.110502660510468922e+04
6.332109276689178841e+03
2.754140936134980439e+04
2.050838011701033611e+04
2.491517839475548317e+04
2.185727705941142995e+04
1.488351205766802195e+04
2.104926457583808315e+03
3.086290846699565918e+03
1.820405578187761057e+04
1.427659256567385455e+04
3.373739607733301091e+04
4.204584171468999557e+03
1.095628649142758604e+03
2.003704998971695386e+04
2.391560379048291725e+04
4.355173178321609885e+04
1.652775569047744648e+04
1.971693981313733457e+04
5.279886534387669599e+03
2.705082007794834135e+04
2.237318130053959612e+04
2.253331425247344305e+04
3.488372729157184949e+03
1.528327749005291298e+04
4.180295970164556820e+03
7.289434429564072161e+03
4.988977090188570401e+03
2.725422223969899642e+04
1.133364615116511777e+04
1.747144752412508024e+04
5.727809017270569711e+03
7.002098143917295602e+03
1.760557236923117671e+04
1.167944302311420324e+04
9.494416135436207696e+03
1.099661445896430268e+04
2.641677248597230209e+04
3.346128489754713519e+04
1.109573689283332351e+04
5.467368949096492543e+03
8.515522263215638304e+03
1.290997652312423816e+04
1.718912063014857267e+04
1.723520588011976361e+04
1.132513031929019053e+04
1.243894553821562840e+04
1.458960438855798202e+04
1.199885727645391307e+04
9.307859332071420795e+03
3.176487201322329929e+04
2.492617762381883222e+04
1.370778477865613604e+04
2.578568469972557068e+04
7.711744902391181313e+03
2.751727558512316682e+04
2.439930370783804392e+04
2.129455389631448634e+04
1.178637442191427226e+03
4.937950433456257997e+03
5.805912358893027886e+03
3.169633734919346807e+03
1.193628388022696163e+04
7.498612693208828205e+03
1.470461350126798061e+04
1.345353057257724322e+04
4.371053707412487711e+03
1.721169397344063691e+04
1.169131943871939984e+04
9.138547004177102281e+03
3.524610577333955735e+04
-6.435425091858382984e+02
6.442119798019489281e+03
7.208218307830185040e+03
2.886181086730243351e+03
9.948719219076516310e+03
2.199304557577223022e+03
1.377367911199555601e+04
2.334947310688388097e+04
2.623611532655465635e+04
2.960082599818243580e+03
1.494369469948526785e+04
1.984374416026069593e+04
9.892443848808519760e+03
8.692228502256046340e+03
6.526636990722083283e+03
4.607336609220106766e+03
1.018099490505924041e+04
1.519386119980735748e+04
1.884921875610575444e+04
1.486872205566215052e+04
1.052794140439953480e+04
1.561957759703574084e+04
9.085516039822559833e+03
9.529821944078454180e+03
1.002982512117552142e+04
1.173192542830539242e+04
4.040257043868708479e+03
2.299645230840593285e+04
2.997978132214528887e+04
6.031177030203415597e+03
2.299255464940456659e+04
1.130842841229766418e+04
2.195720657115591894e+04
3.258641673523739883e+04
2.399761771302047055e+04
1.557469931298031042e+04
1.957396420518858213e+04
1.263577468712684094e+04
4.508662645608425009e+03
4.014893969032953464e+04
4.598893685911291868e+03
2.280233404223193793e+04
1.550810374909141319e+04
3.660433744689251762e+04
4.937999863620272663e+03
2.945106862764430389e+03
4.069874671748897526e+03
1.254563357184019333e+04
4.172442312773875165e+04
1.136507015536961626e+04
1.676718460558824154e+04
7.828446760267062245e+02
8.791641016126930481e+03
5.030206792648709961e+04
5.615280811006366093e+03
2.458719979993310699e+04
4.773471550701517117e+03
9.749385294372816134e+03
1.566148549938762244e+03
5.926460313786830739e+03
3.638411584093367765e+03
1.141501474866699755e+04
5.623404806058055328e+03
2.664232493291883657e+04
2.435520100658302908e+03
2.550950717478512161e+04
2.183594081209259093e+04
2.484188377664872314e+04
1.611627912986169213e+04
1.210312420396902235e+04
4.443184650249258084e+03
1.604464252734162619e+04
2.447158462957021038e+04
1.174665385066107774e+04
1.112222270689917605e+04
3.077102963851745153e+04
1.665488543092924010e+04
4.026986530980608222e+04
6.136690801245692455e+03
2.615846807989711124e+03
9.243755556168422117e+03
8.575561801861846106e+03
2.321573146354076380e+04
1.330096868252881904e+04
3.065640627410050365e+04
5.070906724414377095e+03
1.397041537859972050e+04
5.804311132211802942e+03
6.469208174005492765e+03
2.647698356840507768e+04
3.755768309107472760e+03
1.006408768802895247e+04
5.947771292700314007e+03
2.058221580662314955e+04
1.630355328613063102e+04
3.212588675309543760e+04
2.123716230172790893e+04
2.474906570706246566e+04
3.590416626422595527e+03
1.644192735353846001e+04
3.254879411734685709e+04
4.171771254359974819e+02
1.830869443363486425e+04
6.024941457593805353e+03
1.072804864977781472e+04
3.214274153575749733e+04
2.425373174720561110e+03
1.489415485674583351e+03
2.191392133376104903e+04
1.580823409217801236e+04
4.037578729285498412e+04
4.935711640227700263e+04
5.377125931346825382e+03
1.816838148236014604e+04
3.409011382908075029e+04
9.489700991884210453e+03
1.359145522272991911e+04
9.298106079658597082e+03
6.011073712991084903e+03
1.087094420102231379e+04
2.636501875060843304e+04
2.609503273480917869e+03
8.829254713579424788e+03
3.132514170454431587e+04
1.576925000132668720e+04
9.767475571625698194e+01
3.816334235977631761e+04
1.694866845380943050e+04
1.496987654333291857e+03
3.662993563543987693e+04
1.044386902437129720e+04
6.871630371452812142e+03
1.156472772852526032e+04
1.067225186588731231e+04
1.387234257156086278e+04
1.406598489933083692e+04
3.221827189269801238e+04
7.684723854792821840e+03
1.384312643442062654e+04
2.895253671878163368e+04
1.207512528465684409e+04
5.619772042604199669e+03
1.760457364673341363e+04
3.090144109799584839e+03
2.990633422509640150e+04
1.997937096492854471e+04
2.712705548062793241e+04
2.366834805030751886e+04
9.640361014958181840e+03
3.309776679543082719e+04
1.628068229871276162e+04
1.301828789303634403e+04
4.524647776248246373e+03
4.814911619945260099e+03
5.342976621162197989e+04
2.785398092772129530e+04
3.344119916416675551e+04
1.753588417307180498e+04
5.581254731782386443e+03
1.522080844903112848e+04
1.731380937537307182e+04
1.440610140202350703e+04
1.095728456140862909e+04
2.730177815651722267e+04
2.325439020786910987e+04
1.061557788376774988e+04
4.067755916839347628e+04
3.560517819621843046e+03
1.629481014034207510e+04
9.075204334651405588e+03
4.298718188605481373e+03
1.530792180187519625e+04
2.542823993746806809e+04
1.094527629977626566e+04
9.600318629017234343e+03
3.444665392627481924e+04
8.861642433401604649e+03
6.027431964217909263e+04
7.750748446059603339e+03
9.243106441357504082e+03
2.263223833406980702e+03
7.764404711039838730e+03
1.353279543669125997e+04
9.170938150537362162e+03
2.661704979768602789e+04
4.729023556974110761e+03
6.316300052769899594e+03
1.931458309781866774e+04
4.152003632339032629e+04
2.442138083334475959e+04
3.314433357355305634e+04
4.635811752825920848e+02
1.602282539071015344e+04
3.342004024038524676e+03
2.902133588454603887e+04
2.399920894779995433e+04
1.838395401149390818e+04
1.364638538397713819e+04
8.580847376536985394e+03
3.103107954724922456e+04
2.075850821935616113e+04
2.607382964006901602e+04
1.912139671557728070e+04
2.011998570895777084e+04
2.852786151830934978e+04
1.523693444725153859e+04
2.398223836861310247e+03
1.607821191663741411e+04
3.103618144629869494e+04
1.665812728919920482e+04
6.788776366755390654e+02
3.520888269783544092e+04
9.786950880518987105e+03
1.118051435071933702e+04
1.306221661131964538e+04
1.692470709303793046e+04
1.401739856184917699e+04
5.108276679702445108e+03
8.282218361322904457e+03
8.628374623146719387e+03
1.070062303137418348e+04
1.164038562912779526e+04
2.994547185281183374e+03
1.946208171421690349e+04
5.828548358358179030e+03
9.620993491764522332e+03
2.490155470521586540e+04
1.457762011698838251e+04
1.240239016272276058e+04
4.720759044249043654e+03
1.510462781907893077e+04
1.077934053077311000e+04
7.185012585788503202e+03
2.547055322931153933e+04
2.546335080934709549e+04
1.691893608390820373e+04
2.601542980299662304e+04
1.016307265625587024e+04
2.491716031002295495e+04
6.974987240801192456e+03
3.664584546537785354e+04
3.158998589952366092e+04
9.256241278084118676e+03
3.066416211661809575e+04
2.083850761829279509e+04
6.624008900477977477e+03
1.553021772978948138e+04
4.444058919362077722e+04
2.590369400238391790e+03
7.111886181880492586e+03
2.337778419420235514e+04
1.140955421795596703e+04
3.340590697564055881e+04
1.662577230128079100e+04
1.405335445218230598e+04
2.155363136236846185e+04
8.941066269603437831e+03
1.126169905843629385e+04
1.005752968033701472e+04
1.208635971455456092e+04
1.516776679285696628e+04
1.914553263356557363e+04
9.815192633070808370e+03
2.576796499656574451e+04
1.034904742353776783e+03
7.436867832160686703e+03
2.618455047496914267e+04
6.598396592629780571e+03
1.720806096248743415e+04
6.735267998435754635e+03
2.515944789463851703e+04
1.696291985087559442e+04
1.109415781379686450e+03
1.719521161369255788e+04
9.305519117406036457e+03
1.148745767837220956e+04
1.897204950068094331e+04
5.806024107037654903e+04
1.582644292157504788e+04
2.374871888395158021e+04
8.822074897630833220e+03
3.018485831112833694e+03
1.277366929092806822e+04
7.835123269034140321e+03
1.145896212684939564e+04
4.715465483993274574e+03
3.099961103912137332e+04
1.502068242051872585e+04
6.660304251261823083e+03
2.014656612447190128e+04
4.650133575529100199e+03
8.256511880468708114e+03
7.616527908859936360e+03
4.554957132516791171e+04
2.809053924650786939e+03
5.565002666618677722e+03
1.632910508042310357e+04
1.218657573265015344e+04
1.079137603625022530e+04
1.996481081691053259e+04
1.692117863351509732e+04
1.248658828576115411e+04
3.261234925015622139e+03
4.747774191042046368e+03
1.657378827086840465e+04
2.799892870163398038e+04
5.077319549672745779e+03
4.036165646505490440e+04
2.340738498469211481e+04
3.270283164732895239e+04
1.677113327391027633e+04
4.329537255967681995e+04
4.604057253196664533e+03
2.530093517987633459e+04
2.365341033463456915e+04
2.735331014425787725e+04
1.587259998858901236e+04
1.224357107883951903e+04
1.144487166778073879e+04
3.120323372799455228e+03
2.873191322092920927e+03
9.222080204259840684e+03
5.465513849406226655e+03
1.495207654265747806e+04
3.072859362059113118e+04
1.293466018390516729e+04
5.354534746111026834e+03
2.486345530132346903e+04
2.183939585479776895e+02
1.357139798376939871e+04
4.755092175879877686e+03
1.681022845701663755e+04
8.605929963106738796e+03
1.775116048094953658e+04
6.370322304822539991e+03
6.036288429798432844e+03
4.325591304860235141e+03
2.209302065811954526e+04
5.103574362410395406e+04
3.654585310892728012e+04
7.733524092943840515e+03
5.020113320247209231e+03
1.090385138129058032e+04
9.230974463173737604e+03
4.187126280497245170e+04
2.082042925817371270e+03
5.130573187476399653e+03
1.954407614673617672e+03
2.001806974702157822e+04
1.035111606797486093e+04
1.536012274085130775e+04
1.408313736981607508e+04
9.317656523274599749e+02
5.596409117827879527e+03
3.763358941646692983e+03
4.977504861735254963e+03
1.024059917166890591e+04
2.578065831247031019e+04
1.623835311732706214e+04
7.515986126789684022e+03
5.513387589947324159e+03
2.618151349556303467e+04
1.274030849160495927e+04
3.054814220644685338e+04
5.972944896955454169e+03
4.122880731648908113e+04
1.893751910824954030e+04
2.744010799026572931e+04
2.452058790185726684e+04
9.638633776110365943e+03
8.800357736558984470e+03
5.016359651094731817e+03
2.414286019278915046e+04
1.407034433978593916e+04
1.211245761233188387e+04
4.469354316706751888e+03
9.081334927313815570e+03
1.970944132705999436e+04
4.397960052098114829e+04
1.391625036080391510e+04
2.483576821338233276e+04
9.750093711506238833e+03
1.059693315074742713e+04
3.134504892136599665e+04
7.931296546201026104e+03
-4.028867858598657676e+02
2.424832508426800632e+04
1.023204605621823066e+04
3.056189887725845256e+04
3.036005838343714458e+03
2.227753710106590734e+04
1.932035738817976380e+04
2.328509341735793896e+03
1.860199567904112882e+03
2.745653745285778859e+04
2.850251837121151311e+03
9.591872968550986116e+03
1.395085021046232214e+04
1.182531621300889310e+04
1.300655265559145118e+04
4.201245800115773818e+03
1.742026055432413705e+04
1.398658426562629393e+04
2.271883926026566041e+04
7.842559537644394368e+03
2.792239572448440958e+04
9.765488757441216876e+02
2.081199836532089103e+04
6.147991238318745673e+03
8.137360078483856341e+03
1.178431740569589238e+04
1.610952853668243006e+04
1.932330183486358146e+04
4.835223367982157470e+03
1.681584664173928104e+04
1.065373328536424015e+04
2.935919518720593260e+04
7.613317789908533086e+03
2.153898228632158862e+04
1.822993754508444181e+04
1.339322723399769347e+04
2.929406718623678171e+04
1.545011121034309144e+04
3.958165749089537712e+04
1.102895345149296918e+04
1.002618619729832790e+04
7.292764997753877651e+03
5.402350786321362830e+04
5.075543641115433275e+03
3.362004246935937408e+04
8.037649100583491418e+03
5.273693955492706664e+03
6.868735337918327787e+03
4.505159881129929272e+04
3.242441070141993578e+02
2.895992255413138628e+04
2.658790121427598206e+04
1.322721345772601126e+04
1.998963159602929227e+04
1.060069549509976787e+04
2.355310885811080880e+04
7.540095598369076470e+03
4.613994025235613663e+03
1.096446835778140667e+04
1.436644388086656181e+04
5.600381397762847882e+03
4.154662567622546703e+03
7.767059682469218387e+03
1.630780770323614888e+04
1.285552954750697063e+04
1.696219887658371226e+04
4.070987237297819229e+04
5.484186635073872822e+03
5.137618841406510182e+04
8.441749645374449756e+03
-1.072154425913731529e+03
1.212790322992953406e+03
6.907852271007946911e+03
7.367494907299713304e+03
1.331796391559843187e+03
9.791453285855430295e+03
1.770993073734738209e+04
1.470437374150496908e+04
5.848309416695469736e+03
2.756166047976423215e+04
6.670520105634792344e+03
1.049975769173852314e+04
3.086336352872888529e+04
2.634991219375542278e+04
1.962256550521463214e+04
7.992103194959237953e+03
1.651564316050436537e+04
2.969180031451667219e+02
5.839660067843219622e+02
1.954769232444229783e+04
1.494217465651390921e+04
2.919117329371968663e+04
5.917410628134095532e+03
5.162399846769571741e+04
1.389200469321176934e+04
3.037434203766808059e+04
7.528520054204504049e+03
2.205845472028013319e+04
4.062835892123632675e+01
1.048806120817723422e+04
1.039097325776906109e+04
5.876613872672884099e+03
6.731936944660012159e+03
1.281312679949709127e+04
1.075969143113803329e+04
9.236798464341089129e+03
7.883512906045543787e+03
5.128653910158065264e+04
5.851466253490419149e+03
1.233753510044818722e+04
2.764906492207787596e+04
2.034743922717580790e+04
2.586330700030797016e+04
1.140302452723654096e+04
1.284111957383082699e+04
1.030233963033560212e+04
6.692972768509243906e+03
1.516266821660692403e+04
3.091110504008648786e+04
2.028150459412047712e+04
2.702603178386693980e+04
5.455438280502448833e+03
1.195177062160121386e+04
1.475130373624258573e+04
7.288974588202499035e+03
1.000509140585919522e+04
9.372375709843848881e+02
6.896002628729848766e+03
1.782731144741815297e+04
9.825522806223887528e+03
1.526679245821143195e+04
3.172411371734024215e+03
1.004440533073939696e+04
1.272612027532777211e+04
1.460859767489801561e+04
1.312768642604124761e+04
1.152110715857011746e+04
1.551440174729295722e+04
