7.294236644728829851e+05
8.753879079517342616e+05
7.750511023014310049e+05
7.927546795781975379e+05
8.473710958645606879e+05
7.320376587423230521e+05
8.198425703884781105e+05
7.760334554971947800e+05
7.035491597511346918e+05
7.174821517895428697e+05
8.835859591102534905e+05
8.612784696168225491e+05
7.873508188339821063e+05
7.656210131146068452e+05
8.444126990322145866e+05
8.054441138235123362e+05
7.947548622490352718e+05
7.049115532449233579e+05
8.235453380458039464e+05
6.475391618295753142e+05
7.807077896186242579e+05
7.931402217160784639e+05
8.826226537651659455e+05
8.186305910073417472e+05
8.068971798582543852e+05
7.945243103524115868e+05
7.364177042164752493e+05
7.385078709666468203e+05
7.664419798155312892e+05
7.287573733941299142e+05
