1.148514404296875000e+03
2.343546875000000000e+03
2.719509765625000000e+03
8.584837890625000000e+03
7.045550781250000000e+03
8.155570800781250000e+03
9.911609375000000000e+03
1.118259570312500000e+04
1.137340234375000000e+04
1.349902832031250000e+04
1.436657226562500000e+04
1.423519335937500000e+04
1.371651171875000000e+04
1.393088671875000000e+04
1.549599804687500000e+04
1.583242382812500000e+04
1.653479492187500000e+04
1.733833984375000000e+04
1.545833593750000000e+04
1.802397656250000000e+04
1.532587109375000000e+04
1.780850976562500000e+04
1.714656640625000000e+04
1.508121191406250000e+04
1.824149804687500000e+04
2.370248046875000000e+04
1.933313867187500000e+04
1.969023046875000000e+04
1.636860449218750000e+04
1.823459179687500000e+04
1.746502343750000000e+04
2.424104296875000000e+04
2.177813671875000000e+04
2.448753906250000000e+04
1.892473242187500000e+04
2.079095703125000000e+04
2.214221289062500000e+04
2.074433984375000000e+04
2.547628125000000000e+04
2.059015625000000000e+04
2.295303125000000000e+04
2.413111718750000000e+04
1.805542578125000000e+04
2.059328320312500000e+04
2.199260937500000000e+04
1.909944726562500000e+04
2.059962890625000000e+04
2.278408593750000000e+04
2.285004687500000000e+04
2.029029687500000000e+04
2.528884375000000000e+04
1.878241406250000000e+04
1.857158593750000000e+04
2.029606445312500000e+04
1.784984375000000000e+04
2.625949023437500000e+04
1.855278515625000000e+04
2.704974218750000000e+04
2.393707031250000000e+04
1.949117578125000000e+04
2.356062890625000000e+04
2.467555273437500000e+04
2.760817187500000000e+04
2.170866796875000000e+04
1.883487890625000000e+04
2.066698437500000000e+04
2.151871484375000000e+04
2.357416601562500000e+04
2.109183203125000000e+04
2.423753906250000000e+04
1.922679101562500000e+04
2.180011914062500000e+04
2.017306054687500000e+04
2.614809765625000000e+04
2.351394140625000000e+04
1.990865820312500000e+04
2.840800390625000000e+04
2.194872851562500000e+04
2.196615625000000000e+04
2.011542968750000000e+04
2.629015234375000000e+04
2.743593359375000000e+04
2.036886718750000000e+04
2.518641601562500000e+04
2.459871875000000000e+04
1.618822265625000000e+04
2.282396875000000000e+04
2.258073437500000000e+04
2.167023242187500000e+04
2.343700781250000000e+04
2.233912695312500000e+04
1.823454296875000000e+04
2.066193164062500000e+04
2.806964843750000000e+04
2.409320312500000000e+04
2.309049609375000000e+04
1.876840039062500000e+04
2.676739648437500000e+04
2.746105664062500000e+04
1.921126171875000000e+04
1.806123828125000000e+04
2.226606054687500000e+04
2.329021289062500000e+04
2.165333984375000000e+04
2.366940625000000000e+04
1.962016015625000000e+04
2.058142578125000000e+04
2.360597265625000000e+04
2.292666015625000000e+04
2.697677343750000000e+04
2.148087109375000000e+04
2.363580078125000000e+04
2.326464257812500000e+04
2.077639257812500000e+04
2.132517382812500000e+04
2.389445117187500000e+04
1.984987304687500000e+04
2.126900390625000000e+04
2.189909765625000000e+04
2.972350781250000000e+04
2.487429296875000000e+04
2.047479296875000000e+04
2.273091992187500000e+04
2.408577734375000000e+04
2.571240820312500000e+04
1.900637890625000000e+04
1.954710742187500000e+04
2.217524804687500000e+04
1.892319921875000000e+04
2.346582421875000000e+04
2.581685546875000000e+04
2.386404687500000000e+04
2.232255468750000000e+04
2.280739843750000000e+04
2.224501171875000000e+04
2.838483398437500000e+04
2.194139453125000000e+04
2.358744335937500000e+04
2.344187890625000000e+04
2.576911132812500000e+04
2.416745898437500000e+04
2.408828125000000000e+04
2.223013476562500000e+04
2.025937890625000000e+04
2.729065820312500000e+04
2.084284179687500000e+04
2.356285937500000000e+04
2.072285546875000000e+04
2.480738281250000000e+04
2.103192968750000000e+04
2.240706835937500000e+04
2.426760937500000000e+04
2.149852148437500000e+04
2.299746484375000000e+04
2.309652148437500000e+04
2.208521093750000000e+04
2.256473632812500000e+04
1.967808398437500000e+04
2.462075781250000000e+04
2.230455664062500000e+04
1.964263671875000000e+04
2.570458203125000000e+04
2.238355664062500000e+04
2.193806640625000000e+04
2.157191406250000000e+04
2.019029492187500000e+04
2.510716992187500000e+04
2.552565234375000000e+04
2.099658593750000000e+04
2.401501953125000000e+04
2.048605859375000000e+04
1.938999218750000000e+04
2.272686328125000000e+04
2.901734375000000000e+04
2.213286132812500000e+04
2.523432226562500000e+04
2.270164257812500000e+04
2.365789453125000000e+04
2.340279687500000000e+04
2.512610156250000000e+04
2.517280468750000000e+04
2.439083203125000000e+04
2.081770312500000000e+04
2.071581445312500000e+04
2.507748046875000000e+04
2.466985546875000000e+04
2.859181835937500000e+04
1.854871875000000000e+04
2.061127929687500000e+04
2.392327343750000000e+04
2.487377539062500000e+04
2.681085546875000000e+04
2.320650195312500000e+04
2.408562695312500000e+04
1.921366015625000000e+04
2.275220507812500000e+04
2.386977148437500000e+04
2.242337500000000000e+04
2.417177148437500000e+04
2.322790234375000000e+04
1.930000585937500000e+04
1.976439843750000000e+04
2.572347070312500000e+04
2.157506445312500000e+04
2.264058007812500000e+04
2.119151367187500000e+04
2.371013281250000000e+04
2.392117578125000000e+04
2.278363867187500000e+04
2.438430078125000000e+04
2.320781445312500000e+04
2.782121484375000000e+04
2.209592578125000000e+04
2.712452343750000000e+04
1.844166210937500000e+04
2.181514648437500000e+04
2.509780468750000000e+04
1.972213085937500000e+04
2.292927734375000000e+04
1.907845312500000000e+04
2.119453515625000000e+04
2.595633984375000000e+04
2.177236132812500000e+04
2.310877929687500000e+04
2.362327539062500000e+04
2.508323437500000000e+04
2.563214257812500000e+04
2.382741992187500000e+04
1.923062304687500000e+04
2.255778515625000000e+04
2.770967773437500000e+04
2.197853320312500000e+04
2.984637109375000000e+04
2.081724218750000000e+04
2.373399023437500000e+04
2.239079296875000000e+04
2.548478320312500000e+04
1.869909765625000000e+04
2.475721484375000000e+04
2.351229296875000000e+04
2.247450000000000000e+04
2.291335742187500000e+04
2.229325000000000000e+04
2.547733789062500000e+04
2.398719921875000000e+04
2.098234960937500000e+04
2.185013085937500000e+04
2.370590429687500000e+04
2.284577734375000000e+04
1.891327343750000000e+04
2.078342968750000000e+04
2.708529687500000000e+04
2.512624218750000000e+04
2.932473828125000000e+04
2.095949218750000000e+04
2.057738476562500000e+04
1.568039746093750000e+04
2.644666796875000000e+04
2.409903515625000000e+04
2.017515820312500000e+04
1.958515039062500000e+04
1.921352734375000000e+04
2.493191210937500000e+04
1.883262109375000000e+04
2.296148046875000000e+04
2.187913671875000000e+04
2.006527734375000000e+04
2.337184765625000000e+04
2.052832617187500000e+04
2.090405859375000000e+04
2.096469726562500000e+04
1.815393945312500000e+04
2.059144140625000000e+04
2.424578515625000000e+04
2.606852343750000000e+04
1.686966601562500000e+04
2.107143164062500000e+04
2.121847070312500000e+04
2.351950390625000000e+04
2.226035351562500000e+04
2.461570312500000000e+04
2.814637500000000000e+04
2.298092578125000000e+04
2.243321484375000000e+04
2.693939453125000000e+04
1.745623437500000000e+04
2.602562109375000000e+04
2.566216406250000000e+04
1.829052929687500000e+04
2.589589453125000000e+04
2.052783007812500000e+04
2.559535156250000000e+04
2.121446093750000000e+04
2.528411718750000000e+04
1.974204687500000000e+04
1.960562109375000000e+04
1.778319531250000000e+04
2.398355468750000000e+04
2.026320312500000000e+04
2.608849218750000000e+04
2.139514453125000000e+04
2.029084765625000000e+04
2.462107031250000000e+04
2.121132421875000000e+04
2.302250195312500000e+04
2.266926367187500000e+04
2.221201562500000000e+04
1.869198632812500000e+04
2.636570703125000000e+04
2.250275781250000000e+04
1.753959179687500000e+04
2.370135937500000000e+04
2.789683203125000000e+04
2.208272656250000000e+04
2.756782421875000000e+04
2.214440625000000000e+04
2.286518164062500000e+04
2.371495898437500000e+04
1.826342382812500000e+04
1.862426562500000000e+04
2.535302734375000000e+04
2.501828710937500000e+04
1.996614453125000000e+04
2.198100585937500000e+04
2.263116601562500000e+04
2.016931250000000000e+04
2.320092578125000000e+04
2.699131250000000000e+04
2.429552343750000000e+04
2.563870117187500000e+04
2.141616015625000000e+04
1.920739062500000000e+04
1.861025781250000000e+04
2.972516406250000000e+04
1.675242578125000000e+04
2.315596093750000000e+04
2.099465820312500000e+04
2.675545117187500000e+04
2.080574804687500000e+04
1.941128515625000000e+04
2.606707421875000000e+04
2.082751562500000000e+04
2.194610546875000000e+04
2.121872070312500000e+04
2.771039648437500000e+04
1.786256640625000000e+04
2.265710937500000000e+04
2.390085546875000000e+04
2.122357421875000000e+04
2.333606640625000000e+04
2.527514843750000000e+04
2.225677734375000000e+04
2.286369921875000000e+04
2.418911523437500000e+04
2.503137890625000000e+04
2.696078125000000000e+04
2.187880273437500000e+04
2.283319531250000000e+04
2.938401367187500000e+04
2.266381445312500000e+04
2.157634179687500000e+04
2.287640625000000000e+04
1.912597265625000000e+04
2.263809765625000000e+04
2.191415234375000000e+04
2.058090234375000000e+04
2.063078710937500000e+04
2.598500781250000000e+04
2.047002539062500000e+04
2.031954101562500000e+04
2.164347656250000000e+04
1.919158593750000000e+04
2.300652539062500000e+04
1.745561328125000000e+04
1.880323828125000000e+04
2.139129492187500000e+04
1.898852343750000000e+04
2.355330078125000000e+04
2.131770312500000000e+04
2.264221875000000000e+04
1.850922851562500000e+04
2.093924414062500000e+04
1.832982421875000000e+04
2.537873828125000000e+04
1.987379492187500000e+04
1.931793750000000000e+04
2.173041015625000000e+04
2.339339062500000000e+04
2.566916992187500000e+04
2.359619921875000000e+04
2.005515820312500000e+04
2.167704296875000000e+04
2.033064062500000000e+04
2.061438476562500000e+04
2.140682421875000000e+04
2.470523046875000000e+04
1.976818945312500000e+04
2.305428515625000000e+04
2.057394335937500000e+04
2.739646093750000000e+04
2.637083984375000000e+04
2.103767187500000000e+04
1.992061718750000000e+04
2.177554687500000000e+04
2.461517773437500000e+04
2.129975585937500000e+04
2.496130859375000000e+04
2.165315234375000000e+04
1.916282031250000000e+04
2.012816210937500000e+04
2.279941992187500000e+04
2.068591601562500000e+04
1.862513671875000000e+04
2.210669921875000000e+04
2.134560351562500000e+04
1.895751953125000000e+04
2.967779687500000000e+04
1.965688476562500000e+04
1.763840234375000000e+04
2.259187890625000000e+04
2.346425000000000000e+04
2.362000781250000000e+04
2.195273828125000000e+04
2.413940820312500000e+04
2.260745898437500000e+04
2.180202148437500000e+04
2.444549609375000000e+04
2.093889062500000000e+04
2.044509570312500000e+04
1.913326562500000000e+04
2.370834179687500000e+04
1.965557617187500000e+04
1.675835742187500000e+04
2.571473046875000000e+04
1.945162500000000000e+04
2.690132812500000000e+04
1.967067578125000000e+04
1.905797070312500000e+04
2.385809375000000000e+04
2.423380859375000000e+04
2.511471289062500000e+04
2.078353710937500000e+04
2.243022265625000000e+04
2.720598046875000000e+04
1.952560156250000000e+04
2.194109570312500000e+04
2.249240429687500000e+04
2.194699609375000000e+04
1.899026367187500000e+04
2.036165625000000000e+04
2.451432226562500000e+04
2.305012500000000000e+04
2.138453515625000000e+04
2.158536523437500000e+04
2.473921679687500000e+04
1.884907031250000000e+04
2.492005859375000000e+04
1.953059960937500000e+04
2.725304296875000000e+04
2.402363476562500000e+04
1.782043554687500000e+04
2.513159570312500000e+04
2.082118945312500000e+04
2.469956250000000000e+04
2.598850390625000000e+04
1.857202343750000000e+04
2.149464062500000000e+04
2.061171875000000000e+04
2.181659179687500000e+04
2.001115429687500000e+04
2.112552734375000000e+04
2.057807421875000000e+04
2.244282812500000000e+04
2.536661718750000000e+04
2.066022265625000000e+04
1.846973828125000000e+04
2.190305468750000000e+04
2.391151562500000000e+04
2.034005468750000000e+04
2.059079687500000000e+04
1.974088867187500000e+04
2.168659570312500000e+04
2.421470898437500000e+04
2.497316992187500000e+04
2.038527343750000000e+04
2.204339257812500000e+04
2.289398046875000000e+04
2.056585546875000000e+04
2.378189062500000000e+04
2.118320703125000000e+04
2.259364257812500000e+04
2.404253125000000000e+04
2.309169140625000000e+04
2.267320703125000000e+04
2.158754101562500000e+04
2.086816210937500000e+04
1.841116796875000000e+04
2.722121484375000000e+04
1.699253320312500000e+04
1.962190625000000000e+04
1.963898046875000000e+04
2.199743359375000000e+04
1.830449414062500000e+04
2.233960156250000000e+04
2.421288671875000000e+04
2.091084375000000000e+04
2.434570507812500000e+04
2.209657421875000000e+04
2.087562890625000000e+04
1.948979296875000000e+04
2.360881250000000000e+04
2.481695117187500000e+04
2.493406054687500000e+04
2.206625000000000000e+04
1.968778320312500000e+04
2.194885351562500000e+04
2.115724218750000000e+04
2.038819726562500000e+04
1.684899414062500000e+04
2.394704882812500000e+04
2.023957812500000000e+04
1.931393750000000000e+04
2.155147851562500000e+04
2.432263085937500000e+04
1.975843750000000000e+04
2.404478515625000000e+04
2.288587500000000000e+04
2.512692578125000000e+04
2.033322851562500000e+04
2.317347656250000000e+04
2.123912304687500000e+04
1.991149218750000000e+04
2.238002343750000000e+04
2.186041601562500000e+04
1.695517382812500000e+04
2.268205859375000000e+04
2.178611523437500000e+04
2.463725195312500000e+04
2.225092968750000000e+04
2.089618750000000000e+04
2.054237695312500000e+04
2.349464453125000000e+04
2.518901757812500000e+04
2.318066796875000000e+04
1.990868945312500000e+04
2.381558203125000000e+04
2.453029687500000000e+04
2.024169921875000000e+04
2.436177539062500000e+04
1.924680859375000000e+04
2.114826367187500000e+04
1.827606054687500000e+04
2.106636914062500000e+04
2.149455273437500000e+04
2.546602343750000000e+04
2.277570117187500000e+04
2.311126562500000000e+04
2.311677929687500000e+04
2.485231445312500000e+04
2.077061328125000000e+04
2.185795703125000000e+04
2.334588867187500000e+04
2.377020898437500000e+04
2.108818750000000000e+04
2.096039062500000000e+04
2.094933984375000000e+04
2.043686718750000000e+04
2.315816406250000000e+04
2.221696484375000000e+04
1.993668945312500000e+04
2.441435937500000000e+04
2.671540429687500000e+04
2.139718750000000000e+04
1.928446875000000000e+04
2.171633984375000000e+04
1.809522656250000000e+04
1.731772265625000000e+04
2.351480468750000000e+04
2.750494140625000000e+04
2.258004882812500000e+04
2.416021093750000000e+04
2.062485156250000000e+04
2.723614062500000000e+04
2.590939843750000000e+04
2.518938085937500000e+04
2.349249414062500000e+04
1.981320507812500000e+04
1.697550976562500000e+04
2.119014453125000000e+04
2.275360351562500000e+04
2.256619140625000000e+04
2.403255859375000000e+04
2.276633593750000000e+04
2.285432031250000000e+04
2.729582031250000000e+04
1.996110156250000000e+04
2.112777343750000000e+04
1.772528125000000000e+04
2.294663476562500000e+04
2.482953125000000000e+04
2.203182812500000000e+04
1.775501953125000000e+04
2.407574804687500000e+04
2.112748828125000000e+04
2.086166210937500000e+04
2.341253710937500000e+04
2.007173046875000000e+04
2.510206640625000000e+04
2.105172265625000000e+04
2.169862109375000000e+04
2.370355078125000000e+04
2.763350585937500000e+04
2.074375390625000000e+04
2.398341406250000000e+04
2.205897265625000000e+04
2.118958984375000000e+04
2.389869140625000000e+04
1.970421093750000000e+04
2.204653320312500000e+04
2.084536718750000000e+04
2.727489843750000000e+04
2.511570703125000000e+04
2.331848632812500000e+04
2.300640625000000000e+04
2.399135937500000000e+04
2.233512109375000000e+04
2.447475585937500000e+04
2.280325195312500000e+04
2.183449414062500000e+04
2.588381640625000000e+04
2.229997656250000000e+04
2.405772265625000000e+04
2.009633593750000000e+04
2.210743945312500000e+04
2.443417187500000000e+04
2.318484765625000000e+04
2.394115625000000000e+04
2.764552343750000000e+04
2.064815820312500000e+04
2.532437890625000000e+04
2.276621875000000000e+04
2.031026953125000000e+04
1.734220312500000000e+04
1.825815429687500000e+04
2.072345507812500000e+04
2.121165039062500000e+04
2.277474609375000000e+04
2.130493359375000000e+04
2.418662304687500000e+04
2.305602343750000000e+04
2.455642968750000000e+04
2.144122265625000000e+04
2.403191210937500000e+04
2.127045703125000000e+04
2.286670117187500000e+04
2.157349609375000000e+04
2.488333984375000000e+04
2.021488281250000000e+04
2.508853125000000000e+04
2.323718164062500000e+04
2.260030078125000000e+04
2.492644335937500000e+04
1.634079785156250000e+04
2.222374609375000000e+04
2.860242578125000000e+04
2.014570703125000000e+04
2.412139062500000000e+04
1.978655468750000000e+04
2.506392578125000000e+04
2.557776171875000000e+04
1.834756640625000000e+04
2.578675000000000000e+04
2.237567578125000000e+04
2.165951953125000000e+04
2.168434570312500000e+04
2.495101367187500000e+04
2.145201953125000000e+04
2.199204101562500000e+04
2.733294921875000000e+04
2.248473046875000000e+04
2.346274804687500000e+04
2.098296679687500000e+04
2.263493750000000000e+04
2.470471093750000000e+04
2.577822070312500000e+04
1.889887109375000000e+04
1.959438281250000000e+04
2.252042968750000000e+04
2.066828125000000000e+04
2.168496484375000000e+04
2.824490625000000000e+04
2.486229492187500000e+04
2.454573632812500000e+04
2.602868359375000000e+04
2.907713671875000000e+04
1.865941796875000000e+04
2.494485546875000000e+04
2.543619531250000000e+04
2.338954687500000000e+04
2.798607812500000000e+04
2.084702148437500000e+04
2.211582617187500000e+04
2.256283203125000000e+04
2.441015234375000000e+04
2.340022851562500000e+04
1.970676953125000000e+04
2.370347070312500000e+04
2.606434375000000000e+04
2.174941406250000000e+04
1.996926562500000000e+04
1.865574218750000000e+04
2.418367187500000000e+04
2.107474023437500000e+04
2.280062695312500000e+04
1.997825000000000000e+04
2.150237500000000000e+04
2.429797656250000000e+04
1.934917187500000000e+04
2.495255468750000000e+04
2.002889843750000000e+04
2.049286523437500000e+04
2.342073437500000000e+04
2.338947265625000000e+04
2.484111523437500000e+04
2.639954687500000000e+04
2.663627734375000000e+04
2.542843359375000000e+04
2.435505859375000000e+04
2.512087890625000000e+04
2.084479882812500000e+04
2.173100195312500000e+04
2.054794531250000000e+04
2.152071484375000000e+04
2.006407812500000000e+04
2.270749218750000000e+04
2.382227734375000000e+04
2.385907421875000000e+04
2.294882812500000000e+04
2.476493750000000000e+04
2.583056250000000000e+04
2.280922265625000000e+04
2.135596484375000000e+04
1.740736718750000000e+04
1.737898046875000000e+04
2.094403320312500000e+04
2.215779687500000000e+04
2.080489648437500000e+04
1.930846484375000000e+04
2.325877343750000000e+04
2.544397656250000000e+04
2.248856640625000000e+04
2.122863281250000000e+04
2.464445312500000000e+04
2.479101367187500000e+04
2.185590234375000000e+04
1.952571679687500000e+04
2.071683593750000000e+04
2.264541601562500000e+04
2.190230468750000000e+04
2.443708007812500000e+04
2.141043359375000000e+04
2.109425195312500000e+04
1.924348828125000000e+04
2.338228906250000000e+04
2.203197265625000000e+04
2.067169726562500000e+04
2.282450195312500000e+04
1.925844140625000000e+04
2.365243554687500000e+04
2.413725976562500000e+04
2.221515039062500000e+04
2.087001757812500000e+04
2.360799609375000000e+04
2.751428125000000000e+04
2.555110937500000000e+04
2.107849023437500000e+04
2.116623828125000000e+04
2.388253515625000000e+04
2.293209375000000000e+04
1.843360937500000000e+04
2.025514843750000000e+04
2.075034375000000000e+04
2.273332031250000000e+04
2.378353906250000000e+04
2.492440429687500000e+04
2.403124218750000000e+04
2.338139062500000000e+04
2.195313281250000000e+04
2.414633984375000000e+04
2.203422851562500000e+04
2.462062500000000000e+04
1.878002343750000000e+04
2.638406640625000000e+04
2.521956640625000000e+04
2.404353710937500000e+04
2.884839648437500000e+04
2.216048828125000000e+04
2.033984570312500000e+04
2.545439453125000000e+04
2.260253515625000000e+04
2.515942382812500000e+04
1.926653906250000000e+04
2.235073046875000000e+04
2.518397656250000000e+04
2.134922070312500000e+04
2.497997265625000000e+04
2.387883789062500000e+04
2.558834375000000000e+04
2.078450000000000000e+04
2.567040234375000000e+04
2.502212109375000000e+04
1.828488671875000000e+04
2.108247070312500000e+04
2.094275976562500000e+04
2.443453906250000000e+04
2.117764257812500000e+04
2.115857421875000000e+04
2.488714843750000000e+04
2.296500195312500000e+04
2.268273632812500000e+04
2.184440234375000000e+04
2.520556250000000000e+04
2.193696875000000000e+04
2.251818554687500000e+04
2.248298632812500000e+04
2.070724023437500000e+04
2.253399218750000000e+04
2.051060937500000000e+04
1.930669921875000000e+04
2.007349023437500000e+04
2.423370312500000000e+04
2.388567968750000000e+04
2.329254296875000000e+04
2.372351953125000000e+04
2.113090234375000000e+04
1.966816992187500000e+04
1.884820898437500000e+04
1.976404296875000000e+04
2.244623242187500000e+04
2.504138671875000000e+04
2.528867187500000000e+04
2.597351171875000000e+04
1.926490625000000000e+04
2.224650976562500000e+04
2.038532617187500000e+04
2.001949414062500000e+04
2.127947460937500000e+04
2.269351953125000000e+04
2.346533984375000000e+04
2.183027539062500000e+04
2.296666601562500000e+04
1.790186523437500000e+04
2.268164648437500000e+04
1.877335351562500000e+04
2.070926953125000000e+04
2.714153906250000000e+04
1.978941796875000000e+04
2.274323828125000000e+04
2.514390820312500000e+04
2.205424609375000000e+04
2.299101757812500000e+04
2.359011523437500000e+04
1.981974023437500000e+04
2.222743945312500000e+04
2.726878125000000000e+04
2.619552734375000000e+04
2.360699609375000000e+04
2.103288476562500000e+04
2.236141601562500000e+04
2.366272265625000000e+04
2.502626171875000000e+04
2.180016015625000000e+04
2.399574609375000000e+04
2.292396679687500000e+04
2.133980468750000000e+04
2.317437109375000000e+04
2.156557226562500000e+04
2.147611328125000000e+04
2.047133593750000000e+04
2.768247656250000000e+04
2.534553710937500000e+04
2.372316406250000000e+04
2.231508789062500000e+04
2.617215625000000000e+04
1.849466601562500000e+04
2.282049609375000000e+04
2.311299218750000000e+04
2.505176562500000000e+04
2.022199023437500000e+04
2.325866796875000000e+04
2.078900976562500000e+04
2.256732812500000000e+04
2.357714062500000000e+04
2.059330078125000000e+04
2.266299023437500000e+04
2.057414843750000000e+04
2.416271093750000000e+04
1.969141796875000000e+04
2.392295507812500000e+04
2.233053515625000000e+04
2.357748632812500000e+04
2.610412695312500000e+04
2.350109375000000000e+04
2.288108789062500000e+04
2.496588867187500000e+04
1.960489843750000000e+04
2.161464453125000000e+04
2.129252539062500000e+04
1.925281054687500000e+04
2.734062304687500000e+04
1.960105078125000000e+04
2.538579882812500000e+04
2.382938671875000000e+04
2.202583984375000000e+04
2.105982031250000000e+04
2.316900000000000000e+04
2.544678125000000000e+04
2.466992187500000000e+04
2.286724609375000000e+04
2.539331250000000000e+04
2.448152734375000000e+04
2.155374414062500000e+04
2.753882812500000000e+04
2.647399218750000000e+04
2.069505273437500000e+04
2.382938476562500000e+04
2.170420898437500000e+04
1.817383398437500000e+04
2.249678710937500000e+04
2.502673437500000000e+04
1.925012304687500000e+04
2.198213281250000000e+04
2.096146875000000000e+04
2.216057226562500000e+04
2.419860546875000000e+04
2.589382031250000000e+04
2.119214062500000000e+04
2.484678906250000000e+04
1.737455468750000000e+04
1.816491406250000000e+04
2.555221289062500000e+04
2.325260546875000000e+04
2.696463671875000000e+04
1.967494335937500000e+04
2.442917578125000000e+04
2.359641796875000000e+04
2.020476171875000000e+04
2.270966992187500000e+04
2.351730078125000000e+04
2.162074023437500000e+04
1.858554687500000000e+04
2.178107812500000000e+04
2.867773437500000000e+04
1.883862109375000000e+04
2.485551562500000000e+04
2.910838476562500000e+04
2.291707031250000000e+04
2.226143164062500000e+04
2.668477734375000000e+04
2.695238281250000000e+04
2.592441406250000000e+04
2.472567578125000000e+04
2.249228515625000000e+04
2.114659375000000000e+04
2.037637500000000000e+04
2.560022851562500000e+04
2.049073046875000000e+04
2.018430078125000000e+04
2.551387500000000000e+04
2.591237695312500000e+04
2.196984375000000000e+04
1.907903515625000000e+04
2.596520117187500000e+04
2.088483007812500000e+04
1.936284570312500000e+04
1.787262500000000000e+04
1.982421289062500000e+04
2.333856250000000000e+04
1.911527148437500000e+04
2.275344140625000000e+04
2.011914453125000000e+04
1.894045703125000000e+04
2.297848632812500000e+04
1.976145117187500000e+04
2.457552929687500000e+04
2.343936328125000000e+04
2.323906835937500000e+04
2.697176562500000000e+04
2.223142578125000000e+04
2.191623242187500000e+04
2.336024218750000000e+04
2.563411328125000000e+04
2.226318164062500000e+04
1.845254882812500000e+04
2.310703515625000000e+04
2.454164453125000000e+04
2.312444140625000000e+04
2.317710742187500000e+04
2.518928710937500000e+04
2.145010546875000000e+04
2.068225195312500000e+04
2.607543164062500000e+04
2.578543359375000000e+04
2.235333398437500000e+04
2.298812109375000000e+04
2.653121484375000000e+04
2.155460351562500000e+04
2.303377734375000000e+04
2.238783007812500000e+04
2.102950781250000000e+04
1.972310546875000000e+04
2.117125195312500000e+04
2.514523828125000000e+04
2.187908984375000000e+04
2.038385937500000000e+04
2.589730468750000000e+04
1.862662890625000000e+04
2.874755078125000000e+04
2.074904492187500000e+04
2.697663476562500000e+04
2.135031640625000000e+04
2.619586523437500000e+04
2.558831835937500000e+04
2.530211718750000000e+04
2.144626367187500000e+04
2.411968750000000000e+04
1.815643359375000000e+04
2.133479296875000000e+04
2.461079882812500000e+04
2.406273046875000000e+04
2.205661718750000000e+04
2.290784375000000000e+04
2.468586132812500000e+04
2.195095703125000000e+04
2.126269531250000000e+04
2.470481054687500000e+04
2.316374804687500000e+04
2.215748046875000000e+04
2.244100000000000000e+04
2.098531250000000000e+04
1.958496093750000000e+04
2.169600000000000000e+04
2.072747265625000000e+04
2.273113867187500000e+04
2.206973437500000000e+04
2.253878710937500000e+04
2.352295117187500000e+04
2.296081054687500000e+04
2.291589453125000000e+04
2.089277929687500000e+04
2.431528125000000000e+04
2.387444140625000000e+04
1.903771484375000000e+04
2.618881250000000000e+04
2.458880078125000000e+04
1.999179101562500000e+04
2.306344140625000000e+04
2.006315234375000000e+04
2.266117578125000000e+04
2.213218945312500000e+04
2.339123046875000000e+04
2.835526757812500000e+04
2.119843359375000000e+04
2.037003906250000000e+04
2.210254296875000000e+04
2.500911132812500000e+04
2.528809765625000000e+04
2.429837890625000000e+04
1.811767578125000000e+04
2.400556054687500000e+04
2.475222460937500000e+04
2.271574218750000000e+04
2.397912109375000000e+04
2.055673632812500000e+04
1.964081250000000000e+04
2.273267187500000000e+04
2.421914257812500000e+04
2.063582031250000000e+04
2.355939062500000000e+04
2.261312695312500000e+04
2.408156445312500000e+04
2.187302929687500000e+04
2.863283789062500000e+04
2.322193750000000000e+04
1.940505273437500000e+04
2.354023828125000000e+04
2.466184765625000000e+04
2.024922460937500000e+04
2.141451562500000000e+04
2.217535546875000000e+04
1.964880078125000000e+04
2.375758203125000000e+04
2.326488281250000000e+04
2.582429101562500000e+04
2.400939062500000000e+04
1.854047265625000000e+04
2.203895507812500000e+04
2.446400976562500000e+04
2.434708593750000000e+04
2.048043750000000000e+04
1.856367578125000000e+04
2.275710937500000000e+04
1.916045703125000000e+04
2.136556250000000000e+04
2.231567773437500000e+04
2.660315625000000000e+04
2.276286718750000000e+04
2.421595703125000000e+04
2.007040234375000000e+04
2.359100585937500000e+04
2.479581250000000000e+04
1.986784570312500000e+04
2.297238281250000000e+04
2.575830468750000000e+04
2.185148828125000000e+04
2.280937890625000000e+04
2.277125195312500000e+04
2.041878515625000000e+04
2.435625781250000000e+04
2.169410351562500000e+04
1.913182226562500000e+04
2.179732421875000000e+04
2.876744140625000000e+04
2.303520898437500000e+04
2.249057421875000000e+04
2.368525781250000000e+04
2.074550781250000000e+04
2.231458398437500000e+04
2.780324609375000000e+04
2.147947656250000000e+04
2.411855859375000000e+04
2.543726562500000000e+04
2.134418359375000000e+04
2.506794921875000000e+04
1.950645703125000000e+04
1.955665429687500000e+04
2.033695312500000000e+04
2.521593750000000000e+04
2.048164453125000000e+04
2.384978125000000000e+04
2.240644140625000000e+04
2.511393164062500000e+04
2.263041796875000000e+04
2.363166406250000000e+04
2.022571484375000000e+04
2.602489453125000000e+04
2.254603320312500000e+04
1.946688281250000000e+04
2.386410937500000000e+04
1.764646484375000000e+04
2.115656445312500000e+04
2.491134960937500000e+04
2.375063671875000000e+04
2.647025781250000000e+04
1.939605273437500000e+04
2.302760156250000000e+04
2.397514453125000000e+04
2.240223828125000000e+04
2.416473242187500000e+04
2.272375390625000000e+04
2.184604296875000000e+04
2.473291015625000000e+04
2.334951953125000000e+04
2.371681640625000000e+04
1.687350781250000000e+04
2.279308203125000000e+04
2.150212304687500000e+04
1.943256835937500000e+04
2.142103320312500000e+04
2.142929101562500000e+04
2.602507812500000000e+04
2.427733593750000000e+04
2.153146289062500000e+04
2.608526562500000000e+04
2.234527343750000000e+04
2.243897460937500000e+04
2.528953515625000000e+04
2.015442382812500000e+04
2.536706250000000000e+04
2.193698437500000000e+04
2.341820507812500000e+04
2.402847656250000000e+04
2.681371875000000000e+04
2.690164257812500000e+04
2.338317382812500000e+04
2.521639843750000000e+04
2.352790625000000000e+04
2.826355078125000000e+04
2.230588281250000000e+04
2.359335937500000000e+04
1.904787500000000000e+04
1.892232226562500000e+04
2.037529687500000000e+04
2.175003125000000000e+04
2.252839257812500000e+04
2.075323437500000000e+04
2.287223828125000000e+04
2.583278320312500000e+04
2.126902734375000000e+04
2.005896093750000000e+04
2.638116406250000000e+04
1.818624023437500000e+04
2.339759765625000000e+04
2.483372460937500000e+04
2.148048632812500000e+04
2.192825000000000000e+04
2.349823828125000000e+04
2.009824804687500000e+04
2.268856250000000000e+04
2.012201757812500000e+04
2.485839453125000000e+04
2.148522656250000000e+04
2.459926367187500000e+04
2.562079492187500000e+04
1.887984179687500000e+04
2.320661328125000000e+04
2.253089648437500000e+04
2.253700390625000000e+04
2.364619921875000000e+04
2.292060742187500000e+04
2.080041601562500000e+04
2.313917382812500000e+04
2.517612304687500000e+04
2.288395898437500000e+04
2.454384765625000000e+04
2.395977148437500000e+04
2.080878515625000000e+04
2.723538867187500000e+04
2.250687500000000000e+04
2.237148437500000000e+04
2.195688281250000000e+04
1.993504687500000000e+04
2.343617968750000000e+04
2.563003710937500000e+04
2.764225585937500000e+04
2.104341015625000000e+04
2.710162695312500000e+04
2.394237304687500000e+04
2.332235546875000000e+04
2.328531640625000000e+04
2.388356445312500000e+04
2.574909375000000000e+04
2.188280664062500000e+04
2.345674609375000000e+04
2.168137500000000000e+04
2.140128125000000000e+04
2.263217187500000000e+04
1.834704101562500000e+04
2.286547070312500000e+04
2.042398437500000000e+04
1.994629882812500000e+04
2.152942968750000000e+04
2.444213867187500000e+04
2.755998046875000000e+04
2.116544921875000000e+04
2.303912109375000000e+04
2.085364062500000000e+04
2.345848632812500000e+04
1.741278515625000000e+04
2.564375195312500000e+04
2.300974609375000000e+04
2.146953515625000000e+04
2.186707421875000000e+04
1.667574609375000000e+04
2.196424609375000000e+04
2.305505273437500000e+04
2.413098828125000000e+04
1.943999609375000000e+04
2.774116796875000000e+04
2.717266992187500000e+04
2.493256445312500000e+04
1.902009570312500000e+04
2.416717187500000000e+04
2.109306250000000000e+04
2.457089453125000000e+04
2.750350781250000000e+04
2.548499218750000000e+04
2.571523046875000000e+04
1.999899218750000000e+04
2.074867187500000000e+04
2.002756250000000000e+04
2.216640234375000000e+04
2.502648437500000000e+04
2.626733593750000000e+04
2.420463867187500000e+04
2.197924414062500000e+04
2.299705078125000000e+04
2.401791015625000000e+04
2.133402734375000000e+04
2.025390429687500000e+04
1.937808398437500000e+04
2.486418750000000000e+04
2.770358007812500000e+04
2.548639453125000000e+04
2.226274609375000000e+04
1.901629687500000000e+04
2.259735351562500000e+04
2.663964453125000000e+04
2.093983984375000000e+04
2.312514062500000000e+04
2.190451171875000000e+04
2.229355859375000000e+04
2.267900195312500000e+04
1.925525781250000000e+04
2.704165429687500000e+04
2.116184765625000000e+04
2.152109765625000000e+04
2.458357031250000000e+04
2.359256640625000000e+04
2.733620312500000000e+04
1.990796679687500000e+04
2.124209375000000000e+04
2.411065234375000000e+04
2.244149609375000000e+04
1.720864843750000000e+04
2.174684375000000000e+04
2.321323828125000000e+04
2.095354687500000000e+04
1.974800781250000000e+04
1.973370898437500000e+04
2.328398828125000000e+04
2.510069726562500000e+04
2.417183984375000000e+04
2.187367968750000000e+04
2.174244921875000000e+04
2.290624414062500000e+04
2.471762500000000000e+04
2.337465625000000000e+04
2.075172656250000000e+04
2.099825781250000000e+04
2.311971875000000000e+04
2.345618359375000000e+04
2.218841992187500000e+04
1.966005468750000000e+04
2.583216992187500000e+04
2.252938867187500000e+04
2.128164453125000000e+04
2.678228906250000000e+04
2.574094531250000000e+04
2.413658593750000000e+04
2.005288671875000000e+04
2.647801953125000000e+04
2.372695898437500000e+04
2.173897070312500000e+04
2.587078125000000000e+04
2.525132812500000000e+04
2.390287500000000000e+04
2.237504296875000000e+04
2.199993554687500000e+04
2.623436328125000000e+04
1.950988671875000000e+04
2.238956835937500000e+04
2.373927148437500000e+04
2.158672265625000000e+04
2.414566406250000000e+04
1.878099609375000000e+04
2.508492382812500000e+04
1.967789843750000000e+04
2.351121093750000000e+04
2.267430859375000000e+04
2.357825976562500000e+04
2.421491796875000000e+04
1.841659765625000000e+04
2.258874218750000000e+04
2.025092187500000000e+04
2.350968359375000000e+04
2.079769531250000000e+04
2.210101171875000000e+04
1.969010156250000000e+04
2.508716992187500000e+04
2.449713671875000000e+04
2.597734570312500000e+04
1.900951757812500000e+04
2.184056054687500000e+04
2.439442968750000000e+04
2.248397656250000000e+04
2.406366992187500000e+04
1.995844726562500000e+04
2.515830078125000000e+04
2.012668750000000000e+04
2.277215234375000000e+04
2.671861328125000000e+04
2.459632812500000000e+04
2.164930664062500000e+04
2.462402539062500000e+04
2.068941992187500000e+04
2.492862695312500000e+04
1.727764843750000000e+04
2.069883593750000000e+04
2.040734570312500000e+04
2.007373437500000000e+04
1.954225585937500000e+04
2.238955273437500000e+04
2.184368164062500000e+04
2.423287304687500000e+04
2.172425000000000000e+04
2.198766015625000000e+04
2.310185156250000000e+04
2.272650390625000000e+04
2.107480664062500000e+04
2.116608203125000000e+04
2.336289843750000000e+04
2.017401562500000000e+04
2.030842578125000000e+04
2.024427148437500000e+04
2.463602343750000000e+04
1.986004492187500000e+04
2.020221875000000000e+04
2.147935156250000000e+04
2.310813476562500000e+04
2.252940820312500000e+04
2.002901562500000000e+04
2.514937500000000000e+04
2.415538867187500000e+04
1.990116015625000000e+04
2.586201562500000000e+04
2.370288671875000000e+04
2.620343750000000000e+04
2.006075781250000000e+04
2.050004492187500000e+04
2.168915234375000000e+04
2.472453906250000000e+04
2.309131250000000000e+04
2.060299414062500000e+04
2.044342773437500000e+04
1.897606250000000000e+04
2.275950781250000000e+04
2.715785351562500000e+04
2.388521289062500000e+04
2.318300976562500000e+04
2.548793554687500000e+04
1.996767968750000000e+04
2.329215625000000000e+04
2.394047070312500000e+04
2.319406054687500000e+04
2.549681250000000000e+04
1.974124414062500000e+04
2.199533203125000000e+04
2.051746484375000000e+04
1.981604492187500000e+04
2.394587890625000000e+04
2.916377343750000000e+04
2.234215234375000000e+04
2.173151953125000000e+04
2.587166992187500000e+04
2.323094531250000000e+04
1.943814453125000000e+04
2.410843750000000000e+04
2.384526953125000000e+04
2.482527734375000000e+04
2.333601171875000000e+04
1.689970703125000000e+04
2.185780078125000000e+04
2.647996679687500000e+04
2.232094140625000000e+04
2.530978320312500000e+04
2.567538867187500000e+04
2.288175390625000000e+04
2.199818750000000000e+04
2.553392382812500000e+04
2.128446093750000000e+04
2.159555664062500000e+04
2.586788281250000000e+04
2.144696289062500000e+04
1.885536132812500000e+04
2.133009375000000000e+04
2.050584375000000000e+04
2.018011523437500000e+04
2.352146289062500000e+04
2.411855859375000000e+04
2.343079687500000000e+04
2.416675195312500000e+04
2.299047265625000000e+04
2.326200000000000000e+04
2.486375781250000000e+04
2.390996093750000000e+04
2.341379492187500000e+04
2.022302343750000000e+04
2.750694531250000000e+04
2.051394140625000000e+04
1.917787890625000000e+04
2.158235351562500000e+04
2.259861718750000000e+04
2.442285546875000000e+04
1.942420703125000000e+04
2.307130468750000000e+04
2.049184375000000000e+04
2.186455468750000000e+04
2.349411914062500000e+04
2.105488671875000000e+04
2.007127734375000000e+04
2.235552929687500000e+04
2.414472656250000000e+04
2.253601953125000000e+04
2.212439648437500000e+04
1.975425000000000000e+04
2.007985156250000000e+04
2.400448632812500000e+04
2.644055078125000000e+04
1.992293359375000000e+04
