2.507756552209199435e+04
2.445713292467333304e+04
1.468319776651253960e+04
2.589775068688647661e+04
2.853940846082153075e+04
1.920607324985400919e+04
2.299527613106724675e+04
2.150571469852983500e+04
1.678391715112126985e+04
2.241867508358892883e+04
2.275214361508734873e+04
1.824489705422437328e+04
2.215525046360837950e+04
2.255694598827236405e+04
2.269425675462983054e+04
2.488779935338335054e+04
2.850330653326618631e+04
2.832191411804914969e+04
2.954107642815334839e+04
2.643228694607155194e+04
1.973996551696927054e+04
2.796429562249480659e+04
1.638889769956569216e+04
2.310720720502632321e+04
2.421821985374123324e+04
2.511937323191835458e+04
2.762393566386273596e+04
2.213545808224418943e+04
2.712431441780213936e+04
2.383197883194197129e+04
2.722456228743028623e+04
2.440814573690729230e+04
1.984609461692311015e+04
2.913758353319945672e+04
2.497357029346979834e+04
2.368298170705320081e+04
2.438810972333534301e+04
1.912822286409613298e+04
2.826426494986886246e+04
1.929669078331611308e+04
1.943378964844672737e+04
2.466499761086765284e+04
2.410348320343041996e+04
3.150410176578669780e+04
2.297335317767055676e+04
3.055672711482137674e+04
2.364426376871720277e+04
2.247941810581552272e+04
2.582229833653866808e+04
3.018929547875782737e+04
2.784475010467044922e+04
2.287839593286890522e+04
2.119024324985358180e+04
2.517772191698360621e+04
2.254219075611644803e+04
2.207057426374978240e+04
2.903755511836540973e+04
1.795593383794520560e+04
3.080956897818472498e+04
2.313723013488074866e+04
