-2.368000000000000000e+03
-7.080022281100900727e+01
3.503366361522762418e+03
2.015849176583395820e+04
-2.437261944906936151e+03
1.660031419574430402e+04
2.974746877419255543e+04
1.764788389202808321e+04
7.792850440387031085e+03
3.195080722103114113e+03
9.251648947263793161e+03
2.032958184969125796e+04
1.443939064752658305e+04
1.644209933764137168e+04
3.333901864112234762e+04
3.355580893503978587e+04
2.865629883149738089e+04
2.333194221345480764e+04
8.726531667210874730e+03
9.124726310175423350e+03
1.609562658464463857e+04
2.939056411712382032e+04
1.526036770963026902e+04
6.803756886036132346e+04
3.406410713831883913e+04
2.044663056815410891e+04
1.527502095770905362e+04
2.623934173503387501e+04
1.579040598383579709e+04
1.590274884287506575e+04
1.494176770904374280e+04
1.948104364135655851e+04
2.112149594190730568e+04
2.014002914956551831e+04
2.741626673315103108e+04
5.309620773534032924e+04
1.646700109484654968e+04
1.816135880643167548e+04
5.316549478992645891e+04
9.944392834167443652e+03
1.181304335190256097e+04
9.562224801505071810e+03
1.376106834635604173e+04
1.298714482799971665e+04
6.329068940499317250e+04
2.023184860180499163e+04
4.155688796629213903e+04
7.963288644953559924e+03
4.560948142344763619e+04
2.399997785166504036e+04
1.479588451279250694e+04
7.747980099565316777e+03
1.817323826520912553e+04
1.185732640425659156e+04
1.217517804870229156e+04
2.869312567565306745e+04
1.712234442776668584e+04
8.566037021600972366e+03
4.294034755739114917e+04
1.716095488304229366e+04
4.122164041201703367e+04
1.515147952605458158e+04
2.036167316566177033e+04
1.028043695677625510e+04
5.963364030116468712e+03
3.471566005321656849e+04
2.216480216601133361e+04
1.069457134860191582e+04
3.100730130459678185e+04
2.515037468964372238e+04
5.837395765356517950e+04
1.481101222098221479e+04
1.259494143921089562e+04
1.364360331723980562e+04
4.509986179421108682e+04
2.031641207560243492e+04
2.227908354528312339e+04
6.354376710992536391e+04
2.079141353395204351e+04
2.906100788747646584e+04
5.705982425642632734e+03
2.702096659814055602e+04
2.332765757421430681e+04
3.169180409672181850e+04
5.987215352103209625e+03
1.160943566300860221e+04
4.092899100572093448e+04
4.596880876898247516e+04
6.960146289531184266e+03
7.071121500647795983e+03
3.335709231798065593e+04
2.635347690949945172e+04
1.918223361986267946e+03
2.500064831547900394e+04
1.490196822373180476e+04
2.406308614659277373e+04
5.013252207715393160e+04
3.142136706828019669e+04
1.429313180414561793e+04
2.312981302188361587e+04
4.141536466658521385e+04
3.463817105997368344e+03
1.616861881773055939e+04
2.006844438318498214e+04
1.537783669833136264e+04
1.088474697360508071e+04
3.640774522805032757e+04
7.219992997609851045e+03
2.440081707090936470e+04
4.205966698357557470e+04
1.283519843290615972e+04
2.736803756985620566e+04
3.539839665444722050e+04
7.034403777944291505e+03
6.411253772719162953e+03
1.722769227445171782e+04
1.098935862761200224e+04
9.751130227579940765e+03
5.110550858272507321e+04
8.554594830522350094e+03
2.870368873320794955e+04
2.105807099960909545e+04
1.929232157845026813e+04
2.313508469507277914e+04
2.461597281370170822e+04
5.120613777221032797e+04
5.628175176159618786e+03
2.814315738002098442e+04
4.771125882640962118e+03
3.819376081911173969e+04
1.670451446425677932e+04
7.441139714714800903e+03
9.248497081024563158e+03
5.455720091324485111e+04
1.293555525631595992e+04
5.434483156098616746e+03
1.148633771890666867e+04
2.960000016588529979e+04
5.535632746377790681e+03
1.294882576477781004e+04
4.457440679562553669e+03
8.070941757144630174e+03
2.143053138489938283e+04
1.275687419426322049e+04
1.849182545280560953e+04
2.057300612584006012e+04
1.584135908743181062e+04
8.909371554830862806e+03
1.784219375231102458e+04
1.845843367603626029e+04
7.159165743537007984e+03
1.235524218081916297e+04
1.297041827455691964e+04
1.356104816219968052e+04
9.380931590783424326e+03
2.044370839925668406e+04
4.729662483662995510e+04
1.397746436167695356e+04
3.788019620089237287e+04
1.469113475243101675e+04
1.853532131002843016e+04
1.055876594756722807e+04
1.164350401010980386e+04
1.259428568327624453e+04
2.268919896139606499e+04
1.289126106443000572e+04
2.901643447224007105e+04
2.240362329285081069e+04
1.684762409227278840e+04
1.823801434006459021e+04
5.012416272342632874e+04
2.977977597521523057e+04
3.960905320422691148e+04
1.126623859512202398e+04
4.938852476625591225e+04
1.266241999959347595e+04
2.844653619750920916e+04
2.286706235867097712e+04
3.621335665178258205e+04
5.480627320406919171e+04
6.820391465285734739e+03
2.229980770395037689e+04
3.855426826735844224e+04
1.581134073828921464e+04
2.018561420286167777e+04
1.222136882719067216e+04
8.728311200785745314e+03
6.166668269962593513e+03
1.717194085176001317e+04
4.143466286887471506e+04
3.806971116957453341e+04
4.935829804266036081e+04
3.276789044767444284e+04
1.287476175710455209e+04
1.741665597535073175e+04
2.432862794701629537e+04
3.597086291638576949e+04
4.229140723130698461e+03
1.396767327009217479e+04
2.999388461987517439e+04
1.607018479077733537e+04
5.700286047760238944e+03
4.985582597682860796e+04
1.527986622067048665e+04
2.898630242832456861e+04
2.260992533071514481e+04
3.232607088307550293e+04
1.563015503336343863e+04
2.012727605313189270e+04
2.285876039564731764e+04
2.478067069811194960e+04
9.717517542842428156e+03
4.289502602405587095e+04
1.511364219666969984e+04
4.548409195596080099e+04
4.297397662191494601e+04
1.837891836545100887e+04
1.434230446920322720e+04
3.678141535103068600e+04
1.864476966880314285e+04
4.006645205924483162e+04
1.475113293729544966e+04
2.369021731562426794e+04
4.165662794049836521e+03
3.677160686587303644e+04
1.436733170101626456e+03
-1.001040184218728314e+03
2.030604345348603238e+04
1.837735455185260071e+04
2.192352235651178489e+04
3.792586259068651998e+03
2.345232551524948212e+04
3.926479652717216959e+04
1.533576103461578350e+04
2.122935463848622021e+04
1.812133952270226655e+04
1.212962799238101434e+04
3.654453181450200645e+04
5.546841861896553019e+04
1.760998689458603621e+04
2.564761729340873717e+04
4.144984649701884337e+04
5.436311454477116058e+04
1.037723616901254172e+04
2.984391635218572264e+04
1.554684234624962846e+04
3.422351280496049731e+04
1.683337603723466600e+04
4.008189419821057527e+04
1.702672836516297684e+04
5.557905280893592135e+04
1.852807740519737490e+04
6.245426927416982835e+03
1.192160823630199411e+04
3.561793967654307198e+04
3.124526809087538277e+04
3.698228509330330417e+04
1.316808799934568015e+04
2.457729115955985617e+04
1.667331247002188684e+04
5.385944510986036039e+04
3.358153105121530825e+04
2.707347142979527780e+04
5.701780206718041882e+03
1.529902248907469766e+04
5.761913751142157707e+03
2.791675448336860063e+04
7.718950151983428441e+03
3.638626546620277804e+04
4.223245687565099070e+04
2.003136782915802905e+04
3.422899569431332202e+04
5.582969997969570250e+04
2.421479345756454859e+04
3.277654938691778079e+04
3.989218277217616560e+04
1.438169691197472821e+04
1.968546849679025036e+04
2.601462843741323741e+04
4.074210290367514972e+04
4.011729972572800762e+04
5.601133162094129511e+04
4.371047896173453773e+04
2.623605821403883965e+04
1.774059810509830277e+04
3.299878349933931167e+04
2.647193934518703099e+04
3.077219492689832259e+04
3.873542537441043532e+04
2.272385827313084155e+04
2.258198591473452325e+04
9.461654251458166982e+03
1.050418049612659706e+04
1.354887139626870521e+04
1.586750113397214955e+04
2.019423517469157741e+04
1.546881272876056028e+04
2.966838547654007562e+04
2.761820923070840217e+04
2.714689669527931983e+04
2.871987693704817138e+04
3.518970288086171058e+04
2.272765524414020183e+04
8.400163854654647366e+03
4.247633848132568528e+04
2.936845726862286028e+04
1.890876200691612758e+04
8.835809738702148024e+04
2.745099234970554971e+04
2.480624211486255717e+03
3.979845326689940703e+04
5.531192235123954015e+04
9.518372088635671389e+03
1.237269837808183183e+04
1.724161590454646284e+04
1.949558657081559068e+04
1.927311192059681343e+04
3.814192179111320002e+04
1.447593294895183317e+04
1.461152931791056471e+04
8.028158729112180481e+03
1.845117477165443779e+04
1.829757651575572163e+04
7.047959999929831611e+03
7.513316091956885066e+04
2.591917668579648307e+04
2.600180673700041734e+04
9.545431971519390572e+03
1.623699193828510033e+04
2.088431682213081876e+04
2.359429692827500548e+04
3.058427367541522108e+04
2.337233613703069204e+04
1.920230105654353611e+04
1.313296138599902588e+04
2.661410965334634966e+03
1.413791525134334734e+04
1.702286287555840681e+04
1.003389209898507033e+04
1.396918104628088986e+04
2.162459248554344231e+04
2.218808891022759417e+04
1.074039031554665053e+04
3.848170808904760634e+04
2.581858404934587452e+04
5.905076720216244212e+03
3.418784137118061335e+04
3.047208249866450933e+04
2.800151486350159030e+04
1.253288200739832973e+04
4.276606771679248050e+04
3.381587296397694445e+03
1.861483533094806262e+04
2.677303597245560377e+04
2.477094172862655978e+04
1.673270127044074616e+04
1.728127272682932016e+04
1.119649801408607163e+04
2.894931122022126874e+04
2.391205194256584946e+04
1.421661043851020077e+04
1.789293798007869555e+04
3.257453008458105978e+04
4.932577287178005463e+03
1.547282720767440696e+04
1.605102236996147985e+04
8.164722227330881287e+04
2.919497478715766192e+04
6.298833407524748509e+03
1.305752232313291461e+04
1.100427995461857063e+04
1.513636477085792285e+04
1.035756322402241676e+04
4.392098424693065681e+03
8.157427071407834592e+04
1.027419550120957501e+04
2.489684645512054703e+04
1.956192398773273453e+04
3.010068224878804904e+04
4.036994073053803004e+04
5.073619228831712462e+03
1.368440560490092139e+04
3.833962275053947087e+04
1.756580130824249864e+04
5.213172714013834775e+04
4.690778427757975442e+04
3.439865175540759810e+04
1.834839524140595313e+04
2.561743604122447141e+04
1.631436069106557625e+04
2.027922067149088980e+04
2.468425823997757470e+04
5.624165231997607407e+03
3.789336553253576858e+04
1.885935174833817291e+04
3.050192657521422370e+04
1.143964331830278024e+04
9.895204555742968296e+03
3.236595829045532446e+04
2.351405282124304358e+04
1.571868051145987192e+04
9.045777365244844987e+03
6.055897823022516604e+03
5.625785572290773416e+04
2.308580850435533648e+04
4.500492739639236970e+04
6.154911417146120220e+04
3.750925235399519443e+04
2.486005141350355552e+04
4.313219184594773105e+04
1.305714250040243132e+04
1.105985129642878746e+04
1.586437563948346178e+04
8.317424546694102901e+03
3.470516182011198543e+04
1.816760386363049111e+04
2.112354041691157909e+04
8.216075592455485094e+03
3.815496898891581077e+04
3.016696971356371796e+04
9.560703283128117619e+03
3.712260314077654766e+04
1.783542759744393697e+04
5.097579596530520939e+04
8.817268321939094676e+03
1.651193397777769133e+04
5.840408480737009995e+03
1.628004401692432293e+04
5.610173992642879602e+04
1.945570332447200781e+04
7.771825800113023433e+03
3.571212618490162276e+04
1.915283551678228832e+04
2.161098167424851999e+04
5.437151242333404298e+03
4.455261961797559343e+04
1.644771181812243231e+04
2.251816953724236373e+04
1.430262120866636906e+04
5.472536540500722913e+04
2.416138785239088611e+04
1.438830794849073209e+04
-9.704636645679352114e+02
9.778047190147193760e+03
9.849588278421775613e+03
1.713677152859389753e+04
1.650570311945018693e+04
3.106903845797672693e+04
2.074125573298658492e+04
2.517953506732266760e+04
4.019304227419814561e+04
4.068945080242501717e+04
4.305857592392265360e+04
4.241687060864995146e+04
4.025381115835030505e+04
1.194153198666059689e+04
4.245589966853624355e+04
2.023349266785233340e+04
3.300037715777240373e+04
2.846091290488791492e+04
3.523213096965065779e+04
3.007625259861023733e+04
2.220626792713018949e+04
3.197102897520410261e+04
3.317106965311374370e+04
2.218589857030696294e+04
3.198486389602378040e+04
4.033731971247677575e+04
1.790549473188725824e+04
2.023745665951875708e+04
2.728773716210583370e+04
3.608525929435821308e+04
5.259730144445897167e+04
1.251825304972107551e+04
8.147853825876110932e+03
2.271941715257758187e+04
2.652438443914464006e+04
4.719911022607114865e+04
1.687159111935762485e+04
1.764217624244182662e+04
8.267228532662315047e+03
5.858423754104011095e+03
2.346494445396685114e+04
8.712212734507911591e+03
3.617080528054063325e+04
2.355816392634927251e+04
2.237951055905826797e+04
3.392859792869336525e+04
1.714393980286131045e+04
2.710829055292467456e+04
1.294014123464002114e+04
2.416148049334438110e+04
3.560965068342242012e+04
2.101933101573556269e+04
4.782768341189275088e+04
2.833035474313738450e+04
2.058577212651203445e+04
2.436943433273998744e+04
5.291373215761363099e+03
4.051529578703387415e+03
1.548884908252245077e+04
2.744615373787022691e+04
1.792501886736050801e+04
2.699766938914380808e+04
6.736626411385204847e+03
8.007614645465348076e+03
2.657625915826943128e+03
1.320332315568216291e+04
1.731406447496691544e+04
1.181266115051773522e+04
5.111974088486477558e+04
3.317081672750472353e+04
1.690026799662612757e+04
2.552284635237168550e+04
1.797836989811743842e+04
1.155581627373972151e+04
6.395394426688959356e+03
6.616784774525258399e+03
1.420402641504760868e+04
1.781005704430609330e+04
2.942604123201634502e+04
3.873136520824309991e+04
9.628606207719280064e+03
6.167762801407270672e+03
2.395799099171651687e+04
1.661344061961180705e+04
5.216795639109549666e+04
1.009496538920921739e+04
1.871441902546845449e+04
2.591590716325800531e+04
-2.219795385656539111e+02
1.426151727082573780e+04
1.422466981839258369e+04
4.152052099556460598e+04
4.368277871865351335e+04
4.706317690885590127e+04
9.490611234727359260e+03
1.110579952354473789e+04
2.660193199399209334e+04
5.785857295659628289e+04
5.488622497299462702e+04
3.407260748102804791e+04
1.765873260240842865e+04
4.346748959430776267e+03
9.399409990644960999e+03
3.279721389271740918e+04
3.094422928818532091e+04
1.106114853434580255e+04
1.345837762861420197e+04
1.889674280050390007e+04
1.241007832742163191e+04
1.295250149911866902e+04
1.732796935706390650e+04
3.174172221510841700e+04
1.449231901551276678e+04
1.072323445331104813e+04
2.478089091456837195e+04
2.049536205888219411e+04
1.469190697700947749e+04
3.249417573932501909e+04
2.062452941224009919e+04
1.115033638985792459e+04
1.334838159833822647e+04
1.460530269266146570e+04
9.632238912285607512e+03
2.724466075244548847e+04
6.587696751309648789e+03
1.345486516747921632e+04
2.854456621742370771e+04
3.067423714525083778e+04
2.677954809168532665e+04
2.445008916563303865e+04
1.925135199071940951e+04
7.142977506324963178e+04
1.263934128028516898e+04
1.136203952237270641e+04
3.941798902465534775e+04
1.238095925507131869e+04
3.274540434004714916e+04
1.223421264865054400e+04
2.236738024104199576e+04
1.749838372939434339e+04
2.455710914769981537e+04
2.527454631333082216e+04
3.730097803297665087e+04
3.992701529200129880e+04
3.167795691653688482e+04
6.323770139989064774e+03
3.341359866776543640e+04
4.005170706283594336e+04
9.814254152155481279e+03
2.187908675950346515e+04
1.161127887479356650e+04
1.325351098887733860e+04
1.325114281976104758e+04
2.669602924760680617e+04
1.887529462935519405e+04
1.351228372092325662e+04
1.291109156597352921e+04
4.064499778329407127e+04
2.313639604355760093e+04
2.217173055184196346e+04
9.480996118886611657e+04
6.043549568289946183e+04
1.615364798769511071e+04
6.533695573793591393e+03
4.089488987793124397e+04
2.351348094874124945e+04
1.306327341762037759e+04
2.619703936975466058e+04
9.943977770031906402e+03
1.439651740700178198e+04
4.394954574103084451e+04
4.693917012337058259e+04
5.382436585942882084e+04
2.116298954593487724e+04
3.343756739314853621e+04
1.315032462374011084e+04
4.586057382574152871e+04
1.623989203822264062e+04
9.343680757802078006e+03
3.523028008994294214e+04
1.040217349098294289e+04
1.173940001495072829e+04
3.702411210619660415e+04
7.220274779129753369e+03
3.841530302795236639e+04
3.576142583523572830e+04
5.915955167717545919e+03
1.039917732844309648e+04
4.287524960560342879e+04
1.522097407886690235e+04
1.071903313347547555e+04
2.649313316035176831e+04
2.961405349913421378e+04
4.883371303096947668e+04
1.475130523513576190e+04
1.727694469124191892e+04
1.895883480972792768e+03
3.949039187239754483e+03
7.612273276304536921e+03
2.533296233243719325e+04
3.829245177094778046e+04
1.869171935834534816e+04
1.034067780127006881e+04
1.288673422416805442e+04
3.640102412930977880e+04
4.575411978041104885e+04
1.685593765799286120e+04
9.384604304897122347e+03
8.183402704419188012e+03
1.844996584711301330e+04
2.069957246379021308e+04
1.460364044032223683e+04
1.513475509187791067e+04
1.410344245201950980e+04
1.691900854435877773e+04
1.638128059435244359e+04
1.181790882946096463e+04
5.106499921169061417e+04
1.114950438365531409e+04
3.897823836771994684e+04
9.471745582195439056e+03
1.382970848483833288e+04
4.817182128598305280e+04
7.338865472875750129e+03
2.590167088662035530e+04
1.682189834449746195e+04
3.425401269475131994e+04
1.579545627169073305e+04
1.241294587926161512e+04
1.591552029685070374e+04
4.171915816835216901e+03
4.196113372102070571e+04
4.537003481100397767e+04
2.161705732814891599e+04
3.120384662928413672e+04
1.092073131997470227e+04
8.754340470234108579e+03
2.288547198031791777e+04
1.120448933417272565e+04
7.502626294386050722e+04
3.577906320797429362e+04
1.791757553642891799e+04
2.790893410007124476e+04
1.280488798530766508e+04
4.828096472234776593e+04
4.192717065540391195e+04
5.881059202531143455e+03
2.914590797970885615e+04
2.122542032086065228e+04
3.545476644125691382e+04
2.843514786002863912e+04
4.567571777871384984e+04
1.377702656918048524e+04
1.286136051497206063e+04
1.479898255585440529e+04
2.661752180571361532e+04
2.354239810936939830e+04
3.181117926773623822e+03
3.537709543674498127e+04
6.073724096625013772e+04
1.695248898795853529e+04
2.941960218010942481e+04
1.277558207242817298e+04
4.084370079233716388e+04
2.281803947828445962e+04
1.989528547799530497e+04
1.254662783501848753e+04
1.334145701535957051e+04
3.349565079087793856e+04
2.278849087899013830e+04
1.260541821109960802e+04
2.472665000258354121e+04
3.862592849874413514e+04
1.966750194397864470e+04
1.344217625168197628e+04
3.993223411889316048e+04
4.765604807265413001e+03
2.455644415195448528e+04
5.920206052212123723e+03
3.243899868901495211e+04
1.149277149696192282e+04
3.361220009221365035e+04
2.784666796610420533e+03
3.962926486637104244e+04
1.553415156677253071e+04
1.460998649466659117e+04
2.269171933752851328e+04
1.912457018681500631e+04
5.876370322662238323e+04
9.795435581020139580e+03
5.244360289689763886e+04
1.633658350111595428e+04
2.038108764190135480e+04
1.167142527555694323e+04
8.790160829885226121e+03
2.767400061916460254e+04
2.866559335923886829e+04
7.272741013633627517e+03
1.099526258655859783e+04
3.897172823322974727e+04
2.463122469504686160e+04
5.628155861582903526e+03
4.333602938094484125e+04
1.214500555603183602e+04
1.695978549072105670e+04
1.997837207369186217e+04
2.558204370677858242e+04
2.871495996171200022e+04
9.035299446534474555e+03
2.888510287120250359e+04
1.820319836190981005e+04
2.315745252486649770e+04
4.143873773788310791e+04
2.417904364924096808e+04
4.815327844863844075e+04
3.705447775254034059e+04
2.265228807926632726e+04
2.135482084320287322e+04
8.897236222744510087e+03
7.452627145910958643e+04
1.403070853868121776e+04
5.362773743228974490e+04
4.935222110838384106e+04
4.319189987752138404e+04
9.600104998868198891e+03
3.096126270523329731e+04
2.199782688898395281e+04
1.241497232015480040e+04
2.681354088048846461e+04
3.540199194156167505e+04
3.828870395005966202e+03
4.467997737892875739e+04
3.339730638241858105e+04
5.590191035277159244e+04
8.021192993124361237e+03
3.760395825868957036e+04
4.952464633549915743e+04
4.256172946959741239e+03
1.465009336621588773e+03
1.235923622360849549e+03
1.496857843366320367e+03
9.611121190406622190e+03
1.211878619447264828e+04
4.368138179764460074e+04
1.930346709437006939e+04
1.264531332874517102e+04
3.255956028351946952e+04
2.824688851378832260e+04
1.731073272516901488e+04
4.591791580035827064e+04
8.652372685083919350e+03
1.566302764110034332e+04
4.075981405566111789e+04
1.782479733222354844e+04
3.067608415127633270e+04
1.975756424594557029e+04
2.878351380321249962e+04
2.353217109380289185e+04
4.811807530434613000e+04
3.978104445243532246e+04
1.856664929934844258e+04
2.418430104574393772e+04
1.496005089410067376e+04
3.599740256323960057e+04
1.547578642613613374e+04
4.112094321258662967e+04
2.168250573942982737e+04
2.266277028246795817e+04
2.035552023838660170e+04
3.132819629893393358e+04
2.050772103294943372e+04
2.858024414912650900e+04
2.219864013713507666e+04
2.851438475282688159e+04
1.837728587432231870e+04
2.800728482355195229e+04
2.452435175159311984e+04
1.532813628867483430e+03
1.565855463992670593e+04
7.978830940431031195e+03
5.296715680537708067e+03
1.782835826593303864e+04
1.229817011616336822e+04
3.142461028333012655e+04
2.733525465570429878e+04
1.114700398238694106e+04
1.133885224692560405e+04
1.059909144411909074e+04
1.443907224929024778e+04
1.196334985470969514e+04
2.251979902636374754e+04
2.940124567158077843e+04
1.852603723009980604e+04
6.263453769731122520e+03
1.555173376987819938e+04
3.776761031628537603e+04
2.891515459197961536e+04
1.529748120986205686e+04
1.998929820010992989e+04
2.631551603604896809e+04
1.106577415892298086e+04
6.385503119851027441e+04
1.385559759163452327e+04
1.770122084791685120e+04
4.589318555797848967e+04
2.122088644777369336e+04
3.826468148754045251e+04
2.687187380622567434e+04
6.679588840554900344e+03
3.310468919488113897e+04
1.623033352189230573e+04
1.141320192613791369e+04
5.380903466018375912e+04
2.852140156966600262e+04
2.758135468105074688e+04
1.951740341708339474e+04
7.400799430455434958e+03
2.094939897375957662e+04
1.660581483998875046e+04
2.335724867319094483e+04
3.944438261603497085e+04
2.455764742680625568e+04
4.471575486213630211e+04
4.155174346315689763e+04
3.171771765855842386e+04
1.963757848069458487e+04
1.695473623660696103e+04
6.073581991403563734e+03
7.544520079355292182e+03
8.725955700178472398e+03
2.617672291894448790e+04
3.978278077725618641e+04
1.999791735191800035e+04
-1.055118720460818622e+03
1.286699070483774221e+03
1.057703462100454635e+04
1.738996136676163951e+04
1.718730379454330250e+04
2.626255797022803381e+04
1.195871476513822563e+04
1.227839124938740679e+04
8.625230736301049546e+03
4.645041098020815116e+04
1.508384462110702771e+04
1.274916439807130701e+04
2.764977358172654203e+04
1.694910427940016598e+04
4.838329796843304212e+04
3.166046709675236707e+04
1.104580000609013223e+04
1.030362800777722259e+04
2.673398751025865204e+04
2.661124056558005759e+04
1.210077766531278940e+04
6.549183666559894846e+03
4.985651232455488935e+04
6.530539733577272273e+04
4.305214700183275272e+04
1.768086731437012349e+04
4.905022043852353818e+04
1.972661157653595001e+04
2.263387791931703759e+04
1.774795237051521690e+04
2.319142058554411051e+04
1.027588993632403253e+04
4.676049134857880563e+04
8.304045507787035604e+04
-3.357094105482588020e+01
2.755906701787019847e+04
-1.671591064359743541e+03
1.596524670149668236e+04
4.861140686113931588e+04
4.917637996312541509e+04
2.464249696716215112e+04
1.408154001997609885e+04
7.665407031913258834e+03
2.058232934980731807e+04
4.211400443238548905e+04
1.156692350869163965e+04
5.050593615496516577e+03
5.920058354536576189e+03
1.184939542501353935e+04
5.593250051674582937e+04
6.544523236377296416e+04
9.532046910434557503e+03
4.322032884061572986e+04
1.409988687157211461e+04
9.130391950698231085e+03
4.809691363447072217e+04
8.579252451654865581e+03
1.502788843218570037e+04
1.874000673454300704e+04
4.093225688637558051e+04
3.256592203084335415e+04
4.245046925952818128e+03
1.431437098477685686e+04
4.303771595886490832e+04
3.064640680793950014e+04
2.304218767675616618e+04
1.933377915330399264e+04
6.145143420611586043e+04
3.717039564526584581e+04
4.969365680389235786e+04
2.538454356218211251e+04
3.053189963992382218e+03
3.559743960733144195e+04
6.872224610597173523e+03
3.381191305209610437e+04
5.744710840451295371e+04
4.307541462223274721e+03
2.372956452301445097e+04
2.942932735781914380e+04
2.150683293225766829e+04
1.948525129426423155e+04
4.226506708519892709e+04
7.045335871299259452e+03
1.357070742315934513e+04
4.891219711407730938e+04
1.405884680507937446e+04
1.257284437083704688e+04
8.677337404952395445e+03
4.370131976999976905e+04
2.383265406410530704e+04
3.575982702175842132e+04
4.207253214355826458e+03
2.340539753882911464e+04
7.280971459189373491e+03
4.326599497936138505e+04
1.793216100526037508e+03
4.818490277447536937e+04
2.815858773959437895e+04
9.686961246609113005e+03
3.404977360500245595e+03
1.010049108661976607e+04
1.061475735491997511e+04
1.344303515206705197e+04
2.188764646531648032e+04
9.112391784102950623e+03
3.688103311731190479e+04
1.153649456765573632e+04
1.144896239790043910e+04
2.560582058288424741e+04
2.054331882580122328e+04
5.811745663935860648e+04
4.981847468322858185e+04
3.068192924436119938e+04
1.247524978067447955e+04
1.778361903633734619e+04
4.329817025574685249e+04
1.758705454901411576e+04
4.682583739767225779e+03
4.618046174194211744e+03
1.269250094378832364e+04
2.842615303245137329e+04
6.121759476920502493e+04
2.660919742374721682e+04
6.554263743558121496e+04
-3.510688627800520862e+02
1.326108422649973727e+04
1.231272026031489258e+04
1.191190025270131810e+04
1.320386314986126854e+04
3.887357836199089070e+04
1.782007189803132496e+04
8.830269347068260686e+03
3.661541204121051851e+04
1.251606903268029237e+04
7.390050762616872817e+03
8.283247770893027337e+03
1.981192047193904727e+04
1.339671898463325306e+04
1.627301002465800048e+04
2.804138108516330612e+04
4.814690567281641415e+04
6.075033241348069714e+04
1.341742774884254140e+04
2.275594430738931260e+04
2.928337791819189079e+04
1.449186584417094491e+04
2.135300664924739249e+04
1.963318655115519141e+04
2.407495800151722506e+04
4.637012857230470399e+04
3.165193248011778633e+04
2.047690213382643560e+04
3.136280159852858924e+04
3.199338452241998311e+04
1.234486556276068768e+03
1.318342510455165393e+04
1.942792946219805890e+04
5.876867178300751220e+03
3.158152041648588238e+03
3.140515128794848715e+04
3.322650945577612583e+04
1.641111281259640236e+04
1.307238369852703363e+04
5.321312297668686369e+04
2.381859671164864631e+04
3.876048379782803750e+03
4.090807672221631219e+04
2.326381647105504089e+04
7.855276152203397032e+03
1.224670928877944971e+04
2.677013083825647482e+04
4.675002957898164459e+04
2.274858611811339870e+04
9.455945287148055286e+03
3.525036333156117507e+03
3.131506991940311855e+04
3.930138079773689242e+03
3.275306127314129844e+04
4.162146655835207639e+04
2.791606017261755187e+04
4.300774929432586941e+04
5.180406884002718471e+03
3.485112511380431533e+04
3.842231479291448341e+04
1.817061022349866471e+04
3.499730878460682288e+04
3.676260426742715208e+04
2.799140025914984653e+04
3.575185690785741463e+04
1.796336654738948710e+04
3.151411887280900919e+04
2.179662217335837340e+04
2.440799029754487128e+04
2.694226606405572238e+04
5.631511692029227561e+03
3.435596134569789865e+04
2.952168584223243670e+03
4.104764456320057798e+04
3.927074964647264096e+03
3.182169484182894303e+04
3.753667775867924502e+04
1.590600175984561793e+04
1.344391635376673912e+04
1.305172870522452104e+04
1.061617716726805884e+04
2.689686037482190295e+04
8.341190669209423504e+03
2.260468583122284690e+04
1.829231596374465153e+04
3.592801620918267872e+04
4.390093542158381024e+04
3.377154818520401022e+04
4.221169872621759714e+04
1.691330656061278205e+04
4.764916709451583301e+04
1.080596895891419990e+04
2.209428826115935954e+04
1.747242397783214255e+04
6.164612998583666922e+03
1.008475350891416565e+04
4.148603175633330102e+04
3.229014183160903485e+04
1.804047404452356568e+04
5.581362707533689536e+04
6.539063381174171082e+04
8.992056864624861191e+03
7.810306763819462503e+03
2.342570471951977379e+04
6.736153017989040563e+03
3.509267304494120708e+03
3.450263932476327318e+04
8.772840969184522692e+03
6.514417802916179426e+03
1.436555973756546882e+04
1.605305358434619302e+04
3.672837564722572279e+04
3.984610727237776155e+04
3.207048947457278337e+04
3.921439056021180295e+04
1.504420409066543652e+04
3.906828646640014540e+03
2.346617760033872037e+04
1.653516327452453334e+04
1.533358223926497340e+04
5.313068419143261963e+03
3.661796781714054669e+04
1.760331687396933557e+04
1.679733908071539190e+04
1.226230823490501098e+04
3.273734125813428545e+04
4.081546844047316699e+04
1.695736530723212854e+04
6.589302634389798186e+03
9.977654290610122189e+03
3.419680846308358741e+04
1.870311670714053253e+04
3.369683033744130807e+04
3.428296010597478016e+04
1.349373770481735119e+04
6.067777805370261194e+04
3.175954901227292066e+04
4.805123031380971952e+03
1.461834120864524994e+04
3.332120173852283187e+04
4.730727582497673575e+04
1.234172354394970353e+04
1.478031601650209268e+04
9.448350211123448389e+03
2.165889399192645578e+04
1.225033647075760746e+04
1.540147541570460089e+04
6.300884292904460381e+03
4.807871250615203462e+04
1.076967684967412788e+04
1.285860769696237912e+04
4.848824247623339761e+04
2.814765470179896147e+04
1.330734057026622577e+04
2.408393770539468096e+04
2.446938822035441990e+04
2.116893843806072982e+04
2.508810611704882467e+04
3.921682022059641167e+04
3.879630730531190784e+04
3.187799133508410159e+04
4.592805379993993483e+03
2.758896550475822369e+04
5.605852488916266338e+03
2.354554956732888968e+04
1.285025137234328940e+04
3.288622386170220125e+04
3.667261156960470544e+04
1.531182717717809101e+04
3.124648605560615397e+04
2.667780389928263321e+04
1.329763232313988919e+04
2.125792949387154658e+04
3.876576912447742507e+04
1.319192905712514403e+04
1.214100218650111492e+04
1.006022398813239852e+04
2.241537031418552215e+04
5.590279690712888987e+04
1.448106589064026230e+04
4.445497409181964758e+04
3.739095723582091887e+04
4.037563782966764120e+04
2.842974863464377631e+04
2.711437627530542522e+04
6.071553612126901498e+03
3.812693054240238780e+03
2.204522927116183564e+04
1.212818010448378845e+04
1.088122203572885337e+04
2.152539460064397281e+04
2.705909356007953102e+04
2.527943000021221815e+04
4.752812918996261033e+03
2.492005861419532812e+04
2.195103271648350346e+04
2.670316140912056289e+04
4.149418166896341427e+04
1.360518599497093783e+04
1.757197572302775734e+04
2.773513944421375345e+04
3.149519123385684361e+04
2.772316451278749446e+04
1.941667231481147246e+04
7.182105373653963397e+03
2.366808174952124682e+04
2.324981926808754361e+04
3.336390106475391076e+04
9.807684563209913904e+03
2.620121285211989016e+04
-3.380263966591275221e+03
5.129140271226575715e+04
1.158267327718168963e+04
3.824122648048966948e+04
1.441813652993970209e+04
2.788803290165642102e+04
2.223254801170234350e+04
2.163462923762368882e+04
2.324085539810712362e+04
2.540438422815463855e+04
1.273722324137992837e+04
3.558069028967435588e+04
7.901010013446600169e+03
3.223232776590182038e+04
7.079613205617333733e+03
1.428595667074400626e+04
5.417698910748903290e+04
1.829416455541467803e+04
2.320553460101857490e+04
9.074131734980397596e+03
2.803541208441108392e+04
1.848509161168880382e+04
6.849398795534994861e+03
1.678489277143591607e+03
1.335058030201925430e+04
1.180799171635105267e+04
6.164511174905147345e+04
2.129489690357196014e+04
8.930721762272001797e+03
4.171557122330213315e+04
1.184170085833889516e+03
1.081067125738829054e+04
1.905186834110338532e+04
2.899491577023131686e+04
3.919215799796815554e+04
5.851745808773800491e+03
1.365893942022164629e+04
4.284766321988822165e+04
5.446888124125867762e+04
6.231124278293547832e+03
2.107423120228526022e+04
9.978651190657753614e+04
2.788444386420564842e+04
1.082988304093983970e+04
2.266822181623599681e+04
1.081089905663483660e+04
2.372319316246104063e+04
3.612707060296586860e+04
1.922640812942765842e+04
1.817935338834865615e+04
1.128324821420020453e+04
1.186387934693552961e+04
1.593116670816463375e+04
3.952009351242906996e+04
1.843200401528622024e+04
1.910084068998187649e+04
4.641956600068592525e+04
4.985020975844405257e+03
4.374659430677069031e+04
1.223685893411028337e+04
8.372250889950963028e+03
1.114516337657559598e+04
1.797237132471895529e+04
1.311807138063161074e+04
1.531155601443550950e+04
9.039625979176502369e+03
3.362263058279726829e+04
1.069086405306800043e+04
2.226880820414496702e+04
2.640369047338554083e+04
1.391338009053999122e+04
3.074779757778755084e+04
1.960753450689326564e+04
2.109917939865275912e+04
2.638222134513770288e+04
1.253702200992060534e+04
2.610843616716551333e+04
4.552391954888529654e+03
1.016364098991123319e+04
2.304891191364901169e+04
7.918159692411107244e+04
3.293479018246759370e+04
2.258379233708659376e+04
1.725823392847995638e+04
1.740841501479441285e+04
3.188915147131444974e+04
6.038660651083069388e+04
9.458405056588158914e+03
1.974512190638683751e+04
1.613720861369021077e+04
2.339200729754462373e+04
1.806549283532133268e+04
6.111533411393147253e+04
2.008933080778497606e+04
6.178653180224880089e+03
3.260654150137845863e+04
1.505783913664991996e+04
8.506584607460821644e+03
2.355916735531803351e+04
3.630327439320132544e+04
5.935654254394465170e+03
6.606107069466222310e+04
2.685934556390133002e+04
3.142461122259484546e+04
3.383428538169950480e+04
3.230441887970080279e+04
1.797210635782287864e+04
3.366261128230844770e+04
2.523212623791353326e+04
1.400558344589008811e+03
1.565677456626778257e+04
2.587767185856302240e+04
3.207833613418583991e+04
4.428405803873584227e+04
3.679075143013394700e+04
5.098153862652945827e+04
1.383444810705869168e+04
2.626378101380994849e+04
1.076467488657553258e+04
2.675004545210119613e+04
5.064000053225189913e+04
3.926081767306071561e+04
2.736644216011066601e+04
1.155873677402187604e+04
2.434631619328341549e+04
3.083940334068933225e+04
2.150142062948844614e+04
1.600178614249479142e+04
2.748276662978989771e+04
1.168126596811433410e+04
1.037754250119830249e+04
1.228660703352078599e+04
2.141450252325467591e+04
1.129694992316862918e+05
1.813553622699770858e+04
7.985256177370380101e+03
1.417523150603760587e+04
3.170093560129554317e+04
2.060963417143889819e+04
9.647988479764506337e+03
2.731416568726097466e+04
2.017442256733828617e+04
2.302243662061463692e+04
8.881523466584803828e+03
3.079619050347607117e+04
2.112222717139307133e+04
2.924420091116143158e+04
6.628901799244367794e+03
6.696551794863735267e+04
2.965094661962883401e+04
6.312653809892940626e+04
1.437406645751561518e+04
3.637639302909642720e+04
1.867972196331508530e+04
6.444870314920801320e+03
1.048997739930329226e+04
1.424362967856004980e+04
8.873880297178358887e+03
3.540381119105913240e+04
2.692170830340058455e+04
1.845205429845028630e+04
2.914754900904669557e+04
1.433842232454549958e+04
3.093425983782801632e+04
3.489801345915452112e+04
1.922867284831095094e+04
1.109499036205681841e+04
1.677238319420791959e+04
1.413236477596090481e+04
1.330229095991342001e+04
1.796905833757999062e+04
8.814741580500794953e+03
2.481430131247554891e+04
3.043247850755329637e+04
5.360037547218630789e+04
2.263989796706826746e+04
1.118967461940012072e+04
5.811478820122669276e+03
4.342809055249885569e+04
1.959183708717691843e+04
8.497473853647647047e+03
4.491802066087686399e+04
2.217586093031976634e+04
1.037174770672792329e+04
3.656511887764155108e+04
7.305591521710453890e+03
2.829781358959397039e+04
9.202875780441851020e+03
5.865760390896226454e+03
3.916969532030844130e+04
1.748209604392485198e+04
8.710928862199138166e+03
1.442976369741544841e+04
2.265013760933540470e+04
4.532195641792770039e+04
2.480974315102682158e+04
1.157291276396517105e+03
4.031290663574243354e+03
1.378480079698378540e+04
2.417768661160250849e+04
1.997015690073006408e+04
5.052419565198077908e+04
1.785902130825473432e+04
5.166345683027792256e+04
5.659463388570897223e+04
3.271406835075551498e+04
-2.700760424693093228e+03
1.012353839572486140e+04
3.368764166633837158e+04
2.733102697154350608e+04
9.073600399313723756e+03
2.318640252905851594e+04
6.285560025172734640e+03
4.343442617756941763e+04
1.624156362369488124e+04
2.808503777021185670e+04
2.118355965042260505e+04
2.972365406348284159e+04
1.258594144317467726e+04
2.761877173228827814e+04
1.037586699050289644e+04
3.568576053473650973e+04
1.622672887530647677e+04
6.958112951804658223e+03
5.271841344889418542e+04
8.838753910848492524e+03
1.416450885758470940e+04
2.583819784242659443e+04
3.343919469534629025e+04
2.971043720532456064e+04
6.860816961077832275e+03
1.007199194837871255e+04
2.706220855432463577e+04
3.732329385125359113e+04
3.937069093713742041e+04
2.907982575345892110e+04
2.244438894820097630e+04
2.024096353436187928e+04
1.546860333346723746e+04
2.930949036011249336e+04
4.087168695732554625e+04
2.778442054457655468e+04
2.403598528612302107e+04
9.875621251527296408e+03
6.316791130139510642e+03
2.257600236657579080e+04
2.440611086818742478e+04
8.959219441496748914e+03
1.447822059328615069e+04
2.503272232264000922e+04
1.187826419403938780e+04
2.762399161662911501e+04
1.872005262034220868e+04
4.244727468454965856e+04
1.526528015205726479e+04
1.865339900337123254e+04
1.079796583899050165e+04
1.230566454890493333e+04
5.068038350815078957e+03
5.991145827617344912e+04
1.338987771951054128e+04
1.094708098537617298e+04
3.096798392004504785e+04
1.744521980170214738e+04
4.094671960139222210e+04
2.819208126936931149e+04
3.725328934566098178e+04
4.059535694596576650e+04
6.840314393695149192e+03
7.721531889496932308e+03
3.620843460661284917e+04
6.780060582094691199e+03
1.366599106920169288e+04
2.091628653979967930e+04
2.413595453225293386e+04
2.254742039965035292e+04
2.815491466009555006e+04
5.383859478468709131e+04
4.942810935132083250e+04
1.911095540653829448e+04
4.513472686499834526e+04
9.989907735164282713e+03
9.946149405286185356e+03
1.240076913787836565e+04
3.820190742384918121e+04
1.016985487735805145e+04
5.142492954813444521e+04
1.375582233185274163e+04
5.847296154378128995e+04
5.708161755377155714e+03
2.824932456073802314e+04
1.969454019636086377e+04
2.288584218114505347e+04
4.064999282645095082e+04
2.248858299150943276e+04
1.898349734317730690e+04
5.479665167205529542e+03
2.196066039892704066e+04
5.869552446414064434e+03
1.810727411013639357e+04
3.029919041293982809e+04
3.046215488015702249e+03
-4.677470945538843807e+02
4.042735455409574206e+04
2.181861749320115268e+04
3.324597233142973710e+04
2.059948024008883658e+04
4.856822935719827365e+04
1.725723452634396381e+04
4.335384689130447805e+04
1.099003382193985772e+03
2.347493952085333149e+04
1.877554866378798397e+04
4.185346792372854543e+04
2.590274098356542891e+04
5.218988935068657884e+04
2.791185934850040940e+04
9.538303444794888492e+03
1.359361102169220794e+04
6.833214621543301291e+03
1.540892280774313258e+04
1.047805495874361441e+04
5.709625967607436178e+04
2.899146629444946302e+04
2.316000778525914575e+04
3.625109933864295454e+04
3.254132068898687430e+04
1.414657330877148161e+04
4.123682863972487394e+04
1.299168960397330557e+04
1.525187893092223021e+04
2.920235158378006236e+04
1.879543239299320703e+04
1.808412485495197325e+04
2.501008434770488748e+04
1.677179361374575819e+04
5.464932063904423558e+04
2.673943795703211072e+04
4.324052025508238876e+04
3.307579548999980761e+04
6.676761739968438633e+03
1.197641024597450269e+04
3.834458210152855827e+03
2.551687386693974258e+04
2.954201192980815904e+04
2.501503800502225204e+04
1.284070551879545928e+04
1.342712876438257081e+04
9.911540812052311594e+03
1.466922315160653170e+03
2.684433625505103555e+04
1.267526759705867880e+04
9.737771412865789898e+03
1.182644392661843813e+04
1.421738179867050894e+04
8.846202354635435768e+03
9.887138059237413472e+03
1.067345919875718209e+04
2.404519414486127789e+04
4.543952543455384875e+04
2.991022139799025899e+04
4.282178327526076828e+03
4.830771212808069686e+04
2.545155053282552763e+04
3.028905452987393073e+04
1.201171778646977145e+04
1.300593984219484446e+04
3.185096169796517279e+04
1.547290464740166317e+04
4.694695816875177115e+04
1.859559544516795722e+04
2.221496332635826184e+04
1.915628740483803631e+04
1.454969676849233656e+04
1.107673719231203722e+04
5.056820149733354629e+04
1.017022478990738819e+04
2.386433687608872060e+04
1.552665011449490339e+04
1.873607640009726310e+04
1.479046265943827893e+04
3.710652674529142678e+04
2.286857854872648750e+04
3.204275753256537064e+04
1.325862712771027873e+04
1.601046536251455291e+04
2.658928851361990019e+04
3.174056985707488639e+04
2.587640671567185564e+04
2.822127232286823710e+04
1.036696464302992172e+04
8.729417127025366426e+03
1.585569573638610018e+04
3.878389576748767286e+04
1.733627614434280622e+04
5.614502725490657031e+04
1.853214340807291592e+04
5.617841074069004389e+04
4.394285664992684178e+04
2.612808087302330023e+04
1.177150822386542859e+04
5.640964180520882655e+04
1.648942546915997445e+04
1.826030389458950594e+04
5.590706287948956742e+04
2.023102790159596043e+04
1.027188466296677689e+04
1.889285732570486289e+04
1.274865612549837715e+04
2.006862763199482652e+04
3.473541136863822612e+04
8.375199956255597499e+03
1.346130871929386012e+04
3.513563942106684408e+04
1.029092828408946298e+04
7.088061819243755963e+03
2.396439581850448667e+04
5.573250724917462321e+03
5.466435890933357587e+04
3.062039545747617376e+04
2.612537711762887920e+04
1.661643797365062710e+04
1.381859636563586719e+04
2.121423917448266366e+04
1.868688177521744365e+04
1.874046196468013295e+04
4.255291326884340378e+04
2.230954379883059300e+04
1.018113412576769588e+04
4.765452339975297218e+04
1.640709160947821510e+04
3.070746886084963626e+04
4.602171182784224584e+03
2.587227287468891882e+04
1.651800588004926249e+04
2.523003391213834402e+04
2.454671373007358488e+04
1.514100219633347933e+03
2.572462433743816291e+04
1.969051701028252501e+04
2.405503816129313782e+04
9.042647660793800242e+03
2.511196935285386644e+04
1.551031947082578699e+04
1.861440969356607820e+04
1.265976320180225957e+04
8.511834146214272550e+03
2.054691032377162264e+04
4.560408349304206786e+04
2.195673952732139514e+04
2.224604444011929081e+04
1.159712055203356431e+04
2.277289005084600649e+04
1.853078795880641701e+04
3.083473603612334409e+04
2.519678335709171006e+04
1.364730535102320937e+04
1.532300946881434174e+04
7.998312746274112214e+03
6.044823796338013926e+04
4.206302610992502741e+04
1.269683477915804906e+04
2.015800827851808572e+04
2.583059029566942627e+04
1.457956604015611811e+04
1.996622429802977422e+04
4.264940053026012902e+04
1.535658392898025522e+04
3.259906197682695711e+04
3.713724473008843779e+04
1.181752785291193686e+04
2.172619980658882560e+04
5.819531894248762546e+04
3.075162276315560302e+04
3.952464460558536666e+04
2.531545272025671875e+04
5.086239170282260602e+04
4.990082774159700421e+03
1.281584974843959208e+04
8.304130850213759913e+03
8.053226505852013361e+03
1.702346865150682424e+04
4.079857741710037953e+04
1.174013275898524626e+03
3.207603144697029347e+04
2.085579152990330476e+04
7.992233801736141322e+04
5.084076079851232498e+04
2.007728350899247380e+04
8.809826046383694120e+03
1.979774463936535540e+04
3.940905050487372137e+03
4.358428693879740604e+04
2.591585393992112949e+04
8.725189099090363015e+03
1.947118220264506090e+04
2.227560101705555280e+04
2.097300754895247883e+04
1.446933760401856489e+04
1.878625456986622157e+04
1.685290095948604721e+04
2.381823147871716355e+04
2.172922350997995818e+04
2.000701139123770190e+04
1.516051629463471181e+04
1.664347146578903630e+04
2.314053956862268751e+04
5.682106400212958761e+03
3.270358602564216926e+04
3.049308140696792179e+04
2.811967942063031660e+04
1.997190612147443608e+04
2.638743060546253400e+04
2.723876769602908462e+04
1.378999238686535682e+04
1.292888092439237153e+04
2.248796586081894202e+04
1.018206553902213273e+04
8.716493456339243494e+03
3.327898850867759029e+04
7.320685793917480623e+03
2.084796397875604816e+04
1.594699794413019845e+04
6.236798449792624524e+03
2.520194576989489360e+04
8.133305717990220728e+03
1.466223352534348669e+04
1.445631121226117102e+04
4.563414298467642220e+04
2.096185622137852260e+04
1.039670262070048921e+04
1.169987148444783088e+04
2.349318559069583716e+04
2.065254191067420106e+04
4.614604706017713761e+04
1.769345755227932750e+04
3.156367065975052537e+04
4.219271102977875853e+04
9.729442722923231486e+03
2.947414933968273908e+04
1.709062558428836928e+04
3.492660648879495056e+03
2.943835682331876524e+04
3.180800017693827613e+04
5.031201978499957477e+04
1.580591736650877101e+04
1.399267314872847419e+04
6.192190532567531045e+04
2.129066717140840774e+04
9.829019204938123949e+03
1.823457202022130150e+04
3.190284381067422146e+04
1.727922808284100392e+04
3.086662606401067387e+04
2.089180856376355587e+04
1.794992887536125636e+04
3.120368120742087194e+04
7.294151168496007813e+03
3.965266561362511857e+04
4.754932729284978268e+04
3.583602673449802387e+04
1.469531210199113411e+04
4.923857681157272600e+04
1.388426026888345586e+04
9.329756261728718528e+03
2.505577692481021950e+04
5.090017321759035985e+04
4.380307614198964438e+04
6.151064702495265010e+03
1.557918328811331594e+04
3.634766727843260742e+04
1.269535841222088493e+04
1.377175703719496596e+04
3.602277512319100788e+04
1.253116174110070824e+04
3.922680844375885499e+04
2.330942063619495457e+04
4.928558337189938175e+04
2.423946018361506867e+04
8.715659138956039897e+03
2.063331423019782960e+04
2.155353602572029195e+04
2.109710877288509437e+04
2.567988395829701403e+04
2.383755306464514797e+04
3.084133443520760193e+04
2.154935416230573537e+04
2.449287149493132893e+04
3.029403374602562326e+04
3.544495300683881942e+04
2.039188403675373365e+03
6.717036748976923991e+04
2.624966898854467217e+04
1.444899127764140576e+04
6.183452685261445367e+03
2.540982446798466844e+04
1.209595971762487898e+04
4.583701698418101296e+04
1.118934378958710477e+04
2.829943644006240356e+04
2.830946344134343599e+04
1.566323184744676109e+04
3.970440480519660923e+04
4.320049249326585414e+04
3.698663980916640139e+04
1.532676014522161859e+04
8.364881622850403801e+03
2.412212260793246242e+04
3.721896803067903420e+03
1.546371034833490194e+04
1.396474170171522201e+04
1.184099713338537549e+04
1.422943897519853817e+04
4.952508392133798043e+04
1.954465900701267310e+04
3.295491647122718859e+04
2.853911556469690549e+04
2.636300284503277362e+04
7.867338939293022122e+03
3.402324333017569734e+04
7.872866123019361112e+03
1.163524297737524830e+04
6.499667823927725840e+04
5.039362354098198557e+04
1.832670651516791986e+04
4.027652133941471402e+04
6.620121779373128447e+03
8.819532761824557383e+03
1.306229362068371483e+04
1.219172622169998431e+04
2.335429236349352141e+04
3.060852358011979959e+04
3.754324880459331325e+03
-2.994116985146695242e+02
3.138278149891240901e+04
2.862085300002796430e+04
1.830719626456552214e+04
3.459081622987543233e+04
2.394767649004960185e+04
1.590060823940775299e+04
5.706772874845031765e+04
5.008065745387633797e+04
5.038634304013026122e+04
1.709990282225738338e+04
1.890507978171449577e+04
2.434628274461413093e+04
4.407473975596608943e+04
2.274960008140349237e+04
7.056719278282715095e+03
1.817309857597224254e+04
8.300908314022906779e+03
1.232415543276988865e+04
2.267397684360761923e+04
2.849642556827171211e+04
1.651587594828915462e+04
2.268754823660514012e+04
1.933114933096354071e+04
8.670088178478441478e+03
2.130201589103566221e+04
4.762704775102711574e+04
1.651153573849642999e+04
2.498973443438568211e+04
3.253722240829613293e+04
2.375463744677838258e+04
1.028542307954611533e+04
2.581676942539638185e+04
2.598113866521921591e+04
2.740048319295666715e+03
5.078485376425843242e+03
1.781489509648557578e+04
9.125018077868744513e+03
4.804942282804282149e+04
1.900271562465614261e+04
1.625171179213654978e+04
5.832184547959330303e+03
1.307488262154780750e+04
8.401696633406610999e+03
3.357750069460269879e+04
1.338230563198297205e+04
5.403662869866150140e+04
1.326870259058805095e+04
2.410455022661012481e+04
3.288779031771440350e+04
1.030872835859625775e+04
2.389812077285920896e+04
2.899740559230867802e+04
3.115666212222055765e+04
3.139056487827891033e+03
4.637473554047779544e+03
1.511743124527947293e+04
1.703500996349693742e+04
1.280274644319963045e+04
5.510401733967721520e+04
5.155431506059246021e+04
6.107670434189846674e+03
4.272294756498382048e+04
2.179809120704354791e+04
8.539163512531255265e+02
1.313922874757978207e+04
4.104634902684862027e+04
2.395022153662151686e+04
2.809203743112406664e+04
7.835150851726840483e+04
9.582513426521163638e+02
2.594490944163471431e+04
5.878694834896655811e+04
1.382878162793268166e+04
1.266727257616083807e+04
1.318264242634563561e+04
6.153649857989519660e+03
1.107162738517546677e+04
6.539465457413720287e+03
1.527011716679071651e+04
1.942229986220966384e+04
2.152498019016796025e+04
9.684559761507694930e+03
1.175151566710547922e+04
2.580264480638705209e+04
9.769037789929141582e+03
3.139732295116882597e+04
1.649481366233281369e+04
3.359423651025229628e+04
3.772921358412290283e+04
3.266261466591306817e+04
1.035743603099385473e+04
6.338032206712651532e+04
1.879016763936481948e+04
3.486764672572245217e+03
1.906575105582941251e+04
3.474948969599132397e+04
1.680484336825208447e+04
2.819602766469579001e+04
5.830081210099485179e+04
1.553901060736502768e+04
1.073758771794911445e+04
1.482595141330201841e+04
4.938835663999081589e+04
2.968143360619802115e+04
4.634744592599361204e+04
2.783942439174008177e+04
1.786599430459291625e+03
2.086995839280367363e+04
2.294047573784618362e+04
4.735641410741925938e+04
1.730189900204047717e+03
1.004525899743404807e+04
2.922582338713772333e+04
2.026582078970859584e+04
2.535655989404227148e+04
1.054638270778766673e+04
4.392525410748208742e+03
2.821640477207471122e+04
3.751144703066151851e+04
8.276618735457055664e+03
5.110769559889635275e+03
2.907815506059208565e+04
2.935511930494892295e+04
2.069776858826748503e+04
3.539111605229006091e+04
4.526625600029636553e+04
3.416585304307719980e+03
1.843487386061209327e+04
4.569658757265858731e+04
1.506786616429891183e+04
8.158793010769201828e+03
2.152791774868885113e+04
2.304359897016889590e+04
1.782631147465817048e+04
1.803676636598489495e+04
1.592557093678823185e+04
5.324597163855120016e+04
1.746933708711097643e+04
3.413403498265351664e+04
1.588232204455141618e+04
1.406331420818210609e+04
1.254960617458237903e+04
6.010850018305152844e+03
2.070702044386251146e+04
3.318584484034721390e+04
9.575583461245074432e+03
1.927357959184273932e+04
3.427943628831564274e+04
5.836237743843399585e+03
6.267300227513466780e+03
1.011207139404672671e+04
2.253771855248374777e+04
3.772418582917202730e+04
2.744911510022163566e+04
1.520822571156933736e+04
8.427087829833024443e+03
2.512552915616212704e+04
3.091217440297166831e+04
1.484298182207399077e+04
2.553048272179222113e+04
5.601159366567886900e+04
1.906939937607364482e+04
3.032980482023743753e+04
2.541374241813689150e+04
8.287962999210400085e+03
1.882015456800050015e+04
1.669246446958817614e+04
1.491087671274196873e+04
3.348777291529519425e+04
2.806475829072306806e+04
4.322570399096446636e+04
7.639701893565074897e+03
4.262608487886260264e+04
1.463962111409205681e+04
1.393712603317463254e+04
3.204564181399104564e+04
7.945159000526257842e+03
2.671670067695906255e+03
2.501396306845520303e+04
2.782849116610058263e+04
2.052491492215597827e+04
3.892122831158411282e+04
8.594831500127533218e+03
3.282089022529673093e+04
5.789079991499424796e+04
1.889289744630490532e+04
2.121808498943624727e+04
2.082125434794963803e+04
1.919751645550854664e+04
7.138407452457433465e+03
9.187330496087236679e+04
2.070036520224084597e+04
1.549207114290503887e+04
1.303880133729097724e+04
1.358542719269721783e+04
3.921210792468481941e+03
3.063138804463542328e+04
1.157155007837383891e+04
1.006614024626898026e+04
1.110482577727429089e+04
4.975573060667606478e+04
2.305909911148867832e+04
3.277610754110457492e+04
1.744777835465965836e+04
1.490937258743094571e+04
2.002993827980622154e+04
3.617353901383998164e+03
1.379814604802830218e+04
4.394166256202767545e+04
1.680734655901957012e+04
3.900509829949281266e+04
2.625748423740145881e+04
2.494348284506508935e+04
3.232462065262462784e+04
2.456081860439021330e+04
1.757992107148676587e+04
1.080103114341523542e+04
4.646984271201650699e+04
6.564349840953388775e+04
1.595114633304805830e+04
1.603416818938759934e+04
1.530744175666760930e+04
2.053879289342799893e+04
1.844173311664831999e+04
1.993644832682621927e+04
1.295158592804120235e+04
5.480379631846280972e+04
7.649481015832992853e+04
2.605118618736276767e+04
1.639380166171657402e+04
1.476786839724158926e+04
3.445891082284554432e+04
6.167663824873425256e+03
2.379982118560886011e+04
1.710112962412615161e+04
2.588533419834148663e+04
1.317321789626642385e+04
1.128101130355364148e+04
2.511821965785072098e+04
2.061488785862327131e+04
2.499059951223855023e+04
1.093236855898939029e+04
4.435617422513420024e+04
2.419292368604787771e+04
6.082933930380815582e+04
3.970775076871668716e+04
1.480215665632162381e+04
2.771561529767149113e+04
2.489434015392326546e+04
2.441743654561074072e+04
5.152188442962776207e+03
7.417237973301153397e+04
1.716310874957954729e+04
3.795425339514292318e+03
2.131971669376748105e+04
1.952131320930548100e+04
2.849845194332990650e+04
4.487963248853138066e+04
2.541683329316618256e+04
6.067346094868336877e+03
3.262693804897275186e+04
1.045445233346349960e+04
1.260483306693375926e+04
4.120176753848278167e+03
2.071139433040857693e+04
1.191419338387451717e+04
2.612232387941711931e+04
1.064145408020610921e+04
1.038197384314340161e+04
1.828228526802396300e+04
3.341746409035507531e+04
8.128671317723940774e+03
6.478565773352214819e+03
2.879607395799533697e+04
1.368816086986419759e+04
3.368399404223629972e+04
4.407950569746781548e+04
1.730071553182081698e+04
1.052923545400135481e+04
2.874899400502733624e+04
1.996228939998005444e+04
3.784972211520982091e+04
9.089736983207320009e+03
3.064419628793419542e+04
4.231024177440314816e+04
1.316431654381256885e+04
5.371017540457960422e+04
1.933142837551170669e+04
1.632994764159753140e+04
1.550400000449542677e+04
1.497906021789779879e+04
2.350924943219254419e+04
1.082943716730805318e+04
3.768804753518912912e+04
1.553111852547008311e+04
2.657735301240145054e+04
2.455794586392948622e+04
9.830910572228089222e+03
1.525642832643679503e+04
2.301010878020555901e+04
2.627756350055141229e+04
3.240770199106703876e+04
4.007196862785713165e+04
5.288256086593478540e+04
2.942537141533795148e+04
4.852025403797461877e+03
7.020192550888001279e+03
4.932258272395769018e+04
1.678996684921100677e+04
1.398443377680270351e+04
2.763085069908422156e+04
5.269458997841914243e+04
2.003981337829654876e+04
2.920012030493323618e+04
2.223465840829708759e+04
2.167312875276026170e+04
1.248089680697100812e+04
2.365558769547759312e+03
2.708179670952325978e+04
3.200821693302351923e+04
2.194993838023553326e+04
2.575389889749246504e+04
2.928661454976643654e+04
3.325133009484787181e+04
3.728240004164391848e+03
1.151319945395026298e+04
3.891499364326347859e+04
6.588104063988022972e+03
1.706291039918732713e+04
2.586113678248023280e+04
4.348058948844686529e+04
6.037692554931689301e+03
2.967171560484295333e+04
1.918849336036077875e+04
5.980856767716952163e+04
5.029659389119042316e+03
4.897052621646474108e+03
2.815394144936364683e+04
3.634368536870915705e+04
1.509803406269220432e+04
3.203187961736115176e+04
3.352691084934474202e+04
3.052751160159876599e+04
2.507356913073201213e+04
1.416376521275577397e+04
1.472790601847924881e+04
2.288989457368193689e+04
2.023057894859840599e+04
7.215770222652374287e+03
2.137152378993318416e+04
1.555447148403411848e+04
3.852074156100412074e+04
1.876173950909071209e+04
5.131646539869600383e+04
3.565687703732598311e+04
6.493233746450443869e+04
4.148051224202760932e+04
3.578106039874051930e+04
1.012073607034479392e+04
5.190945287244520296e+04
7.499032056697602457e+03
1.921604018228492350e+04
3.890302468200180738e+04
5.235967674275695026e+04
1.817827588206519431e+04
2.563899034394526825e+04
9.160271871200773603e+03
1.266851201040542583e+04
6.337867406720711188e+02
5.084665675829353859e+03
5.149020115223512403e+04
2.575222776749778859e+04
3.181001158243295140e+04
4.346376646625533613e+04
1.550231063558489041e+04
3.004174119910959053e+04
2.032927019827829645e+04
7.417035989921898363e+03
1.255521438907598531e+04
4.890468022603733698e+04
1.138278207770174777e+04
3.415570522410530248e+04
2.297918194808297994e+04
7.076117779168440029e+04
1.450647478605943434e+04
7.212053395935448862e+03
5.303400313818112772e+04
1.108029541439481545e+04
3.592144354787073826e+04
2.614920185022952501e+04
2.601639845399613841e+04
2.030483641147841263e+04
1.310311879888493058e+04
1.906642189635491377e+04
3.531415353833275731e+04
2.358663294183118342e+04
6.090656371707931612e+03
1.229626497752742762e+04
1.217598427258612355e+04
2.438862778777329731e+04
2.690293672836334372e+04
3.113549262723616994e+04
3.907042661014158512e+04
3.018679136207216652e+04
1.407906293130192353e+04
1.722220249402842819e+04
2.227574198567513668e+04
2.275498183521383180e+04
3.146214032238160871e+04
5.277848744730892940e+04
1.737728682300394576e+04
3.263834784897700229e+04
2.044293279954716854e+04
2.204609507304659564e+04
6.599470424687709965e+03
2.366459576365683824e+04
5.025716424880120030e+04
2.731164141416366692e+04
4.265260539107405202e+04
8.215377248013859571e+03
1.428983235190336927e+04
9.969399970102003863e+03
2.179890310582027814e+04
7.217155408878457820e+03
1.453779688197809992e+04
2.605238356148691673e+04
1.229575673981616637e+04
7.406683568841699525e+03
1.135244622350593454e+04
4.833285099965314294e+04
9.121094140742450691e+03
7.954655799042177023e+03
5.888206785978109838e+04
9.018715833779468085e+03
3.475001144817783370e+03
9.905264504332109937e+03
2.168470681457814499e+04
4.346484387424578017e+04
1.337424627489705745e+04
5.532476604417287308e+04
2.142622736736101797e+04
3.945305663227248442e+04
1.524564843270751226e+04
1.060797312660675561e+04
3.575944326178244955e+04
2.461355459470517962e+04
1.043452768664183350e+04
4.137555417480177130e+04
1.997613255343289711e+04
2.255305637663329617e+04
6.851341062934608090e+03
3.258772932605967799e+04
8.683290345092282223e+04
2.574155333051550406e+04
2.735212111947589074e+04
1.404283678793780564e+04
2.825404296549954961e+04
1.128335148432992355e+04
3.353918474445892934e+04
2.688347253094525513e+04
1.861900978085591123e+04
2.066252231808645593e+04
2.937194712485998389e+04
2.787836142628915695e+04
1.639479587815377090e+04
1.850057099121801002e+04
2.217645007452735808e+04
6.708864857423464855e+03
1.060301645175513477e+04
1.604523059709428708e+04
3.795566253765208239e+04
9.069034931396623506e+03
1.774652868583142845e+04
1.610164356285513531e+04
4.228057693685292907e+04
4.310166071856901908e+03
3.730905446730698168e+04
2.320888576034287689e+04
1.416334647100222901e+04
7.801188240684898119e+03
3.387235617331517278e+04
1.525331397622976510e+04
1.050042827579279037e+04
2.505038343595249898e+04
2.107406423665453622e+04
1.473742263396008457e+04
5.742202223571262584e+04
1.665382299137057998e+04
1.397209694440079693e+04
3.268739119411550200e+04
2.713287593113490584e+04
9.288894325518413098e+03
7.910104747348987985e+03
9.140882139838511648e+03
5.701043988738078770e+04
1.205398660632599422e+04
2.597807312058032403e+04
3.547286011548270471e+04
1.351813629990127265e+04
7.148012024241665131e+03
1.702613865223443281e+04
2.059172363590391979e+04
1.576605908614973305e+04
3.277220987430300738e+03
8.755078598171880003e+04
1.435517176092667069e+04
2.173652914318257172e+04
3.496059017591070733e+04
1.369277161946738852e+04
2.924018388182338822e+04
9.386423302331288141e+03
6.145268771018374537e+03
1.747253174360363118e+04
5.317516451412085189e+03
1.321422459685114518e+04
3.705606133882209542e+04
2.848207326085490058e+04
2.973288722863070871e+04
1.170679979353791350e+04
1.417162771254267864e+04
1.607178480148920926e+03
8.433282074361914056e+03
2.252027910822565536e+04
3.915203174286380818e+04
3.352675321926564357e+04
3.232358531419399151e+04
4.848478063289328566e+04
2.265629277704526248e+04
6.923230966169254316e+03
1.441706385593778214e+04
2.821667668392411360e+04
1.259128619751758379e+04
8.613826169365231181e+03
4.475533477054366085e+04
8.771537372740431238e+03
1.711383000673440256e+04
1.120102539223069107e+04
4.765280949585051712e+04
1.810827935755770523e+04
1.627566417115607510e+04
2.935247969464183916e+04
2.003848476115943049e+04
2.084684792161115547e+04
2.670938019746106875e+04
1.349451961747932910e+04
1.613827581785183975e+04
1.112482702263937063e+04
1.168030904535282025e+04
2.458659657993571091e+04
5.075161725697729707e+04
1.487261767892835996e+04
1.862673398464282582e+04
2.417373435995555337e+04
1.899803629333595745e+04
9.317768462227315467e+03
2.000711745204569525e+04
3.177964994475368439e+04
2.236220900295650790e+04
2.697072050933978608e+04
1.992722712064251755e+04
7.849039017416584829e+04
2.777988725513951067e+04
3.126827462742347507e+03
2.119201448334300221e+04
3.710770313285080192e+04
3.259897468979714540e+04
1.764848579276525925e+04
3.431464586548505031e+04
2.374335098587606626e+04
6.462341545431855775e+04
1.449394032346264794e+04
2.208765634695818153e+04
6.253179655168036697e+04
4.135630798443126696e+04
2.546189627193871274e+04
1.170642295380195173e+04
2.893767291740547807e+04
1.368198702551384304e+04
3.497488526342931436e+04
2.078522519847091826e+04
2.745479255224564622e+04
4.607583853830794396e+03
1.821828306275810246e+04
1.366902636287140194e+04
2.418684968473748086e+04
1.190681372010026098e+04
2.381640188970254530e+04
2.435515972054897793e+04
2.533469136788305696e+04
1.763278075447274023e+04
4.716531940413008851e+04
4.468641195741319825e+04
1.073871984447468640e+04
4.154568734330705047e+04
2.143751815532413457e+04
2.017662775199562748e+04
2.379937115043464655e+04
3.459999462276967097e+04
9.065118767130796914e+04
8.142956463749384056e+03
1.463406366056100160e+04
2.487931071625165714e+04
3.853562544474097194e+03
1.736800866170472727e+04
3.009593682529295984e+04
1.484525138942104604e+04
1.915271080985415756e+04
1.993223817107900686e+04
2.405417307533070925e+04
1.058670445389510314e+04
2.359541442923390787e+04
1.448252143833502851e+04
2.972223716849316770e+04
1.157081603779625584e+04
2.278825839889943381e+04
3.462194471659950796e+04
9.199534824004173061e+03
2.656504301681517973e+04
2.481086960261469358e+03
5.088249115120986244e+04
4.433208864750787325e+04
2.846875932023861424e+03
1.339702438214020003e+04
5.241057695363771199e+04
2.071619370909071222e+04
1.646865632198645471e+04
2.961345255026732048e+04
3.321080498764302320e+04
1.524824394579834188e+04
1.157845345918375097e+04
3.673011110001630732e+04
1.035963157805449737e+04
6.818051514291032800e+04
1.829135334372178477e+04
1.359460194115608465e+04
2.290011930599454718e+04
3.584572492723591131e+04
3.256190685949707040e+04
1.965459604874388970e+04
4.124778850655595306e+04
2.379237490661996708e+04
3.129314397218316299e+04
2.698962418528305352e+04
5.898768846342750476e+04
1.300386544666953887e+04
1.584046427878196664e+04
2.569370863415127315e+04
2.222200480604357654e+04
4.484680305483250413e+04
5.433555411218488007e+04
2.365588315155638338e+04
4.568426113757696294e+04
8.300791181498441802e+03
2.682432068915003401e+04
2.291781278526477399e+04
2.999022576844622745e+04
2.311529810102446208e+04
1.901546802626303906e+04
1.469764086542808764e+04
1.216467437836984391e+04
1.590586383633557125e+04
2.143598979470798440e+04
1.333288596033507929e+04
5.034301844638514740e+04
9.402655798105572103e+03
1.973565867016148331e+04
1.441871238579770215e+04
3.291153787119470508e+04
2.440637710529442120e+04
2.022287354962806421e+04
2.361191623063183215e+04
1.915436654109887240e+04
1.656960860532520019e+04
2.210025300541732940e+04
1.816011282388542531e+04
3.750186746009879425e+04
2.516349573393684113e+04
2.164310605522588230e+04
1.951292276654816669e+04
1.688152349056746243e+04
4.975134738648197526e+04
1.165091337051264782e+04
2.224087586052091501e+04
2.688836452347010345e+04
4.485570229504625604e+04
4.532556151088625484e+03
2.584064313350639350e+04
2.072503677941231945e+04
2.232894928583382716e+04
2.664838526245483445e+04
2.395538849594838030e+04
5.699320238394381886e+04
2.338518374095382751e+04
2.047171802819464210e+04
6.092766121874267265e+04
2.047532451516494621e+04
2.486663299702040240e+04
1.873689738192596269e+04
1.078963088585090736e+04
3.056184329769271062e+04
3.993886668302574253e+04
5.933442901974359120e+04
1.502378723639603413e+04
2.752688554884141922e+04
1.649178214778654728e+04
4.774879538850128483e+03
5.526849930659144593e+04
2.619578844539770216e+04
1.428355462608792004e+04
3.293324362423744606e+04
5.489739115360380310e+03
9.773927879068105540e+03
2.274484703039270971e+04
4.196896431518833560e+04
1.921481375504521566e+04
1.584426915486236430e+04
6.535796335585282941e+04
3.427926095547459408e+04
7.107396669081214895e+03
7.897490864720224636e+03
4.212319180029321433e+04
3.641416318142147065e+04
1.676549746586770561e+04
3.433960924068943132e+04
4.956090583367431827e+04
7.562137907306892885e+03
4.034917663917744358e+04
2.602675528572699113e+04
2.632850654371436030e+04
4.599997617670246836e+04
2.611332127474543813e+04
2.160754313685111265e+04
1.361920243898874469e+04
4.614608988110127393e+04
2.671296136674204899e+04
2.268503654425383502e+04
6.354414206149078382e+03
3.975621042793738889e+04
3.235554820958777782e+03
4.607060964685832732e+04
2.302771081684719684e+04
3.946680141647314304e+04
6.939341344909321924e+04
1.557168435149173456e+04
1.484674388916613316e+04
6.121678257145943462e+03
2.239550499835428127e+04
4.658145790476306865e+04
2.125917401937868999e+04
1.669467032396178547e+04
1.115014684353457415e+04
2.345997704388643979e+04
1.367322526941448632e+04
4.829924177118848456e+04
1.797364555542445305e+04
1.747993541666493911e+04
1.221248518047214930e+04
2.931514303912154901e+03
8.967631123895829660e+03
1.944339367485815455e+04
4.505243215707618947e+04
3.531723933872926864e+04
8.921770437335533643e+03
1.271968238988716257e+04
1.402831526409221260e+04
3.969558614377923368e+04
9.289256188035011292e+03
4.473256577226389345e+04
4.696223158927971235e+04
1.922832305434856971e+04
3.860509597490539363e+03
4.624485136283012253e+03
3.152301793971967345e+04
4.282784311593265738e+04
3.399603583522149711e+04
1.666678405162423951e+04
1.488886854088090513e+04
2.508117499865445279e+04
1.142369589834382896e+04
1.201360965813926487e+04
2.522802683786319903e+04
5.902909618092532583e+03
4.391242932813214429e+04
1.255184133205018043e+04
5.657480199294107479e+03
2.073660576914360354e+04
4.669463761922877165e+04
3.354865713582553144e+04
1.160600768568998865e+04
1.412828716105434432e+04
5.823424230524833547e+03
8.900894691456245710e+03
5.197877494367027248e+04
9.282490842802519182e+03
3.007500887659208820e+04
4.908239258499331481e+04
3.884817535625045275e+04
3.176765236922358963e+04
1.387970922928997970e+04
2.245775361707863703e+04
2.221824588255162962e+04
2.890394348108703707e+04
2.527342623436832582e+04
5.628679603741025858e+03
1.382969696095853033e+04
1.478030367073082016e+04
3.316302144950623187e+04
1.902062918413805164e+04
4.308142590416864550e+04
2.888675720374982484e+04
1.139281592690277103e+04
5.220479859473678516e+03
4.273624571560839104e+04
1.383320197872129393e+04
8.530395088124045287e+03
2.150991235508368845e+04
1.000383094036600960e+04
6.929914648950635456e+04
4.658696292989369977e+04
1.470916579798631028e+04
2.889478687418017944e+04
7.545246914858620585e+03
2.079410789790939452e+04
7.102462117401869364e+03
2.086753977737627429e+04
3.183867109699147477e+04
5.543834904485116567e+03
7.334898744774003717e+03
5.939920882772945333e+04
2.300320591709048313e+04
3.370670255764016474e+04
8.044126384077846888e+04
1.238438654578048954e+04
1.528656299330540787e+04
2.148433431248557099e+04
5.906690010014765721e+04
7.528797303954746894e+03
6.133781890676104922e+03
2.033528040968059940e+04
3.858818476954849029e+04
1.041980182344578134e+04
2.975346692094549144e+04
3.525275328199136129e+04
2.325831779849704253e+04
2.613067159510945930e+04
1.265260470959632221e+04
1.906716311317365762e+04
1.479432140301863546e+04
3.707892959686582617e+04
1.913303932358367456e+04
3.073136089397499745e+04
5.607520130166241142e+04
2.554957439758121109e+04
2.261984137225439918e+04
2.028595508908775082e+04
4.673032357011027671e+03
2.083596343479614006e+04
1.665803561356226055e+04
1.183327560639746662e+04
2.030202441294535674e+04
2.282816853117034771e+04
2.837892033755699958e+04
4.921118513688945677e+04
3.576199589548703807e+04
4.574123658934186096e+04
8.166408244822725464e+03
2.881177453817792048e+04
1.711382912403724913e+04
3.591146168716187094e+04
4.762981470906212053e+04
3.795068603643027018e+04
1.419037738990982871e+04
9.635015580110473820e+03
1.548734644697402837e+04
3.215131042631006130e+04
2.610319515797734130e+04
3.447291348201817163e+04
1.650401348392365617e+04
2.197116818978875017e+04
3.319883904317854467e+04
2.169153926673757815e+04
3.642246143433055840e+04
1.815678691881991836e+04
1.322916415119487647e+04
1.149707379330219374e+04
5.839516872902490832e+03
4.588308480102772592e+04
3.314790332433553704e+04
5.625690461491823953e+04
1.355427105879443843e+04
3.748079883200045151e+04
2.832012341791170184e+04
1.349608073033294204e+04
5.630347358577757404e+03
1.303704509162674549e+04
1.024871610570363555e+04
2.246778696938418216e+04
3.300634297722478368e+04
1.476581516048459162e+04
3.079876735889874908e+04
3.327913478036822926e+04
3.102347824367911016e+04
1.077820126569485001e+04
3.802961067274276138e+04
7.654523939059778058e+03
5.335846562103623910e+03
2.075018660090795311e+04
1.002235743091363474e+04
9.484040230939604953e+03
2.335397191623654362e+04
3.141173876072515850e+04
2.146610586928155317e+04
1.050293279050082128e+04
2.702192333116063310e+04
1.320163821419471424e+04
1.225046609236725999e+04
2.083336020481033484e+04
1.414139993985145520e+04
2.164382051996207883e+04
2.037559700245419663e+04
5.313714197799328394e+04
8.154363431260791913e+03
5.551517104145504709e+04
2.972551210876749610e+04
3.107927800131490221e+04
3.156942231793687824e+04
1.301050172152059531e+04
4.717734143825201500e+03
1.731469312897049804e+03
1.670539688431208197e+04
5.526103513279164326e+04
2.848893052587263810e+04
4.101448064200773661e+04
9.688108044761422207e+03
2.798341366202154404e+03
1.388573388549635274e+04
2.030765958974629393e+04
4.299097269711997069e+04
3.281139802854575828e+04
2.480178810392089508e+04
9.977273858626798756e+03
2.545539541949706472e+04
1.396726110135727504e+04
2.211677668651479325e+04
5.868591595350462012e+04
7.938674450835476819e+03
2.950292345248051788e+04
6.395198821468306414e+04
5.930771399220802778e+03
2.194467777993012714e+04
2.547180033508515044e+04
3.668015165606924256e+03
1.395006758186248771e+04
3.220166678188793230e+04
4.091734318577269732e+03
1.793061110683178413e+04
3.156440995381228277e+04
2.967866004927018366e+03
1.124644934757001283e+04
1.875737988997392677e+04
2.210548907724136370e+04
2.292960596137295943e+04
4.226080313455212308e+04
2.071267176343811298e+04
1.762603108597274331e+04
3.691150292955157056e+04
1.176095701287367774e+04
9.810368113318532778e+03
3.631379705932349316e+04
2.626914521687266461e+04
1.466620585651779220e+04
1.379591078139880119e+04
1.135503123829967444e+04
1.919415266734203760e+04
6.249251631774209272e+03
2.163832201709778019e+04
3.554521869263891131e+04
3.495742212308994931e+04
9.467265203021253910e+03
1.588169785732450327e+04
1.204696713312797147e+04
2.033501413825634518e+04
1.835454939846284833e+04
6.289526977714909299e+04
2.991557344061000185e+04
1.845147976024056697e+04
1.244065932269758559e+04
1.904778412936288441e+04
6.724407612994219562e+03
2.852906900355568723e+04
6.976818755855170821e+03
3.307529076038288622e+04
1.991690700515775097e+04
2.949367734070511506e+04
5.860390033358252549e+04
1.785583070716933071e+04
2.780786937984474207e+04
1.877871666736546831e+04
3.727977001179292711e+04
4.734085012547713268e+04
3.122097674373623158e+04
4.087452161279013671e+04
3.847576430053101649e+04
1.776169797474337975e+04
1.956490569083700757e+04
2.995297476878542511e+04
9.125373287595317379e+03
1.136269623782267081e+04
3.124791407421341137e+04
7.330932807155411865e+03
1.004724918248476752e+04
3.558364187881218095e+04
2.992137313570839251e+04
1.930733555596417136e+04
3.316641314140865870e+04
7.857903329312621281e+03
6.609463333814682846e+04
5.722342905335146497e+03
2.756130607031262480e+04
8.872077082424435503e+03
2.053741166640763913e+04
2.088592814183767041e+04
3.145320344089662103e+04
1.641802255712697297e+04
4.606267017826717347e+04
3.871138234003844445e+03
1.696540796394745121e+04
1.920317122603977623e+04
2.630288691033163923e+04
4.144525499834349466e+04
2.074790243005267985e+04
9.887057532827333489e+03
1.878663666177228151e+04
1.857575747037737528e+04
2.026282234630578751e+04
3.384702926372026559e+04
4.041161478972624900e+04
1.528344165180679920e+04
1.431567382906881721e+04
4.058772804013723362e+04
2.400493049735104432e+04
1.984198649980439950e+04
1.314710116447358087e+04
1.764448137517368741e+04
2.336945478594956876e+04
2.529279200906673577e+04
7.951600844342364871e+04
1.459851064197145388e+04
1.594706851055264087e+04
1.080547097192843648e+04
4.237830416126802447e+03
1.580217727260817082e+04
1.250316897302896359e+04
1.414553542737420867e+04
7.036744543024239829e+04
3.360814746202558126e+03
1.779131598941645279e+04
3.863240446575203532e+04
3.916463761532824719e+04
2.290813824876561193e+04
1.366856802766830515e+04
1.026061680235918175e+04
1.123645900402934240e+04
2.788934314186049596e+04
1.682173979981495359e+04
7.871323913140692457e+04
8.853403566335764481e+03
2.429542320587958966e+04
4.581509701033980491e+03
2.645409481521833368e+04
4.184706793408090743e+04
1.960026323426172894e+04
1.062181019845300216e+04
2.517265916140400805e+04
3.154666342704897033e+04
7.504865584128777846e+04
1.468351031486805732e+04
1.038829567855267669e+04
2.109179687640169504e+04
2.036640444832836511e+04
1.347467384805543043e+04
4.751611482246576088e+03
1.048448607327195350e+04
1.556802645595306967e+04
1.546585667987452325e+04
2.666447594043209392e+04
9.596768629303423950e+03
1.468102705520269228e+04
1.479317847250982959e+04
1.094513859928340025e+04
1.001324156762864004e+04
9.113360756125110129e+03
1.472907352951596295e+04
2.826501886309875772e+04
7.900874462196421518e+03
5.863511183821223676e+04
4.351439976712750649e+04
4.739435385225489154e+04
3.427072679534493363e+04
3.129111336296402442e+04
1.064824942205043953e+04
1.062761519027455506e+04
9.349349772228111760e+03
2.599163261622993014e+04
5.888515931063490279e+04
2.610505174299705686e+04
5.353243771686840773e+04
1.833811596261763771e+04
4.095025511597240984e+04
1.290378531770715563e+04
7.184967909239652727e+03
6.094672961785287771e+04
1.261501689550375522e+04
2.952523377863813221e+04
2.514816531552854576e+04
2.723305362671491457e+04
1.157825919452019298e+04
4.311253261332861257e+03
1.644640481622109291e+04
4.676134785259132332e+04
3.720243915485934849e+04
3.403709948562343925e+04
1.292354156437155325e+04
6.428550150674749602e+03
1.524320670491134661e+04
1.753690982545693623e+04
1.805455945928076471e+04
4.987039813815009984e+04
4.233321660407592572e+04
4.279508045266249246e+04
2.713372321593575180e+04
4.238574203268720157e+04
2.784627899236827943e+04
4.348612420287567147e+03
3.783741745078998792e+04
4.441125806375181855e+04
5.792849115271875053e+04
7.208209570854726735e+03
1.031230127202348285e+03
1.321697444393047408e+04
2.695659665212254913e+04
1.645679708568433853e+04
8.389122335394335096e+03
1.598239128812632953e+04
3.510171488406477874e+04
2.056406358216720764e+04
6.368878954707641969e+04
5.661764537006820319e+03
1.005652061917453102e+04
1.818752158852051798e+04
3.159898198389950994e+04
9.832148271055542864e+03
2.044318782725706478e+04
1.619346552273494854e+04
5.708652113461295085e+04
3.666191755512123927e+04
2.565027230942439564e+04
