1.525597656250000000e+04
1.572685253906250000e+04
2.287933007812500000e+04
2.921953906250000000e+04
3.223363281250000000e+04
3.576601953125000000e+04
4.443519531250000000e+04
5.337935156250000000e+04
5.606469531250000000e+04
5.612476953125000000e+04
6.011398046875000000e+04
5.593382812500000000e+04
5.510523437500000000e+04
5.179793359375000000e+04
5.996890234375000000e+04
6.766771875000000000e+04
6.689557031250000000e+04
7.397528125000000000e+04
6.429082421875000000e+04
6.595376562500000000e+04
7.240931250000000000e+04
7.496007812500000000e+04
8.021745312500000000e+04
8.326501562500000000e+04
7.530782812500000000e+04
7.495342968750000000e+04
8.132813281250000000e+04
7.174519531250000000e+04
8.091239062500000000e+04
9.111920312500000000e+04
7.402495312500000000e+04
9.209643750000000000e+04
9.130206250000000000e+04
9.970376562500000000e+04
9.156628125000000000e+04
9.710494531250000000e+04
9.860532031250000000e+04
9.653048437500000000e+04
1.033314375000000000e+05
1.150419453125000000e+05
9.787585937500000000e+04
1.131863281250000000e+05
1.351650625000000000e+05
1.268947890625000000e+05
1.315326718750000000e+05
1.382968593750000000e+05
1.398175937500000000e+05
1.397636250000000000e+05
1.433193437500000000e+05
1.601071562500000000e+05
1.827580625000000000e+05
1.466732031250000000e+05
1.326321093750000000e+05
1.680603593750000000e+05
1.744483750000000000e+05
1.827997812500000000e+05
1.756342500000000000e+05
2.033625468750000000e+05
1.913064218750000000e+05
2.105791875000000000e+05
1.630384218750000000e+05
2.092490000000000000e+05
2.025488750000000000e+05
2.146979687500000000e+05
2.490208125000000000e+05
2.343621093750000000e+05
2.076323593750000000e+05
2.685931875000000000e+05
2.956891250000000000e+05
2.763637812500000000e+05
2.525901250000000000e+05
2.488495468750000000e+05
2.352431562500000000e+05
2.514348906250000000e+05
2.766695000000000000e+05
2.466686250000000000e+05
2.816635000000000000e+05
2.932235625000000000e+05
2.411849375000000000e+05
2.516247968750000000e+05
2.780660625000000000e+05
2.458599218750000000e+05
2.427052343750000000e+05
2.487853750000000000e+05
2.617664843750000000e+05
1.893776562500000000e+05
2.876881250000000000e+05
2.707315000000000000e+05
3.115775000000000000e+05
2.314735468750000000e+05
2.660465625000000000e+05
2.254206250000000000e+05
2.291120000000000000e+05
2.237600000000000000e+05
2.239387343750000000e+05
2.371571093750000000e+05
2.459323593750000000e+05
2.330729218750000000e+05
2.744916562500000000e+05
2.497782812500000000e+05
2.371916250000000000e+05
2.633145625000000000e+05
2.779613750000000000e+05
3.161020000000000000e+05
2.701339375000000000e+05
2.832670937500000000e+05
2.550662031250000000e+05
2.575456875000000000e+05
1.740119375000000000e+05
2.930514375000000000e+05
2.363535312500000000e+05
2.398262187500000000e+05
2.167151093750000000e+05
2.868345937500000000e+05
2.480149687500000000e+05
3.077948437500000000e+05
2.546522656250000000e+05
2.473630312500000000e+05
2.235521718750000000e+05
3.031726562500000000e+05
2.393793906250000000e+05
2.841978750000000000e+05
2.576140937500000000e+05
2.452025468750000000e+05
3.136015000000000000e+05
2.215832187500000000e+05
2.973264375000000000e+05
2.514160312500000000e+05
2.632822500000000000e+05
2.630097187500000000e+05
1.780908437500000000e+05
3.537557187500000000e+05
2.594818750000000000e+05
2.585972187500000000e+05
2.615000468750000000e+05
2.562460156250000000e+05
2.739743125000000000e+05
1.944414375000000000e+05
1.807581875000000000e+05
2.712541875000000000e+05
2.020823750000000000e+05
2.784343125000000000e+05
2.172312343750000000e+05
2.242739531250000000e+05
2.205080625000000000e+05
1.877735000000000000e+05
1.703688281250000000e+05
1.756496718750000000e+05
1.410446562500000000e+05
1.553115468750000000e+05
1.529732031250000000e+05
1.463451406250000000e+05
1.693955468750000000e+05
1.686252812500000000e+05
1.722050625000000000e+05
2.044536875000000000e+05
1.719200937500000000e+05
1.181329531250000000e+05
1.273071250000000000e+05
1.121489375000000000e+05
1.537975312500000000e+05
9.397828906250000000e+04
1.162877343750000000e+05
1.088952890625000000e+05
9.903577343750000000e+04
1.067385625000000000e+05
8.869713281250000000e+04
8.972608593750000000e+04
9.286832812500000000e+04
1.149719531250000000e+05
1.066390937500000000e+05
1.291945859375000000e+05
8.422289062500000000e+04
6.047032812500000000e+04
7.281053125000000000e+04
6.902665625000000000e+04
7.898492187500000000e+04
6.245985156250000000e+04
6.361009375000000000e+04
4.453602343750000000e+04
4.247255859375000000e+04
4.901077343750000000e+04
6.153166406250000000e+04
6.020306640625000000e+04
8.454242187500000000e+04
8.383115625000000000e+04
6.862876562500000000e+04
7.271398437500000000e+04
7.764782812500000000e+04
6.804832031250000000e+04
5.386691015625000000e+04
4.700336718750000000e+04
7.655804687500000000e+04
4.531297656250000000e+04
3.666769531250000000e+04
5.268494531250000000e+04
4.564282421875000000e+04
5.310357421875000000e+04
7.052580468750000000e+04
6.158252343750000000e+04
5.694588281250000000e+04
6.627915625000000000e+04
4.996849218750000000e+04
5.031877343750000000e+04
3.782419921875000000e+04
4.687284375000000000e+04
4.394487500000000000e+04
3.583285937500000000e+04
5.211621875000000000e+04
5.024988671875000000e+04
5.633480468750000000e+04
5.531649609375000000e+04
3.735966406250000000e+04
3.191375781250000000e+04
3.885429296875000000e+04
3.829175000000000000e+04
4.694280078125000000e+04
3.083099218750000000e+04
3.945190625000000000e+04
3.289678906250000000e+04
4.056035546875000000e+04
2.755955078125000000e+04
3.286864843750000000e+04
2.295822070312500000e+04
3.195041796875000000e+04
3.483390625000000000e+04
4.049111718750000000e+04
3.764423437500000000e+04
3.050350000000000000e+04
2.927703320312500000e+04
3.618478515625000000e+04
3.902861718750000000e+04
3.817166406250000000e+04
3.702117968750000000e+04
3.962640625000000000e+04
3.395413671875000000e+04
3.235508007812500000e+04
2.950490234375000000e+04
3.088533007812500000e+04
3.603335156250000000e+04
3.481673046875000000e+04
4.364646093750000000e+04
3.248772460937500000e+04
4.271514453125000000e+04
3.941835937500000000e+04
4.842164453125000000e+04
4.566014843750000000e+04
4.603800781250000000e+04
3.722407812500000000e+04
3.168399414062500000e+04
3.133647265625000000e+04
3.755222656250000000e+04
3.888488281250000000e+04
3.932578125000000000e+04
3.791517968750000000e+04
3.618108593750000000e+04
3.122933593750000000e+04
3.712937500000000000e+04
3.405184375000000000e+04
3.100570898437500000e+04
3.134082226562500000e+04
3.426220312500000000e+04
3.000144726562500000e+04
3.108078125000000000e+04
3.207861132812500000e+04
3.422214843750000000e+04
3.666533984375000000e+04
3.192632421875000000e+04
3.215286718750000000e+04
3.235555859375000000e+04
2.591279101562500000e+04
2.963037695312500000e+04
3.535452343750000000e+04
3.027362304687500000e+04
3.413721484375000000e+04
3.085850000000000000e+04
3.789956250000000000e+04
3.666710156250000000e+04
4.141149218750000000e+04
3.770332031250000000e+04
3.064056445312500000e+04
3.024341406250000000e+04
2.806943945312500000e+04
3.689238281250000000e+04
3.662391796875000000e+04
5.325227734375000000e+04
5.097186718750000000e+04
6.376649218750000000e+04
6.240353125000000000e+04
5.052676562500000000e+04
3.904614843750000000e+04
4.530977343750000000e+04
4.593996093750000000e+04
4.809111718750000000e+04
4.569021093750000000e+04
4.225839453125000000e+04
4.159134765625000000e+04
3.768832031250000000e+04
4.449856640625000000e+04
4.871191406250000000e+04
3.696497265625000000e+04
3.572960937500000000e+04
4.028697265625000000e+04
2.673958593750000000e+04
3.323911718750000000e+04
3.839295312500000000e+04
2.603153320312500000e+04
2.726099218750000000e+04
3.012556640625000000e+04
2.893613281250000000e+04
4.003392968750000000e+04
2.970497070312500000e+04
2.817749414062500000e+04
3.110597656250000000e+04
3.840435937500000000e+04
3.064412109375000000e+04
2.985494335937500000e+04
3.000335156250000000e+04
3.033779492187500000e+04
2.644979882812500000e+04
3.355373828125000000e+04
3.625581640625000000e+04
2.553909960937500000e+04
2.225085156250000000e+04
3.068233007812500000e+04
3.062662109375000000e+04
4.464701562500000000e+04
3.513579687500000000e+04
3.941681640625000000e+04
3.127760546875000000e+04
3.188430859375000000e+04
3.396225390625000000e+04
2.844293359375000000e+04
2.861710742187500000e+04
5.179591406250000000e+04
4.049814843750000000e+04
3.068914648437500000e+04
3.915042968750000000e+04
2.961929882812500000e+04
2.919411132812500000e+04
3.797964062500000000e+04
3.307163281250000000e+04
2.910368359375000000e+04
3.385346093750000000e+04
3.729659375000000000e+04
3.865000000000000000e+04
2.075960546875000000e+04
2.822185351562500000e+04
3.307003125000000000e+04
2.879149414062500000e+04
2.676671679687500000e+04
2.989882617187500000e+04
2.217467187500000000e+04
3.780553515625000000e+04
3.375024218750000000e+04
2.778991210937500000e+04
3.998957031250000000e+04
2.519743750000000000e+04
3.494353125000000000e+04
2.818765820312500000e+04
3.190702734375000000e+04
3.573223437500000000e+04
3.784454687500000000e+04
3.806327343750000000e+04
3.595403906250000000e+04
2.863952929687500000e+04
3.018183789062500000e+04
3.392923437500000000e+04
2.964426757812500000e+04
2.840450585937500000e+04
2.804402929687500000e+04
3.733238281250000000e+04
3.091568945312500000e+04
3.633290625000000000e+04
2.315662500000000000e+04
2.829204882812500000e+04
3.286460937500000000e+04
3.538635546875000000e+04
3.685077734375000000e+04
3.861249218750000000e+04
2.976961718750000000e+04
3.845403906250000000e+04
2.893146875000000000e+04
2.821777148437500000e+04
2.084308789062500000e+04
2.330494531250000000e+04
2.702116601562500000e+04
2.505111523437500000e+04
3.849161718750000000e+04
1.839010546875000000e+04
2.900521484375000000e+04
2.877871289062500000e+04
4.288658593750000000e+04
4.435217187500000000e+04
2.714519335937500000e+04
3.383403906250000000e+04
3.143056250000000000e+04
3.587511328125000000e+04
2.882084570312500000e+04
3.302077734375000000e+04
2.621667578125000000e+04
3.157253320312500000e+04
2.957523632812500000e+04
3.673310546875000000e+04
2.808100390625000000e+04
2.398315820312500000e+04
2.874780859375000000e+04
2.827352148437500000e+04
4.321583593750000000e+04
2.209748437500000000e+04
3.532191406250000000e+04
2.250377343750000000e+04
2.944568945312500000e+04
2.582827734375000000e+04
2.193301562500000000e+04
2.229932421875000000e+04
3.032780468750000000e+04
1.972868750000000000e+04
2.838169531250000000e+04
2.950073046875000000e+04
3.261500976562500000e+04
2.540305273437500000e+04
4.628634375000000000e+04
2.911039843750000000e+04
2.851758203125000000e+04
2.524033203125000000e+04
3.045479296875000000e+04
3.071899609375000000e+04
2.151018359375000000e+04
2.415481250000000000e+04
3.106408007812500000e+04
2.193366601562500000e+04
2.102591796875000000e+04
3.024721484375000000e+04
2.329282226562500000e+04
4.467331250000000000e+04
2.704868945312500000e+04
2.834533203125000000e+04
3.841762109375000000e+04
3.511731640625000000e+04
4.192896875000000000e+04
4.287207031250000000e+04
3.365333203125000000e+04
1.776482421875000000e+04
2.623476953125000000e+04
2.910904882812500000e+04
3.296120312500000000e+04
2.937451367187500000e+04
2.779909765625000000e+04
2.943117187500000000e+04
1.741929687500000000e+04
2.979950390625000000e+04
3.018602539062500000e+04
2.013755468750000000e+04
3.451933984375000000e+04
2.571332812500000000e+04
2.066541796875000000e+04
2.717101953125000000e+04
2.255918750000000000e+04
3.164208203125000000e+04
1.749350781250000000e+04
1.897968554687500000e+04
2.645440625000000000e+04
1.704781640625000000e+04
2.574789843750000000e+04
2.928839062500000000e+04
2.327774804687500000e+04
1.941600781250000000e+04
2.488775781250000000e+04
2.088629687500000000e+04
1.952632226562500000e+04
2.219294140625000000e+04
2.149723828125000000e+04
2.106474414062500000e+04
3.770754296875000000e+04
4.707968359375000000e+04
2.578890429687500000e+04
3.313917968750000000e+04
2.591751171875000000e+04
2.566649609375000000e+04
1.920688671875000000e+04
2.360988281250000000e+04
2.165817773437500000e+04
4.064633984375000000e+04
2.866144921875000000e+04
2.806962695312500000e+04
3.578759765625000000e+04
2.088584570312500000e+04
2.290059570312500000e+04
2.836890625000000000e+04
2.980348437500000000e+04
3.895512109375000000e+04
2.174634960937500000e+04
2.640938671875000000e+04
2.963926757812500000e+04
4.866862500000000000e+04
3.010838671875000000e+04
2.707560937500000000e+04
2.259182031250000000e+04
3.364029296875000000e+04
2.341319531250000000e+04
3.163546093750000000e+04
1.162585546875000000e+04
2.521452734375000000e+04
1.925725781250000000e+04
2.070810156250000000e+04
2.469813281250000000e+04
2.351956640625000000e+04
3.270627148437500000e+04
3.837340625000000000e+04
2.156637304687500000e+04
2.039425976562500000e+04
2.682573242187500000e+04
2.310217773437500000e+04
3.351035937500000000e+04
3.783159375000000000e+04
2.711408593750000000e+04
1.734919531250000000e+04
2.033124218750000000e+04
2.493942578125000000e+04
2.853534375000000000e+04
2.686941406250000000e+04
2.084685546875000000e+04
2.617594531250000000e+04
3.750723437500000000e+04
2.148750000000000000e+04
1.718336718750000000e+04
3.101535546875000000e+04
3.074597070312500000e+04
2.713675390625000000e+04
1.802730078125000000e+04
2.056705078125000000e+04
1.569210937500000000e+04
1.726975781250000000e+04
2.085393945312500000e+04
5.139589062500000000e+04
1.463206445312500000e+04
3.440166796875000000e+04
2.483419726562500000e+04
2.149117773437500000e+04
1.395271582031250000e+04
2.697186328125000000e+04
3.695417578125000000e+04
1.771133789062500000e+04
5.223575781250000000e+04
1.894817578125000000e+04
2.696297656250000000e+04
3.343600781250000000e+04
3.530042968750000000e+04
2.072329296875000000e+04
2.419161718750000000e+04
2.291787500000000000e+04
2.130995703125000000e+04
2.842184375000000000e+04
1.746027539062500000e+04
2.064858593750000000e+04
2.003252929687500000e+04
2.015816796875000000e+04
2.288431250000000000e+04
1.166147753906250000e+04
4.111010156250000000e+04
2.055626562500000000e+04
2.534839843750000000e+04
1.852078125000000000e+04
2.197639843750000000e+04
1.857211328125000000e+04
2.325060351562500000e+04
3.041410156250000000e+04
4.331572265625000000e+04
2.012079687500000000e+04
2.589660742187500000e+04
2.909590429687500000e+04
2.102085937500000000e+04
4.384706640625000000e+04
1.927258398437500000e+04
2.818581640625000000e+04
2.262246093750000000e+04
1.729828906250000000e+04
3.679105078125000000e+04
2.984750781250000000e+04
2.280970703125000000e+04
1.908872265625000000e+04
2.375494726562500000e+04
3.145898437500000000e+04
2.110236914062500000e+04
1.917502343750000000e+04
1.918428125000000000e+04
2.058052734375000000e+04
2.063831835937500000e+04
2.501829296875000000e+04
3.253774609375000000e+04
2.160608203125000000e+04
2.083856445312500000e+04
1.322195117187500000e+04
1.497798632812500000e+04
2.056172656250000000e+04
2.158683203125000000e+04
1.414849218750000000e+04
1.189516796875000000e+04
1.328673242187500000e+04
1.668711718750000000e+04
1.355112500000000000e+04
1.532766601562500000e+04
1.522453906250000000e+04
2.869070703125000000e+04
1.218750195312500000e+04
2.847365234375000000e+04
1.960132031250000000e+04
1.307172656250000000e+04
2.567571875000000000e+04
1.113138183593750000e+04
1.401241210937500000e+04
1.829626171875000000e+04
1.873295507812500000e+04
1.518980859375000000e+04
3.539752734375000000e+04
1.558535644531250000e+04
2.641263281250000000e+04
1.950900781250000000e+04
2.037137304687500000e+04
2.519969726562500000e+04
3.084708984375000000e+04
1.191383007812500000e+04
1.557354296875000000e+04
1.799108203125000000e+04
2.920006250000000000e+04
1.192187011718750000e+04
1.438876171875000000e+04
1.413640625000000000e+04
1.889302734375000000e+04
2.779399609375000000e+04
2.655042187500000000e+04
2.023789843750000000e+04
1.649277734375000000e+04
1.950069335937500000e+04
1.250509179687500000e+04
1.754050781250000000e+04
8.872160156250000000e+03
1.368069140625000000e+04
1.325718164062500000e+04
1.939970312500000000e+04
8.471005859375000000e+03
2.294617968750000000e+04
3.257650585937500000e+04
1.304856738281250000e+04
1.711248437500000000e+04
1.387228222656250000e+04
1.815855859375000000e+04
1.719422265625000000e+04
1.732891796875000000e+04
1.876997851562500000e+04
1.239368261718750000e+04
1.379466210937500000e+04
2.172947265625000000e+04
1.921947656250000000e+04
2.539323632812500000e+04
1.923324609375000000e+04
2.228806835937500000e+04
1.404164648437500000e+04
1.453147851562500000e+04
3.128505273437500000e+04
1.876738867187500000e+04
1.605119042968750000e+04
1.127288085937500000e+04
3.257627343750000000e+04
2.030194531250000000e+04
3.781250000000000000e+04
1.703505273437500000e+04
1.828349414062500000e+04
1.311928222656250000e+04
2.450884179687500000e+04
2.856099218750000000e+04
2.985674609375000000e+04
2.380783203125000000e+04
1.486644433593750000e+04
1.630496191406250000e+04
1.839464062500000000e+04
1.650702734375000000e+04
1.466756054687500000e+04
2.549668554687500000e+04
1.539868750000000000e+04
1.270958886718750000e+04
2.153833593750000000e+04
2.112710156250000000e+04
2.221304296875000000e+04
1.565126562500000000e+04
2.239016015625000000e+04
1.347186914062500000e+04
1.782450390625000000e+04
1.844179101562500000e+04
1.694237500000000000e+04
1.497060351562500000e+04
1.488827343750000000e+04
1.624257226562500000e+04
1.579622851562500000e+04
1.078844531250000000e+04
9.640101562500000000e+03
1.849926757812500000e+04
3.596736328125000000e+04
1.285945117187500000e+04
1.528205175781250000e+04
1.243987792968750000e+04
1.554148632812500000e+04
2.030825781250000000e+04
1.361261328125000000e+04
1.218093261718750000e+04
2.062813281250000000e+04
1.398201074218750000e+04
1.237064550781250000e+04
1.496266894531250000e+04
1.037841992187500000e+04
1.045382714843750000e+04
8.921090820312500000e+03
1.394947070312500000e+04
1.600014453125000000e+04
1.046765429687500000e+04
1.338422167968750000e+04
8.795677734375000000e+03
8.972585937500000000e+03
2.306235546875000000e+04
1.430017578125000000e+04
9.649718750000000000e+03
1.759321484375000000e+04
2.944337500000000000e+04
1.584728125000000000e+04
1.490989843750000000e+04
1.427756250000000000e+04
1.506759863281250000e+04
1.194462109375000000e+04
1.951334179687500000e+04
1.045169042968750000e+04
1.084674804687500000e+04
1.144220898437500000e+04
2.171869921875000000e+04
1.384981738281250000e+04
1.368462695312500000e+04
1.945373828125000000e+04
2.777365429687500000e+04
1.899953320312500000e+04
1.913742578125000000e+04
1.258492382812500000e+04
1.201297851562500000e+04
2.496756250000000000e+04
1.120365527343750000e+04
1.973313281250000000e+04
7.811437988281250000e+03
2.061657812500000000e+04
9.680864257812500000e+03
1.054857812500000000e+04
1.503839257812500000e+04
1.240161132812500000e+04
1.203036621093750000e+04
1.420123046875000000e+04
1.561754296875000000e+04
1.614546484375000000e+04
1.186926660156250000e+04
2.034156054687500000e+04
1.428713085937500000e+04
8.967585937500000000e+03
1.191554882812500000e+04
1.500033300781250000e+04
1.267309570312500000e+04
1.142179101562500000e+04
1.555232324218750000e+04
1.427769824218750000e+04
1.618464550781250000e+04
1.016209765625000000e+04
1.414866015625000000e+04
7.811273925781250000e+03
2.191662695312500000e+04
8.385715820312500000e+03
1.675452929687500000e+04
8.595696289062500000e+03
1.449276074218750000e+04
1.156739453125000000e+04
1.636725000000000000e+04
1.470521191406250000e+04
1.167002734375000000e+04
1.723443554687500000e+04
1.528014843750000000e+04
9.004869140625000000e+03
1.510118554687500000e+04
9.693552734375000000e+03
1.075450000000000000e+04
1.265224609375000000e+04
2.297510156250000000e+04
1.915540625000000000e+04
9.353694335937500000e+03
1.590988867187500000e+04
1.712193164062500000e+04
1.988054101562500000e+04
8.818234375000000000e+03
1.549321093750000000e+04
1.429674218750000000e+04
1.932564062500000000e+04
1.348924609375000000e+04
1.596277343750000000e+04
1.183796484375000000e+04
1.009761523437500000e+04
7.397073242187500000e+03
8.762534179687500000e+03
1.263951660156250000e+04
2.085122656250000000e+04
1.151191601562500000e+04
1.536967675781250000e+04
9.898699218750000000e+03
1.192734082031250000e+04
1.133691210937500000e+04
7.900640625000000000e+03
9.210955078125000000e+03
1.714058984375000000e+04
1.269185644531250000e+04
1.746369921875000000e+04
1.838983593750000000e+04
1.796827734375000000e+04
1.183882226562500000e+04
1.587644433593750000e+04
9.042807617187500000e+03
1.283217089843750000e+04
9.979809570312500000e+03
1.495093164062500000e+04
1.198510937500000000e+04
1.064908984375000000e+04
2.544189453125000000e+04
1.259960058593750000e+04
9.339431640625000000e+03
9.903179687500000000e+03
1.218797460937500000e+04
1.281640039062500000e+04
1.146868847656250000e+04
1.559566406250000000e+04
1.221401367187500000e+04
1.332550976562500000e+04
1.212153125000000000e+04
1.544537890625000000e+04
1.201033691406250000e+04
7.262644531250000000e+03
1.020498144531250000e+04
1.533180078125000000e+04
9.804971679687500000e+03
9.801240234375000000e+03
8.863306640625000000e+03
8.459895507812500000e+03
6.970478027343750000e+03
1.337494921875000000e+04
9.802535156250000000e+03
1.074808398437500000e+04
1.211773632812500000e+04
9.642714843750000000e+03
1.082079980468750000e+04
9.096658203125000000e+03
1.775508007812500000e+04
1.265628515625000000e+04
8.350592773437500000e+03
1.320842578125000000e+04
1.039153515625000000e+04
1.244739453125000000e+04
1.256473632812500000e+04
6.954729980468750000e+03
9.659126953125000000e+03
1.399926171875000000e+04
1.298615234375000000e+04
1.532502734375000000e+04
7.381466796875000000e+03
9.644726562500000000e+03
1.315649511718750000e+04
1.729403125000000000e+04
8.343029296875000000e+03
1.189234375000000000e+04
7.311927734375000000e+03
9.237751953125000000e+03
6.729756835937500000e+03
9.144918945312500000e+03
6.843527343750000000e+03
8.339703125000000000e+03
1.199537695312500000e+04
1.026519726562500000e+04
1.170990136718750000e+04
9.945659179687500000e+03
7.802701171875000000e+03
6.509558105468750000e+03
7.069881347656250000e+03
9.176597656250000000e+03
8.182975585937500000e+03
8.423169921875000000e+03
7.771600097656250000e+03
1.375884570312500000e+04
9.944234375000000000e+03
1.167758203125000000e+04
1.274061523437500000e+04
9.064292968750000000e+03
8.638993164062500000e+03
1.553673828125000000e+04
1.010176562500000000e+04
1.256196484375000000e+04
1.166100195312500000e+04
2.234447070312500000e+04
8.295894531250000000e+03
7.346569335937500000e+03
1.389425781250000000e+04
1.381257812500000000e+04
9.582083007812500000e+03
1.011604101562500000e+04
6.441991699218750000e+03
5.973606445312500000e+03
1.038848046875000000e+04
1.269836914062500000e+04
7.668513671875000000e+03
9.174684570312500000e+03
7.314055664062500000e+03
1.027670312500000000e+04
1.041211132812500000e+04
1.519288085937500000e+04
1.096994921875000000e+04
5.051217773437500000e+03
5.818680664062500000e+03
1.035856054687500000e+04
9.982583007812500000e+03
7.313812011718750000e+03
6.875118652343750000e+03
1.523504492187500000e+04
7.029928710937500000e+03
7.870246093750000000e+03
1.360247070312500000e+04
7.029117675781250000e+03
1.447073828125000000e+04
1.051438281250000000e+04
5.799274902343750000e+03
8.423095703125000000e+03
8.753536132812500000e+03
5.993477539062500000e+03
1.561831445312500000e+04
6.801148925781250000e+03
8.053356445312500000e+03
8.235481445312500000e+03
1.105556054687500000e+04
9.673597656250000000e+03
5.606562500000000000e+03
6.707640136718750000e+03
1.133457031250000000e+04
1.077305664062500000e+04
1.190810351562500000e+04
9.923691406250000000e+03
1.317174804687500000e+04
1.077033496093750000e+04
1.483125976562500000e+04
1.551049218750000000e+04
8.199493164062500000e+03
1.230742187500000000e+04
1.483151660156250000e+04
5.815856933593750000e+03
1.044557617187500000e+04
9.357743164062500000e+03
7.238895019531250000e+03
9.438764648437500000e+03
8.659275390625000000e+03
6.929771484375000000e+03
1.960673632812500000e+04
7.265430664062500000e+03
9.839092773437500000e+03
8.905331054687500000e+03
8.441750000000000000e+03
2.134400976562500000e+04
8.536654296875000000e+03
7.443345214843750000e+03
9.392228515625000000e+03
1.086766113281250000e+04
1.031325195312500000e+04
7.727459472656250000e+03
5.774173339843750000e+03
1.175310058593750000e+04
8.692660156250000000e+03
6.794398437500000000e+03
9.893323242187500000e+03
1.263641601562500000e+04
1.274008886718750000e+04
7.011924316406250000e+03
8.450934570312500000e+03
7.384504394531250000e+03
6.710357421875000000e+03
8.441548828125000000e+03
6.796195312500000000e+03
6.421700683593750000e+03
7.082912109375000000e+03
6.554120117187500000e+03
9.189615234375000000e+03
1.029403710937500000e+04
8.919823242187500000e+03
6.951620605468750000e+03
1.730139843750000000e+04
6.956718261718750000e+03
8.224375000000000000e+03
1.026945898437500000e+04
1.046054492187500000e+04
1.097778125000000000e+04
1.378616210937500000e+04
1.275090039062500000e+04
9.698123046875000000e+03
1.041516210937500000e+04
7.377978515625000000e+03
7.608694335937500000e+03
8.135953613281250000e+03
7.039467285156250000e+03
5.453016601562500000e+03
6.466458496093750000e+03
8.100207031250000000e+03
7.938559082031250000e+03
7.281318847656250000e+03
9.973413085937500000e+03
9.867459960937500000e+03
7.826996582031250000e+03
7.075145019531250000e+03
6.431629882812500000e+03
7.662510742187500000e+03
1.531357519531250000e+04
6.563849121093750000e+03
6.077437011718750000e+03
8.109303710937500000e+03
1.047264160156250000e+04
8.767234375000000000e+03
7.668028808593750000e+03
8.774943359375000000e+03
8.099656250000000000e+03
7.377960449218750000e+03
6.369578125000000000e+03
8.782736328125000000e+03
1.855353906250000000e+04
6.084723144531250000e+03
8.099251953125000000e+03
1.229443945312500000e+04
6.857722167968750000e+03
4.627650390625000000e+03
5.655658203125000000e+03
5.943200195312500000e+03
8.056587402343750000e+03
5.744083007812500000e+03
8.261380859375000000e+03
4.567868164062500000e+03
5.854594238281250000e+03
7.329816406250000000e+03
5.444505859375000000e+03
6.476693847656250000e+03
7.412286621093750000e+03
5.899191406250000000e+03
1.409800781250000000e+04
7.848489746093750000e+03
7.807002929687500000e+03
1.979255273437500000e+04
9.948138671875000000e+03
7.218127929687500000e+03
1.046136621093750000e+04
1.020349707031250000e+04
8.103697265625000000e+03
6.284590332031250000e+03
8.430839843750000000e+03
9.317937500000000000e+03
6.605571289062500000e+03
6.294820312500000000e+03
7.049855957031250000e+03
7.260792968750000000e+03
1.121402343750000000e+04
9.174728515625000000e+03
7.469336425781250000e+03
5.470427734375000000e+03
8.236066406250000000e+03
7.410545898437500000e+03
8.031696289062500000e+03
7.118084472656250000e+03
1.164253710937500000e+04
6.437729492187500000e+03
6.981477539062500000e+03
5.733236816406250000e+03
8.329255859375000000e+03
7.874067871093750000e+03
8.857796875000000000e+03
5.392962890625000000e+03
6.494821289062500000e+03
8.699132812500000000e+03
1.086459375000000000e+04
8.209742187500000000e+03
8.409826171875000000e+03
5.433469726562500000e+03
5.902126464843750000e+03
6.053207519531250000e+03
6.828098144531250000e+03
5.374862792968750000e+03
5.412404296875000000e+03
6.362316894531250000e+03
5.659720703125000000e+03
7.573991699218750000e+03
6.558955078125000000e+03
6.262682617187500000e+03
1.517936132812500000e+04
6.451087402343750000e+03
1.010945898437500000e+04
6.551424316406250000e+03
5.154869628906250000e+03
1.479130273437500000e+04
7.130842773437500000e+03
7.569992675781250000e+03
6.843215820312500000e+03
1.105461425781250000e+04
6.798990722656250000e+03
1.085951953125000000e+04
6.043208984375000000e+03
1.109769531250000000e+04
6.309026367187500000e+03
7.208233886718750000e+03
4.797412109375000000e+03
5.536885253906250000e+03
9.692248046875000000e+03
7.715723632812500000e+03
9.972808593750000000e+03
8.576958984375000000e+03
1.658714062500000000e+04
9.298862304687500000e+03
7.624596191406250000e+03
6.110851074218750000e+03
9.967490234375000000e+03
6.948236816406250000e+03
8.376830078125000000e+03
9.377638671875000000e+03
1.003383789062500000e+04
6.062510742187500000e+03
8.732242187500000000e+03
7.987122070312500000e+03
8.778496093750000000e+03
8.292827148437500000e+03
1.007536523437500000e+04
9.980974609375000000e+03
6.290041015625000000e+03
8.047499023437500000e+03
7.500020507812500000e+03
7.630376953125000000e+03
6.934240234375000000e+03
9.940285156250000000e+03
1.485296777343750000e+04
7.982947753906250000e+03
7.128551757812500000e+03
5.917148437500000000e+03
9.191753906250000000e+03
8.247898437500000000e+03
9.337980468750000000e+03
6.522631835937500000e+03
5.129042480468750000e+03
4.954152832031250000e+03
6.700226562500000000e+03
8.584892578125000000e+03
7.880078125000000000e+03
5.840903320312500000e+03
5.918526855468750000e+03
6.111757324218750000e+03
5.753182128906250000e+03
4.727329101562500000e+03
7.405125976562500000e+03
7.962771972656250000e+03
7.286413085937500000e+03
4.868637207031250000e+03
6.618692382812500000e+03
6.517308105468750000e+03
7.688503906250000000e+03
1.004295507812500000e+04
5.571300292968750000e+03
6.226443847656250000e+03
8.179185546875000000e+03
7.319633300781250000e+03
1.120166601562500000e+04
6.452378417968750000e+03
8.336508789062500000e+03
4.919154296875000000e+03
5.996413085937500000e+03
5.768601074218750000e+03
5.160927734375000000e+03
5.242854003906250000e+03
5.670529296875000000e+03
5.604652832031250000e+03
4.729779785156250000e+03
4.594112792968750000e+03
9.332041015625000000e+03
4.569868164062500000e+03
6.389327636718750000e+03
7.855449218750000000e+03
5.520580566406250000e+03
5.193675781250000000e+03
6.108302246093750000e+03
5.951730468750000000e+03
8.572500000000000000e+03
8.366113281250000000e+03
8.524230468750000000e+03
8.229913085937500000e+03
7.280919921875000000e+03
6.284624023437500000e+03
9.327040039062500000e+03
9.556570312500000000e+03
6.030604003906250000e+03
8.120753417968750000e+03
6.818970703125000000e+03
6.348408691406250000e+03
6.526179687500000000e+03
5.863809570312500000e+03
7.191278320312500000e+03
7.515354492187500000e+03
9.519444335937500000e+03
7.516810546875000000e+03
6.221591796875000000e+03
5.465467773437500000e+03
5.188715820312500000e+03
5.619119140625000000e+03
5.504200195312500000e+03
6.318563964843750000e+03
5.789189453125000000e+03
7.340260253906250000e+03
8.135150390625000000e+03
5.095577636718750000e+03
5.301252441406250000e+03
6.263832031250000000e+03
8.317818359375000000e+03
5.782258789062500000e+03
1.013373632812500000e+04
7.324457031250000000e+03
5.584305664062500000e+03
1.000448046875000000e+04
7.204292968750000000e+03
7.012025878906250000e+03
5.925408691406250000e+03
5.326221679687500000e+03
4.553268554687500000e+03
5.085117187500000000e+03
5.265200195312500000e+03
7.160937988281250000e+03
5.307839843750000000e+03
5.478700683593750000e+03
6.654113281250000000e+03
1.398122460937500000e+04
5.500807128906250000e+03
1.362499609375000000e+04
7.700879882812500000e+03
7.777170898437500000e+03
6.466251953125000000e+03
7.709962402343750000e+03
7.231039062500000000e+03
7.062882812500000000e+03
6.018711425781250000e+03
7.807984863281250000e+03
6.732327148437500000e+03
6.369498535156250000e+03
6.384205566406250000e+03
6.040984375000000000e+03
5.407565917968750000e+03
6.068894042968750000e+03
5.034268554687500000e+03
5.373908203125000000e+03
6.397010253906250000e+03
7.834629882812500000e+03
1.002090722656250000e+04
6.328076171875000000e+03
6.835776367187500000e+03
6.678230957031250000e+03
7.288482421875000000e+03
7.458270019531250000e+03
6.214673828125000000e+03
6.525142578125000000e+03
7.178777832031250000e+03
6.577989746093750000e+03
1.126195507812500000e+04
9.949025390625000000e+03
1.077441796875000000e+04
7.693239746093750000e+03
9.079327148437500000e+03
9.888328125000000000e+03
8.514183593750000000e+03
1.257044921875000000e+04
6.633582031250000000e+03
7.491850097656250000e+03
8.908110351562500000e+03
9.025045898437500000e+03
8.397573242187500000e+03
4.965313964843750000e+03
6.829711425781250000e+03
7.791022949218750000e+03
7.080033203125000000e+03
6.490081542968750000e+03
6.686445800781250000e+03
7.580335449218750000e+03
6.899687500000000000e+03
6.686496093750000000e+03
8.086181152343750000e+03
6.369704589843750000e+03
7.321843261718750000e+03
7.767200683593750000e+03
7.251620117187500000e+03
7.023346679687500000e+03
6.542798828125000000e+03
6.378242187500000000e+03
6.674164062500000000e+03
6.097648437500000000e+03
6.765535156250000000e+03
7.405450195312500000e+03
5.939096679687500000e+03
5.176274414062500000e+03
6.887120117187500000e+03
8.009029296875000000e+03
7.972941406250000000e+03
8.185790039062500000e+03
7.033352539062500000e+03
5.972081054687500000e+03
6.309163085937500000e+03
6.665895019531250000e+03
6.715481445312500000e+03
6.876204101562500000e+03
8.752789062500000000e+03
7.487127441406250000e+03
9.293357421875000000e+03
7.684936035156250000e+03
5.947591796875000000e+03
7.614526367187500000e+03
7.839197265625000000e+03
1.076416796875000000e+04
1.035312207031250000e+04
9.411062500000000000e+03
8.860071289062500000e+03
1.114354882812500000e+04
8.214394531250000000e+03
8.122767578125000000e+03
6.353989257812500000e+03
7.884529785156250000e+03
1.476736132812500000e+04
8.419582031250000000e+03
1.099296875000000000e+04
9.137223632812500000e+03
7.704665039062500000e+03
8.097097167968750000e+03
6.419876953125000000e+03
8.237218750000000000e+03
1.027532226562500000e+04
9.150478515625000000e+03
9.792900390625000000e+03
7.683606445312500000e+03
1.385394140625000000e+04
6.441565917968750000e+03
5.572195312500000000e+03
5.907064941406250000e+03
7.972406738281250000e+03
7.921471191406250000e+03
8.306976562500000000e+03
8.548333984375000000e+03
7.020208007812500000e+03
7.584080566406250000e+03
7.436804199218750000e+03
6.847183593750000000e+03
8.741004882812500000e+03
6.880724609375000000e+03
5.775352539062500000e+03
5.979150390625000000e+03
8.005039062500000000e+03
7.870250000000000000e+03
6.656686523437500000e+03
6.708162109375000000e+03
6.682178222656250000e+03
6.147656738281250000e+03
8.459531250000000000e+03
7.828690917968750000e+03
9.101816406250000000e+03
5.466733886718750000e+03
6.030934570312500000e+03
6.925282714843750000e+03
6.945897460937500000e+03
6.612879394531250000e+03
5.560091308593750000e+03
8.258976562500000000e+03
1.442668164062500000e+04
6.486520019531250000e+03
7.167937500000000000e+03
6.238104492187500000e+03
6.179910644531250000e+03
6.928694824218750000e+03
6.404052734375000000e+03
8.349908203125000000e+03
9.818306640625000000e+03
8.680417968750000000e+03
8.011864257812500000e+03
7.729150878906250000e+03
8.659375976562500000e+03
8.404900390625000000e+03
8.878407226562500000e+03
9.148732421875000000e+03
8.364285156250000000e+03
8.029774902343750000e+03
7.527207519531250000e+03
5.610749511718750000e+03
9.330789062500000000e+03
8.462416015625000000e+03
8.225097656250000000e+03
7.359904296875000000e+03
1.007576953125000000e+04
7.920580078125000000e+03
8.901597656250000000e+03
9.165819335937500000e+03
9.566847656250000000e+03
7.801824218750000000e+03
6.986774902343750000e+03
5.997300292968750000e+03
6.907701171875000000e+03
8.500548828125000000e+03
8.005434570312500000e+03
9.437015625000000000e+03
1.053470703125000000e+04
1.167238476562500000e+04
7.888898925781250000e+03
1.093694726562500000e+04
9.607845703125000000e+03
9.073478515625000000e+03
8.469820312500000000e+03
9.078318359375000000e+03
1.031530175781250000e+04
8.645361328125000000e+03
5.614999023437500000e+03
5.257699707031250000e+03
6.240805175781250000e+03
5.482112304687500000e+03
6.879036621093750000e+03
6.930294921875000000e+03
8.089603027343750000e+03
9.634884765625000000e+03
7.281366699218750000e+03
6.909316894531250000e+03
7.151438964843750000e+03
7.807792968750000000e+03
5.690901855468750000e+03
5.809613769531250000e+03
4.773699218750000000e+03
6.273630371093750000e+03
6.258074707031250000e+03
4.858669433593750000e+03
6.675825683593750000e+03
7.034892578125000000e+03
7.468910156250000000e+03
8.724320312500000000e+03
1.043256835937500000e+04
8.674445312500000000e+03
7.779427246093750000e+03
6.389191406250000000e+03
8.416383789062500000e+03
6.759042480468750000e+03
6.763756835937500000e+03
6.539110839843750000e+03
8.075611816406250000e+03
6.978291015625000000e+03
6.561074218750000000e+03
6.000345703125000000e+03
6.021520507812500000e+03
6.736862304687500000e+03
6.517629882812500000e+03
6.719675292968750000e+03
9.372541015625000000e+03
9.271152343750000000e+03
6.604008789062500000e+03
7.021549804687500000e+03
6.807479003906250000e+03
6.877642578125000000e+03
6.121290527343750000e+03
8.336542968750000000e+03
1.070257617187500000e+04
8.528507812500000000e+03
9.703441406250000000e+03
6.470707031250000000e+03
6.662305664062500000e+03
9.009971679687500000e+03
1.016487695312500000e+04
9.259675781250000000e+03
7.639805664062500000e+03
6.512830078125000000e+03
8.994181640625000000e+03
8.251469726562500000e+03
7.741999023437500000e+03
8.091187500000000000e+03
7.433072265625000000e+03
7.687788085937500000e+03
7.431143554687500000e+03
7.142864746093750000e+03
7.884439941406250000e+03
1.132455566406250000e+04
9.164465820312500000e+03
1.173519531250000000e+04
7.708118652343750000e+03
6.662086914062500000e+03
9.675570312500000000e+03
1.004039941406250000e+04
1.109439843750000000e+04
1.016800781250000000e+04
7.825190429687500000e+03
7.413690429687500000e+03
7.172762695312500000e+03
8.601666015625000000e+03
8.648803710937500000e+03
7.481222656250000000e+03
8.720070312500000000e+03
8.221857421875000000e+03
7.320583984375000000e+03
7.135848632812500000e+03
9.272176757812500000e+03
8.407214843750000000e+03
8.254153320312500000e+03
6.501774902343750000e+03
7.333835449218750000e+03
7.935960937500000000e+03
8.271824218750000000e+03
1.015552929687500000e+04
1.124979101562500000e+04
1.289486914062500000e+04
1.055859082031250000e+04
1.221186914062500000e+04
8.101275878906250000e+03
6.174691406250000000e+03
6.052000000000000000e+03
6.890835937500000000e+03
9.037403320312500000e+03
7.361039062500000000e+03
6.487047851562500000e+03
6.770634277343750000e+03
7.293109375000000000e+03
8.064231445312500000e+03
1.009491406250000000e+04
9.087251953125000000e+03
8.872115234375000000e+03
1.005558300781250000e+04
7.429858398437500000e+03
7.967853515625000000e+03
8.886040039062500000e+03
9.405289062500000000e+03
7.377597167968750000e+03
7.809180175781250000e+03
7.357031738281250000e+03
7.562174316406250000e+03
7.960189453125000000e+03
7.589399414062500000e+03
8.490808593750000000e+03
6.319553710937500000e+03
6.579528320312500000e+03
8.582491210937500000e+03
7.163278320312500000e+03
7.078387207031250000e+03
8.144522949218750000e+03
6.612614257812500000e+03
7.307006347656250000e+03
6.874234375000000000e+03
8.280692382812500000e+03
8.204558593750000000e+03
7.688112304687500000e+03
8.985648437500000000e+03
8.098903320312500000e+03
7.722832031250000000e+03
6.802379394531250000e+03
7.626778320312500000e+03
6.484748046875000000e+03
7.097460937500000000e+03
6.994806640625000000e+03
7.267660156250000000e+03
6.395074218750000000e+03
6.985247070312500000e+03
7.338176757812500000e+03
8.683047851562500000e+03
8.497446289062500000e+03
1.032258300781250000e+04
6.338540039062500000e+03
8.175286132812500000e+03
8.015396484375000000e+03
9.498301757812500000e+03
6.740097656250000000e+03
8.263257812500000000e+03
5.483987304687500000e+03
8.419955078125000000e+03
6.572475097656250000e+03
7.397662109375000000e+03
5.509634765625000000e+03
7.323765625000000000e+03
8.344574218750000000e+03
8.223946289062500000e+03
8.559739257812500000e+03
7.201015625000000000e+03
6.774096191406250000e+03
7.883801757812500000e+03
7.621769531250000000e+03
7.447736328125000000e+03
9.723501953125000000e+03
9.685227539062500000e+03
1.146520019531250000e+04
1.277364648437500000e+04
1.085015234375000000e+04
1.329997558593750000e+04
1.177733789062500000e+04
8.748514648437500000e+03
7.306786132812500000e+03
8.321497070312500000e+03
9.381899414062500000e+03
8.607289062500000000e+03
7.721208984375000000e+03
8.057044921875000000e+03
9.118057617187500000e+03
7.126043945312500000e+03
9.144505859375000000e+03
8.517089843750000000e+03
9.034019531250000000e+03
8.363695312500000000e+03
7.589652832031250000e+03
8.536169921875000000e+03
9.796234375000000000e+03
9.174027343750000000e+03
9.482386718750000000e+03
1.503421777343750000e+04
1.094328125000000000e+04
8.268539062500000000e+03
1.431586718750000000e+04
7.860887695312500000e+03
8.103882812500000000e+03
8.632859375000000000e+03
9.628128906250000000e+03
9.696670898437500000e+03
8.792108398437500000e+03
7.970737304687500000e+03
7.633557617187500000e+03
7.027279785156250000e+03
6.469081542968750000e+03
9.694925781250000000e+03
8.295914062500000000e+03
8.235668945312500000e+03
6.300050781250000000e+03
6.697541992187500000e+03
8.211875000000000000e+03
7.062553710937500000e+03
6.544820312500000000e+03
6.905224609375000000e+03
7.250994140625000000e+03
6.092619140625000000e+03
7.677163574218750000e+03
8.105247558593750000e+03
6.594961914062500000e+03
7.025340820312500000e+03
7.564334960937500000e+03
5.124708984375000000e+03
5.241035156250000000e+03
5.951472656250000000e+03
6.573788574218750000e+03
6.784211914062500000e+03
9.757822265625000000e+03
8.470783203125000000e+03
7.713347656250000000e+03
7.718834960937500000e+03
7.733075195312500000e+03
8.338907226562500000e+03
7.209940429687500000e+03
8.602050781250000000e+03
8.902360351562500000e+03
7.627508300781250000e+03
1.091307910156250000e+04
9.810039062500000000e+03
1.005249121093750000e+04
7.968914550781250000e+03
7.768549316406250000e+03
6.300821289062500000e+03
6.648529785156250000e+03
6.764667480468750000e+03
5.716069335937500000e+03
6.052703125000000000e+03
6.201758789062500000e+03
8.824363281250000000e+03
7.846499023437500000e+03
1.103814453125000000e+04
6.023586914062500000e+03
5.692452636718750000e+03
6.617836914062500000e+03
8.570079101562500000e+03
6.294027343750000000e+03
7.065563476562500000e+03
8.001308593750000000e+03
6.192903320312500000e+03
7.181364257812500000e+03
6.060481933593750000e+03
7.171649902343750000e+03
5.168957519531250000e+03
5.977035156250000000e+03
7.659331054687500000e+03
6.472140136718750000e+03
7.740145019531250000e+03
6.610358886718750000e+03
6.296132812500000000e+03
8.091832519531250000e+03
7.192981445312500000e+03
5.695418457031250000e+03
6.708113769531250000e+03
6.798355468750000000e+03
7.009615722656250000e+03
8.329508789062500000e+03
8.110983886718750000e+03
8.317026367187500000e+03
9.313076171875000000e+03
7.980770019531250000e+03
8.500007812500000000e+03
6.527599609375000000e+03
6.845598144531250000e+03
6.876935058593750000e+03
8.069186523437500000e+03
7.217170410156250000e+03
5.676487304687500000e+03
7.507397949218750000e+03
9.703011718750000000e+03
9.689960937500000000e+03
7.357643066406250000e+03
7.580180664062500000e+03
7.527112304687500000e+03
6.311577148437500000e+03
5.647170898437500000e+03
7.016625000000000000e+03
7.221219726562500000e+03
7.357652343750000000e+03
5.739372070312500000e+03
5.561376953125000000e+03
5.938160644531250000e+03
7.241468261718750000e+03
4.159672851562500000e+03
5.938211914062500000e+03
5.231067382812500000e+03
5.049396484375000000e+03
4.981847167968750000e+03
4.482581054687500000e+03
5.084452148437500000e+03
5.110040039062500000e+03
5.343572265625000000e+03
6.189418457031250000e+03
6.895194335937500000e+03
9.187837890625000000e+03
5.275530273437500000e+03
7.106470703125000000e+03
7.647013671875000000e+03
6.242818359375000000e+03
5.476066406250000000e+03
9.876726562500000000e+03
4.703521484375000000e+03
5.931886718750000000e+03
4.370185546875000000e+03
6.016241699218750000e+03
4.236236328125000000e+03
5.350694335937500000e+03
5.779034667968750000e+03
6.825136230468750000e+03
6.425154296875000000e+03
7.451973632812500000e+03
6.864384277343750000e+03
5.143278320312500000e+03
5.255123046875000000e+03
6.333860351562500000e+03
8.984175781250000000e+03
7.678577148437500000e+03
8.336824218750000000e+03
4.706510253906250000e+03
5.557139648437500000e+03
5.724541015625000000e+03
6.991707031250000000e+03
6.438205566406250000e+03
7.256912109375000000e+03
4.881611816406250000e+03
6.765046875000000000e+03
6.865101562500000000e+03
6.030518554687500000e+03
6.851285156250000000e+03
6.638283203125000000e+03
7.755295898437500000e+03
7.837343750000000000e+03
7.118066406250000000e+03
7.151601074218750000e+03
5.920872070312500000e+03
8.630330078125000000e+03
7.492622070312500000e+03
8.761782226562500000e+03
6.310526855468750000e+03
8.067774414062500000e+03
6.812749511718750000e+03
7.953041015625000000e+03
7.732538085937500000e+03
7.104359375000000000e+03
6.085181640625000000e+03
6.880059570312500000e+03
6.481184570312500000e+03
6.131311035156250000e+03
6.807131347656250000e+03
1.079629589843750000e+04
6.980609863281250000e+03
8.556156250000000000e+03
8.951388671875000000e+03
9.816085937500000000e+03
8.229244140625000000e+03
7.823445312500000000e+03
6.043442382812500000e+03
5.790538085937500000e+03
5.248227539062500000e+03
6.810215332031250000e+03
6.787941406250000000e+03
6.343614257812500000e+03
5.505245117187500000e+03
7.069163085937500000e+03
5.671187500000000000e+03
6.549642089843750000e+03
8.022770507812500000e+03
6.218463867187500000e+03
7.913236816406250000e+03
5.601253906250000000e+03
7.826079101562500000e+03
7.955570312500000000e+03
6.949414062500000000e+03
6.821414550781250000e+03
5.855098144531250000e+03
6.206213867187500000e+03
7.269476562500000000e+03
7.351944824218750000e+03
5.675791992187500000e+03
5.110283691406250000e+03
5.857133300781250000e+03
6.661770996093750000e+03
8.152116210937500000e+03
7.033741210937500000e+03
7.889630859375000000e+03
7.942815429687500000e+03
9.228016601562500000e+03
9.088629882812500000e+03
8.851476562500000000e+03
7.831788085937500000e+03
7.893284179687500000e+03
7.208613769531250000e+03
4.945099609375000000e+03
5.449907714843750000e+03
6.709774414062500000e+03
5.311606445312500000e+03
6.121151367187500000e+03
5.990529296875000000e+03
6.436756347656250000e+03
5.831413574218750000e+03
6.762712890625000000e+03
6.701354003906250000e+03
1.038259765625000000e+04
6.537641601562500000e+03
6.343615234375000000e+03
6.213157226562500000e+03
6.368154296875000000e+03
6.537911621093750000e+03
5.687304687500000000e+03
6.600922851562500000e+03
5.497050781250000000e+03
6.112657226562500000e+03
6.286082031250000000e+03
7.748511718750000000e+03
6.913296875000000000e+03
5.490677734375000000e+03
6.145577148437500000e+03
5.113895507812500000e+03
5.289745117187500000e+03
5.549451171875000000e+03
7.369753906250000000e+03
7.656113281250000000e+03
6.499221191406250000e+03
7.584033203125000000e+03
1.184437695312500000e+04
6.888169921875000000e+03
6.233601562500000000e+03
6.445682617187500000e+03
6.386661132812500000e+03
6.032747070312500000e+03
6.253253906250000000e+03
7.352054687500000000e+03
6.310631835937500000e+03
5.973443847656250000e+03
8.203250000000000000e+03
5.661900390625000000e+03
5.441894042968750000e+03
5.537332031250000000e+03
4.981307617187500000e+03
5.081131347656250000e+03
1.097389843750000000e+04
5.717423828125000000e+03
5.757072265625000000e+03
6.585491699218750000e+03
6.145982910156250000e+03
5.546740234375000000e+03
4.488677734375000000e+03
4.772895507812500000e+03
4.240396484375000000e+03
6.307383789062500000e+03
6.225897460937500000e+03
6.054997070312500000e+03
8.044110351562500000e+03
6.053206054687500000e+03
7.274553222656250000e+03
5.117924804687500000e+03
6.507553710937500000e+03
5.555642089843750000e+03
6.965441406250000000e+03
8.158310546875000000e+03
1.190354003906250000e+04
9.984545898437500000e+03
9.350421875000000000e+03
7.799524414062500000e+03
5.857321777343750000e+03
5.786885742187500000e+03
7.426792968750000000e+03
7.091749023437500000e+03
7.125442871093750000e+03
7.638577636718750000e+03
6.934867187500000000e+03
6.939452148437500000e+03
7.867606445312500000e+03
8.591712890625000000e+03
9.098357421875000000e+03
6.034075683593750000e+03
7.239678710937500000e+03
7.628218261718750000e+03
6.905819824218750000e+03
8.718373046875000000e+03
7.094745117187500000e+03
5.178225097656250000e+03
6.909106445312500000e+03
8.002144042968750000e+03
7.903554199218750000e+03
7.148263671875000000e+03
7.824907714843750000e+03
1.017833203125000000e+04
6.960478515625000000e+03
6.077873046875000000e+03
8.767722656250000000e+03
9.168860351562500000e+03
9.218812500000000000e+03
8.354307617187500000e+03
8.510789062500000000e+03
1.145742382812500000e+04
7.971875000000000000e+03
8.569655273437500000e+03
9.562890625000000000e+03
1.243422265625000000e+04
7.073284179687500000e+03
6.086057617187500000e+03
6.442148437500000000e+03
6.065946289062500000e+03
6.458738281250000000e+03
6.594059570312500000e+03
7.631665039062500000e+03
7.887481445312500000e+03
6.508784667968750000e+03
7.657948242187500000e+03
7.134972656250000000e+03
6.529493652343750000e+03
7.759063476562500000e+03
9.841779296875000000e+03
9.789335937500000000e+03
1.019054687500000000e+04
1.006944726562500000e+04
8.510109375000000000e+03
6.507120117187500000e+03
6.599753417968750000e+03
5.788785156250000000e+03
8.246796875000000000e+03
8.551871093750000000e+03
9.470915039062500000e+03
8.752996093750000000e+03
8.767113281250000000e+03
9.246352539062500000e+03
8.086021484375000000e+03
6.361844726562500000e+03
7.514027343750000000e+03
7.467064453125000000e+03
6.425944335937500000e+03
8.486128906250000000e+03
7.009655761718750000e+03
8.438102539062500000e+03
5.971580078125000000e+03
6.815820800781250000e+03
1.231465722656250000e+04
1.054299902343750000e+04
7.281475097656250000e+03
9.123617187500000000e+03
9.374395507812500000e+03
7.787271484375000000e+03
6.703288085937500000e+03
5.550953125000000000e+03
7.004633300781250000e+03
5.476083007812500000e+03
6.842973632812500000e+03
9.703263671875000000e+03
6.850507812500000000e+03
6.100002929687500000e+03
5.982242187500000000e+03
6.036632812500000000e+03
5.944508789062500000e+03
6.964921875000000000e+03
5.859433593750000000e+03
5.147808593750000000e+03
5.776124511718750000e+03
5.935974609375000000e+03
4.739433593750000000e+03
1.155682031250000000e+04
5.767083984375000000e+03
7.255209960937500000e+03
6.399026367187500000e+03
7.901140625000000000e+03
8.373723632812500000e+03
1.010791601562500000e+04
9.418703125000000000e+03
6.217414062500000000e+03
5.996476562500000000e+03
6.676135253906250000e+03
6.363939941406250000e+03
1.052138476562500000e+04
6.207187500000000000e+03
8.099708984375000000e+03
8.730843750000000000e+03
1.093501855468750000e+04
9.418920898437500000e+03
7.194428710937500000e+03
7.515352539062500000e+03
6.936041015625000000e+03
6.981227539062500000e+03
7.702909179687500000e+03
5.459907226562500000e+03
5.786741210937500000e+03
6.254200195312500000e+03
9.916603515625000000e+03
9.930908203125000000e+03
1.064778613281250000e+04
9.038578125000000000e+03
1.032136132812500000e+04
6.259689941406250000e+03
6.989630371093750000e+03
5.804935546875000000e+03
5.368983398437500000e+03
6.768497070312500000e+03
7.860268554687500000e+03
7.348829101562500000e+03
8.745395507812500000e+03
6.046927734375000000e+03
7.064106933593750000e+03
1.108035839843750000e+04
5.446110351562500000e+03
6.492013671875000000e+03
6.143322265625000000e+03
8.529400390625000000e+03
8.836342773437500000e+03
7.805786621093750000e+03
6.430507812500000000e+03
6.929755371093750000e+03
6.706390625000000000e+03
7.129185546875000000e+03
6.903866699218750000e+03
6.194603515625000000e+03
6.707438476562500000e+03
7.608291015625000000e+03
1.231521972656250000e+04
6.770572753906250000e+03
5.844330078125000000e+03
5.976930664062500000e+03
6.989158691406250000e+03
6.489499511718750000e+03
6.623615234375000000e+03
9.369033203125000000e+03
7.070841796875000000e+03
5.597160156250000000e+03
5.713803710937500000e+03
5.550932617187500000e+03
5.145971679687500000e+03
6.969434082031250000e+03
6.325909179687500000e+03
7.434436523437500000e+03
6.977257812500000000e+03
6.982831054687500000e+03
7.797830566406250000e+03
8.614050781250000000e+03
5.393276367187500000e+03
5.653646484375000000e+03
6.931871093750000000e+03
6.172725585937500000e+03
5.790019531250000000e+03
5.859598632812500000e+03
6.649396484375000000e+03
6.914488281250000000e+03
7.815281738281250000e+03
6.792664550781250000e+03
7.255190917968750000e+03
4.894289550781250000e+03
7.043165039062500000e+03
5.808772460937500000e+03
7.470916015625000000e+03
7.074071777343750000e+03
5.541008300781250000e+03
5.487688476562500000e+03
4.987151367187500000e+03
6.875190917968750000e+03
7.314425292968750000e+03
6.747927734375000000e+03
7.129205078125000000e+03
6.407774902343750000e+03
5.789249023437500000e+03
5.884939941406250000e+03
6.336015136718750000e+03
7.166012695312500000e+03
7.821473632812500000e+03
5.902417968750000000e+03
6.178934570312500000e+03
7.133500976562500000e+03
7.377693359375000000e+03
7.915114257812500000e+03
8.471564453125000000e+03
9.133494140625000000e+03
8.203314453125000000e+03
7.040125000000000000e+03
8.739522460937500000e+03
7.775624023437500000e+03
8.031645507812500000e+03
6.592158203125000000e+03
6.472843261718750000e+03
7.443111328125000000e+03
7.342218750000000000e+03
1.102959960937500000e+04
7.069653320312500000e+03
8.265375976562500000e+03
9.042863281250000000e+03
8.016726074218750000e+03
6.891943847656250000e+03
6.924926757812500000e+03
7.159527343750000000e+03
8.383904296875000000e+03
9.259802734375000000e+03
6.448974609375000000e+03
7.099733886718750000e+03
7.050589355468750000e+03
6.352463378906250000e+03
6.539108886718750000e+03
5.022743164062500000e+03
1.002316210937500000e+04
8.046049804687500000e+03
8.665097656250000000e+03
5.746704101562500000e+03
5.178477539062500000e+03
6.384224609375000000e+03
6.198890136718750000e+03
7.591890136718750000e+03
7.164851074218750000e+03
6.287895996093750000e+03
6.127522460937500000e+03
6.135560546875000000e+03
8.826882812500000000e+03
6.025680664062500000e+03
7.201588378906250000e+03
6.646618164062500000e+03
5.801458007812500000e+03
5.922310058593750000e+03
6.503296875000000000e+03
7.132386718750000000e+03
7.671407226562500000e+03
5.602754882812500000e+03
7.638726562500000000e+03
1.025855566406250000e+04
1.049544531250000000e+04
6.871368164062500000e+03
7.731383789062500000e+03
6.988258300781250000e+03
6.474105468750000000e+03
8.816681640625000000e+03
1.042908593750000000e+04
1.201303125000000000e+04
1.188659179687500000e+04
1.060505273437500000e+04
7.459607421875000000e+03
8.849226562500000000e+03
9.780888671875000000e+03
9.302648437500000000e+03
1.269384375000000000e+04
1.140330371093750000e+04
1.179876953125000000e+04
9.996830078125000000e+03
6.865232910156250000e+03
9.462621093750000000e+03
8.057361816406250000e+03
7.318431640625000000e+03
8.764085937500000000e+03
6.748731445312500000e+03
8.035358398437500000e+03
6.720237304687500000e+03
7.548610351562500000e+03
5.819197265625000000e+03
7.819783203125000000e+03
9.394931640625000000e+03
8.299499023437500000e+03
8.485728515625000000e+03
7.075181640625000000e+03
6.087180664062500000e+03
6.268541992187500000e+03
5.080478515625000000e+03
8.563661132812500000e+03
8.460134765625000000e+03
1.212034570312500000e+04
6.257206054687500000e+03
6.100293945312500000e+03
7.051718750000000000e+03
6.333727539062500000e+03
7.483119140625000000e+03
5.250842773437500000e+03
5.314967773437500000e+03
6.586466796875000000e+03
8.574995117187500000e+03
7.289954589843750000e+03
7.184070312500000000e+03
6.714490722656250000e+03
6.950331542968750000e+03
7.037335449218750000e+03
6.301632812500000000e+03
5.202634765625000000e+03
6.234527343750000000e+03
7.175187988281250000e+03
6.904657226562500000e+03
5.481590820312500000e+03
5.467916503906250000e+03
6.076495605468750000e+03
5.172670410156250000e+03
5.418848632812500000e+03
4.858948730468750000e+03
5.289976074218750000e+03
5.677069335937500000e+03
6.563098632812500000e+03
6.030432128906250000e+03
5.806905273437500000e+03
5.990573242187500000e+03
7.148480468750000000e+03
6.445215332031250000e+03
8.860003906250000000e+03
1.043551269531250000e+04
8.224526367187500000e+03
7.837355468750000000e+03
6.494013671875000000e+03
6.474036132812500000e+03
5.148641601562500000e+03
6.581139648437500000e+03
6.653496093750000000e+03
7.999528320312500000e+03
5.580614257812500000e+03
6.065836914062500000e+03
6.523319335937500000e+03
5.948020507812500000e+03
8.403000976562500000e+03
8.821246093750000000e+03
7.055848144531250000e+03
8.554078125000000000e+03
9.792263671875000000e+03
8.991625000000000000e+03
7.870294921875000000e+03
7.938389160156250000e+03
7.567231445312500000e+03
6.848146484375000000e+03
7.422301757812500000e+03
5.824382812500000000e+03
1.019032031250000000e+04
6.696711914062500000e+03
7.052175781250000000e+03
1.168709179687500000e+04
6.441106445312500000e+03
6.190357421875000000e+03
8.014336914062500000e+03
8.122253417968750000e+03
1.091376855468750000e+04
7.810009765625000000e+03
6.751822265625000000e+03
5.972472167968750000e+03
7.040077148437500000e+03
6.405937500000000000e+03
7.974213378906250000e+03
7.971104003906250000e+03
6.786866699218750000e+03
5.549385742187500000e+03
7.808778808593750000e+03
6.941532714843750000e+03
6.606491699218750000e+03
7.845439453125000000e+03
4.948130859375000000e+03
6.724007812500000000e+03
8.995848632812500000e+03
7.094882812500000000e+03
8.678400390625000000e+03
1.002926562500000000e+04
6.879065429687500000e+03
8.954762695312500000e+03
7.771478515625000000e+03
8.368995117187500000e+03
5.706324218750000000e+03
7.824920898437500000e+03
9.056834960937500000e+03
1.064736914062500000e+04
1.052284863281250000e+04
7.164612792968750000e+03
8.874689453125000000e+03
8.088153320312500000e+03
6.781387695312500000e+03
5.814819824218750000e+03
7.341930175781250000e+03
5.955088378906250000e+03
5.804464843750000000e+03
6.750833007812500000e+03
6.008753417968750000e+03
8.337220703125000000e+03
6.112793457031250000e+03
6.639974609375000000e+03
6.087499511718750000e+03
8.794746093750000000e+03
7.627634765625000000e+03
6.570075683593750000e+03
7.401861328125000000e+03
6.536390625000000000e+03
7.123114746093750000e+03
7.946856933593750000e+03
5.641210449218750000e+03
5.982088867187500000e+03
7.270037109375000000e+03
4.957525878906250000e+03
5.347165039062500000e+03
6.440364746093750000e+03
6.677492187500000000e+03
5.716797363281250000e+03
5.545873535156250000e+03
6.808991210937500000e+03
6.437845703125000000e+03
7.449832519531250000e+03
5.981469726562500000e+03
5.908897460937500000e+03
4.761709472656250000e+03
5.812106445312500000e+03
6.299322265625000000e+03
5.730673828125000000e+03
6.876135253906250000e+03
4.939995117187500000e+03
5.874648437500000000e+03
6.196958007812500000e+03
6.732209960937500000e+03
6.869395507812500000e+03
6.807035156250000000e+03
6.766375976562500000e+03
5.340983398437500000e+03
4.958705566406250000e+03
5.231275390625000000e+03
5.578931640625000000e+03
6.652196289062500000e+03
6.165200195312500000e+03
6.639284179687500000e+03
5.268896484375000000e+03
4.237870117187500000e+03
7.149967773437500000e+03
6.342429687500000000e+03
6.105570312500000000e+03
5.834154296875000000e+03
6.872338378906250000e+03
5.398886718750000000e+03
5.959791992187500000e+03
5.253908203125000000e+03
5.136954101562500000e+03
6.378831054687500000e+03
6.661251464843750000e+03
8.264554687500000000e+03
7.575215820312500000e+03
1.386522070312500000e+04
8.603823242187500000e+03
6.718328125000000000e+03
4.991047851562500000e+03
1.221083691406250000e+04
5.073757812500000000e+03
4.970456542968750000e+03
6.548980468750000000e+03
4.687761718750000000e+03
5.107883789062500000e+03
5.803030273437500000e+03
7.093185058593750000e+03
4.759796386718750000e+03
7.215721679687500000e+03
6.926739746093750000e+03
6.527527343750000000e+03
5.544576171875000000e+03
6.300232910156250000e+03
4.895846679687500000e+03
4.835541015625000000e+03
6.880501953125000000e+03
1.032329492187500000e+04
6.874434570312500000e+03
7.404451660156250000e+03
6.637183593750000000e+03
3.550374023437500000e+03
6.237608398437500000e+03
7.844896484375000000e+03
7.579110351562500000e+03
7.820139648437500000e+03
6.432526367187500000e+03
5.620607910156250000e+03
5.666919921875000000e+03
7.283762207031250000e+03
1.143566406250000000e+04
7.549749511718750000e+03
6.777331054687500000e+03
9.070138671875000000e+03
8.572514648437500000e+03
4.727738769531250000e+03
4.336327148437500000e+03
7.421509277343750000e+03
6.402541015625000000e+03
7.739931640625000000e+03
7.592433593750000000e+03
9.341763671875000000e+03
5.391056640625000000e+03
5.976016601562500000e+03
7.472691406250000000e+03
7.802006835937500000e+03
6.236539062500000000e+03
6.342200195312500000e+03
6.247571777343750000e+03
6.862040039062500000e+03
6.079746093750000000e+03
5.860720703125000000e+03
5.560458007812500000e+03
9.883112304687500000e+03
8.039581542968750000e+03
9.846175781250000000e+03
6.932985351562500000e+03
5.885417968750000000e+03
6.482020996093750000e+03
7.844494140625000000e+03
8.670954101562500000e+03
7.877870117187500000e+03
8.058984863281250000e+03
7.059547851562500000e+03
8.748839843750000000e+03
9.706246093750000000e+03
1.098992480468750000e+04
1.037954882812500000e+04
9.825748046875000000e+03
8.191540039062500000e+03
8.252286132812500000e+03
1.249542968750000000e+04
9.180009765625000000e+03
1.084958007812500000e+04
1.619643359375000000e+04
9.388445312500000000e+03
9.126661132812500000e+03
7.701338378906250000e+03
7.773235351562500000e+03
8.982620117187500000e+03
8.638829101562500000e+03
8.931060546875000000e+03
8.218171875000000000e+03
1.016550195312500000e+04
8.904244140625000000e+03
9.181136718750000000e+03
7.254943359375000000e+03
7.266916992187500000e+03
5.504359375000000000e+03
6.820551269531250000e+03
8.008844726562500000e+03
5.788477050781250000e+03
6.033187011718750000e+03
6.647737304687500000e+03
7.556782714843750000e+03
6.508689453125000000e+03
5.298706054687500000e+03
5.676389648437500000e+03
6.501218261718750000e+03
6.182317871093750000e+03
5.498715820312500000e+03
6.270579101562500000e+03
6.759662597656250000e+03
6.618402832031250000e+03
7.119726562500000000e+03
7.072667968750000000e+03
7.240602539062500000e+03
6.416757812500000000e+03
5.481719726562500000e+03
4.974712890625000000e+03
6.507061523437500000e+03
6.117265136718750000e+03
7.448903320312500000e+03
6.372737792968750000e+03
5.784011718750000000e+03
6.316761718750000000e+03
5.905433105468750000e+03
5.288889648437500000e+03
5.869008300781250000e+03
5.197430664062500000e+03
4.772864257812500000e+03
7.387030273437500000e+03
6.678862304687500000e+03
5.412415039062500000e+03
5.833816894531250000e+03
8.057551757812500000e+03
8.834021484375000000e+03
1.119757617187500000e+04
9.229705078125000000e+03
9.465945312500000000e+03
8.292030273437500000e+03
6.037991210937500000e+03
4.861178710937500000e+03
6.014653320312500000e+03
6.245943847656250000e+03
6.514414062500000000e+03
5.731122558593750000e+03
6.886205566406250000e+03
6.321179687500000000e+03
5.956981933593750000e+03
5.595125000000000000e+03
6.285483886718750000e+03
7.874808593750000000e+03
8.186127929687500000e+03
9.511755859375000000e+03
8.191391113281250000e+03
6.766682617187500000e+03
6.878689941406250000e+03
6.562500488281250000e+03
7.254079589843750000e+03
5.751779296875000000e+03
6.256513671875000000e+03
6.179724609375000000e+03
4.809702148437500000e+03
5.698945312500000000e+03
5.656281738281250000e+03
5.488437011718750000e+03
5.945004882812500000e+03
7.682278808593750000e+03
9.243992187500000000e+03
5.981127441406250000e+03
5.259946289062500000e+03
6.453975585937500000e+03
6.132767578125000000e+03
4.567855957031250000e+03
4.627832031250000000e+03
6.082614257812500000e+03
6.915056152343750000e+03
7.059784179687500000e+03
7.466802734375000000e+03
7.555310546875000000e+03
6.652503906250000000e+03
6.384997070312500000e+03
5.891117675781250000e+03
6.283617187500000000e+03
6.364411132812500000e+03
6.614494628906250000e+03
6.179933105468750000e+03
5.538315429687500000e+03
6.564477539062500000e+03
6.072934082031250000e+03
6.491893554687500000e+03
7.372114257812500000e+03
7.697087402343750000e+03
7.032841308593750000e+03
4.574705566406250000e+03
5.051684570312500000e+03
5.199680175781250000e+03
5.521210937500000000e+03
5.310903808593750000e+03
9.642050781250000000e+03
1.038109179687500000e+04
8.924808593750000000e+03
7.072851562500000000e+03
6.099510253906250000e+03
5.106344238281250000e+03
7.075251953125000000e+03
7.564850097656250000e+03
6.327706054687500000e+03
5.345450195312500000e+03
5.710375000000000000e+03
6.585542968750000000e+03
6.071162109375000000e+03
4.014120605468750000e+03
5.555498535156250000e+03
5.815230957031250000e+03
5.006687500000000000e+03
5.397551269531250000e+03
7.138426269531250000e+03
6.122137207031250000e+03
4.897769531250000000e+03
5.499889648437500000e+03
5.545038085937500000e+03
5.625031250000000000e+03
4.238970703125000000e+03
5.967524414062500000e+03
5.022510742187500000e+03
5.703479492187500000e+03
5.743928710937500000e+03
5.744516601562500000e+03
5.190862304687500000e+03
6.446074218750000000e+03
6.644513183593750000e+03
7.639571777343750000e+03
6.416212890625000000e+03
7.515040039062500000e+03
6.384199218750000000e+03
7.547251464843750000e+03
7.750165039062500000e+03
9.621647460937500000e+03
8.245946289062500000e+03
5.596917968750000000e+03
4.529419921875000000e+03
5.480398437500000000e+03
6.121164062500000000e+03
5.368380859375000000e+03
6.606275390625000000e+03
6.206485351562500000e+03
5.299734375000000000e+03
9.160173828125000000e+03
6.558414062500000000e+03
6.485488769531250000e+03
6.366758300781250000e+03
6.912966308593750000e+03
5.928337890625000000e+03
7.549654296875000000e+03
8.309575195312500000e+03
8.478388671875000000e+03
9.349108398437500000e+03
8.061208007812500000e+03
9.165200195312500000e+03
9.359138671875000000e+03
7.292391601562500000e+03
6.732026855468750000e+03
7.571944335937500000e+03
7.969221679687500000e+03
6.471215820312500000e+03
8.421417968750000000e+03
6.419071777343750000e+03
6.847012207031250000e+03
7.917983398437500000e+03
8.019485839843750000e+03
8.584848632812500000e+03
8.433761718750000000e+03
6.510362792968750000e+03
7.936425781250000000e+03
8.068657226562500000e+03
8.287573242187500000e+03
7.497057617187500000e+03
6.430346679687500000e+03
6.037844238281250000e+03
6.542888671875000000e+03
7.716793945312500000e+03
7.724489257812500000e+03
7.017621582031250000e+03
7.838106933593750000e+03
5.706308593750000000e+03
5.764110351562500000e+03
6.131706542968750000e+03
5.823554199218750000e+03
8.730519531250000000e+03
9.066052734375000000e+03
7.548445312500000000e+03
7.312886718750000000e+03
8.262212890625000000e+03
8.861976562500000000e+03
6.890047851562500000e+03
1.235433593750000000e+04
8.576384765625000000e+03
9.668103515625000000e+03
9.321170898437500000e+03
5.780122070312500000e+03
6.392495117187500000e+03
7.848101562500000000e+03
6.350660156250000000e+03
7.795683105468750000e+03
7.907947753906250000e+03
8.773527343750000000e+03
8.517632812500000000e+03
6.706087890625000000e+03
6.403096679687500000e+03
8.078834472656250000e+03
6.097595214843750000e+03
5.984173339843750000e+03
6.625676757812500000e+03
5.169986328125000000e+03
5.314677734375000000e+03
5.282689453125000000e+03
7.609226562500000000e+03
6.086952148437500000e+03
7.011859375000000000e+03
6.382268554687500000e+03
6.893687500000000000e+03
7.797362304687500000e+03
6.435938476562500000e+03
6.660585937500000000e+03
7.392082519531250000e+03
7.742796875000000000e+03
1.056720800781250000e+04
1.104796289062500000e+04
1.112818750000000000e+04
1.014156152343750000e+04
9.536306640625000000e+03
8.010108398437500000e+03
1.085567773437500000e+04
9.246001953125000000e+03
1.082300488281250000e+04
1.044777148437500000e+04
1.118002148437500000e+04
9.519349609375000000e+03
6.259998046875000000e+03
6.503480468750000000e+03
7.500913085937500000e+03
1.092971679687500000e+04
1.057378808593750000e+04
1.080150195312500000e+04
7.900830566406250000e+03
9.964510742187500000e+03
7.056666992187500000e+03
8.383629882812500000e+03
9.750076171875000000e+03
1.270971093750000000e+04
9.589509765625000000e+03
1.265677148437500000e+04
1.016580859375000000e+04
1.101313964843750000e+04
1.083610351562500000e+04
1.035177734375000000e+04
8.438266601562500000e+03
6.205727050781250000e+03
1.046385937500000000e+04
8.853232421875000000e+03
9.660052734375000000e+03
1.001143359375000000e+04
8.195691406250000000e+03
5.685841796875000000e+03
7.464829101562500000e+03
7.833346679687500000e+03
7.270045410156250000e+03
8.904535156250000000e+03
7.359829101562500000e+03
7.408763671875000000e+03
5.939890136718750000e+03
5.665375976562500000e+03
6.080573242187500000e+03
1.001559472656250000e+04
9.709907226562500000e+03
8.946464843750000000e+03
9.446310546875000000e+03
1.131556250000000000e+04
9.510047851562500000e+03
6.432168945312500000e+03
7.136323242187500000e+03
9.662839843750000000e+03
9.981660156250000000e+03
8.569122070312500000e+03
1.030820507812500000e+04
5.461482910156250000e+03
7.151260253906250000e+03
9.715274414062500000e+03
1.053553320312500000e+04
9.402458007812500000e+03
7.631426757812500000e+03
6.041058593750000000e+03
5.812580566406250000e+03
5.759572265625000000e+03
8.109985351562500000e+03
7.856808593750000000e+03
7.748033691406250000e+03
8.430425781250000000e+03
8.049110351562500000e+03
7.029363769531250000e+03
7.867634277343750000e+03
6.643252929687500000e+03
4.897554687500000000e+03
7.827989257812500000e+03
6.688475097656250000e+03
7.129780273437500000e+03
5.868951660156250000e+03
7.272263671875000000e+03
7.262309082031250000e+03
1.160650195312500000e+04
1.092379687500000000e+04
1.355186035156250000e+04
1.399317773437500000e+04
1.111106640625000000e+04
7.770704101562500000e+03
7.453055175781250000e+03
4.799409179687500000e+03
6.109809082031250000e+03
6.501960937500000000e+03
8.525562500000000000e+03
8.896746093750000000e+03
6.849647460937500000e+03
6.119738281250000000e+03
5.706903320312500000e+03
5.692402343750000000e+03
6.538624023437500000e+03
5.868645507812500000e+03
5.808976562500000000e+03
5.406930175781250000e+03
5.695416992187500000e+03
5.768778320312500000e+03
5.985949218750000000e+03
5.639898925781250000e+03
4.877187011718750000e+03
5.304594726562500000e+03
5.201582031250000000e+03
6.823277343750000000e+03
5.901772460937500000e+03
9.054545898437500000e+03
5.706069335937500000e+03
6.220659179687500000e+03
4.142701660156250000e+03
6.788799804687500000e+03
4.770501464843750000e+03
5.445868164062500000e+03
6.443206542968750000e+03
4.833261718750000000e+03
5.029185546875000000e+03
5.042245117187500000e+03
6.316918457031250000e+03
5.201237304687500000e+03
4.925941894531250000e+03
6.017112304687500000e+03
6.472501464843750000e+03
7.051000000000000000e+03
6.410833496093750000e+03
6.421183593750000000e+03
5.085357421875000000e+03
5.303957031250000000e+03
6.110864746093750000e+03
6.132165039062500000e+03
5.063520507812500000e+03
6.554547851562500000e+03
7.150777343750000000e+03
8.293018554687500000e+03
6.736620117187500000e+03
6.921990234375000000e+03
6.485264648437500000e+03
6.695084960937500000e+03
6.541070312500000000e+03
6.106453125000000000e+03
7.393004882812500000e+03
1.007406054687500000e+04
8.006168457031250000e+03
6.298925781250000000e+03
6.629440429687500000e+03
6.801776367187500000e+03
7.505726074218750000e+03
7.287739257812500000e+03
6.138474609375000000e+03
6.201033203125000000e+03
5.726700195312500000e+03
7.057162109375000000e+03
6.777042968750000000e+03
7.145058593750000000e+03
7.188916992187500000e+03
5.287785644531250000e+03
9.349400390625000000e+03
7.401419433593750000e+03
7.880160644531250000e+03
7.296771484375000000e+03
8.072394531250000000e+03
7.787654296875000000e+03
7.297590820312500000e+03
7.711518554687500000e+03
7.783800292968750000e+03
6.779574218750000000e+03
5.951902832031250000e+03
6.342033203125000000e+03
6.774694824218750000e+03
5.255219726562500000e+03
6.460744628906250000e+03
6.819207031250000000e+03
6.723335449218750000e+03
7.910680175781250000e+03
8.345962890625000000e+03
8.261337890625000000e+03
6.704143554687500000e+03
7.095063964843750000e+03
8.896365234375000000e+03
1.032476367187500000e+04
1.356970019531250000e+04
7.891972167968750000e+03
1.075025292968750000e+04
9.617797851562500000e+03
7.970903320312500000e+03
6.055319335937500000e+03
7.726037109375000000e+03
7.246711914062500000e+03
6.372955078125000000e+03
7.575799804687500000e+03
6.719386718750000000e+03
7.240218261718750000e+03
8.864566406250000000e+03
1.104220312500000000e+04
1.135042675781250000e+04
1.066080371093750000e+04
9.368537109375000000e+03
9.426302734375000000e+03
1.099426953125000000e+04
9.037353515625000000e+03
8.046210937500000000e+03
6.413503906250000000e+03
6.933140625000000000e+03
7.353951660156250000e+03
8.436367187500000000e+03
7.675682128906250000e+03
7.065662109375000000e+03
5.939307617187500000e+03
6.675424316406250000e+03
5.380334960937500000e+03
5.584042968750000000e+03
6.225641601562500000e+03
5.380301757812500000e+03
6.249250976562500000e+03
6.311343750000000000e+03
7.482927246093750000e+03
5.906198730468750000e+03
5.567330078125000000e+03
4.820820800781250000e+03
4.132915039062500000e+03
5.591995605468750000e+03
3.739915771484375000e+03
5.520756835937500000e+03
5.098496093750000000e+03
4.726513183593750000e+03
6.356160644531250000e+03
6.221088867187500000e+03
6.896337890625000000e+03
4.306946289062500000e+03
5.662566894531250000e+03
7.031523437500000000e+03
6.681534179687500000e+03
6.893265625000000000e+03
6.809119140625000000e+03
6.248697265625000000e+03
5.546340820312500000e+03
5.666625000000000000e+03
5.790061523437500000e+03
7.161601562500000000e+03
5.931347167968750000e+03
5.227168945312500000e+03
6.218771484375000000e+03
5.557666015625000000e+03
7.251859375000000000e+03
5.808741210937500000e+03
6.881763671875000000e+03
4.810088867187500000e+03
5.654456054687500000e+03
5.661015625000000000e+03
5.060766601562500000e+03
3.669803222656250000e+03
5.027934570312500000e+03
6.011828125000000000e+03
5.481594726562500000e+03
4.959353515625000000e+03
6.017054687500000000e+03
6.375432617187500000e+03
5.553790039062500000e+03
6.124137695312500000e+03
6.661498046875000000e+03
8.451097656250000000e+03
7.311838867187500000e+03
6.077847656250000000e+03
6.567958496093750000e+03
5.021952148437500000e+03
5.045017578125000000e+03
5.122459960937500000e+03
6.788541015625000000e+03
7.024276855468750000e+03
6.647429199218750000e+03
5.157726562500000000e+03
4.559870117187500000e+03
5.419155273437500000e+03
6.565500488281250000e+03
5.999280273437500000e+03
5.573018554687500000e+03
4.841724609375000000e+03
6.647229980468750000e+03
4.744647460937500000e+03
4.106964843750000000e+03
4.754927246093750000e+03
6.599666992187500000e+03
8.218911132812500000e+03
6.556625976562500000e+03
7.606155273437500000e+03
6.574813476562500000e+03
7.255652832031250000e+03
6.327016601562500000e+03
7.011881835937500000e+03
6.337645507812500000e+03
5.695114257812500000e+03
4.531368164062500000e+03
4.891144042968750000e+03
4.857595703125000000e+03
4.871140625000000000e+03
5.224278808593750000e+03
5.254055664062500000e+03
4.237794433593750000e+03
5.650611328125000000e+03
5.475344726562500000e+03
5.753629882812500000e+03
5.667456542968750000e+03
5.178652832031250000e+03
6.398455078125000000e+03
5.731534179687500000e+03
4.420396484375000000e+03
6.855269531250000000e+03
5.868615722656250000e+03
6.492064941406250000e+03
7.990510253906250000e+03
6.934225585937500000e+03
6.529577148437500000e+03
