1.722573102385474704e+04
1.534363611984712225e+04
1.463750056563504040e+04
1.176544978749921938e+04
1.474988192016492758e+04
2.286617251151134769e+04
1.703135249577536888e+04
1.844810595745871615e+04
1.570404165329038187e+04
1.864235350193096747e+04
1.439255915795073452e+04
2.010591944227876229e+04
1.429824144038842678e+04
1.546160446940137263e+04
1.269206915010996454e+04
1.334504880036135182e+04
2.070283647373804706e+04
1.530350237356171419e+04
1.922609757680085022e+04
2.498566373974039379e+04
1.677172554379513167e+04
1.292447440703999382e+04
1.517061758177275442e+04
1.980307258769673717e+04
1.432201144600048974e+04
1.713677913581319444e+04
2.127106572821472218e+04
1.254267918628780353e+04
1.837122824382068939e+04
1.926926701523286101e+04
