-8.543999999999999773e+02
9.734086178727289735e+03
1.705588644046961781e+04
6.624745470244597527e+03
8.047536327662995063e+03
1.370284497152828044e+04
1.170560027865527672e+03
7.133643358876259299e+03
1.810921806995772567e+04
2.048616404923214213e+04
2.119997963198562502e+04
1.627790329426547578e+04
2.462225239008629433e+04
5.446700944941122543e+03
1.103501283409364805e+04
2.688490451803796896e+04
3.431883589222068986e+04
1.519300903121093870e+04
5.557159242065820763e+03
4.191275592963562303e+03
1.931155982827946718e+04
1.787174379693515220e+04
2.356279479834324957e+04
1.075660792253906038e+04
3.347627922043152648e+04
1.132562035607370672e+04
1.193389332039465080e+04
2.856745874865974838e+04
2.881317499076698005e+04
5.940089367194237639e+03
1.358425889113216181e+04
2.767079528076567294e+04
1.390618024714309831e+04
3.154164045910042478e+04
1.448419347741934871e+04
1.461242953646414890e+03
2.434315353746790606e+03
8.184456250028470095e+03
4.179365803951142152e+04
1.706227899626229919e+04
7.397147285802448096e+03
1.026206023617730352e+04
2.939785191156256042e+04
2.564795631965145276e+03
1.346270902705911976e+04
6.159380413943456915e+03
2.807278325554547700e+04
4.280844969225547538e+04
8.890116858892952223e+03
2.324201592534351948e+04
1.318559788472153377e+04
2.074747190737302844e+03
2.421546557727686377e+04
2.544656015867620954e+04
1.488467991750436704e+04
5.979489153371274369e+03
9.429500006337808372e+03
1.056536267782533105e+04
7.810294905244490110e+03
1.419961919606057018e+04
1.624464316519645763e+04
1.506902090482318999e+04
1.109535709322268303e+04
5.799487935706620192e+03
1.207035200535757758e+04
3.100801124854054797e+04
7.818337842859360535e+03
3.336821361367229110e+04
4.752650016829844390e+03
1.749738078414137635e+04
1.709764397744070811e+04
4.492415397074220891e+03
1.135596282684365360e+04
1.549176322566927047e+04
7.406479570579080246e+03
3.287488215522607788e+04
7.225724950069222359e+03
1.707539830103100758e+04
8.148679399344196099e+03
1.908014653846072179e+04
1.439325831303873929e+04
1.036223004662785024e+04
2.827995411380719815e+03
2.041827820845305541e+04
7.632748839965679508e+02
3.136541912893014887e+04
1.101037285395865547e+04
2.207625195342794177e+04
1.706691988600174955e+04
3.733855568531044810e+03
6.839943592293357142e+03
3.188362521010879937e+04
2.527662848253870834e+04
7.923615421597714885e+03
5.999598388890894057e+03
1.960551520256118920e+03
2.358627220605222465e+04
5.362813444701116168e+03
1.902364888912736205e+04
2.557966404290492574e+04
1.064941626333679233e+04
2.596908713330477622e+04
2.258829297792987200e+04
5.937052979542478170e+03
1.178174660367364231e+04
1.231942890766919845e+03
7.825684551115248723e+03
1.540618275449175781e+04
1.724475208112601649e+03
1.402137042846278746e+04
3.193800246221943235e+04
2.053596197799911897e+04
4.161428944299270370e+03
4.127516979679974611e+03
2.187293814515091071e+04
2.159604635710827097e+03
1.870478038622490203e+04
3.049485556199675921e+04
2.011105128475431047e+04
7.156645517532073427e+03
6.295566416143444258e+03
7.251216069511437126e+03
1.606429261663887701e+04
2.247815742655422946e+04
6.105902357451121497e+04
3.944286558687602519e+04
1.690500035217940967e+04
4.780627049134297977e+02
9.490590712013843586e+03
4.684332499645511234e+03
3.369253430382521037e+04
7.828977664107700548e+03
1.586667329499923653e+04
2.557044580010787831e+04
2.521783361685018463e+03
4.552105423977694045e+03
4.085109141081450798e+04
7.554951229335431890e+03
2.227272416769451229e+04
1.064906998379813194e+04
4.509956126378111549e+03
5.561108057158589872e+03
1.422775647922038843e+04
5.229958264700405562e+04
9.287448150422729668e+03
1.290681987908800693e+03
4.986069088347113393e+03
1.927044476763424609e+04
7.214158775221016185e+03
2.772779957705534616e+04
2.380747975035956915e+04
2.529974534981291072e+04
3.990672046739661164e+04
1.936424249291896194e+04
2.908873581940672011e+04
1.158902795029936533e+04
1.219819547333859555e+04
3.744285351870836166e+04
2.373815484431568166e+02
9.652793993983304972e+03
8.125769953381885898e+03
4.597141153625370498e+04
4.599124823432159246e+03
8.381309294967588357e+03
1.540886870464808453e+04
1.312960647813298056e+04
3.190455622143627625e+04
8.423007375938617770e+03
1.833928564669502157e+04
2.285152421314728417e+04
2.255017393313258435e+04
1.423744656497772667e+04
1.331404340284883438e+04
2.029978495062960792e+04
2.090373508962394408e+04
6.509469248460808558e+03
3.471357409942734375e+04
8.442644107102985799e+03
1.362984356398841555e+03
2.172099980963651251e+04
1.368226513158797752e+04
3.525982100602759601e+03
6.288179919698798767e+04
1.543481801385417384e+04
2.049416229881963955e+04
6.103322701641243839e+03
9.594364109765687317e+03
4.632559013707677877e+03
3.114927224797512281e+03
1.810089611093363783e+04
1.407651882237673635e+04
1.618785816360692479e+04
1.037294371230203615e+04
7.114436890151102489e+03
3.012707596235537858e+04
9.696276663002994610e+03
5.948859254328458519e+03
6.125840096426147284e+03
8.416350482605592333e+03
9.588337827836850920e+03
2.453969640652261660e+04
7.304516438583080344e+03
7.095116012914686507e+03
3.418416210704744117e+03
4.336548766900899864e+03
1.801542685585554136e+04
5.440130026906988496e+04
5.192918596944235105e+03
5.066859714020944375e+04
4.122377526990028127e+04
5.048560752800039154e+03
1.560763767632785493e+04
1.730697773072781274e+04
5.380511933251709706e+03
5.327429131729930668e+04
1.368179460203958661e+04
9.241813293021521531e+03
2.404451937389663362e+04
8.382999152545857214e+03
3.537585910015631089e+04
3.046128542328141339e+04
5.796054469917994538e+03
2.767617424089130145e+04
8.861941324506798992e+03
1.513442424973882771e+04
1.790604726478359225e+04
1.106916251839469078e+04
8.299941681462896668e+03
6.430633818371381494e+03
1.028105895978264016e+04
4.625101950442945235e+04
1.316487169808574799e+04
2.590896033797325072e+04
1.988523723450893158e+03
3.047917282865796733e+04
7.644681610869531141e+03
2.706988037291169348e+03
3.473448347597636166e+04
1.378820181069267892e+04
1.036631440024512085e+04
4.733676388888229667e+03
1.705530083961601122e+04
5.920445081368000501e+03
1.036395083875022101e+04
4.860490697410210487e+03
2.517685901205295522e+04
2.329950804220566715e+04
1.882299320786304088e+04
1.927368683605292608e+04
1.799190825744202084e+04
1.727021749601114425e+04
1.853168238719709552e+04
1.944967801156641872e+04
2.950612358528545155e+04
1.343890815377471699e+04
1.481011524404691954e+04
8.721769710175967703e+03
2.409631506675770288e+04
1.235829833582693755e+04
3.537761779764114181e+04
2.619634565409168863e+04
2.715137386275902827e+04
2.368642046710792329e+03
2.983131989842862095e+04
2.082404976794419781e+04
7.179438239571500162e+03
9.903806084226529492e+03
4.047155993698957172e+04
2.796133197279948217e+04
6.157749873250677410e+03
6.776696933874795832e+03
1.951180089295141806e+04
2.542316207115014549e+04
7.996236386963018958e+03
3.413499480319728173e+04
5.230563101135299803e+03
1.050707270547191547e+04
3.047440837950390778e+04
1.130672004239674607e+04
4.003083889371457917e+04
2.050279411829463061e+04
1.983663255401635251e+04
1.455733626985857700e+04
1.272510352593448624e+04
1.050531156444972839e+04
2.837673832518356721e+04
9.873274290418525197e+03
2.882758491232965753e+04
7.107000212414473026e+03
2.020389170650647793e+04
2.345167982558350559e+04
1.768094790789338003e+04
1.909043498941121652e+04
2.212675964193154869e+04
5.361755170120488765e+04
3.088168205502914589e+03
5.058604628583487647e+04
9.684229928740238392e+03
2.468515828162377147e+04
4.650748347387167996e+03
2.230625337893182859e+03
3.922008268304358353e+03
1.850497221041261946e+04
1.463632264659400244e+04
1.986618468399080302e+04
1.716582382086337384e+04
3.152399707622855203e+03
1.707350413659739570e+04
1.039833039777334670e+04
7.057991454096621055e+03
2.314031600416890433e+04
1.013114930411330897e+04
3.007423778988726554e+04
1.048403549346373075e+04
5.850540269659497426e+04
1.554646684060170992e+04
9.332940785430735559e+03
2.017444429310638225e+04
4.220873976665582450e+04
2.753525203166693973e+04
4.137908435905340411e+03
3.227617638033091498e+04
1.558484361457359591e+04
1.261931462713102519e+04
6.787202649795976868e+03
1.292192674801753856e+04
4.293588522375270259e+03
1.787252390388895583e+04
1.902511895274188646e+04
1.294634565912368635e+04
3.141312882174879178e+03
3.244344932026227252e+04
1.606749940643875925e+04
1.357755283107963987e+04
1.654147084648226155e+04
1.905616381237379392e+04
7.957142836518120021e+03
8.391078221882735306e+03
1.276382853724313827e+04
3.121927805922833613e+03
6.726408115111215011e+03
2.760253639381669927e+04
2.245928536006630566e+03
2.688356913550362151e+04
5.612693877960956343e+03
3.137572461573556211e+03
2.920147207234581219e+04
3.267357748400597120e+04
1.664764804969942270e+04
1.958211883172977468e+04
4.115709383762013749e+04
3.940588182777675684e+03
3.400001179508524274e+03
1.394582862631450371e+04
1.391517385848906088e+04
7.506889270462117565e+03
7.331829087815376624e+03
1.987961807557599968e+04
5.823801411100102996e+04
5.817572090579318683e+03
1.260583596155242412e+04
7.145260751677889857e+03
6.857657442800316858e+03
1.967068371280633073e+04
4.134553160640747228e+04
8.042286860621430606e+03
6.924631926397231837e+03
7.899556344166839153e+03
1.452219560400273076e+04
1.761116590715415805e+04
4.577248442961717956e+04
2.235513167409346352e+04
7.496763961292614113e+04
3.107844905411782293e+02
1.472674808370114988e+03
9.950181151121088988e+03
2.855171063270775448e+03
1.394261575886261198e+04
2.962995281987295311e+04
1.949205331263870539e+04
1.824279853513571652e+04
2.376837953599494540e+03
1.079262769754562032e+04
7.582382552567971288e+03
1.349066462999460964e+04
3.802943471375350327e+03
2.706548047273887278e+03
1.769017515791691767e+04
1.342399369505480900e+04
9.722374002332411692e+03
2.373667685904934115e+04
2.130555736782975873e+04
1.727635529784773098e+04
1.674729149006240186e+04
9.450780356489090991e+03
1.958523334491436617e+04
1.896897199577915671e+04
2.050310721354608177e+04
2.294006471271103510e+04
1.396702093635820711e+04
3.463702461588223741e+03
1.312803562535971105e+04
5.083855610642076499e+03
3.248740186957896640e+03
1.038440841269701377e+04
2.550477333438867936e+04
1.880962324187989725e+04
8.834323382591659538e+03
3.899057589223421473e+03
9.734398394523367415e+02
1.699247713435701735e+04
1.894774961897057074e+04
3.150602862137981447e+03
1.533919169946484180e+04
1.433027260421044048e+04
5.869643564364383928e+04
3.236218114959942613e+04
7.353256249741931242e+03
2.075907413049996831e+04
1.560684380766388313e+04
1.770728175442072097e+04
6.795161223037055606e+03
6.428490725172499879e+03
2.555092062093408003e+03
2.009673617371523142e+04
1.827262931369608486e+04
7.339740909152630593e+03
3.191604069089661425e+04
1.877290418189859338e+04
1.205688009641193821e+04
2.334743783645772419e+04
1.744842243405134650e+04
1.108621554568213469e+04
1.772157812932427623e+04
2.651933998670454457e+03
1.616315347122730600e+04
2.712243273897815016e+04
4.650062318288557435e+03
1.505833150643189401e+04
8.065914956720592272e+03
3.415594477348067358e+03
4.086133883773240086e+04
7.668334314883118168e+03
8.745004853538865063e+03
5.756326570251630983e+03
1.601886395261420694e+04
1.836293409303566295e+04
3.518439361881103832e+04
6.677119197137868468e+03
1.435050661755096735e+04
1.199569833192269652e+04
7.587406095027696210e+03
1.094030185849008194e+04
3.389964598103818389e+03
1.316653960511094374e+04
1.080039812786784569e+04
1.951169454322146339e+04
1.677773092208588059e+04
3.413692499143843452e+04
1.861907729430364270e+04
3.472262467171245953e+04
2.390814278640744669e+04
5.189664073504875887e+03
8.600818377802770556e+03
1.185628867091637403e+04
2.232863113181790686e+04
2.148612097271925813e+04
1.236386502789326914e+04
4.569920915181033706e+03
1.836862362988698806e+04
9.062993260253630069e+03
-4.578839761411077234e+02
1.317863926027842717e+04
3.055243085931937821e+04
3.680372441200044705e+03
1.895292498983710175e+04
2.673766007688795435e+04
4.019521036677884695e+04
6.644201779579620052e+03
2.061280192047610399e+04
2.972620929868158419e+04
4.739522335981242941e+04
3.467257265123867546e+04
1.492327077052040840e+04
9.611380235478682152e+03
2.192329811198562311e+04
8.854815994698210488e+03
4.287628132959146569e+03
1.423903872546345156e+04
3.057844778676864735e+03
2.636728206310106907e+04
7.714002096385668665e+03
9.536583640386299521e+03
5.334771306286534127e+03
3.577011194708885159e+04
3.098196323067862977e+04
3.629973399407483521e+04
3.216976690717738165e+03
5.675229636547290283e+03
2.552688041404273463e+04
3.140845236480729727e+04
2.155464674383551755e+04
1.690786446609421546e+04
4.426216967721624678e+04
1.603731319126935523e+04
2.678326958618769368e+03
4.980325211235992174e+04
-8.203148133441134178e+02
3.536744157227790856e+04
1.233748517790118785e+04
3.273159428984967599e+04
2.085734263837516482e+04
1.111530303515177366e+04
3.585897244040371334e+03
1.753855048329290730e+04
1.455836360366372446e+03
2.703024189238325198e+04
1.066884230462939558e+04
3.521799549780603411e+04
1.142867760513386202e+04
5.422959750040502058e+02
1.293378893987732954e+04
6.801636027088075934e+03
1.441755085720451007e+03
2.038647123979383832e+04
1.425581646723260747e+04
7.907108845736136573e+03
2.495517754060573498e+04
5.656756757649750398e+03
2.592314445311491363e+04
8.999683611289085093e+03
3.689047917826854246e+04
4.454935932487480022e+04
4.498961257920927164e+04
2.643972655167400262e+03
1.934445447681199221e+04
4.107874234975375657e+03
3.367654258881452552e+04
2.648483380114340980e+04
1.568827345762572986e+04
1.629070117083588957e+04
3.804118697226182121e+03
1.013266909205319462e+04
5.270331121052927301e+03
9.892004313495894166e+03
1.167027876664373616e+04
3.198912011763785995e+04
1.332812569798465302e+04
1.579186675915882734e+04
2.575637584341817637e+04
1.650826538775021982e+04
-4.545992635018877195e+02
4.576061259970271203e+04
2.577237232562057034e+04
2.329984943236902473e+04
7.006001181100966278e+03
5.050351274707337143e+04
1.165755785896193629e+04
3.690928642319558276e+04
1.422278970503062192e+04
1.795604460992123131e+04
3.165031976716171630e+04
1.248303491547868362e+04
2.346788915570704921e+04
1.589729820588363964e+03
4.974011840895033856e+03
2.337947899340805634e+03
1.036688811531919418e+04
3.167886793245200533e+04
2.999777727590803261e+04
1.955621597975917030e+04
1.105724618814785390e+04
7.341693673179323014e+03
3.032559650527687336e+04
9.820272011259439751e+03
2.207598839928038433e+04
9.737708002616449448e+03
1.424897701135005718e+03
1.726047945060753045e+04
5.297654853192163864e+04
7.664979153131453131e+03
2.617017415253003855e+04
8.773045064117928632e+03
1.707677884898054617e+04
1.319980288667342757e+04
5.810684511996396759e+04
1.976446477831740776e+04
3.699034591183535213e+03
6.512525869429752674e+03
1.565754713269430249e+04
3.041102643370960868e+04
2.832972962432908025e+04
7.840481782382574238e+03
5.702144435445974523e+03
9.393401498000139327e+03
2.163630632938642157e+04
2.949145911225101372e+04
2.745349331783005982e+04
3.251430196509770030e+04
8.286849924355077746e+03
1.002739448397956039e+04
1.202532118468851149e+04
3.184318890265910159e+04
3.260790859889156127e+04
9.413437215261392339e+03
7.619396081318162942e+03
9.747202834254234403e+03
2.083338177322529191e+03
1.620005345572032275e+04
1.707502568401942699e+04
1.586333011343580074e+04
5.670473049275339145e+04
5.063991642190716811e+04
1.293113675794255141e+04
4.041032361375298024e+03
2.247367692315547538e+04
3.819576840712144622e+04
1.861275877102131926e+04
1.262411940855829926e+04
1.630762465438511208e+04
6.750713836481519138e+03
3.974637035737267070e+03
1.127234796342265145e+04
1.073873837253477541e+04
1.286384757462846392e+04
2.260315940972547833e+04
4.051036646064391971e+04
2.296706181634563836e+04
1.585891464267920855e+04
2.362120123407969459e+03
1.836788570972588059e+04
1.179258177182732106e+04
4.598552311267178993e+03
2.413211820060513128e+04
2.328321168780295557e+04
2.417060860227702960e+03
2.079409635977406288e+04
3.442460331484581275e+03
9.046787201825160082e+03
2.541395560603202466e+04
9.072541693555809616e+03
1.402337850909283043e+04
1.025784115793809178e+04
9.926084343596881808e+03
3.208490482384825009e+04
7.190181113118149369e+03
2.271109483288176853e+04
5.859478746534075071e+03
1.672086157579126666e+04
1.513604760752715629e+04
4.047250901368977793e+04
1.940300858067133959e+04
2.055467386695199457e+04
1.206572922247522365e+04
2.547987400750596134e+04
1.183614154231345310e+04
2.200591645032012821e+03
3.199186922712278829e+03
7.221159807295769497e+03
2.684417037216073368e+04
1.771305693692401110e+04
4.643456388093705755e+04
1.463728774058179806e+04
8.036660129946817506e+03
4.268205726869583305e+04
6.730490566665565893e+03
1.341039310408266374e+03
6.100925374173012870e+02
1.728962545934570880e+04
5.943441739268043420e+03
1.487550415682213497e+04
1.749905070142113254e+04
1.071034196665326272e+04
2.596720861667714416e+03
4.083203666722006801e+03
8.747883081576645054e+03
9.455642192747896843e+03
7.478088451362654268e+03
3.317058320704678408e+03
2.244585298596859502e+04
2.487217411321942200e+04
2.966722027052824706e+04
3.393731559690195809e+03
7.969828893859943491e+03
2.612811810830394825e+04
3.044427757662648219e+04
1.505997577836797427e+04
8.609218094010831919e+03
2.855071442180642771e+04
2.347469450250459340e+04
1.711815483792944724e+04
1.608106766776455333e+04
2.026264065277438931e+04
9.496650430750334635e+03
2.734477199721273792e+04
2.584099034688147367e+04
1.937300659222298782e+04
8.465430786060087485e+03
4.318122459928905300e+03
6.315208922488794087e+03
1.269988099320215770e+04
1.821513130398773501e+04
1.201933118054411716e+04
1.077779580818950672e+04
3.122674428049228663e+04
1.735713794436884200e+04
1.901990386019479774e+04
1.304166138283132750e+04
2.129484897705297044e+04
1.023360602741623006e+04
1.211695887996387137e+04
1.307740370665038245e+04
7.136319586553878253e+03
3.221298139806123436e+04
1.669994264464990465e+03
1.245993561374774254e+04
3.407427774322559708e+04
1.693905891611209881e+04
9.244932800160328043e+03
5.493111433447495074e+03
1.012900902653784033e+04
1.673914299015501456e+04
5.505411290898073275e+03
5.817453277777138283e+03
2.337043311804775294e+04
5.138576456342950678e+02
3.142357260718323596e+04
9.826150430518922803e+03
2.760736811201607634e+04
5.735404749605633697e+03
1.665361939822721979e+04
7.097938723035587827e+03
1.604265135341299720e+04
2.266576442194405172e+04
3.357135527969335089e+04
3.115049318310638046e+04
2.396521929294992879e+04
8.540794846466258605e+03
4.312040580770443921e+04
6.021355620774833369e+03
2.361893361760010885e+04
2.872219323647305828e+03
1.107308152244943267e+04
2.037253522857173448e+04
1.464603165202562013e+04
9.627296364646437723e+03
4.559736215989850280e+03
1.586985608967709049e+04
6.336631877411672576e+03
1.794436960908037872e+04
6.567164250014476238e+03
2.617976583519206179e+04
1.569404081577061879e+04
2.254303793275285716e+04
2.073205208680527721e+04
1.336199760129611968e+04
9.110187572477472713e+03
9.450144498311674397e+03
7.893353022353029701e+03
2.511959357995601022e+04
1.743741973836179022e+04
1.262977197001398963e+04
8.033531350609998299e+03
5.919904765963387945e+03
1.537944997277343646e+04
3.946231038541242469e+03
8.439000039831997128e+03
9.151325451024236827e+03
8.443251691294544798e+03
2.472297532573611534e+04
1.588426936551376639e+04
4.219065649067532649e+04
6.035470944119519118e+03
1.749601998221096437e+04
2.052885210061717953e+04
7.137462019837035768e+03
1.481193355253391383e+04
1.530396691563997592e+04
4.794258073206772679e+03
1.581483735268800956e+04
1.621019573500845217e+04
2.664547695693828427e+04
4.400931333118834300e+04
2.310499796259197683e+04
2.200481658380957742e+04
1.848030433518431437e+00
1.532382795004916261e+04
1.701545433866809981e+04
7.243242533901958268e+03
6.128363106599565072e+03
6.727493688144564658e+03
2.040844402779571101e+04
9.121079241637529776e+03
3.280719693197403103e+04
7.391800253380513823e+03
1.678227646628061484e+04
1.843940035565264407e+04
3.657979358788746140e+03
1.084240870502779217e+04
7.272408974931357079e+03
6.818775021988057415e+04
2.031656146656311466e+04
8.797263312211995071e+03
2.094330420026966749e+04
8.377968078816908019e+03
2.449861430391427712e+04
1.017822975378625233e+04
1.015254535358722569e+04
2.948858423286879042e+04
1.219226802103954651e+04
1.707307303539887653e+04
8.954929739231209169e+03
6.745498488914847258e+03
1.100737994112954220e+04
1.908817963049051468e+04
3.818906962589344766e+04
3.421167862504953519e+04
4.693969517350080423e+04
3.090444828107592548e+04
1.049462252019085281e+04
2.892215186950491898e+03
8.556174721839473932e+03
7.044188980819313656e+03
1.033884968294730970e+04
1.188257918646348480e+04
2.539217776457603122e+03
1.011181337270250333e+04
1.348513829756575979e+04
4.572736498074002156e+03
9.834477276711910235e+03
9.046624321670382415e+03
3.228875993600803213e+03
7.816719658604699362e+03
7.146223255075059569e+03
1.811401624462691871e+03
7.139336833186649528e+03
1.702839762481461730e+04
1.699424773019719214e+04
1.226435555274340732e+04
2.681211798276274931e+04
3.450120033462120045e+04
2.306926786797581826e+03
1.723615184670425515e+04
4.096406039601781231e+03
3.522676406036464323e+04
2.992738739465828257e+04
1.748624567517598916e+04
2.763660276766520838e+04
5.682152165288617653e+03
3.292852766650288686e+04
2.246719102510213997e+04
1.824063120109490410e+04
7.684647039223310458e+03
1.248691240579422447e+04
5.438998721743868373e+03
2.011687077264982508e+04
2.344218728315932822e+04
1.956737349829424420e+04
4.513336463154626108e+04
5.252173714681842284e+03
1.755968639423240165e+04
2.654248608849282391e+04
1.286956919880542227e+04
4.373077750692713744e+04
5.208277316002462612e+03
1.472057207272076084e+04
3.277664144367653353e+04
2.063841498004934328e+04
1.608293067937365959e+04
9.831973217775979720e+03
1.657675465262479338e+04
2.637674348792767341e+04
9.869968411708310668e+03
4.925344786125138853e+03
1.533299344260146790e+04
4.546284659879866922e+03
8.505042829826679736e+03
2.732053492826884030e+04
6.643125273106827080e+03
7.887570455843433592e+03
1.310728249157851678e+04
3.724252781645561299e+03
1.906029204699833281e+04
2.526837545139050053e+04
9.385658441814206890e+04
2.794260165356645757e+03
3.988985642185721372e+04
5.571673769672928756e+03
3.488392225467475510e+04
3.652421682003766909e+04
6.371442332782664380e+03
1.263201959908770004e+04
9.640889338718738145e+03
1.601019194413118203e+04
8.768403360508915284e+03
1.959241827690351784e+04
3.932470878936260124e+04
1.577840195975003007e+04
2.325160424769356723e+03
2.259138770960244437e+04
2.719973893027678059e+04
1.327569287352045649e+04
2.675032287536302647e+03
1.072651073089133024e+04
8.825140709912833699e+03
3.401125131888843316e+04
3.326379214021461394e+03
1.490639599533303908e+03
7.530732976709929062e+03
1.927993694288888946e+04
1.209372021799052163e+04
1.251448184203651545e+04
1.702514437760695728e+04
1.593231007629579472e+04
4.535767960603297252e+04
1.193780153793405043e+04
2.311929442561230826e+04
2.912513477131544278e+04
5.375648472492302972e+03
2.137413081608742868e+04
4.976018466215380613e+03
2.077706676956779847e+04
1.115042869082768448e+04
1.182957674167519872e+04
2.988086072574013815e+04
7.505762904873858133e+03
5.918134246723461547e+04
1.332490021931782758e+04
2.768564382710286736e+04
1.518406603357277527e+04
6.414783042247277990e+03
4.431686073179303094e+03
7.816617124858584248e+03
2.998254896904591988e+03
3.953205772002503636e+03
7.457556149772912249e+03
3.585625488058850169e+04
5.174653234763951332e+03
2.941491774436132619e+04
1.460778242830690033e+04
2.864784801619975042e+04
1.014015085636949152e+04
1.270649685979850801e+04
3.875322049861156847e+04
2.102037831935412032e+04
1.860586065260176110e+04
2.845130106725305814e+04
1.301118028869910268e+04
1.003310500998276802e+04
1.089143419913837897e+04
2.058789899034417249e+04
1.041003623286034235e+04
8.264365255132430320e+03
4.363067743869389960e+04
1.951416951992259783e+04
1.611369181156752893e+04
2.316698720357781349e+04
4.175765290248648671e+04
3.339687090637081565e+04
8.393716601811414876e+03
6.563663565059775465e+03
1.847964271070627728e+04
4.126265300035080145e+03
1.542667661430195221e+04
1.941355515111444402e+04
2.734496724088541669e+04
1.172762682261096234e+04
2.575661231085179315e+04
2.875156612417028373e+04
1.730342754370257899e+04
1.053200107553923226e+04
3.987413819965250696e+03
9.149710513559832179e+03
2.158539045648583487e+04
3.443765734367234109e+04
9.014844547373359092e+03
3.832591018115637416e+04
4.101453951769831292e+03
1.866045913045061025e+04
6.770463467234703785e+03
1.404769934839463531e+04
2.197644347574521817e+04
3.075065720784258247e+03
1.264730858325981899e+04
2.755594632945444391e+04
5.068600555770727624e+03
1.525789997390675126e+03
3.686294633792217064e+04
4.821575177731519943e+03
1.155063931972773207e+04
5.920980580750270747e+03
1.249137091727936422e+04
3.940657727619777143e+04
8.850646796304048621e+03
3.343844280240784428e+04
7.897204782666160099e+03
7.787796052592806518e+03
8.926298645538618439e+04
9.029937913722886151e+03
3.577069382009661786e+04
8.305836681778589991e+03
4.009258072931850620e+03
2.769937130315107424e+03
2.074399213684622373e+04
3.794786619316366341e+03
5.276837198383980285e+04
4.949586932278629320e+03
2.933108886160714610e+04
2.950903042411060596e+04
2.182351999057638295e+03
-1.250578677687508389e+03
1.075472605053516963e+04
6.242180286239130510e+03
9.000022305037007754e+03
2.741875160593368128e+04
1.247109391659961511e+04
1.147877100226720177e+04
3.033566189187533746e+04
1.723688333188511024e+04
8.699000619581374849e+03
2.032915523365297850e+04
1.135844576421232705e+04
8.197440970107527392e+03
1.561433085294787452e+04
1.223706516354443738e+04
1.824756534315740282e+04
3.980528283195972108e+03
1.192962668133477382e+04
2.104476747544595855e+04
1.233844889651822268e+04
1.906341154735661985e+04
1.110082356351381532e+04
2.055577062211221710e+04
2.257717956140528713e+03
1.155765242277578545e+04
7.451748045477900632e+03
1.098436039702421294e+04
2.066250211781092003e+04
8.261341895179810308e+03
2.014952967620284471e+04
3.277369185255635239e+04
4.216766784159209237e+03
1.440779259572333831e+04
1.790225958806179187e+04
6.910861826308214404e+03
5.513440988198149171e+03
1.146824696765464068e+04
8.673489951229661528e+03
4.175954397363158205e+04
2.409116091042836706e+04
7.796871159263677328e+03
3.521232730306898156e+04
3.307372913166192302e+04
6.503427396500940631e+03
1.805738353013055166e+04
1.530315944709453834e+04
2.081580814989597275e+04
1.159041493931308651e+04
4.054873977067226951e+04
6.751099421750373949e+03
1.214316576227625774e+04
3.599085105852944980e+04
3.309875301283395675e+04
1.425238800468433510e+04
2.086684303831784564e+04
4.465608997644819283e+03
1.627096665122984268e+04
5.546662468803038792e+03
6.604281936985376888e+03
1.692404550317857866e+04
1.375497443944131010e+04
2.005816893940941372e+04
3.628070773635791556e+04
1.544689771049659430e+04
1.837412036420177901e+04
1.115708361386114848e+04
1.420897222291382786e+04
4.644194516053421830e+04
2.903592175124170171e+04
8.361945515501540285e+03
7.077169027969976014e+03
9.427434176965818551e+03
1.492708756903150424e+04
5.394963081860079001e+03
5.206468665682585197e+03
1.134044887950055636e+04
1.412169161189051192e+04
9.509535835397295159e+03
5.151579913477742957e+04
9.763358455422840052e+03
1.645662736239676087e+04
7.594424846904237711e+03
7.442210635583983276e+03
1.131930647409079393e+04
1.354412464271285717e+04
2.711031740694781183e+04
7.835733075640571769e+03
7.401804147919252500e+03
3.166585703988468140e+03
2.737360977421518328e+04
9.121550771403902900e+02
1.073255724036967513e+04
8.914271116840602190e+03
5.475092163738223462e+03
3.524144598588142253e+04
7.850069725772646052e+03
6.955310718617415660e+03
2.814384354990473366e+04
2.762795440455746757e+03
3.406329258282336377e+04
1.854255752985373692e+04
9.001087692449011229e+03
8.027015234897335176e+03
2.068377298129094561e+04
1.483252880105059012e+04
1.714875157782606402e+04
2.532229358120782490e+04
2.182139200590751716e+04
8.347920525205852755e+03
1.258282339445515754e+04
7.522396374716449827e+03
2.127633052987119299e+04
6.303247715479028557e+03
1.576142123011768126e+04
1.687682096114061278e+04
4.619460271624622692e+03
1.547576701790427478e+03
9.898862859441489491e+03
6.966564172207362390e+03
1.544129400560034628e+04
6.306475886796220948e+03
2.495472552271259701e+04
1.574237971559001744e+04
3.370257873620352620e+04
1.291733639235346709e+04
1.767487247391374694e+04
7.423570808444167596e+03
9.416494110332825585e+03
2.043354776038336922e+03
2.060998823130336677e+04
9.275541026059288924e+03
1.472433799579453989e+04
3.976189792751093592e+03
1.024368145899288538e+04
1.299737545630575369e+04
1.622553293872290851e+04
1.589345869005488930e+04
3.032229325633449480e+04
2.916306177938782639e+04
8.884703423323864627e+03
1.220445162481629632e+04
2.488235252104473329e+04
2.819302932898570361e+04
8.738868809963625608e+03
3.062765702207906361e+04
1.409038101232402005e+04
8.203219620989042596e+03
3.266583148358170365e+04
4.857455801065947162e+04
1.542159683675747874e+04
2.860420748763895244e+04
1.266200302910742903e+04
5.603631280962938035e+03
4.506169768342157113e+03
1.890046449078108708e+04
1.843490595027153176e+04
1.566499353768060791e+04
5.348519688400067935e+03
1.639700626584906331e+03
9.800787974471946654e+03
2.784118709685168506e+04
4.728472644424012105e+04
1.027975523145555053e+04
8.806555927871071617e+03
5.265523291980864087e+03
1.147469699686601234e+04
1.347579259266570261e+04
2.615441190967662988e+04
5.153354471979350819e+02
4.578015046309619720e+03
7.826731950728993979e+03
4.028505370333889732e+04
3.390467206692906620e+04
6.800201106574279038e+03
1.789086411641233281e+04
4.921813797636344680e+04
1.638598093163843805e+04
2.497113971653274348e+04
3.400735502363224805e+04
7.697185027822642041e+03
1.699541237452909991e+04
2.933896366599726753e+04
2.968415257791061777e+03
3.548005067169497488e+04
2.680263046131307419e+04
4.513566782782946575e+03
9.039307151489732860e+03
3.716598566330909671e+04
2.800125717050449566e+03
3.292626813100964500e+04
1.195999602086257619e+04
1.032999542788471808e+04
8.204535380038187213e+03
3.556252856383123435e+04
2.171893203166466628e+04
5.041502222096902551e+04
7.621093561771297573e+03
5.260206396683531239e+03
2.145623087456114808e+04
2.107915352203441944e+04
1.631200047697399350e+04
1.816934269601408232e+04
8.742095708542063221e+03
9.861551763208815828e+03
1.990013914649247454e+04
1.457598334020169204e+04
3.136266742030896421e+04
3.642486907983394485e+04
4.152351934818052541e+03
8.779128865516137012e+03
5.677480719378108915e+03
2.521811638969888736e+04
9.217605233303092973e+03
8.105029996837301951e+03
3.257681291307396168e+04
1.843279694137944261e+03
6.737092477498229528e+03
1.456681741380960011e+04
2.746851761008986796e+04
3.295359177706930495e+04
1.419887938954862693e+04
4.973473040013126592e+03
1.956938868132137713e+03
2.093791067743486565e+04
3.614544295126420911e+04
8.694548539876093855e+03
1.278514138856276986e+04
3.202690580333028265e+04
1.711620269318511419e+04
1.338430715260705074e+04
5.850741222414957883e+04
2.390270562816838265e+03
4.599359815634248662e+03
3.730584546088635761e+03
8.697358850086271559e+03
8.708255619013809337e+03
2.065560894714921596e+04
1.067467212280403874e+04
1.266338476420185725e+04
1.259320700806040077e+04
7.499821396712749447e+03
7.217719755527683446e+03
8.278135703036617997e+03
1.378255317779751931e+04
8.207050511457597167e+03
3.307511215607032500e+04
9.877512182548371129e+03
2.075753030248454161e+04
3.163997178242645532e+03
8.839468884405760036e+03
9.125777738498274630e+03
1.312850852477124499e+04
4.029043357945632579e+03
1.724713457584479329e+04
1.291089484681965951e+04
1.393183016409253833e+04
1.146188811216862632e+04
1.939973097026787582e+04
5.489071880192472599e+04
5.414261301841929708e+03
2.865767770228604059e+04
3.668579432131948852e+04
4.122266555288676500e+03
3.667926875166055652e+03
3.582513393225611071e+04
4.276333450249664747e+04
1.390848969589443368e+04
9.712366315457147721e+03
9.028592691958127034e+03
1.147073982872351553e+04
2.475604493636159168e+04
2.836295686131759066e+04
8.119916580521356082e+03
2.241563770612886583e+04
2.081574836938114822e+04
6.501698232476770499e+03
9.459965034395358089e+03
1.639910722974896998e+04
9.082414668985773460e+03
2.497060291014940594e+04
7.204801395070980107e+03
1.044456212866561873e+04
1.667705936953986020e+04
9.070064501972779908e+03
5.690199044751459951e+03
1.623937177117090869e+04
8.203726133469426713e+04
9.505017842605826445e+03
4.681828127702699931e+03
9.817625841957553348e+03
2.195574165806232486e+04
2.339850849498236857e+04
3.688208279934014718e+04
6.720990583767199496e+03
6.091879264066663382e+03
1.066576128465306101e+04
3.604196452392323408e+04
7.579916514711165291e+03
3.726379781554459623e+04
3.257921489411707080e+04
3.876153315728842699e+03
7.272486675774412106e+03
2.130581839601061802e+04
4.368705655057678086e+03
1.430016904202965452e+04
7.840236441048997222e+03
2.532608440366393916e+04
3.469600025955443471e+03
1.784732433928669707e+04
1.920724709277590227e+04
2.736670509377360941e+04
2.885429668675709399e+04
7.804792840326232181e+03
1.982618085661145233e+04
2.811628070713560192e+03
6.589187642972480717e+03
5.322359354285405425e+04
2.104275401519198931e+04
9.218761231953070819e+03
1.546961532659862496e+04
6.793796279268725812e+03
6.453459454982752504e+03
3.285880555850639212e+04
6.341338819449567382e+03
2.320058999877522729e+04
6.291351247767466702e+03
2.332917116960371277e+04
1.767771986327900959e+04
2.681276754106480803e+04
1.797027787814737894e+04
3.560171774112640560e+04
1.152107942757209457e+04
2.458543619740483700e+04
4.075567251179114101e+04
1.021201413791754567e+04
1.149542905249784599e+04
8.215967375690312110e+03
4.800759658814570139e+04
8.765354293408894591e+03
1.355038995659245847e+04
2.663769937649892381e+04
8.237773723999462163e+03
1.646764931817230899e+04
1.548275701365249552e+04
1.215576055831492340e+04
4.922303661953207666e+03
4.461404481891427713e+04
9.195668568861188760e+03
1.173322957266673620e+04
1.745998735962953560e+03
9.034945134220426553e+03
6.293639577737527361e+03
1.202769801950451074e+04
4.519864255497970589e+03
1.532052659840299566e+04
6.595316734121954141e+03
4.328734961996862694e+03
8.580288967967619101e+03
2.334161451736894014e+04
5.703257765405609462e+03
1.860956978659808738e+04
7.334829383716002667e+03
1.154557194720279404e+04
1.455984504444055347e+04
4.106662614993745228e+04
1.440452757801214830e+04
7.631685752898007195e+03
1.844073715796896067e+04
4.725524714413125912e+04
1.248323408432454016e+04
1.845784538426284416e+04
2.212623925382774905e+04
3.770510061379562103e+03
1.910406453921785578e+04
1.634633391225900596e+04
3.252866331169785553e+04
4.239773824311818316e+03
2.062669008037133608e+04
1.300771854691844965e+04
5.851585046041951500e+03
2.501779281946008632e+04
6.967159490066064791e+03
2.049853732866021892e+04
6.759444237625684764e+03
1.167364107533526112e+04
9.931529540143028498e+03
6.968307935602719226e+03
2.503084912997931315e+04
7.717449436460790821e+03
4.862080869544860434e+03
5.647426876540130252e+03
2.914098406479177720e+04
2.469598423819253003e+04
1.729110294097275619e+04
5.998352046168372908e+04
3.067833997215184354e+03
4.577625370230274712e+03
2.263613346775864557e+03
5.710735506230208557e+03
1.335243280475981373e+04
2.029628470355468744e+04
5.288968358368826739e+04
4.907853833954105357e+04
1.520260459447675385e+04
3.666166000402503414e+04
1.349346004855370893e+03
6.280133272283808765e+03
2.294045121314446806e+04
2.979113305398891316e+04
1.964438756436710264e+03
1.039582341583188463e+04
5.737422190493202834e+03
6.067006192873865984e+03
1.417994063890289544e+04
3.444644772526131419e+04
2.089879470842934461e+04
1.167087060933902831e+04
2.070880606325136250e+04
4.263344883852415478e+03
2.470039516177430050e+04
3.006737528759552333e+03
5.478569196489359456e+03
1.656499216942338899e+04
8.407921555719563912e+03
3.302485910909198083e+03
5.483189368002190349e+03
4.159458901826858346e+04
9.597543685363971235e+03
2.833775722360089640e+04
1.864129188404574052e+03
3.371605743663205067e+04
9.968078553190811363e+03
1.140795738063568933e+04
4.098820935066400125e+04
8.130934351866363613e+03
4.805497449714841423e+03
7.542610368404406472e+03
1.118730443799036948e+04
4.205157946315901791e+04
1.391405364594935054e+04
4.297040355648612604e+03
5.034747075783528999e+03
2.432501161858303749e+04
2.055246775151776819e+04
3.117038346739416738e+03
4.985573867999404683e+03
1.531804514078583679e+03
7.585243204662388962e+03
3.471007538560432295e+03
5.255174991674009107e+03
4.868307510274051310e+03
9.874290587290830445e+03
2.188595020997452593e+04
1.526202652549817140e+04
1.229039627574169208e+04
7.841946858808132674e+03
3.240157564524015834e+04
6.308627214556237277e+02
4.780118509241844004e+04
5.620651738864425715e+04
1.731420942263431789e+04
3.417371974011904058e+03
1.432272935686654455e+04
1.058871128415099975e+03
7.484844306319613679e+03
3.141705081890820293e+04
8.630965500012916891e+03
1.918276671576728404e+04
2.510490942127439484e+04
1.931533066302426960e+04
1.583622650469801010e+04
2.395690754686132277e+04
1.453407909726727303e+04
1.819491958469719611e+04
1.874561185811522591e+04
2.759529928405777355e+03
4.270235338441156273e+03
7.459778655121818701e+03
1.093256905238271065e+04
1.206035704435542721e+04
9.731089145704649127e+03
1.735513226125770234e+04
2.475593078004970448e+04
8.329534299708249819e+03
2.688055282294973222e+04
6.747224118956376333e+04
1.549611116491259781e+04
4.231904919155542302e+03
5.468692427387853058e+03
1.297148114163882383e+04
