1.459701293945312500e+03
2.722139404296875000e+03
4.807558105468750000e+03
6.349678710937500000e+03
1.040318945312500000e+04
1.019104199218750000e+04
1.249486132812500000e+04
1.051250390625000000e+04
9.938105468750000000e+03
1.073083300781250000e+04
1.091529296875000000e+04
9.157698242187500000e+03
9.416221679687500000e+03
1.343747753906250000e+04
1.053842968750000000e+04
1.244943750000000000e+04
1.313525292968750000e+04
1.293793164062500000e+04
1.565454296875000000e+04
1.578708398437500000e+04
1.214267578125000000e+04
1.307248828125000000e+04
1.241398242187500000e+04
1.240777929687500000e+04
1.415398437500000000e+04
1.632818847656250000e+04
1.238145312500000000e+04
1.464001562500000000e+04
1.589086718750000000e+04
1.372098437500000000e+04
1.517673339843750000e+04
1.368806054687500000e+04
1.229667578125000000e+04
1.565011035156250000e+04
1.560000488281250000e+04
1.558965625000000000e+04
1.466519042968750000e+04
1.141979296875000000e+04
1.180345898437500000e+04
1.256936425781250000e+04
1.629384277343750000e+04
1.368626953125000000e+04
1.349582714843750000e+04
1.374163476562500000e+04
1.286996093750000000e+04
1.369276953125000000e+04
1.357059570312500000e+04
1.332784179687500000e+04
1.647447656250000000e+04
1.450527539062500000e+04
1.344372265625000000e+04
1.297947851562500000e+04
1.343555273437500000e+04
1.556788671875000000e+04
1.391575683593750000e+04
1.461676171875000000e+04
1.473202636718750000e+04
1.663718359375000000e+04
1.449890625000000000e+04
1.844528125000000000e+04
1.457900195312500000e+04
1.310038671875000000e+04
1.696101562500000000e+04
1.493682812500000000e+04
1.151793066406250000e+04
1.731746875000000000e+04
1.147955859375000000e+04
1.705819921875000000e+04
1.418709863281250000e+04
1.539490234375000000e+04
1.444575976562500000e+04
1.294713671875000000e+04
1.419750390625000000e+04
1.724228710937500000e+04
1.508747265625000000e+04
1.777851562500000000e+04
1.344670898437500000e+04
1.279932324218750000e+04
1.265500195312500000e+04
1.398292382812500000e+04
1.374531152343750000e+04
1.554210546875000000e+04
1.285355957031250000e+04
1.355300488281250000e+04
1.742829687500000000e+04
1.558171289062500000e+04
1.602347851562500000e+04
1.742350000000000000e+04
1.894114843750000000e+04
1.301265527343750000e+04
1.586638671875000000e+04
1.716079296875000000e+04
1.543097558593750000e+04
1.339933398437500000e+04
1.482452441406250000e+04
1.589954003906250000e+04
1.670517578125000000e+04
1.685724023437500000e+04
1.502719140625000000e+04
1.401308496093750000e+04
1.437350488281250000e+04
1.712221484375000000e+04
1.415457128906250000e+04
1.456955371093750000e+04
1.384423046875000000e+04
1.171871582031250000e+04
1.485500390625000000e+04
1.381233300781250000e+04
1.586354296875000000e+04
1.498758203125000000e+04
1.610869531250000000e+04
1.599804296875000000e+04
1.563659277343750000e+04
1.606706933593750000e+04
1.680481250000000000e+04
1.489900390625000000e+04
1.589693652343750000e+04
1.559067187500000000e+04
1.169173339843750000e+04
1.630607812500000000e+04
1.659107226562500000e+04
2.062238671875000000e+04
1.623237109375000000e+04
1.756284375000000000e+04
1.441888574218750000e+04
1.365271679687500000e+04
1.610329492187500000e+04
1.821104296875000000e+04
1.528858496093750000e+04
1.296491503906250000e+04
1.511370703125000000e+04
1.501281542968750000e+04
1.500443847656250000e+04
1.519286328125000000e+04
1.517097070312500000e+04
1.499277343750000000e+04
1.528235742187500000e+04
1.621329101562500000e+04
1.513988671875000000e+04
1.463984472656250000e+04
1.548452832031250000e+04
1.385979687500000000e+04
1.569101757812500000e+04
1.406190332031250000e+04
1.152451855468750000e+04
1.580665429687500000e+04
1.502447753906250000e+04
1.631600195312500000e+04
1.633623632812500000e+04
1.374279003906250000e+04
1.359414550781250000e+04
1.515076269531250000e+04
1.380670507812500000e+04
1.606395312500000000e+04
1.532747851562500000e+04
1.480814453125000000e+04
1.753329101562500000e+04
1.554655371093750000e+04
1.540636914062500000e+04
1.578779589843750000e+04
1.391732617187500000e+04
1.192777539062500000e+04
1.509452441406250000e+04
1.354412011718750000e+04
1.468917578125000000e+04
1.456687500000000000e+04
1.703139843750000000e+04
1.403506347656250000e+04
1.641930664062500000e+04
1.550619726562500000e+04
1.523577246093750000e+04
1.641633007812500000e+04
1.434923828125000000e+04
1.597660156250000000e+04
1.365824316406250000e+04
1.938803125000000000e+04
1.741705859375000000e+04
1.459510742187500000e+04
1.427031738281250000e+04
1.789491796875000000e+04
1.329829980468750000e+04
1.529577539062500000e+04
1.653067187500000000e+04
1.419412109375000000e+04
1.480306542968750000e+04
1.648948046875000000e+04
1.944092968750000000e+04
1.522829492187500000e+04
1.569544335937500000e+04
1.692870117187500000e+04
1.389650097656250000e+04
1.822924609375000000e+04
1.638236328125000000e+04
1.491466015625000000e+04
1.270078125000000000e+04
1.515619335937500000e+04
1.663914843750000000e+04
1.380204687500000000e+04
1.552987890625000000e+04
1.397469531250000000e+04
1.428870019531250000e+04
1.553716796875000000e+04
1.557467187500000000e+04
1.656031250000000000e+04
1.613875390625000000e+04
1.111345214843750000e+04
1.670825781250000000e+04
1.677244140625000000e+04
1.619501953125000000e+04
1.631695507812500000e+04
1.311274804687500000e+04
1.551194335937500000e+04
1.712514843750000000e+04
1.504673339843750000e+04
1.748038867187500000e+04
1.571372753906250000e+04
1.604601562500000000e+04
1.560163574218750000e+04
1.508873925781250000e+04
1.332610742187500000e+04
1.396904003906250000e+04
1.699432226562500000e+04
1.935740625000000000e+04
1.556090039062500000e+04
1.456370117187500000e+04
1.537782714843750000e+04
1.579428320312500000e+04
1.616938671875000000e+04
1.474814355468750000e+04
1.465267773437500000e+04
1.407211621093750000e+04
1.333130078125000000e+04
1.438438085937500000e+04
1.553261523437500000e+04
1.545966015625000000e+04
1.435517773437500000e+04
1.581170312500000000e+04
1.473676855468750000e+04
1.498174707031250000e+04
1.601912207031250000e+04
1.414235449218750000e+04
1.516800390625000000e+04
1.560280078125000000e+04
1.810769140625000000e+04
1.698464453125000000e+04
1.655827343750000000e+04
1.497908203125000000e+04
1.769480859375000000e+04
1.496947070312500000e+04
1.522480859375000000e+04
1.560754003906250000e+04
1.753428125000000000e+04
1.432275097656250000e+04
1.604696484375000000e+04
1.492950000000000000e+04
1.586277539062500000e+04
1.692199804687500000e+04
1.378314843750000000e+04
1.587693945312500000e+04
1.525277539062500000e+04
1.579407812500000000e+04
1.705287695312500000e+04
1.314900878906250000e+04
1.472525195312500000e+04
1.503796972656250000e+04
1.744095703125000000e+04
1.221733789062500000e+04
1.530399414062500000e+04
1.736983203125000000e+04
1.553260058593750000e+04
1.522403320312500000e+04
1.209358398437500000e+04
1.616062890625000000e+04
1.728675781250000000e+04
1.529164941406250000e+04
1.355563769531250000e+04
1.391115625000000000e+04
1.382061523437500000e+04
1.614429296875000000e+04
1.476985546875000000e+04
1.600581835937500000e+04
1.764266796875000000e+04
1.418175488281250000e+04
1.241264550781250000e+04
1.444131835937500000e+04
1.413647265625000000e+04
1.305116601562500000e+04
1.585186035156250000e+04
1.586782714843750000e+04
1.303216699218750000e+04
1.369233007812500000e+04
1.493330957031250000e+04
1.794521093750000000e+04
1.737997265625000000e+04
1.545630957031250000e+04
1.671805468750000000e+04
1.366118164062500000e+04
1.517950097656250000e+04
1.395951367187500000e+04
1.636559375000000000e+04
1.487203222656250000e+04
1.383819921875000000e+04
1.502291210937500000e+04
1.457040234375000000e+04
1.525999414062500000e+04
1.446632031250000000e+04
1.420914062500000000e+04
1.667547265625000000e+04
1.428621289062500000e+04
1.423740234375000000e+04
1.429245214843750000e+04
1.474747753906250000e+04
1.456263574218750000e+04
1.703637500000000000e+04
1.535914648437500000e+04
1.437745312500000000e+04
1.531600488281250000e+04
1.277901757812500000e+04
1.332326953125000000e+04
1.148974804687500000e+04
1.548009082031250000e+04
1.789171679687500000e+04
1.436705664062500000e+04
1.721698828125000000e+04
1.604720605468750000e+04
1.589385449218750000e+04
1.812451171875000000e+04
1.381445898437500000e+04
1.646129101562500000e+04
1.535264843750000000e+04
1.473716308593750000e+04
1.410179589843750000e+04
1.493598046875000000e+04
1.613887988281250000e+04
1.696639062500000000e+04
1.516368652343750000e+04
1.560580664062500000e+04
1.914294921875000000e+04
1.342951269531250000e+04
1.663921875000000000e+04
1.494005566406250000e+04
1.294305761718750000e+04
1.382367089843750000e+04
1.612723632812500000e+04
1.520650585937500000e+04
1.624344531250000000e+04
1.482622167968750000e+04
1.531647851562500000e+04
1.137406347656250000e+04
1.312037304687500000e+04
1.352360058593750000e+04
1.373369921875000000e+04
1.494184765625000000e+04
1.340347558593750000e+04
1.469985839843750000e+04
1.361458789062500000e+04
1.736903125000000000e+04
1.393778515625000000e+04
1.558562500000000000e+04
1.727371093750000000e+04
1.508122460937500000e+04
1.486937890625000000e+04
1.345580078125000000e+04
1.588266601562500000e+04
1.349142187500000000e+04
1.676867968750000000e+04
1.359860546875000000e+04
1.350106640625000000e+04
1.528060156250000000e+04
1.478226367187500000e+04
1.463461816406250000e+04
1.502857519531250000e+04
1.640709570312500000e+04
1.363877050781250000e+04
1.503734179687500000e+04
1.574563964843750000e+04
1.270616308593750000e+04
1.278895898437500000e+04
1.468758105468750000e+04
1.413210742187500000e+04
1.546519238281250000e+04
1.503987890625000000e+04
1.523764648437500000e+04
1.850809765625000000e+04
1.560191015625000000e+04
1.745847265625000000e+04
1.576028027343750000e+04
1.219821191406250000e+04
1.311486718750000000e+04
1.312051855468750000e+04
1.419009960937500000e+04
1.538597851562500000e+04
1.487559570312500000e+04
1.782524414062500000e+04
1.433280957031250000e+04
1.774350585937500000e+04
1.186243554687500000e+04
1.431524218750000000e+04
1.412513867187500000e+04
1.165105664062500000e+04
1.391420117187500000e+04
1.572689355468750000e+04
1.479449414062500000e+04
1.461300000000000000e+04
1.821847460937500000e+04
1.362531835937500000e+04
1.422196875000000000e+04
1.393737695312500000e+04
1.546596679687500000e+04
1.540598242187500000e+04
1.381813085937500000e+04
1.478226171875000000e+04
1.454668359375000000e+04
1.453428027343750000e+04
1.591621484375000000e+04
1.783537109375000000e+04
1.653084960937500000e+04
1.681978125000000000e+04
1.316251074218750000e+04
1.210529101562500000e+04
1.417975097656250000e+04
1.282746972656250000e+04
1.749491210937500000e+04
1.445609863281250000e+04
1.586878125000000000e+04
1.259144335937500000e+04
1.579983789062500000e+04
1.544798339843750000e+04
1.465344726562500000e+04
1.348940332031250000e+04
1.417122656250000000e+04
1.688373046875000000e+04
1.554362988281250000e+04
1.458530761718750000e+04
1.638684765625000000e+04
1.380294726562500000e+04
1.322829101562500000e+04
1.551346777343750000e+04
1.454021875000000000e+04
1.619917578125000000e+04
1.364065332031250000e+04
1.734772070312500000e+04
1.543798144531250000e+04
1.578559960937500000e+04
1.218941113281250000e+04
1.801821679687500000e+04
1.607129980468750000e+04
1.576444824218750000e+04
1.449392578125000000e+04
1.524184472656250000e+04
1.531466699218750000e+04
1.489578027343750000e+04
1.446230078125000000e+04
1.732311718750000000e+04
1.384760449218750000e+04
1.598509960937500000e+04
1.571739648437500000e+04
1.446761718750000000e+04
1.620752929687500000e+04
1.738027734375000000e+04
1.638634960937500000e+04
1.305412988281250000e+04
1.592560351562500000e+04
1.489705468750000000e+04
1.438056640625000000e+04
1.346147656250000000e+04
1.697656054687500000e+04
1.675838867187500000e+04
1.631859570312500000e+04
1.514876562500000000e+04
1.690078710937500000e+04
1.735392187500000000e+04
1.398645410156250000e+04
1.482404394531250000e+04
1.770837304687500000e+04
1.272737500000000000e+04
1.698182031250000000e+04
1.597486914062500000e+04
1.346109765625000000e+04
1.511194238281250000e+04
1.523630664062500000e+04
1.368710546875000000e+04
1.292775000000000000e+04
1.531905273437500000e+04
1.553661816406250000e+04
1.460417773437500000e+04
1.568239257812500000e+04
1.460658007812500000e+04
1.185852148437500000e+04
1.448517382812500000e+04
1.432623632812500000e+04
1.358475488281250000e+04
1.474749023437500000e+04
1.292625683593750000e+04
1.289424414062500000e+04
1.345246484375000000e+04
1.359891503906250000e+04
1.391234179687500000e+04
1.546812988281250000e+04
1.593333593750000000e+04
1.373520800781250000e+04
1.331618359375000000e+04
1.359298144531250000e+04
1.439070703125000000e+04
1.562581738281250000e+04
1.249628125000000000e+04
1.282105273437500000e+04
1.510866992187500000e+04
1.263281835937500000e+04
1.099267480468750000e+04
1.236259765625000000e+04
1.426835937500000000e+04
1.508254687500000000e+04
1.786318554687500000e+04
1.617574316406250000e+04
1.716499804687500000e+04
1.786859765625000000e+04
1.682107031250000000e+04
1.482705078125000000e+04
1.153959179687500000e+04
1.818737890625000000e+04
1.375374609375000000e+04
1.208749023437500000e+04
1.456410351562500000e+04
1.692225000000000000e+04
1.474193164062500000e+04
1.564100976562500000e+04
1.485794726562500000e+04
1.703539648437500000e+04
1.440067968750000000e+04
1.315457812500000000e+04
1.433828906250000000e+04
1.380720214843750000e+04
1.507250683593750000e+04
1.384847070312500000e+04
1.560090917968750000e+04
1.448632812500000000e+04
1.241548144531250000e+04
1.394810644531250000e+04
1.529650878906250000e+04
1.552347656250000000e+04
1.548434960937500000e+04
1.551324609375000000e+04
1.627571777343750000e+04
1.481554492187500000e+04
1.533331542968750000e+04
1.308246191406250000e+04
1.496629296875000000e+04
1.897246679687500000e+04
1.692582031250000000e+04
1.547696582031250000e+04
1.389760156250000000e+04
1.624070507812500000e+04
1.452692578125000000e+04
1.276008398437500000e+04
1.544738964843750000e+04
1.407121972656250000e+04
1.523635546875000000e+04
1.668640625000000000e+04
1.369896289062500000e+04
1.426528515625000000e+04
1.367100195312500000e+04
1.644940234375000000e+04
1.555075390625000000e+04
1.469786425781250000e+04
1.763220898437500000e+04
1.597879882812500000e+04
1.598649707031250000e+04
1.588737597656250000e+04
1.400593359375000000e+04
1.651875390625000000e+04
1.348501464843750000e+04
1.723236523437500000e+04
1.320699316406250000e+04
1.441784570312500000e+04
1.444944140625000000e+04
1.930355078125000000e+04
1.451365722656250000e+04
1.634630273437500000e+04
1.444368554687500000e+04
1.383246484375000000e+04
1.812569140625000000e+04
1.272355078125000000e+04
1.429406640625000000e+04
1.318721191406250000e+04
1.320335351562500000e+04
1.575208886718750000e+04
1.804195898437500000e+04
1.409489648437500000e+04
1.478808300781250000e+04
1.353262109375000000e+04
1.723024609375000000e+04
1.558417382812500000e+04
1.416299414062500000e+04
1.540535253906250000e+04
1.381146289062500000e+04
1.332504492187500000e+04
1.409155468750000000e+04
1.221415722656250000e+04
1.698478710937500000e+04
1.342702343750000000e+04
1.680265625000000000e+04
1.773199609375000000e+04
1.533129296875000000e+04
1.355677929687500000e+04
1.611013281250000000e+04
1.507894921875000000e+04
1.428287988281250000e+04
1.669017773437500000e+04
1.577401757812500000e+04
1.531621484375000000e+04
1.385793750000000000e+04
1.447544824218750000e+04
1.387683984375000000e+04
1.528505175781250000e+04
1.542726562500000000e+04
1.906590234375000000e+04
1.545618554687500000e+04
1.344238964843750000e+04
1.458388867187500000e+04
1.404244042968750000e+04
1.833600585937500000e+04
1.617940136718750000e+04
1.722473242187500000e+04
1.401604101562500000e+04
1.385237207031250000e+04
1.543226367187500000e+04
1.667027929687500000e+04
1.579736914062500000e+04
1.569861328125000000e+04
1.431360742187500000e+04
1.258424902343750000e+04
1.652417968750000000e+04
1.158235839843750000e+04
1.739484375000000000e+04
1.510550195312500000e+04
1.547631250000000000e+04
1.773975390625000000e+04
1.433501171875000000e+04
1.546501953125000000e+04
1.381732421875000000e+04
1.690607031250000000e+04
1.567623437500000000e+04
1.685954687500000000e+04
1.550264453125000000e+04
1.434435742187500000e+04
1.545865234375000000e+04
1.414134179687500000e+04
1.378802343750000000e+04
1.475489843750000000e+04
1.581319335937500000e+04
1.506415820312500000e+04
1.460834570312500000e+04
1.643099218750000000e+04
1.408677343750000000e+04
1.778746875000000000e+04
1.690116015625000000e+04
1.728305468750000000e+04
1.502474707031250000e+04
1.479019531250000000e+04
1.474476269531250000e+04
1.375318457031250000e+04
1.298164355468750000e+04
1.396594140625000000e+04
1.449920312500000000e+04
1.253893359375000000e+04
1.734159375000000000e+04
1.605999023437500000e+04
1.401330566406250000e+04
1.456089453125000000e+04
1.490913378906250000e+04
1.517625195312500000e+04
1.423017382812500000e+04
1.798134765625000000e+04
1.561331445312500000e+04
1.589053417968750000e+04
1.362021582031250000e+04
1.765049023437500000e+04
1.233384960937500000e+04
1.785071875000000000e+04
1.695805859375000000e+04
1.280325390625000000e+04
1.406191015625000000e+04
1.306390625000000000e+04
1.833401562500000000e+04
1.705705664062500000e+04
1.459607324218750000e+04
1.392451464843750000e+04
1.505342382812500000e+04
1.379100781250000000e+04
1.455321289062500000e+04
1.576042578125000000e+04
1.527462304687500000e+04
1.512327734375000000e+04
1.254669921875000000e+04
1.702952343750000000e+04
1.584677539062500000e+04
1.548468847656250000e+04
1.773672460937500000e+04
1.700722460937500000e+04
1.401112500000000000e+04
1.542936816406250000e+04
1.916145312500000000e+04
1.546757617187500000e+04
1.643812890625000000e+04
1.549148046875000000e+04
1.639409570312500000e+04
1.774692578125000000e+04
1.471569726562500000e+04
1.483838085937500000e+04
1.389287402343750000e+04
1.457235156250000000e+04
1.682282031250000000e+04
1.251540429687500000e+04
1.621083007812500000e+04
1.715174414062500000e+04
1.418644531250000000e+04
1.247864843750000000e+04
1.444551367187500000e+04
1.648392187500000000e+04
1.681251367187500000e+04
1.693568164062500000e+04
1.584478808593750000e+04
1.571871777343750000e+04
1.605761328125000000e+04
1.627092382812500000e+04
1.849038085937500000e+04
1.715427734375000000e+04
1.302396191406250000e+04
1.528313085937500000e+04
1.414870898437500000e+04
1.708232226562500000e+04
1.580793652343750000e+04
1.499097656250000000e+04
1.448513476562500000e+04
1.373561425781250000e+04
1.527818847656250000e+04
1.697096093750000000e+04
1.629115429687500000e+04
1.589154296875000000e+04
1.316779980468750000e+04
1.289795019531250000e+04
1.344131250000000000e+04
1.706141992187500000e+04
1.869628906250000000e+04
1.758688671875000000e+04
1.518217968750000000e+04
1.396885156250000000e+04
1.465088085937500000e+04
1.479097656250000000e+04
1.360770800781250000e+04
1.884777343750000000e+04
1.580516015625000000e+04
1.504892675781250000e+04
1.674656640625000000e+04
1.605805957031250000e+04
1.540924023437500000e+04
1.566853613281250000e+04
1.605547851562500000e+04
1.497869628906250000e+04
1.315180468750000000e+04
1.607402343750000000e+04
1.792365625000000000e+04
1.753759570312500000e+04
1.461679296875000000e+04
1.515753320312500000e+04
2.039380273437500000e+04
1.510882421875000000e+04
1.234232812500000000e+04
1.655860742187500000e+04
1.281022753906250000e+04
1.384647949218750000e+04
1.709114453125000000e+04
1.611051269531250000e+04
1.505299414062500000e+04
1.444629785156250000e+04
1.616016601562500000e+04
1.422341992187500000e+04
1.455889160156250000e+04
1.661882226562500000e+04
1.717663867187500000e+04
1.642746484375000000e+04
1.692177929687500000e+04
1.417435156250000000e+04
1.545608007812500000e+04
1.602860449218750000e+04
1.625929882812500000e+04
1.650018359375000000e+04
1.651645312500000000e+04
1.523763085937500000e+04
1.829396875000000000e+04
1.816450781250000000e+04
1.574475390625000000e+04
1.635939648437500000e+04
1.534800585937500000e+04
1.414500292968750000e+04
1.547557031250000000e+04
1.646963085937500000e+04
1.472796972656250000e+04
1.486292871093750000e+04
1.871734375000000000e+04
1.726574218750000000e+04
1.545340136718750000e+04
1.796328320312500000e+04
1.768911132812500000e+04
1.547208984375000000e+04
1.603032421875000000e+04
1.657667578125000000e+04
1.469868457031250000e+04
1.518981054687500000e+04
1.723205468750000000e+04
1.645050390625000000e+04
1.747026171875000000e+04
1.722599609375000000e+04
1.274094726562500000e+04
1.579291601562500000e+04
1.530371875000000000e+04
1.680695312500000000e+04
1.859969921875000000e+04
1.410063281250000000e+04
1.426303515625000000e+04
1.687154492187500000e+04
1.801921484375000000e+04
1.348053906250000000e+04
1.357669531250000000e+04
1.112331445312500000e+04
1.430875585937500000e+04
1.448847656250000000e+04
1.592861914062500000e+04
1.832905468750000000e+04
1.790803125000000000e+04
1.503531445312500000e+04
1.362280859375000000e+04
1.622508007812500000e+04
1.744522265625000000e+04
1.420783984375000000e+04
1.581362500000000000e+04
1.396385156250000000e+04
1.571941015625000000e+04
1.665769335937500000e+04
1.303871875000000000e+04
1.353778417968750000e+04
1.593950585937500000e+04
1.689462890625000000e+04
1.429397070312500000e+04
1.388280664062500000e+04
1.570686816406250000e+04
1.804937500000000000e+04
1.749186718750000000e+04
1.435742285156250000e+04
1.634634765625000000e+04
1.743551171875000000e+04
1.480080273437500000e+04
1.521978027343750000e+04
1.567470019531250000e+04
1.479412500000000000e+04
1.721179687500000000e+04
1.580299511718750000e+04
1.454940820312500000e+04
1.748630078125000000e+04
1.561671972656250000e+04
1.454039062500000000e+04
1.344247070312500000e+04
1.515001367187500000e+04
1.573947265625000000e+04
1.715941601562500000e+04
1.169436523437500000e+04
1.545209375000000000e+04
1.600668066406250000e+04
1.563489843750000000e+04
1.363563964843750000e+04
1.534077539062500000e+04
1.265688281250000000e+04
1.948087304687500000e+04
1.462442968750000000e+04
1.632316699218750000e+04
1.600892285156250000e+04
1.503795117187500000e+04
1.512137500000000000e+04
1.547688085937500000e+04
1.550952539062500000e+04
1.747681835937500000e+04
1.538764160156250000e+04
1.564123828125000000e+04
1.697124804687500000e+04
1.817278125000000000e+04
1.478395117187500000e+04
1.252239648437500000e+04
1.287892968750000000e+04
1.736402343750000000e+04
1.516600390625000000e+04
1.410927929687500000e+04
1.727353515625000000e+04
1.617190625000000000e+04
1.563425585937500000e+04
1.250771582031250000e+04
1.358000195312500000e+04
1.399754101562500000e+04
1.613955078125000000e+04
1.824136132812500000e+04
1.736254492187500000e+04
1.755429492187500000e+04
1.596669531250000000e+04
1.432679199218750000e+04
1.508928320312500000e+04
1.352740820312500000e+04
1.780182617187500000e+04
1.416993164062500000e+04
1.725581640625000000e+04
1.654030664062500000e+04
1.480858203125000000e+04
1.486895507812500000e+04
1.671155664062500000e+04
1.692486523437500000e+04
1.506530468750000000e+04
1.392130273437500000e+04
1.725758398437500000e+04
1.551778320312500000e+04
1.755125000000000000e+04
1.240627929687500000e+04
1.366124023437500000e+04
1.755288281250000000e+04
1.373284570312500000e+04
1.780780664062500000e+04
1.504252734375000000e+04
1.587647656250000000e+04
1.548946191406250000e+04
1.428538281250000000e+04
1.672765429687500000e+04
1.652230468750000000e+04
1.518809765625000000e+04
1.686245312500000000e+04
1.327373242187500000e+04
1.471983300781250000e+04
1.443842480468750000e+04
1.372968652343750000e+04
1.957754687500000000e+04
1.417635742187500000e+04
1.466282617187500000e+04
1.419767187500000000e+04
1.470810839843750000e+04
1.624510742187500000e+04
1.426590625000000000e+04
1.569998632812500000e+04
1.483866601562500000e+04
1.463912695312500000e+04
1.666868359375000000e+04
1.369520117187500000e+04
1.724163671875000000e+04
1.280846484375000000e+04
1.419301660156250000e+04
1.328067773437500000e+04
1.543560156250000000e+04
1.616632226562500000e+04
1.622871875000000000e+04
1.893254296875000000e+04
1.437362597656250000e+04
1.466535156250000000e+04
1.408540820312500000e+04
1.486524414062500000e+04
1.444122753906250000e+04
1.786263281250000000e+04
1.318339648437500000e+04
1.639462500000000000e+04
1.516067675781250000e+04
1.393870703125000000e+04
1.455446582031250000e+04
1.628615917968750000e+04
1.502434179687500000e+04
1.541442382812500000e+04
1.736380468750000000e+04
1.238269531250000000e+04
1.497860156250000000e+04
1.516766015625000000e+04
1.489014355468750000e+04
1.369365820312500000e+04
1.851098046875000000e+04
1.445804296875000000e+04
1.799601953125000000e+04
1.391419238281250000e+04
1.611348437500000000e+04
1.421473046875000000e+04
1.551213964843750000e+04
1.452179296875000000e+04
1.419856445312500000e+04
1.450646484375000000e+04
1.271979296875000000e+04
1.507118164062500000e+04
1.631860644531250000e+04
1.604426367187500000e+04
1.562043359375000000e+04
1.305259375000000000e+04
1.368624609375000000e+04
1.579629980468750000e+04
1.595100976562500000e+04
1.475211035156250000e+04
1.361317480468750000e+04
1.582908398437500000e+04
1.588639843750000000e+04
1.535131054687500000e+04
1.592022363281250000e+04
1.338605859375000000e+04
1.335722851562500000e+04
1.504330273437500000e+04
1.543631835937500000e+04
1.516238085937500000e+04
1.541633886718750000e+04
1.647720703125000000e+04
1.312463574218750000e+04
1.486903125000000000e+04
1.673040039062500000e+04
1.488157031250000000e+04
1.648729687500000000e+04
1.481664257812500000e+04
1.628313085937500000e+04
1.512138867187500000e+04
1.547006250000000000e+04
1.203838476562500000e+04
1.549837500000000000e+04
1.907013085937500000e+04
1.494064355468750000e+04
1.567910156250000000e+04
1.521551953125000000e+04
1.572465332031250000e+04
1.629618164062500000e+04
1.364029101562500000e+04
1.284500683593750000e+04
1.725436718750000000e+04
1.658367382812500000e+04
1.405556640625000000e+04
1.728284570312500000e+04
1.569286328125000000e+04
1.498018554687500000e+04
1.671557421875000000e+04
1.556265039062500000e+04
1.529045703125000000e+04
1.433745312500000000e+04
1.506315625000000000e+04
1.516049414062500000e+04
1.470169726562500000e+04
1.395768750000000000e+04
1.444939648437500000e+04
1.334689843750000000e+04
1.607251757812500000e+04
1.538238476562500000e+04
1.527735742187500000e+04
1.566754687500000000e+04
1.268613964843750000e+04
1.542166406250000000e+04
1.587140136718750000e+04
1.510729882812500000e+04
1.494082128906250000e+04
1.587595312500000000e+04
1.493122265625000000e+04
1.394878027343750000e+04
1.413448925781250000e+04
1.416495703125000000e+04
1.440243261718750000e+04
1.435414648437500000e+04
1.509033984375000000e+04
1.490204199218750000e+04
1.484670117187500000e+04
1.604922949218750000e+04
1.516830761718750000e+04
1.454284960937500000e+04
1.433250781250000000e+04
1.290368652343750000e+04
1.442856250000000000e+04
1.510485644531250000e+04
1.593154296875000000e+04
1.505175976562500000e+04
1.418195019531250000e+04
1.445380566406250000e+04
1.604056542968750000e+04
2.030077734375000000e+04
1.627699316406250000e+04
1.503811718750000000e+04
1.664592578125000000e+04
1.429623925781250000e+04
1.392748144531250000e+04
1.554545117187500000e+04
1.430800390625000000e+04
1.388660351562500000e+04
1.582311328125000000e+04
1.519220019531250000e+04
1.361203906250000000e+04
1.377045410156250000e+04
1.418191406250000000e+04
1.540105175781250000e+04
1.521831738281250000e+04
1.731609960937500000e+04
1.559545312500000000e+04
1.453595800781250000e+04
1.575748046875000000e+04
1.507350976562500000e+04
1.797219140625000000e+04
1.361484765625000000e+04
1.416590234375000000e+04
1.531574218750000000e+04
1.477657031250000000e+04
1.676969531250000000e+04
1.271741894531250000e+04
1.642990625000000000e+04
1.509745312500000000e+04
1.631379882812500000e+04
1.626182714843750000e+04
1.487490429687500000e+04
1.429972460937500000e+04
1.551112695312500000e+04
1.419268945312500000e+04
1.446240234375000000e+04
1.619172851562500000e+04
1.448132519531250000e+04
1.375966015625000000e+04
1.831944726562500000e+04
1.480102929687500000e+04
1.483145507812500000e+04
1.548374804687500000e+04
1.417057421875000000e+04
1.441652929687500000e+04
1.611551171875000000e+04
1.559887890625000000e+04
1.557039648437500000e+04
1.465982226562500000e+04
1.713484765625000000e+04
1.583225683593750000e+04
1.532461328125000000e+04
1.554830761718750000e+04
1.693148632812500000e+04
1.571886328125000000e+04
1.597758886718750000e+04
1.742857617187500000e+04
1.611036035156250000e+04
1.511601757812500000e+04
1.754749218750000000e+04
1.670014648437500000e+04
1.486470214843750000e+04
1.218995703125000000e+04
1.275295019531250000e+04
1.697071679687500000e+04
1.801731250000000000e+04
1.817215234375000000e+04
1.605048437500000000e+04
1.911445703125000000e+04
1.839145507812500000e+04
1.362564648437500000e+04
1.479854687500000000e+04
1.527777050781250000e+04
1.689242578125000000e+04
1.787481250000000000e+04
1.443407324218750000e+04
1.463847070312500000e+04
1.544314453125000000e+04
1.566789062500000000e+04
1.786400390625000000e+04
1.417262792968750000e+04
1.606633007812500000e+04
1.317716601562500000e+04
1.773750585937500000e+04
1.440967382812500000e+04
1.902634765625000000e+04
1.744193750000000000e+04
1.257082714843750000e+04
1.683982617187500000e+04
1.521977539062500000e+04
1.473001855468750000e+04
1.672160546875000000e+04
1.832782617187500000e+04
1.802901757812500000e+04
1.753149218750000000e+04
1.657171679687500000e+04
1.745805664062500000e+04
1.308161718750000000e+04
1.785902734375000000e+04
1.562884570312500000e+04
1.630676464843750000e+04
1.442449414062500000e+04
1.486908300781250000e+04
1.612139257812500000e+04
1.498129101562500000e+04
1.594912792968750000e+04
1.502691113281250000e+04
1.475543554687500000e+04
1.645600976562500000e+04
1.684577734375000000e+04
1.528191894531250000e+04
1.855625781250000000e+04
1.476764843750000000e+04
1.387909960937500000e+04
1.547529687500000000e+04
1.583932812500000000e+04
1.532433984375000000e+04
1.471127441406250000e+04
1.504878125000000000e+04
1.460533203125000000e+04
1.830295312500000000e+04
1.572776367187500000e+04
1.452518750000000000e+04
1.574321191406250000e+04
1.507671972656250000e+04
1.305052343750000000e+04
1.514445312500000000e+04
1.689176562500000000e+04
1.654859765625000000e+04
1.493824218750000000e+04
1.830011132812500000e+04
1.450728417968750000e+04
1.303748535156250000e+04
1.539256347656250000e+04
2.031112304687500000e+04
1.584622851562500000e+04
1.532727539062500000e+04
1.527363671875000000e+04
1.947059570312500000e+04
1.706121093750000000e+04
1.595830078125000000e+04
1.478108203125000000e+04
1.424449316406250000e+04
1.619088671875000000e+04
1.511794238281250000e+04
1.569838281250000000e+04
1.549158984375000000e+04
1.696174218750000000e+04
1.663564648437500000e+04
1.413217578125000000e+04
1.787269726562500000e+04
1.653193359375000000e+04
1.400790625000000000e+04
1.205129882812500000e+04
1.414287695312500000e+04
1.292891210937500000e+04
1.333764257812500000e+04
1.672281835937500000e+04
1.523624023437500000e+04
1.330691406250000000e+04
1.530864843750000000e+04
1.537602343750000000e+04
1.711116992187500000e+04
1.495672070312500000e+04
1.422591992187500000e+04
1.637629687500000000e+04
1.546410644531250000e+04
1.398471386718750000e+04
1.520204492187500000e+04
1.453998437500000000e+04
1.575437109375000000e+04
1.510786230468750000e+04
1.767348828125000000e+04
1.559865429687500000e+04
1.416446679687500000e+04
1.489942968750000000e+04
1.720657421875000000e+04
1.703205859375000000e+04
1.608393164062500000e+04
1.658218554687500000e+04
1.420043554687500000e+04
1.515475195312500000e+04
1.526850585937500000e+04
1.283503613281250000e+04
1.403671289062500000e+04
1.428113183593750000e+04
1.693220507812500000e+04
1.434441015625000000e+04
1.516269140625000000e+04
1.642389648437500000e+04
1.472290625000000000e+04
1.190556445312500000e+04
1.718291796875000000e+04
1.756354492187500000e+04
1.720925781250000000e+04
1.550760937500000000e+04
1.453256738281250000e+04
1.448478906250000000e+04
1.672146484375000000e+04
1.463170507812500000e+04
1.597715039062500000e+04
1.245676367187500000e+04
1.281463085937500000e+04
1.580754882812500000e+04
1.843191796875000000e+04
1.454951367187500000e+04
1.460565039062500000e+04
1.874214843750000000e+04
1.609915039062500000e+04
1.657593359375000000e+04
1.703013671875000000e+04
1.374560058593750000e+04
1.667992968750000000e+04
1.506667773437500000e+04
1.793762500000000000e+04
1.663415429687500000e+04
1.709683007812500000e+04
1.439408593750000000e+04
1.474539355468750000e+04
1.541893750000000000e+04
1.665387890625000000e+04
1.557276269531250000e+04
1.662409570312500000e+04
1.545909765625000000e+04
1.601561230468750000e+04
1.415697851562500000e+04
1.583280175781250000e+04
1.593879003906250000e+04
1.534605078125000000e+04
1.454104492187500000e+04
1.509341406250000000e+04
1.448361523437500000e+04
1.521021679687500000e+04
1.217529296875000000e+04
1.363951660156250000e+04
1.370927539062500000e+04
1.509958007812500000e+04
1.714561328125000000e+04
1.540725976562500000e+04
1.294377929687500000e+04
1.417403320312500000e+04
1.385745703125000000e+04
1.405642089843750000e+04
1.503261621093750000e+04
1.687010937500000000e+04
1.611342871093750000e+04
1.270217968750000000e+04
1.583999121093750000e+04
1.380709179687500000e+04
1.155002929687500000e+04
1.405446484375000000e+04
1.581594140625000000e+04
1.725847265625000000e+04
1.469065820312500000e+04
1.666013281250000000e+04
1.687847265625000000e+04
1.562261523437500000e+04
1.406516503906250000e+04
1.452904589843750000e+04
1.340054003906250000e+04
1.291824414062500000e+04
1.413693847656250000e+04
1.435287304687500000e+04
1.459271191406250000e+04
1.646053906250000000e+04
1.449145703125000000e+04
1.242965136718750000e+04
1.432441210937500000e+04
1.220360156250000000e+04
1.650285742187500000e+04
1.860660156250000000e+04
1.504573144531250000e+04
1.769799218750000000e+04
1.536995410156250000e+04
1.525068847656250000e+04
1.874812109375000000e+04
1.538991113281250000e+04
1.550874121093750000e+04
1.712558789062500000e+04
1.565800683593750000e+04
1.375101171875000000e+04
1.530848925781250000e+04
1.672969335937500000e+04
1.546373632812500000e+04
1.904528125000000000e+04
1.635162890625000000e+04
1.444370312500000000e+04
1.405793066406250000e+04
1.373218066406250000e+04
1.400013476562500000e+04
1.616976660156250000e+04
1.342628125000000000e+04
1.455016015625000000e+04
1.612298730468750000e+04
1.259066601562500000e+04
1.629878906250000000e+04
1.539347949218750000e+04
1.362991796875000000e+04
1.600633007812500000e+04
1.464633593750000000e+04
1.582422460937500000e+04
1.476014257812500000e+04
1.623134570312500000e+04
1.321973925781250000e+04
1.380607031250000000e+04
1.434773828125000000e+04
1.626668554687500000e+04
1.716900390625000000e+04
1.402036230468750000e+04
1.778800000000000000e+04
1.634804003906250000e+04
1.299129101562500000e+04
1.517777929687500000e+04
1.650154296875000000e+04
1.467419140625000000e+04
1.456151562500000000e+04
1.754675390625000000e+04
1.662661523437500000e+04
1.406003125000000000e+04
1.643138281250000000e+04
1.813672265625000000e+04
1.600770996093750000e+04
1.630713183593750000e+04
1.688931054687500000e+04
1.556038281250000000e+04
1.629298632812500000e+04
1.354601562500000000e+04
1.604173730468750000e+04
1.517529687500000000e+04
1.516332421875000000e+04
1.520710546875000000e+04
1.374265136718750000e+04
1.397242871093750000e+04
1.724982617187500000e+04
1.682868359375000000e+04
1.757115039062500000e+04
1.670629687500000000e+04
1.443105078125000000e+04
1.565351269531250000e+04
1.408307519531250000e+04
1.550414062500000000e+04
1.634935937500000000e+04
1.459745800781250000e+04
1.446130468750000000e+04
1.654303515625000000e+04
1.621881542968750000e+04
1.536466796875000000e+04
1.402396875000000000e+04
1.588639746093750000e+04
1.355415234375000000e+04
1.691522851562500000e+04
1.715316015625000000e+04
1.488326660156250000e+04
1.405791699218750000e+04
1.382887890625000000e+04
1.448755859375000000e+04
1.482018750000000000e+04
1.498107812500000000e+04
1.626081640625000000e+04
1.780875000000000000e+04
1.350424316406250000e+04
1.620287304687500000e+04
1.431204101562500000e+04
1.958207617187500000e+04
1.913832031250000000e+04
2.060333398437500000e+04
1.294698046875000000e+04
1.538585937500000000e+04
1.332009277343750000e+04
1.556761718750000000e+04
1.586159765625000000e+04
1.668608007812500000e+04
1.260307617187500000e+04
1.727451171875000000e+04
1.444717578125000000e+04
1.728568164062500000e+04
1.648549609375000000e+04
1.525202343750000000e+04
1.672817382812500000e+04
1.531289453125000000e+04
1.558409667968750000e+04
1.197718164062500000e+04
1.485959179687500000e+04
1.655795312500000000e+04
1.496167773437500000e+04
1.730566210937500000e+04
1.830244921875000000e+04
1.786116992187500000e+04
1.585492382812500000e+04
1.610122753906250000e+04
1.746707812500000000e+04
1.431062304687500000e+04
1.550734472656250000e+04
1.564533398437500000e+04
1.763989453125000000e+04
1.572635546875000000e+04
1.351687304687500000e+04
1.658878515625000000e+04
1.459455468750000000e+04
1.505526757812500000e+04
1.553308300781250000e+04
1.387835937500000000e+04
1.622201757812500000e+04
1.723338671875000000e+04
1.694542968750000000e+04
1.152740136718750000e+04
1.555340332031250000e+04
1.538513964843750000e+04
1.332528320312500000e+04
1.667532617187500000e+04
1.473509570312500000e+04
1.159666992187500000e+04
1.475746875000000000e+04
1.437437109375000000e+04
1.438167968750000000e+04
1.591163085937500000e+04
1.317742285156250000e+04
1.460709472656250000e+04
1.591316406250000000e+04
1.388787500000000000e+04
1.413712695312500000e+04
1.646260351562500000e+04
1.252708007812500000e+04
1.615627343750000000e+04
1.224882617187500000e+04
