1.122621537711543715e+04
1.067010513537096449e+04
9.673804710666101528e+03
7.625441582174685209e+03
1.224644234503357802e+04
1.440529530960617922e+04
1.068033139540674165e+04
1.083360254063870161e+04
1.205693816007573696e+04
9.593630244775496976e+03
1.116274029175699616e+04
8.994608556188048169e+03
1.137169190599923240e+04
1.032817658801533071e+04
1.052715082014495056e+04
1.085803232882441989e+04
1.223674030249109273e+04
8.856620382666604200e+03
1.370647179846361360e+04
1.368068963140079541e+04
7.826772997373911494e+03
1.286705072058205769e+04
1.733007019549258257e+04
1.205045022973704181e+04
1.129552454311726979e+04
1.603722016658385110e+04
1.280042529125978581e+04
8.087995794870907957e+03
1.157600850445372816e+04
9.183216424854397701e+03
