-8.944000000000000909e+02
-5.597983638619731437e+02
-5.752748840581328977e+02
2.866248757277375262e+04
1.866488028286555391e+03
3.173590873937481956e+04
2.507534645287405510e+03
1.139733291145938711e+04
1.527094569143221815e+04
1.518403802773433745e+04
2.440657983369099384e+04
3.637240957528872059e+03
2.783353419625686365e+04
4.185321259701292729e+04
2.468027701889935997e+04
1.809033758217449940e+04
1.149155501162529254e+04
4.092978728578697337e+04
7.092381846959073300e+03
2.380493790869283839e+04
2.132260220230689083e+04
2.302646617314142350e+04
6.920797985377584155e+03
2.817468420854308533e+03
2.470960510931905446e+04
9.945958166705840995e+03
9.882294835942057034e+03
9.671335197281670844e+03
5.812632851834050234e+04
5.429086433921444041e+03
4.527239257032271780e+03
1.441842411305944006e+04
2.547836583919539771e+04
5.234224273721785721e+03
5.940979796491819798e+03
6.596736278688014863e+03
1.524397013445413359e+04
1.480979230855405513e+04
1.648255294825522287e+04
6.632226205589848178e+03
1.043031115501157365e+04
2.777772535338353191e+04
2.659568327026573388e+04
6.360360674098198615e+03
9.767940102861091873e+03
7.499937131936503647e+03
1.090971903411421226e+04
2.308074034102019505e+04
2.312473728567318540e+04
1.263352728167743226e+04
1.297846195444693149e+04
1.867959468123043916e+04
1.087508573290641289e+04
6.429199910432929755e+04
8.528924240071159147e+03
1.010478608201455063e+04
4.852526002680319652e+04
1.628645110082020801e+04
3.373726078086793132e+04
3.649246255294715411e+03
4.510058219606487000e+03
2.180586020127658412e+04
1.691448999565814665e+04
2.219819134325360938e+04
1.351401497394845819e+03
5.217657282107841638e+03
1.393985098694330736e+04
1.279331413976746080e+04
4.435241558580331912e+04
6.256316437607342777e+03
3.133365878976032400e+04
4.129314926923697931e+04
3.250122603915928994e+04
1.686322429003103025e+04
2.211653411995171336e+04
3.467304948301776312e+04
2.723163619849519455e+04
7.232182009445270523e+03
1.701678024905280108e+04
2.445481708403495759e+03
1.985444441532283599e+04
5.235491479159274604e+04
4.647351544280978487e+03
2.450121932459777236e+04
1.357671838111239958e+04
3.459921224434731266e+04
6.783149153248281436e+03
1.168820736802045940e+04
1.659393930159951560e+04
1.135130844069477098e+04
3.049144152290040074e+04
4.095541595437133310e+03
9.480032137853675522e+03
3.026187305414578077e+04
3.642579436378762330e+04
4.035155332959893713e+04
1.753860591432990259e+04
1.277834903055200630e+04
2.743322062145675318e+03
2.596164287039399278e+04
1.916680546044727453e+04
1.663065086358987537e+04
6.001775500044336695e+03
2.333719554063145915e+04
3.486879101245255879e+04
1.938698521360562518e+04
2.889540967910577456e+04
4.508588423136519850e+03
9.174267739943599736e+03
1.769692768149899712e+04
4.611998786091705369e+03
5.784931401654770525e+03
2.146666945132556066e+04
3.678573167798550276e+04
9.690055589191293620e+03
3.312570062000885082e+04
2.437294142912134703e+04
2.669169335267052884e+04
1.389987572400494173e+04
2.250361735898253028e+04
2.629928382620112825e+04
1.622006843744431535e+04
4.594427246831426601e+04
4.358513382272571107e+03
4.957472287987840900e+03
1.646045144403600352e+04
5.471346714273131511e+03
3.249989345937693724e+04
1.200519206292448507e+04
2.507216517699911128e+04
6.380999326853327148e+03
1.443480144843558628e+04
2.454311385709210299e+04
4.828396321341935618e+03
1.747926886707813537e+04
2.449250536846524119e+04
4.066391797558878170e+04
7.301674197807843484e+03
4.274287953899117565e+04
6.778247442176322693e+03
9.503230702657767324e+03
3.148771101136868674e+04
2.727744009630718210e+04
3.851126047270193521e+04
3.191889100841596155e+04
3.588983919832503307e+04
2.619814046364032038e+04
3.310917367707400444e+03
1.478013176631840179e+04
3.706109341326370486e+04
8.886347169145528824e+03
1.070863336170375260e+04
2.016391967810656934e+04
2.096873058034644419e+04
7.454392627963508858e+03
1.368723697108748274e+04
5.924869652735997079e+04
4.183839365296572214e+04
2.223967118997857688e+04
1.546735485841361879e+04
1.516182525109707967e+04
1.993342692987321061e+04
2.593118808026974420e+03
1.949539576939426479e+04
7.266166949633417971e+03
6.285623380469201948e+03
1.992283156002836040e+04
1.623249535595422822e+04
9.303898942601493036e+04
1.113556448169749819e+04
2.196553150196756178e+04
7.822821028885020496e+03
9.062221497612359599e+03
1.316309025301120073e+03
1.577775572816059503e+04
3.315315292198493262e+04
8.471462669555830871e+03
1.990893969320619362e+04
8.346070356507758333e+03
1.604428174897616918e+04
1.258327325809503964e+04
8.470008957067833762e+03
1.343539555354183722e+04
4.923260448941465438e+04
3.127600957932825986e+04
3.190885389737717560e+04
1.070560405329799323e+03
6.542847713231225498e+03
4.005114919506233127e+04
2.915909590417135041e+04
2.024203427759568149e+04
4.829015046821956275e+03
2.004913469799904487e+04
8.629346347129278001e+03
2.212759876793011790e+04
3.182120893193353550e+04
4.662930541865849591e+03
2.122544084222606398e+04
1.439390296307295648e+04
1.737870880702615250e+04
3.991634305124984530e+04
4.263580030096688279e+04
3.217177506331951008e+04
1.654865839032252552e+04
1.420052905821366039e+04
8.124281264352342987e+03
1.523048486485386456e+04
2.375773232215450480e+04
4.496583582495311566e+04
3.967361299666578998e+04
1.160593191417108937e+04
9.860889206328347427e+03
1.161813012617186905e+04
3.510400822523893294e+04
3.124513523526824429e+04
5.201042584745919157e+04
1.490540778903955106e+04
3.437187683543979801e+04
7.664818701741191944e+03
1.206649941684386977e+04
1.171697900487493098e+04
1.387809994977117640e+04
2.616364198155916529e+04
1.365245355199757250e+04
1.864553848702865798e+04
1.254477924787530355e+04
3.033357664156491410e+03
1.005677270972136466e+04
7.986831931030879787e+04
2.122245452150409983e+04
3.440967218510084058e+04
1.285049929910623541e+04
1.278493789385135096e+04
1.351073804940737682e+04
1.318362437067232895e+04
2.661671048048751982e+04
4.382925029252872628e+04
1.239829557147754940e+03
1.081582123747119840e+04
1.077345294629517957e+04
5.821406752642241372e+03
1.636022898920185980e+04
9.171095829522138956e+03
2.533293233647483430e+04
1.356542491315155530e+04
3.748458334294279666e+03
8.730810673739428239e+03
1.674965537946094628e+04
2.548780448340328439e+04
3.932982884661891148e+04
2.763745513111664332e+04
1.719275011985785386e+04
3.552040791622579854e+04
3.256453807499755567e+04
1.191698315861516494e+04
1.316047464579103325e+04
3.046022816813569079e+04
1.957364557091968891e+04
1.525749948340505944e+04
3.747265878046158468e+04
4.749126411390843714e+03
5.100223343840881171e+03
3.824919085019818885e+04
7.162660453399325888e+03
1.484018727150506311e+04
1.716777024195037257e+03
4.253268121171290113e+04
1.912260832146583562e+04
2.956186205807735860e+03
5.857919949248138437e+03
2.164767429383342460e+04
5.008356219094760309e+04
2.175693539560890713e+04
1.802519472232556291e+04
1.286950573421275476e+04
1.021411041301004843e+04
8.928880273166878396e+03
7.471093119530107288e+03
7.359523897229734757e+03
5.485149558418700508e+03
3.056692246119284391e+04
6.735276701692911047e+03
9.666942523897105275e+03
2.335813069616997382e+04
5.077495534381832840e+03
2.733698749507626053e+04
5.794075547411407570e+03
5.793132946552283829e+04
1.241335448747747978e+04
7.854187340997255887e+03
1.739695817263500066e+04
1.996648427394774262e+04
5.559733872365844036e+03
3.175697786647677276e+04
1.736883713200589773e+04
5.249448832100613799e+03
1.879900669391345946e+04
1.242430331801167995e+04
2.112125171189010507e+04
2.965157694787445507e+04
1.786816357769279421e+04
3.127945188359501117e+04
8.703573600206531410e+03
1.419282578924290647e+04
1.357627294127937785e+04
1.037987897161114597e+04
4.215338856842357927e+04
8.066909810781763554e+03
2.836874551809760305e+04
4.916659086365937401e+04
1.815115838383472874e+04
8.481767965479453778e+03
4.422913104365302388e+03
3.089980207495745708e+04
2.741529412489805691e+04
7.750303504592524405e+03
6.652998990034082090e+04
6.224153698760103907e+03
6.464819371373609101e+03
1.040065854200056674e+04
1.129862202000798425e+04
8.816460251840020646e+03
5.688410261862892185e+03
2.393392436565951721e+04
4.094019173102227796e+04
1.909480315864308068e+03
2.409111878068396891e+03
2.339440559676220437e+04
2.830684740541535575e+04
4.481247572439280702e+03
2.338917932461626333e+04
7.662895610426152416e+03
4.378919826007690426e+04
1.049038155943843230e+04
1.188949929852428613e+04
1.257792670320738034e+04
2.772442377860294437e+04
1.736634075258889061e+04
7.099015182555676802e+03
3.669092316259855579e+04
2.366536810096460977e+04
2.946795780764725714e+04
8.784361184716879507e+03
2.087455440509971231e+04
2.594001111823038082e+04
1.276097605832178306e+04
2.171455788339902210e+04
1.706033281139240353e+04
2.561696755879960619e+04
1.315818925601993760e+04
8.184312996943213875e+03
4.864489387101853208e+04
3.407898679828402237e+04
1.828245767128324223e+04
3.200907756378401609e+04
2.072805778268381982e+04
1.107109965345553428e+04
1.709510661689376502e+04
7.188577798467054890e+03
4.626320667729488923e+04
1.757544482843378864e+04
1.231402861575481620e+04
1.319419142470822953e+04
1.568307691096637063e+04
7.152366780219109387e+03
8.540192023924182649e+03
3.742525684925125097e+04
3.994194669837736001e+04
2.874864603904227261e+04
4.043637432796813300e+03
3.052521055411244743e+04
5.065094155752511142e+03
2.956971212496762746e+04
1.842729212781212482e+04
1.249025694582729193e+04
2.212454049899553866e+04
3.675276611392651103e+04
2.195541684029524185e+04
3.500219723753802100e+04
3.908986177481031336e+04
2.063973841934444499e+04
5.417926673547492828e+04
1.594490664274501978e+04
1.108706067294948480e+04
3.336080067638347828e+04
1.162076679193478049e+04
1.205352979371355286e+04
1.459320196894468609e+04
1.884862038838405351e+04
1.711975167514345958e+04
1.158660408425353671e+04
3.316676608719547221e+04
3.154619552707283583e+04
1.299147258501513716e+04
3.842937290900029620e+04
2.164690786391444635e+04
1.228123053943909690e+04
1.189908700306120045e+04
5.003749639499703335e+03
4.328081820232684549e+04
2.770712786157403752e+04
7.905959583022413426e+03
1.237453756091883406e+04
2.262929418115131193e+04
1.599851014178961486e+04
1.052121245363656089e+04
5.146031241542486896e+03
2.322382795891622663e+04
4.697537907163336968e+03
8.356892830295919339e+03
6.774539556778380756e+03
2.461112366140009908e+04
3.455084943687643681e+04
2.731118985874051577e+04
2.413349858432715337e+04
2.862231411420087898e+04
2.147320707247473911e+04
1.402218846374157329e+04
3.210788504511694555e+03
2.912692828099892358e+04
3.643284323339021648e+04
1.052979638267084920e+04
2.719620939464139155e+03
2.108967832230078784e+04
7.276150800039275964e+03
1.383553798579437171e+04
3.643126277196840238e+04
2.231189240277236968e+04
1.370407240141196417e+04
3.487293478723358567e+04
2.216102372086714604e+04
2.062715770039098788e+04
1.803115580888749173e+04
3.344483390864070680e+04
3.082022787053828870e+04
2.755950031899129317e+04
1.294772831321439298e+04
1.061090359689241086e+04
1.077265327965404867e+04
1.513009206338565673e+04
1.811858704141446651e+04
1.271790340162673783e+04
2.343604836652880840e+04
4.907835976513920468e+04
3.199014595793037006e+04
6.150135214140995231e+03
3.616876403356920491e+04
3.427414326127823006e+04
8.216708394153632980e+03
2.615877457791470079e+04
7.928298294437925506e+04
1.473326384844284803e+04
1.075750055004957176e+04
3.478299181434998104e+02
1.794311917978263227e+04
4.210011845466999512e+04
2.808353732062853396e+03
3.162921058737807471e+04
1.574998326752711910e+04
6.530108836502990926e+03
1.040992127525013711e+04
1.251500399502856453e+04
9.790935372703486792e+03
6.058833380388171463e+03
1.835138967847439562e+04
1.105636069964836497e+04
2.470151773866453732e+04
3.000561770774242905e+04
1.167924931127614582e+04
6.693094653871833543e+03
1.063191396983729464e+04
5.595578182940987972e+03
5.352444801986284438e+04
5.418589131732186070e+04
8.317041908059840353e+03
2.921439491644517693e+04
2.179140961794820760e+04
3.441575397855071787e+04
2.470314831708672136e+04
6.527473301218939923e+03
2.423066364657998565e+04
2.966023198249141933e+04
2.203620112633827739e+04
1.448419569956646410e+04
1.662484827482963374e+04
2.075451237290439167e+04
2.226934867847160422e+04
1.819934402855413282e+04
1.926073509725648546e+04
7.967845836160644467e+03
1.227920193786064192e+04
1.986774401245182162e+04
3.602481683302465535e+04
5.109690915601618144e+00
3.754736747294069937e+04
1.251860199966372602e+04
2.758064616326284886e+04
5.454498286317267048e+04
1.507204468242477014e+04
6.195015095858776476e+03
1.162887188641488865e+04
2.494072864187625601e+04
4.126515327499461273e+04
1.934245825098196292e+04
3.649780167106315730e+03
3.783049664687322365e+04
3.501407162045858422e+04
4.815156311823161377e+04
3.201512908645385687e+04
6.147104346340547636e+03
8.697743612385673259e+03
2.941691528408815429e+04
1.623474150493307934e+04
5.480801893688934797e+04
2.518473045557287605e+03
4.251251282341763726e+03
2.647810075021189550e+04
2.258294675259851283e+04
1.324553728199383477e+04
1.929189487344440931e+04
2.149785601510334527e+04
4.261556083747967205e+04
1.183677598653296809e+04
8.924082499147936687e+03
1.289055041899329444e+04
7.075888750636473560e+03
2.058709053717804272e+04
1.437475392957063377e+04
2.050318175188235909e+04
7.969187618915550047e+03
1.449775584968934709e+04
1.519443784054564458e+04
2.135192959927025004e+04
2.147387798408496383e+04
3.129873290299159999e+04
1.818094757271765411e+04
1.335655127641048239e+04
8.953982234326831531e+03
2.193492679889690044e+04
1.013664057113623494e+04
1.714157753348807819e+04
5.044988548425368936e+04
2.021392624058401998e+04
1.511070634913868525e+04
1.147559988378817070e+04
2.523503265456354347e+04
7.943763207864363721e+03
1.387017851715839606e+04
1.543953991257542839e+04
2.180036256367535316e+04
2.027943123021846986e+04
5.722462722190648492e+03
1.919017779696456273e+04
2.504356466461335367e+04
3.444035879017674597e+04
2.457963032753009247e+04
1.977217508039035238e+04
9.694036536963340041e+03
1.273373236251107664e+04
2.069498973611377733e+04
1.647970264519060584e+04
4.829773996182830888e+04
1.494176897831307360e+04
1.473611921662169698e+04
1.824286335512416554e+04
1.929906318209569872e+04
8.490953324314585188e+03
4.584260857409659366e+04
1.837405531254536254e+04
1.350112020441917412e+04
4.808433865133632025e+03
7.747831984871812892e+03
2.193930339015021309e+04
1.768985644016508013e+04
1.894207753692922415e+04
1.287562962200434049e+04
8.781607970991701222e+03
1.791977221088395163e+04
2.023755155450208986e+04
3.179701518758980819e+04
2.044368029983184533e+04
1.451752333729238671e+03
1.302524853715387144e+04
3.055889619643152400e+04
3.061885714115367227e+04
4.113694815136084799e+04
2.007428190668456591e+04
1.057011012905899952e+04
9.204504151814520810e+03
8.368230113151328624e+03
2.509676190802976998e+04
2.785711891035331064e+04
1.189522737840549962e+04
4.102819567921638736e+03
9.309240418667965059e+03
9.621184698720760935e+03
2.584219840638200185e+04
2.146229520465906171e+04
1.319232361103919538e+04
3.388501664714629442e+04
2.357087746028220135e+04
1.974778134420158312e+04
4.228261267020458035e+04
1.091683226075030325e+04
8.618096090734050449e+03
7.025679353646730306e+04
7.889907483003918969e+03
2.266855888339444937e+04
2.571826286042949505e+04
1.189050780393471723e+04
5.151032411446214246e+04
8.754904024793529970e+03
2.514848956614782219e+04
2.190700128542743914e+04
4.702404009797619437e+03
1.397812088618057169e+04
4.126019455883791670e+04
2.315521621931257687e+04
1.270749002560108420e+04
1.686036937954180030e+04
1.003709585655912269e+04
3.551374730177525635e+03
1.323487519376888667e+04
1.220419979283303473e+04
2.229396087084075407e+04
2.356373403369751759e+04
5.575154161047497473e+04
7.356726586270823645e+03
1.236730355064133437e+04
1.782108790928815142e+04
4.702623504014463833e+03
4.568242907935725088e+04
3.640985981823774637e+04
3.272120803562307992e+04
7.965963552327346406e+03
3.264945215383522009e+04
3.077555366955594945e+04
1.138725804851528665e+04
1.035926258684119966e+04
1.992546811813232489e+04
1.960790473496197592e+04
3.179610125154640264e+04
2.471990397156373729e+04
1.911949385033702129e+04
2.057772047735067099e+04
4.318011417309580793e+03
1.626726680522933384e+04
4.139521316868973372e+04
3.267391696639554357e+04
1.590175446695167557e+04
1.045165803896949910e+04
1.904456387938886110e+04
2.636196691617596662e+04
1.052365080996522192e+04
1.393996765806982148e+04
1.038880872520116463e+04
1.207354869811382196e+04
1.149707447866458097e+04
1.010465174563673463e+04
3.015754903306351116e+04
9.523661837121386270e+03
2.533119589773618645e+04
1.769084703906062350e+04
1.022150213130206794e+04
5.530825821809512490e+03
3.159214324120906531e+04
4.164680861749318865e+04
6.175274704341367396e+03
1.398066216272784732e+04
1.800227119852820397e+04
4.358856951306135306e+04
6.978738042390308692e+04
1.649034860621508415e+04
3.733376077407279809e+04
4.237315718242108414e+04
8.217126930478283612e+03
4.769670915333666926e+04
2.057484856614652017e+04
9.561711773421935504e+03
8.672866591751009764e+03
3.071308814812085257e+04
1.287262711256689727e+04
6.617454023440429410e+03
3.427832043871787027e+04
3.685325658727556583e+04
6.194936070277930412e+04
2.492729244513388949e+03
1.787853246330541879e+04
7.101630411881375949e+03
3.498120887961012340e+04
3.908829348887592460e+03
1.639983872892357613e+04
2.784998546522079414e+04
1.047648821007936749e+04
2.232330787189268449e+03
6.255541794619915891e+03
1.371076529568996557e+04
1.012630101482377722e+04
1.640814667682904110e+04
2.737103993989535229e+04
5.116680371021100655e+03
1.299920731346494176e+04
3.883121329860293190e+04
4.018987701681189355e+04
9.791497698906423466e+03
1.061132153608846784e+04
1.346050380837159719e+04
3.571946329686095851e+04
1.487583306903681114e+04
3.467020979722378979e+04
2.092669074154421105e+04
1.163411858450423097e+04
5.345355146252672057e+03
6.045241607471263706e+03
3.467342892449285864e+04
1.748460349198934637e+04
4.258629587369112414e+03
1.759015057312180579e+04
2.146633254576122999e+04
1.706622132678895287e+04
2.035502540622353627e+04
2.299340003511703617e+04
3.614017215075025160e+04
2.937626234782236861e+04
9.388682833632437905e+03
1.266016874202826148e+04
1.461426152251856183e+04
7.281352352994929242e+04
3.259797950351364852e+04
8.465547531881216855e+03
3.843929685086783138e+04
2.148798836375166866e+04
6.097340121351582638e+04
1.735696083776530577e+04
5.395870350807819341e+04
2.864655171215668815e+04
2.527895890598148981e+04
1.128589573814774485e+04
1.263176869078584787e+04
6.071252596834567157e+03
2.935979704923165264e+04
2.631919559530173865e+04
1.015490317953494923e+04
1.993803442857013943e+04
1.727047551084584848e+04
4.612421750910603805e+03
1.551699113371017120e+04
9.374079282746899480e+03
2.334905957451536960e+04
1.201187308535368356e+04
9.300464808970184095e+03
2.625642738345817270e+04
3.295058064141107752e+04
1.384612721008147855e+04
1.473086568244945920e+04
7.574886492081609504e+03
2.291541191904152947e+04
1.407447413688093548e+04
1.356399330189849206e+04
1.167397072869758267e+04
5.039232479218652770e+03
1.454560658093134771e+04
5.308830682335906022e+04
1.442956061374215278e+04
3.713473202486394439e+04
1.165889269134713322e+04
2.645755517488917758e+04
1.928959848092486936e+04
1.498478633162054030e+04
1.367006240658770548e+04
6.345047875617274258e+03
1.166479486860117686e+04
3.050469648769616015e+03
2.186693818975738759e+04
3.234420660513263647e+04
2.745863352131016654e+04
3.350459435716407825e+03
1.347986189821709195e+04
2.427737414611858185e+04
2.315392394825350857e+04
7.383472207537517534e+03
1.750378542857078719e+04
7.357246872460516897e+03
2.727518332664123591e+04
4.571257951165937266e+04
1.036891339487601363e+04
1.747906761920162171e+04
7.831012122566657126e+03
1.016003398906485018e+04
4.999262788813027146e+04
8.891682992108442704e+03
1.172287679265855331e+04
2.298229642076808159e+04
2.418915101569534272e+03
3.673663212657412805e+04
2.847028107851527966e+04
8.921156511721141214e+03
4.300674995015266904e+04
1.869535201003737529e+04
1.382330986012914218e+04
8.283974612291100493e+04
1.899143365740980516e+04
2.074568385670639327e+04
9.806683657799168941e+03
1.018221388506651419e+04
1.086646779924813927e+04
1.758741073015879738e+04
3.208285249708671836e+04
3.303775004245669697e+04
7.852170043785822600e+03
1.808594697204672684e+03
1.722142482164410467e+04
3.297401756033949641e+04
1.848657817374422666e+04
1.605201947506667966e+04
2.950423519563840455e+04
3.112047654669019539e+04
1.519313436995045777e+04
1.897357333098733943e+04
1.047208821727146278e+04
2.439372357055957036e+04
3.198829176637239289e+04
3.954194665777254158e+03
1.921425413877620304e+04
1.159818510948952098e+04
1.147733185122468058e+04
-8.118196623853418714e+01
1.355328524464343536e+04
9.632050778994231223e+03
7.889292514991006101e+03
2.866978812908903274e+04
1.600879897374692882e+04
2.752092613409144178e+04
2.310569891173532233e+04
2.063820470056701015e+04
1.173691880594031500e+04
2.647972153418056678e+03
6.177695247036331239e+03
5.547661454498992271e+02
1.273663797457710098e+04
2.162678709776924370e+04
1.714116277830412218e+04
2.262213441742561918e+04
2.699068797332991380e+04
1.001010988236601406e+04
1.058970065729907219e+04
6.017327116145055697e+03
1.454811051855147525e+04
7.388845955029119068e+03
1.390431218853270548e+04
1.096882339146592130e+04
3.800588349848669623e+02
6.567968493013232546e+03
2.360200810696882399e+04
1.701868452749054313e+03
4.509038759012929222e+04
6.264366253335281726e+03
2.626425813155377000e+03
8.943091331667901613e+03
1.701366734266791173e+04
2.006884983306914364e+03
1.845647022142221977e+04
2.883501071040923125e+04
-7.920127224412140095e+02
1.661990175764193555e+04
8.210581303663992003e+03
3.662187827113659296e+04
5.654153817579237511e+03
2.117638656560214656e+02
7.737323322581284629e+03
3.789360400075373764e+04
-1.151513612999983252e+03
5.397497404228518462e+03
1.529873200230530756e+03
8.532928153173579631e+02
9.568796038188766033e+03
2.054463655554299839e+04
1.888225613291833724e+04
1.608136328784080069e+04
1.324163435802865934e+03
2.678219308207292215e+03
1.779394781296607107e+04
-2.381192959879027512e+03
8.713920642852841411e+03
1.497959656522610567e+04
1.067297325510929477e+04
1.056309984596657341e+04
7.669524635057765408e+03
9.185858603768951070e+03
1.511917933817406811e+04
4.403089029017924986e+03
-6.429716438455379830e+02
7.109739528671411790e+03
-1.226036174579556700e+03
1.138771551718259616e+04
-1.288653482757236816e+03
-1.544892658064818988e+03
1.121016277749014989e+03
8.466062895167020542e+03
1.865703716593505669e+04
4.638138565281729825e+03
2.309444489703068484e+03
6.294259589740051524e+03
2.001624812806446926e+03
1.274798735248000958e+04
1.374584684541877687e+04
-8.796926831354230671e+02
1.745084214069003792e+04
1.943804810716426800e+04
8.845613935518140352e+03
6.840892059800903553e+03
1.159596993645597649e+04
4.938123691747070552e+03
1.016361166058203708e+04
1.573707448041018506e+04
1.826996501537782387e+04
-1.660192724996059042e+02
1.291566522930178689e+04
1.620557382946596226e+04
9.651814032271471660e+03
1.138535882548726022e+03
1.724267917307206517e+03
2.761659371068252312e+03
6.393610090078814210e+03
3.546398613253555231e+04
7.478869474987510330e+03
9.443670075490665113e+03
1.569482268987664429e+04
3.654528377069275393e+03
1.458991191504502967e+04
2.312680696040561452e+04
1.156075127784644428e+04
2.576629584552503729e+03
7.978345383767522435e+03
5.603085173724437482e+03
1.676943863670125211e+04
2.279261462852711702e+04
1.799026062970022394e+04
4.026000125269426917e+03
2.752870287715390077e+04
1.320880079661268246e+04
2.375228959396258506e+04
5.414061717050991319e+03
2.170589785803332052e+04
3.675804453078093047e+03
1.314845043248563343e+04
2.134094318356905205e+04
2.472684213215557247e+04
1.583231712627725938e+04
1.864503247408024254e+04
2.223941812591157941e+03
4.414684728336766420e+04
7.873733348123206270e+03
5.672514528596913442e+04
1.388026689685527344e+04
3.990594135850515613e+03
1.169535927432885182e+04
3.817630573414239734e+03
2.985989959670148892e+04
3.747534793072724278e+04
1.150759572628555907e+04
3.939734571854535716e+03
1.664020956553113501e+04
6.226326782067973909e+03
3.351241958000628983e+03
1.809597572400171339e+04
1.095277876712569559e+04
1.405660154705198147e+04
3.133231481555813298e+04
4.325475666439678025e+04
7.408655146737921314e+03
7.727776091293198078e+03
1.977882920589353307e+04
2.283040185138526067e+04
1.179851944673788239e+04
3.082638377369088266e+04
2.272951254428104585e+04
6.838716513797695370e+03
5.424249438990264025e+04
6.873990119004414737e+03
1.130907603946529889e+04
1.938952765989173349e+04
1.387343259026901433e+04
3.344352467179246742e+04
2.225062494151350256e+04
4.578820047629363216e+03
3.502744270679687907e+04
5.180094722213792920e+03
3.855362499976343679e+04
2.256372907261012733e+04
1.769171344055290319e+04
2.871643537983177521e+04
2.520536805692317284e+04
3.151919337686636936e+04
1.951258995936976862e+04
1.288720914457043727e+04
7.167564856312154006e+03
2.831490264687174204e+04
9.148984949644704102e+03
4.798135491701015417e+04
1.747334004742093020e+04
1.360419402883582916e+04
5.552507663431639230e+03
1.157013608011143515e+04
1.582346474694110111e+04
3.316176068959192344e+04
1.735074807269119265e+04
1.979316527104609850e+04
3.345167372857310693e+04
3.713089742279549682e+04
2.310167431194258097e+04
1.297901637834562462e+04
2.217236848307496257e+04
1.664358639254760419e+04
1.797496120651413730e+04
5.419843474539214367e+04
1.547547979527673124e+04
1.126548670396119269e+04
5.241730630671353720e+04
1.833572871227614814e+04
1.601335156736998579e+04
2.373451243740613791e+04
1.687918297378360876e+04
1.344137692269567196e+04
1.160063073268258449e+04
8.524452488672797699e+03
8.253399647574391565e+03
3.278050673574780376e+04
1.772103098704937656e+04
1.966801978061905538e+04
1.683539893005741033e+04
9.826240937865724845e+03
2.927214101571401989e+04
3.956663589996223163e+04
1.655657378626654463e+04
1.156406329642259334e+04
2.396397938582252755e+04
1.023378874292890941e+04
1.747026513052611335e+04
2.099143722864815936e+04
4.533294694483830972e+04
5.913179410085132258e+04
2.379017371054060641e+04
1.083627990749377568e+04
2.726677390089102482e+04
1.843625730646999273e+03
3.298193072452460183e+04
2.722983456149507037e+04
2.986170832028378300e+03
1.485920293839032092e+04
1.017608238047409759e+04
2.570394552750801449e+04
2.887507054062887619e+04
1.676147946056684304e+04
1.705163949493405380e+04
2.437919958592118746e+03
8.354100027769822191e+03
3.548388293512050041e+03
5.897278255304026970e+03
4.962611488897512754e+04
1.160733924502916489e+04
1.705243605051021586e+04
4.720569558686242817e+04
2.758836037110132384e+04
2.150549746729997423e+04
1.992691929995613827e+04
1.526022814209372336e+04
8.443429151763059053e+03
5.507402544092721655e+03
1.765287912515452626e+04
2.479822056232131581e+04
6.533654100386030223e+03
9.082067821924454620e+03
3.563666854600023362e+04
2.123282927273132373e+04
4.834922693069012166e+04
2.651486141591269188e+04
1.119779070518049366e+03
5.272680455332351266e+04
2.447031141386293166e+04
1.726180678821451147e+04
1.545614812699057256e+04
7.394838094421073038e+03
1.976737683534324606e+04
2.195192730008559374e+04
7.181810767924561333e+03
2.872756092790639013e+04
2.336781684559632413e+04
2.238447189666557097e+04
5.853260033282718723e+03
1.399709578228579994e+04
1.035926325497598373e+04
1.729585042699044061e+04
1.202063057827011107e+04
1.102879321558097399e+04
5.161435578163973696e+04
1.705780677045336051e+04
1.824067135271488951e+04
6.847260336795690819e+03
1.419044407945177772e+04
3.527122306942958676e+04
7.429665559092129115e+03
2.123591120449624941e+04
1.640961774161231733e+04
3.926207942496900614e+03
4.693187765945652791e+04
1.059332005390592531e+04
2.935155787107385186e+04
1.165472144756523630e+04
1.889056288383515493e+04
7.312313896872688929e+03
2.122333139440186642e+04
1.299129751079286689e+04
2.798813676687320913e+04
3.092559335381089841e+04
1.447972602949741122e+04
1.437617178581887674e+04
3.162301444059831556e+04
2.463590925848946790e+04
3.349133380748289346e+04
2.245890029699998558e+04
1.681527828655344638e+04
1.905401527319125307e+04
7.675647058299447053e+03
1.133448181591677894e+04
3.230263296419295875e+04
1.483503729644830128e+04
2.469330825012169225e+04
5.259866684827585232e+03
1.047928236552368071e+04
9.148320773442979771e+03
1.879035490248773931e+04
2.653893917605440220e+04
1.180811714115126233e+04
7.145061134710235638e+04
1.257342979535376799e+04
3.792139743400737643e+04
3.858173125927770161e+04
1.422738169879087945e+04
9.158438021044243214e+03
1.895253813062086920e+04
2.162600013139460862e+04
5.043980622637816850e+03
3.150948916755393293e+04
4.481011867558343511e+04
1.078405776256211720e+04
7.755874081617555930e+03
3.276950334840369760e+04
1.171649369656515955e+04
1.172380702747007672e+04
2.090842634635750437e+04
7.543762371091253044e+03
9.655299294236221613e+03
3.558200271406458342e+04
1.850116357573514688e+04
2.920318791807163143e+04
1.104110364806127654e+04
1.346677782152761756e+04
1.535364892478572074e+04
8.617973268495970842e+03
4.142546400145754887e+03
1.511401496076047442e+04
2.677456782846031274e+04
3.289196617799880914e+04
3.370568523378790997e+04
1.506504501965931922e+04
3.049343939307535038e+04
1.089985497311539802e+03
3.301298868444097752e+04
8.769507144318600695e+03
3.728143359451234573e+03
1.640888997872276377e+04
1.765857314591166505e+04
1.401860612124671206e+04
2.667024281219564000e+04
8.440528854758867965e+03
1.080693575242622865e+04
5.960438924204707291e+04
8.849511077236898927e+03
6.041282723439406254e+03
4.136844463145884220e+04
8.978157600807240669e+03
1.126383741598460801e+04
5.072692680897170794e+04
1.949253172043206723e+04
2.522496393369834186e+04
1.007133129469866981e+04
9.945902887561349417e+03
1.194027880735691360e+04
6.866937262259606541e+03
3.087556085889922542e+04
2.363883102104898353e+04
1.975883468689167785e+04
1.054914544251041661e+04
1.639083447489955142e+04
3.148434128142295958e+04
8.635401300509869543e+03
7.510743030526013172e+03
2.983120264538146148e+04
3.707039313103763561e+04
2.056609531369655451e+04
3.241977173547478378e+04
2.055969666923887416e+04
1.338175820712461609e+04
5.671895501060918832e+03
9.373186002006315903e+03
7.164843580793135334e+04
1.555715126476791556e+04
2.875063674113075467e+04
2.692754257394326851e+04
1.326562352864562672e+04
4.131558839186785190e+04
8.306284896165792816e+03
2.047914063097814869e+04
3.817492679056092311e+04
4.076380492274533026e+04
1.281067447290933160e+03
4.370239458330514026e+03
1.351577531048987294e+04
3.037200036687051761e+04
8.369734863787996801e+03
9.418472908319683484e+03
2.346108530437919762e+04
1.312170921599167559e+04
8.647992720481372089e+03
6.319432895297511277e+04
1.003691587645701293e+04
1.804448520832244685e+04
8.207889516117566382e+04
1.098150930845608673e+04
1.413235493893239618e+04
2.375608157855372338e+04
3.241338437266671463e+04
2.057186118429510680e+04
2.395367466900657018e+04
2.832072589983867874e+04
1.124940775792492605e+04
3.362944237792324566e+04
2.235150323850750283e+03
2.715820212934765732e+04
2.416348936447361484e+04
1.893755596993234212e+04
3.205104736559928642e+04
1.240605887075509600e+04
3.917256927796336822e+04
1.358090448815508353e+04
2.093935657378585165e+04
2.466076843439875302e+04
2.422508606079809397e+04
1.961702241786110972e+04
4.924378918072942724e+03
1.271856334002230142e+04
1.455793733340153995e+04
6.187948949976064614e+04
2.464948050888320722e+04
2.587239600311934191e+04
1.175411703235151981e+04
2.111008296877881367e+04
3.531384786618614453e+04
9.765531271269701392e+03
3.098467636184178264e+04
1.650167642245517345e+04
3.339486274324225087e+04
4.946832441032844145e+03
5.290229271500368486e+04
9.223534328216985159e+03
2.402608043958525013e+04
3.502049926135441638e+04
5.647069511100200179e+04
7.824103603375966486e+03
2.486209579360482530e+04
2.137082806356492074e+04
9.503349000643054751e+03
4.693828555458094343e+03
2.967354116510348103e+04
2.400606707406670466e+04
4.874772319928722573e+04
1.183545724809137755e+04
2.702791100236579950e+04
1.110023842504386266e+04
1.057613319515236253e+04
1.554741181731966935e+04
2.197629123418126255e+04
1.847264990547542038e+04
1.744160857195422432e+04
2.492704126873047062e+04
1.367868269831714315e+04
3.023201608536773620e+03
5.763600386494617123e+04
1.107871923060653171e+04
2.923882588500103157e+04
1.595955244333183327e+04
5.459465486887573206e+03
1.084311689074059905e+04
1.644308902930923068e+04
2.232740572966981199e+04
8.392918055734760856e+03
2.657594021770157997e+04
1.277313241567527621e+04
5.803221532989592379e+04
2.850260922878210113e+04
9.332453986460757733e+03
9.120059954808515613e+03
1.478012687693714543e+04
1.690869780699619878e+04
1.008966700079790462e+04
1.073348652792563007e+04
1.035630775607303258e+04
5.560058916186507122e+04
2.106585463212389004e+04
1.206072068415406829e+04
1.901723124262732017e+04
2.618581035466993853e+04
4.614990529469841567e+04
8.189384571135366059e+03
5.580267194056784319e+03
2.111265027244029989e+04
2.596542425500540048e+04
1.436238696924396936e+04
7.687158415191673157e+03
9.812646965056595945e+03
5.564419315445958091e+03
6.385390085920461388e+03
2.558778332046654759e+04
2.105497111472240795e+04
9.376224289892716115e+03
9.901414322665066720e+03
6.408396270571693094e+03
1.304667639643000621e+04
1.931964382728529017e+04
3.021092513209152821e+04
6.098566228918594788e+03
1.783998760848622260e+04
1.071848965501080602e+04
3.606855330176067946e+04
4.246141204478351028e+03
1.673201195210540754e+04
3.302237206170421996e+04
5.835865959393996491e+03
3.335279942811952424e+03
1.166154251681312417e+04
6.631321576097660909e+03
6.922075396691521746e+03
3.261372951810912491e+04
1.124329336498658449e+04
2.598446009361022880e+04
2.329745423326074160e+04
1.505045489674938653e+04
2.535520958650672037e+04
7.768256081894745876e+04
1.892959066117720067e+04
2.172043401636230192e+04
8.023379758216427945e+03
7.211481183513144788e+04
7.587804469222297485e+03
5.316455871690562162e+03
4.191483596253224823e+04
1.524011958541561762e+04
3.334947715118562883e+03
3.397668169921575463e+04
6.489370145712458907e+03
1.545009350899751735e+04
2.134719341533685656e+04
1.214479080658946259e+04
2.651056839774357650e+04
2.372804395772284988e+04
2.684991426512479666e+04
1.687997745691413002e+04
1.852370136042445665e+03
1.110330330852643419e+04
1.808992620988400449e+04
1.549658044997654906e+04
7.094650123357460870e+03
2.903054799821817141e+04
1.378400712603710053e+04
1.482218029522486904e+04
1.706864963101251851e+04
2.925301893126248615e+04
4.478297956904910825e+04
1.176786090528082059e+04
9.656081402761596109e+03
4.855301255081682757e+04
2.018466971597124575e+04
2.023197202723164082e+04
1.448835304860194628e+04
5.075381527310703859e+03
2.339596015567924042e+04
3.796104687055762042e+04
1.639033759640975040e+04
1.686642681804021413e+04
3.377738748913286145e+03
2.490657277453429560e+04
2.367650987989219357e+04
1.364599722130746522e+04
1.788186798105096022e+04
2.866777529573789434e+04
3.390842501753113174e+04
1.123522337079766839e+04
1.190281023242787887e+04
3.013733319207085879e+04
2.070034900128428490e+04
4.025175966717697884e+04
5.770729996863228735e+03
7.171564004486113845e+03
1.605221272941754069e+04
9.798273675527101659e+03
2.527633975586326414e+04
1.103280090130118697e+04
1.573633538235359811e+04
8.935314519317333179e+03
1.788502855515896226e+04
3.639332443246319599e+04
3.390717298037255387e+04
5.285537002752706030e+03
4.381933473948181927e+04
1.834845441345444124e+04
3.532575458056342177e+04
3.874509498988959422e+03
7.710116012942104135e+03
1.099879071586609643e+04
1.701870493117688966e+04
5.085377647959090245e+04
2.047938663681854814e+04
2.133183786030221017e+04
9.236862850816494756e+03
1.213418646606475704e+04
1.321601716179095456e+04
2.450738299333040413e+04
4.401244901551700605e+04
2.407204356952442322e+04
1.155139789627998107e+04
1.177505236393814812e+04
3.495876926762999210e+04
5.753741861009358399e+04
7.751448010300900933e+03
3.477021578606295225e+04
1.132453833391180888e+04
5.211004201216242654e+04
1.948560646581836772e+04
3.294456745857032365e+04
2.514708758725831558e+03
9.553927031552540939e+03
2.657952300217869197e+04
9.956909086593383108e+03
1.513443449472810062e+04
2.774925609808893932e+04
1.542736719125096351e+04
1.782023145860783916e+04
1.799012187089094368e+04
1.330729484888363731e+04
1.920102966020177701e+04
1.079543664498239377e+04
6.550583629874317921e+03
1.371260912366685625e+04
2.694482429627323290e+04
6.173892200331854838e+03
6.895943115592711365e+03
4.388688924591000978e+04
1.517335830454136521e+04
2.026929127762547432e+04
2.814414618074528335e+04
4.280461804867357569e+04
2.283052167453374932e+04
1.708378520820986523e+04
3.991528774475176760e+04
1.013278803784826960e+04
1.339149262922049093e+04
3.014350441355870134e+04
6.590639240195735510e+03
5.026754665685626605e+03
1.459201580704372645e+03
1.148831233218147645e+04
1.417869450892617533e+04
3.311861257785497583e+04
2.764309411143509351e+04
1.924183631172758760e+04
2.914661907136195805e+04
1.032132711875884888e+04
3.173982582627132069e+04
7.987009932938211932e+03
4.052009233897916420e+04
2.244957900588824850e+04
2.137667321060723043e+04
7.389059995351933139e+03
3.852544455140092032e+04
8.242092619537813880e+04
6.828595032945971980e+03
1.190814962512802595e+04
1.346967176965115505e+04
1.438984971455367850e+04
1.988262984247478744e+04
2.449807966651542665e+04
4.332808706392804743e+04
2.083373340051676496e+04
1.072735739935897800e+04
2.816504586617686800e+04
8.581017875087327411e+03
1.204750135254011911e+04
7.780967952624230747e+03
4.920807714092035894e+04
