5.462324657705082791e+05
5.921024499679452274e+05
5.266762138115125708e+05
5.502191040458929492e+05
5.068119139144510846e+05
5.909599336357603315e+05
5.636982051361198537e+05
7.024484429085246520e+05
6.639495017295333091e+05
4.913822415550239966e+05
5.995679811435654992e+05
6.470594943021517247e+05
6.384888917076969519e+05
6.298676427130028605e+05
5.440444436339226086e+05
7.013123054522009334e+05
6.253697333214386599e+05
5.556988325577322394e+05
6.078729078411279479e+05
6.412797705280084629e+05
5.317887872241795994e+05
6.435056141452396987e+05
5.925020636543929577e+05
5.804865378088053549e+05
6.260673624954058323e+05
6.756779235177779337e+05
6.100014614562659990e+05
5.848485901406401535e+05
6.024370025552493753e+05
6.138179157740896335e+05
