6.084982910156250000e+03
5.957340332031250000e+03
2.279802246093750000e+03
1.010880859375000000e+04
9.873657226562500000e+03
1.291719726562500000e+04
1.373601464843750000e+04
1.667348828125000000e+04
1.409925683593750000e+04
1.534405078125000000e+04
1.475108984375000000e+04
1.413956054687500000e+04
1.942441015625000000e+04
1.721666015625000000e+04
1.693712695312500000e+04
1.922954492187500000e+04
1.946112304687500000e+04
2.281616796875000000e+04
2.191179101562500000e+04
2.206086718750000000e+04
1.810267773437500000e+04
2.275725976562500000e+04
2.583322070312500000e+04
2.208450781250000000e+04
2.205451562500000000e+04
2.061254687500000000e+04
2.024883593750000000e+04
2.157605078125000000e+04
2.356283984375000000e+04
2.277937890625000000e+04
1.750261523437500000e+04
1.772015234375000000e+04
2.256307226562500000e+04
2.350853515625000000e+04
2.204100781250000000e+04
1.826883984375000000e+04
1.956089453125000000e+04
1.775425585937500000e+04
2.035033984375000000e+04
1.710687695312500000e+04
1.702249609375000000e+04
1.804924609375000000e+04
1.833024023437500000e+04
2.441417968750000000e+04
2.139912109375000000e+04
1.984063476562500000e+04
1.875298046875000000e+04
1.794749218750000000e+04
1.959290039062500000e+04
2.281450390625000000e+04
1.995182812500000000e+04
2.087832226562500000e+04
2.153860351562500000e+04
2.116697656250000000e+04
2.083057031250000000e+04
2.098578906250000000e+04
2.238544140625000000e+04
2.297445117187500000e+04
2.397304296875000000e+04
1.955773632812500000e+04
1.862728125000000000e+04
2.040147656250000000e+04
1.942975000000000000e+04
2.226798242187500000e+04
2.056071875000000000e+04
2.282740625000000000e+04
2.064581250000000000e+04
2.063259960937500000e+04
2.208753710937500000e+04
2.186968750000000000e+04
2.724765820312500000e+04
1.836080273437500000e+04
2.085877929687500000e+04
2.068829492187500000e+04
2.008448632812500000e+04
2.076257226562500000e+04
2.439519921875000000e+04
1.983815625000000000e+04
2.236557617187500000e+04
2.452613671875000000e+04
2.516739453125000000e+04
2.219914453125000000e+04
2.180174804687500000e+04
2.551450000000000000e+04
2.107728906250000000e+04
2.604015820312500000e+04
2.001648828125000000e+04
2.570861523437500000e+04
2.132691406250000000e+04
2.767560156250000000e+04
2.249870507812500000e+04
2.518038281250000000e+04
2.245989453125000000e+04
2.315377929687500000e+04
2.432936718750000000e+04
2.128935937500000000e+04
1.593633593750000000e+04
2.668720703125000000e+04
2.497340625000000000e+04
2.274552148437500000e+04
2.375564257812500000e+04
2.731912890625000000e+04
2.196699609375000000e+04
2.449934960937500000e+04
2.425955078125000000e+04
2.172343750000000000e+04
2.644610937500000000e+04
2.278435156250000000e+04
2.309322656250000000e+04
1.941786718750000000e+04
2.364816406250000000e+04
2.500833984375000000e+04
2.311765625000000000e+04
2.558809765625000000e+04
1.913418164062500000e+04
2.184376757812500000e+04
2.038766406250000000e+04
2.557925390625000000e+04
2.243574804687500000e+04
1.943057617187500000e+04
2.413609179687500000e+04
2.406422656250000000e+04
2.458484375000000000e+04
2.290045703125000000e+04
2.409153515625000000e+04
2.118408398437500000e+04
2.341350781250000000e+04
2.192476562500000000e+04
2.177644531250000000e+04
2.135927734375000000e+04
2.216044531250000000e+04
2.233694140625000000e+04
2.103029687500000000e+04
2.217559375000000000e+04
2.303834765625000000e+04
1.850314648437500000e+04
2.441237695312500000e+04
2.200873437500000000e+04
2.617031640625000000e+04
2.024554687500000000e+04
2.147756250000000000e+04
2.635955468750000000e+04
2.359910156250000000e+04
2.373318554687500000e+04
2.036008007812500000e+04
2.568644140625000000e+04
2.639328320312500000e+04
1.863307031250000000e+04
2.665519140625000000e+04
2.426603125000000000e+04
2.533922656250000000e+04
2.806265234375000000e+04
2.182703710937500000e+04
2.684083593750000000e+04
2.151615429687500000e+04
2.252316992187500000e+04
2.441714257812500000e+04
2.806407421875000000e+04
2.461811914062500000e+04
2.572660351562500000e+04
2.192603906250000000e+04
2.100632031250000000e+04
2.289272851562500000e+04
2.562930078125000000e+04
2.113608398437500000e+04
2.080527343750000000e+04
2.594480859375000000e+04
2.405910937500000000e+04
2.084398437500000000e+04
2.824352343750000000e+04
2.140816796875000000e+04
2.143504296875000000e+04
1.730092187500000000e+04
2.644510742187500000e+04
2.312332031250000000e+04
2.171541210937500000e+04
2.645868554687500000e+04
2.135896093750000000e+04
2.092923828125000000e+04
3.027087500000000000e+04
2.403240820312500000e+04
2.556239062500000000e+04
2.522577734375000000e+04
2.545547070312500000e+04
2.633939843750000000e+04
2.605910156250000000e+04
2.500025781250000000e+04
2.665395703125000000e+04
2.572581835937500000e+04
2.477569531250000000e+04
2.304036328125000000e+04
2.686285156250000000e+04
2.624673437500000000e+04
2.244477929687500000e+04
2.753546875000000000e+04
2.667600781250000000e+04
2.457698046875000000e+04
2.549537890625000000e+04
2.170246093750000000e+04
2.350463671875000000e+04
2.184911718750000000e+04
2.441387500000000000e+04
2.655090625000000000e+04
2.169463867187500000e+04
2.351119140625000000e+04
2.959938476562500000e+04
2.469760546875000000e+04
2.147550585937500000e+04
2.420691210937500000e+04
2.516690820312500000e+04
2.623084765625000000e+04
2.638903515625000000e+04
2.212265625000000000e+04
2.480410351562500000e+04
2.747560156250000000e+04
2.667969335937500000e+04
2.295191601562500000e+04
2.359839257812500000e+04
2.406519921875000000e+04
2.990040039062500000e+04
2.972199609375000000e+04
2.458201562500000000e+04
2.263592968750000000e+04
1.901084375000000000e+04
2.254548046875000000e+04
2.485608593750000000e+04
1.760202734375000000e+04
2.271861132812500000e+04
2.180887304687500000e+04
2.006265625000000000e+04
2.676341992187500000e+04
2.265521875000000000e+04
2.399040625000000000e+04
2.482310937500000000e+04
2.629096484375000000e+04
2.587388476562500000e+04
2.166887500000000000e+04
2.504383984375000000e+04
2.254738476562500000e+04
2.712791015625000000e+04
2.254558593750000000e+04
2.350593750000000000e+04
2.093733007812500000e+04
2.570141015625000000e+04
2.438495312500000000e+04
2.518841406250000000e+04
2.530112109375000000e+04
2.688482812500000000e+04
2.803719140625000000e+04
2.208133203125000000e+04
2.557787304687500000e+04
2.582436132812500000e+04
2.877879492187500000e+04
2.341778906250000000e+04
2.367434375000000000e+04
2.190272460937500000e+04
2.805476953125000000e+04
2.284787304687500000e+04
2.139611328125000000e+04
2.365794140625000000e+04
2.371506445312500000e+04
2.528127343750000000e+04
2.422423632812500000e+04
2.364269921875000000e+04
2.453064843750000000e+04
2.370644335937500000e+04
2.000289453125000000e+04
2.186401953125000000e+04
2.540482226562500000e+04
2.474627148437500000e+04
2.618823242187500000e+04
2.951734765625000000e+04
2.663689648437500000e+04
2.448439453125000000e+04
2.411227343750000000e+04
2.549474218750000000e+04
2.875880859375000000e+04
2.237569531250000000e+04
2.059760546875000000e+04
2.459705859375000000e+04
2.524318164062500000e+04
1.978788281250000000e+04
2.347102539062500000e+04
2.861389453125000000e+04
2.517671484375000000e+04
3.118826562500000000e+04
2.339458984375000000e+04
2.796722851562500000e+04
2.359608593750000000e+04
2.388796484375000000e+04
2.587244531250000000e+04
2.194372851562500000e+04
2.688996679687500000e+04
2.307366406250000000e+04
2.407050585937500000e+04
1.952241796875000000e+04
2.835298828125000000e+04
2.000890625000000000e+04
2.239069726562500000e+04
2.654621289062500000e+04
2.445980468750000000e+04
2.365517187500000000e+04
2.282920312500000000e+04
2.156589062500000000e+04
2.194409570312500000e+04
2.770670507812500000e+04
2.498661718750000000e+04
2.436240429687500000e+04
2.672158593750000000e+04
2.003447070312500000e+04
2.454623242187500000e+04
2.571606054687500000e+04
2.575401171875000000e+04
2.543522460937500000e+04
2.238639843750000000e+04
2.020228710937500000e+04
2.688582812500000000e+04
2.788980664062500000e+04
2.459482812500000000e+04
2.269164062500000000e+04
2.502132617187500000e+04
2.400418750000000000e+04
2.270856445312500000e+04
2.334651562500000000e+04
2.650676171875000000e+04
2.340830078125000000e+04
2.108044726562500000e+04
2.468895507812500000e+04
2.327816015625000000e+04
2.557240820312500000e+04
2.483699218750000000e+04
2.390636328125000000e+04
2.942304687500000000e+04
2.426439062500000000e+04
2.217639062500000000e+04
1.901168750000000000e+04
2.325046484375000000e+04
2.572061718750000000e+04
2.180685742187500000e+04
2.611281250000000000e+04
2.570331640625000000e+04
2.477170507812500000e+04
2.368120703125000000e+04
2.251321484375000000e+04
2.600657421875000000e+04
2.168121093750000000e+04
2.566386718750000000e+04
2.467834960937500000e+04
2.723759375000000000e+04
2.610666406250000000e+04
2.648477734375000000e+04
1.997527148437500000e+04
2.761521679687500000e+04
2.396706835937500000e+04
2.424865429687500000e+04
2.695513476562500000e+04
2.191039453125000000e+04
2.598356445312500000e+04
2.319974804687500000e+04
2.076712304687500000e+04
3.035950390625000000e+04
2.160841406250000000e+04
2.477993164062500000e+04
3.156424804687500000e+04
2.758774218750000000e+04
2.278788281250000000e+04
2.581067187500000000e+04
2.649260156250000000e+04
1.943351171875000000e+04
2.482059179687500000e+04
2.582310546875000000e+04
2.711895703125000000e+04
2.427034765625000000e+04
2.396354687500000000e+04
2.354830078125000000e+04
2.439097460937500000e+04
2.378801171875000000e+04
2.695188281250000000e+04
2.089872656250000000e+04
2.443678515625000000e+04
2.355083789062500000e+04
2.437592578125000000e+04
2.252341992187500000e+04
2.115966406250000000e+04
2.325875585937500000e+04
2.145030468750000000e+04
2.442895312500000000e+04
2.640446093750000000e+04
2.383866015625000000e+04
2.475801953125000000e+04
2.598712109375000000e+04
2.531794140625000000e+04
2.007284179687500000e+04
2.412099804687500000e+04
2.585335156250000000e+04
2.682777343750000000e+04
2.403752148437500000e+04
2.379227148437500000e+04
2.639033203125000000e+04
2.967131250000000000e+04
2.734723046875000000e+04
2.934305273437500000e+04
2.417947265625000000e+04
2.379473242187500000e+04
2.845312890625000000e+04
2.747689453125000000e+04
2.081888671875000000e+04
2.494966601562500000e+04
2.526888671875000000e+04
2.378383593750000000e+04
2.469375000000000000e+04
2.747652343750000000e+04
2.049884765625000000e+04
2.346051562500000000e+04
2.900477148437500000e+04
2.435893359375000000e+04
2.263326171875000000e+04
1.902703906250000000e+04
2.734065039062500000e+04
2.596808203125000000e+04
2.439784765625000000e+04
3.165819921875000000e+04
2.450044921875000000e+04
2.694099414062500000e+04
3.009206250000000000e+04
2.522544335937500000e+04
2.447961328125000000e+04
2.874551953125000000e+04
2.366719140625000000e+04
2.659523632812500000e+04
2.780791406250000000e+04
2.504469140625000000e+04
2.016368359375000000e+04
2.715678320312500000e+04
2.654996484375000000e+04
2.714088867187500000e+04
2.207536328125000000e+04
2.604925195312500000e+04
2.140971484375000000e+04
2.434598828125000000e+04
2.362421875000000000e+04
2.383638085937500000e+04
2.004071484375000000e+04
2.582722265625000000e+04
2.956510156250000000e+04
2.210748046875000000e+04
2.627171875000000000e+04
1.936578320312500000e+04
2.951085937500000000e+04
2.507459765625000000e+04
2.340543554687500000e+04
2.576605859375000000e+04
2.850603515625000000e+04
2.345530273437500000e+04
2.687337500000000000e+04
2.324103320312500000e+04
2.304983789062500000e+04
2.692621679687500000e+04
2.459138281250000000e+04
2.684445703125000000e+04
2.337203320312500000e+04
2.525725585937500000e+04
2.154953125000000000e+04
2.625125390625000000e+04
2.663471875000000000e+04
2.706808984375000000e+04
2.718675781250000000e+04
2.650888281250000000e+04
2.898504492187500000e+04
2.826226953125000000e+04
2.690197460937500000e+04
2.328048632812500000e+04
1.983304296875000000e+04
2.402448046875000000e+04
2.979043750000000000e+04
2.763148046875000000e+04
2.286090234375000000e+04
2.926793945312500000e+04
2.787902734375000000e+04
2.498569140625000000e+04
2.403666406250000000e+04
2.615226757812500000e+04
2.634160937500000000e+04
2.678094531250000000e+04
2.468499218750000000e+04
2.690955664062500000e+04
2.518606250000000000e+04
2.307911523437500000e+04
2.476780664062500000e+04
2.662005859375000000e+04
2.833608984375000000e+04
2.393093945312500000e+04
2.447287500000000000e+04
2.538595898437500000e+04
2.516989257812500000e+04
2.492526562500000000e+04
2.749763281250000000e+04
2.870317968750000000e+04
2.780975000000000000e+04
2.679379101562500000e+04
2.506076562500000000e+04
2.443892187500000000e+04
2.184576953125000000e+04
2.432887109375000000e+04
2.454447656250000000e+04
2.508676562500000000e+04
2.886865820312500000e+04
2.369306250000000000e+04
2.612190820312500000e+04
2.441863671875000000e+04
2.644108593750000000e+04
2.188228320312500000e+04
2.754238476562500000e+04
2.389486328125000000e+04
2.571405664062500000e+04
2.538001562500000000e+04
2.197005078125000000e+04
2.826762890625000000e+04
2.634600781250000000e+04
2.646209960937500000e+04
2.383916015625000000e+04
2.406250585937500000e+04
2.209319921875000000e+04
2.042698437500000000e+04
2.654908789062500000e+04
2.402434570312500000e+04
2.192066601562500000e+04
1.974097656250000000e+04
2.328298437500000000e+04
2.916191406250000000e+04
2.362596679687500000e+04
2.405540820312500000e+04
2.116896875000000000e+04
2.652410546875000000e+04
3.120053906250000000e+04
2.452690039062500000e+04
2.350923242187500000e+04
2.396269531250000000e+04
2.571518945312500000e+04
2.607202539062500000e+04
2.575313281250000000e+04
2.667225195312500000e+04
2.657227343750000000e+04
2.673218554687500000e+04
2.789412500000000000e+04
2.608341015625000000e+04
2.089808593750000000e+04
2.194576367187500000e+04
2.550563476562500000e+04
2.070250781250000000e+04
2.845126562500000000e+04
2.733744726562500000e+04
2.515081054687500000e+04
2.432017968750000000e+04
2.541357812500000000e+04
2.242497460937500000e+04
2.623076757812500000e+04
2.647520312500000000e+04
2.572519531250000000e+04
2.782092382812500000e+04
2.586891406250000000e+04
2.219114843750000000e+04
2.514112109375000000e+04
2.353270117187500000e+04
3.014529687500000000e+04
3.220228906250000000e+04
2.153792382812500000e+04
2.962506250000000000e+04
2.536429882812500000e+04
2.469651757812500000e+04
2.520537890625000000e+04
2.434397460937500000e+04
2.807148828125000000e+04
2.254043750000000000e+04
2.687571875000000000e+04
2.415846875000000000e+04
2.481637500000000000e+04
2.340202734375000000e+04
3.320675000000000000e+04
2.653431640625000000e+04
2.050237109375000000e+04
2.621966601562500000e+04
2.456043945312500000e+04
2.461339843750000000e+04
3.137849609375000000e+04
2.459198437500000000e+04
2.216072460937500000e+04
2.575017382812500000e+04
2.866947656250000000e+04
2.638241992187500000e+04
2.449625000000000000e+04
2.562999804687500000e+04
2.502861523437500000e+04
2.272058203125000000e+04
2.492973242187500000e+04
2.336390820312500000e+04
2.857097656250000000e+04
2.657945117187500000e+04
3.338422656250000000e+04
2.554716796875000000e+04
2.394007812500000000e+04
2.274048046875000000e+04
2.621317773437500000e+04
2.578117187500000000e+04
2.226907226562500000e+04
2.500340820312500000e+04
2.218358007812500000e+04
2.385348632812500000e+04
2.488000585937500000e+04
2.404266796875000000e+04
2.533663281250000000e+04
2.991452539062500000e+04
2.414473242187500000e+04
2.631932812500000000e+04
2.310755078125000000e+04
2.466116015625000000e+04
2.840883984375000000e+04
2.354275585937500000e+04
2.465446484375000000e+04
2.507535742187500000e+04
2.961944921875000000e+04
2.035397851562500000e+04
2.514341406250000000e+04
2.257893945312500000e+04
3.004081835937500000e+04
2.407424804687500000e+04
2.735498437500000000e+04
3.009880078125000000e+04
2.487275781250000000e+04
2.233140234375000000e+04
2.613889453125000000e+04
2.772741406250000000e+04
2.480979296875000000e+04
2.493327539062500000e+04
2.707185351562500000e+04
2.499711328125000000e+04
2.092834765625000000e+04
2.307157812500000000e+04
2.696828125000000000e+04
2.632001367187500000e+04
2.351383789062500000e+04
2.952143750000000000e+04
2.504038671875000000e+04
2.933602734375000000e+04
2.503233203125000000e+04
2.517706250000000000e+04
2.320795312500000000e+04
2.854367578125000000e+04
2.374630273437500000e+04
2.867198437500000000e+04
2.620519140625000000e+04
2.597412109375000000e+04
2.467210351562500000e+04
2.342020117187500000e+04
2.774960351562500000e+04
2.298773046875000000e+04
2.934003710937500000e+04
2.953451562500000000e+04
2.636629687500000000e+04
2.599470312500000000e+04
2.360217578125000000e+04
2.666723828125000000e+04
2.691473437500000000e+04
2.574726953125000000e+04
2.838998437500000000e+04
2.627250000000000000e+04
2.134118554687500000e+04
2.475066601562500000e+04
2.318307031250000000e+04
2.182257812500000000e+04
2.640434375000000000e+04
2.887047460937500000e+04
2.613590429687500000e+04
2.663860937500000000e+04
3.441985937500000000e+04
2.282286328125000000e+04
2.348377929687500000e+04
2.176841015625000000e+04
2.267655859375000000e+04
2.575203125000000000e+04
2.719772070312500000e+04
2.652030468750000000e+04
2.611949414062500000e+04
2.625014843750000000e+04
2.444985156250000000e+04
2.518230078125000000e+04
2.428346093750000000e+04
2.571490625000000000e+04
2.532156835937500000e+04
2.508553515625000000e+04
2.232767578125000000e+04
2.494904296875000000e+04
2.819768359375000000e+04
2.349498046875000000e+04
2.496711523437500000e+04
2.808586718750000000e+04
2.679594531250000000e+04
2.928192968750000000e+04
2.362456640625000000e+04
3.028608007812500000e+04
1.976208789062500000e+04
2.424569921875000000e+04
2.269182812500000000e+04
3.093321484375000000e+04
2.635307031250000000e+04
2.696873242187500000e+04
2.161851367187500000e+04
2.425123828125000000e+04
2.061259765625000000e+04
3.328503515625000000e+04
2.663073046875000000e+04
2.194055664062500000e+04
2.566933984375000000e+04
2.669163671875000000e+04
2.104495703125000000e+04
2.312944921875000000e+04
2.245487890625000000e+04
2.199210156250000000e+04
2.557143750000000000e+04
2.485527734375000000e+04
2.382385742187500000e+04
2.699928515625000000e+04
2.342482421875000000e+04
2.897658203125000000e+04
2.335502929687500000e+04
2.738983398437500000e+04
2.593770703125000000e+04
2.625075781250000000e+04
2.902033593750000000e+04
2.588009179687500000e+04
2.464861132812500000e+04
2.701213671875000000e+04
2.379264648437500000e+04
2.779324218750000000e+04
2.361027734375000000e+04
2.323230273437500000e+04
2.404566796875000000e+04
2.812029687500000000e+04
2.590351757812500000e+04
2.386190234375000000e+04
2.409611718750000000e+04
2.568310351562500000e+04
2.339339453125000000e+04
2.982541992187500000e+04
2.671875781250000000e+04
2.853638671875000000e+04
2.090941015625000000e+04
2.633572460937500000e+04
3.000881054687500000e+04
2.320853515625000000e+04
2.766550390625000000e+04
2.927115625000000000e+04
2.559633984375000000e+04
2.671951562500000000e+04
2.501345312500000000e+04
2.564229882812500000e+04
2.538650976562500000e+04
2.483581640625000000e+04
2.684909570312500000e+04
2.207825781250000000e+04
2.882610546875000000e+04
2.345380468750000000e+04
2.515028515625000000e+04
2.371717187500000000e+04
2.501113085937500000e+04
2.375406054687500000e+04
2.198075000000000000e+04
2.362137695312500000e+04
2.250658007812500000e+04
2.375767968750000000e+04
2.164147265625000000e+04
2.452651367187500000e+04
2.580252343750000000e+04
2.460238671875000000e+04
2.429325390625000000e+04
2.171606640625000000e+04
2.377422851562500000e+04
2.536951562500000000e+04
2.808928125000000000e+04
2.794302539062500000e+04
2.806213281250000000e+04
2.379855859375000000e+04
2.476629687500000000e+04
2.770339453125000000e+04
2.425520703125000000e+04
2.541956835937500000e+04
2.197530468750000000e+04
2.853777734375000000e+04
2.180124023437500000e+04
3.028796875000000000e+04
2.621173828125000000e+04
2.803112890625000000e+04
2.902809765625000000e+04
2.613099023437500000e+04
2.443312890625000000e+04
2.681571289062500000e+04
2.483766796875000000e+04
2.291078515625000000e+04
2.385666015625000000e+04
2.546991015625000000e+04
2.808083593750000000e+04
2.593866406250000000e+04
2.735675585937500000e+04
2.287197656250000000e+04
2.664676953125000000e+04
2.709037890625000000e+04
2.400021093750000000e+04
2.529856445312500000e+04
2.447479882812500000e+04
2.781123046875000000e+04
2.718666015625000000e+04
3.043375390625000000e+04
2.687510937500000000e+04
2.878083007812500000e+04
2.585819335937500000e+04
2.513170898437500000e+04
2.432377734375000000e+04
2.447782617187500000e+04
2.572118359375000000e+04
1.977624804687500000e+04
2.335765625000000000e+04
2.754377343750000000e+04
2.149283007812500000e+04
2.768422460937500000e+04
2.142309765625000000e+04
2.584848828125000000e+04
1.890438281250000000e+04
2.726018750000000000e+04
2.322809375000000000e+04
2.178000976562500000e+04
2.525868945312500000e+04
2.503813281250000000e+04
2.357644921875000000e+04
2.901103710937500000e+04
2.616870312500000000e+04
2.844197656250000000e+04
2.581491796875000000e+04
2.436148242187500000e+04
2.261255078125000000e+04
2.962791406250000000e+04
3.076278515625000000e+04
2.584025195312500000e+04
2.358508984375000000e+04
2.712539843750000000e+04
2.493124218750000000e+04
2.483991406250000000e+04
2.623111328125000000e+04
2.187922265625000000e+04
2.544572070312500000e+04
2.804237500000000000e+04
2.272563867187500000e+04
2.698577343750000000e+04
2.219268554687500000e+04
2.796522460937500000e+04
3.252933007812500000e+04
2.780661718750000000e+04
2.784175976562500000e+04
3.029949023437500000e+04
2.591891796875000000e+04
3.000131445312500000e+04
2.465153515625000000e+04
2.824015625000000000e+04
2.671425781250000000e+04
2.633339453125000000e+04
2.884315234375000000e+04
2.566275390625000000e+04
3.028188671875000000e+04
3.298826562500000000e+04
2.775817382812500000e+04
3.102405859375000000e+04
2.699075000000000000e+04
3.338376562500000000e+04
2.618541601562500000e+04
2.770058984375000000e+04
2.787877539062500000e+04
2.858256640625000000e+04
2.808559765625000000e+04
2.817321875000000000e+04
2.945045117187500000e+04
3.296613671875000000e+04
3.278553125000000000e+04
3.101721093750000000e+04
2.787541015625000000e+04
3.531876171875000000e+04
3.201366992187500000e+04
3.247532617187500000e+04
3.120703125000000000e+04
3.619271875000000000e+04
3.780442578125000000e+04
3.052927734375000000e+04
3.182632421875000000e+04
3.266610546875000000e+04
3.738680859375000000e+04
4.287032031250000000e+04
3.909622656250000000e+04
3.214816992187500000e+04
3.676326953125000000e+04
3.779013281250000000e+04
3.141722265625000000e+04
3.498656250000000000e+04
3.869519531250000000e+04
3.723228125000000000e+04
3.682442578125000000e+04
3.990585156250000000e+04
3.478393750000000000e+04
3.840667968750000000e+04
3.933781250000000000e+04
3.744349609375000000e+04
3.736789062500000000e+04
3.958938281250000000e+04
3.815773046875000000e+04
3.441675000000000000e+04
3.284671484375000000e+04
3.543382031250000000e+04
3.445376562500000000e+04
3.235853125000000000e+04
3.411717578125000000e+04
3.369351171875000000e+04
3.433897656250000000e+04
3.388978125000000000e+04
3.182342187500000000e+04
3.424031250000000000e+04
3.573605859375000000e+04
3.603326562500000000e+04
3.420882031250000000e+04
4.152497656250000000e+04
3.960542187500000000e+04
3.742535156250000000e+04
3.994874218750000000e+04
3.705605859375000000e+04
4.504453906250000000e+04
4.024071484375000000e+04
4.228750390625000000e+04
4.321509375000000000e+04
4.250180468750000000e+04
4.094210156250000000e+04
4.229950781250000000e+04
4.002904687500000000e+04
3.580810156250000000e+04
4.043439843750000000e+04
4.271026171875000000e+04
4.127925390625000000e+04
4.592716406250000000e+04
4.503993750000000000e+04
4.194340234375000000e+04
4.380838281250000000e+04
4.331309765625000000e+04
4.188335156250000000e+04
4.151297656250000000e+04
4.184598046875000000e+04
4.214965234375000000e+04
4.392849218750000000e+04
4.579749218750000000e+04
4.239429296875000000e+04
3.730553515625000000e+04
3.603810156250000000e+04
3.371077734375000000e+04
4.413750781250000000e+04
3.939953125000000000e+04
3.813796875000000000e+04
4.030138671875000000e+04
3.778159375000000000e+04
4.097089453125000000e+04
3.749837890625000000e+04
3.411576562500000000e+04
3.627718359375000000e+04
3.293025000000000000e+04
3.903620703125000000e+04
3.390839843750000000e+04
3.328303125000000000e+04
3.364042968750000000e+04
3.708271875000000000e+04
3.047058593750000000e+04
3.363567968750000000e+04
3.235184570312500000e+04
3.994104296875000000e+04
3.880487109375000000e+04
3.497426953125000000e+04
3.969342968750000000e+04
4.016585937500000000e+04
3.838636718750000000e+04
3.706675000000000000e+04
3.533465625000000000e+04
3.548318750000000000e+04
4.545116015625000000e+04
3.516817187500000000e+04
3.705176562500000000e+04
3.489200781250000000e+04
3.987299609375000000e+04
4.326399609375000000e+04
3.488983203125000000e+04
3.958837500000000000e+04
3.556636328125000000e+04
3.871441796875000000e+04
3.912342187500000000e+04
4.354928125000000000e+04
3.808784375000000000e+04
4.005336718750000000e+04
4.190577343750000000e+04
3.732829687500000000e+04
4.275222265625000000e+04
4.297070312500000000e+04
4.329243750000000000e+04
4.521917968750000000e+04
4.319527343750000000e+04
4.509958984375000000e+04
3.919895703125000000e+04
4.056210156250000000e+04
4.405541796875000000e+04
4.370107812500000000e+04
4.513519531250000000e+04
4.255571484375000000e+04
4.283616796875000000e+04
4.275486718750000000e+04
3.637105078125000000e+04
3.960070312500000000e+04
4.366371484375000000e+04
4.182293359375000000e+04
4.068041406250000000e+04
4.435801953125000000e+04
3.808592578125000000e+04
3.806061718750000000e+04
4.212246875000000000e+04
3.786525781250000000e+04
4.006856640625000000e+04
3.999432812500000000e+04
3.916492187500000000e+04
3.415703515625000000e+04
3.941584375000000000e+04
3.731931640625000000e+04
3.779844140625000000e+04
4.583965234375000000e+04
4.046433203125000000e+04
4.208412109375000000e+04
5.010163281250000000e+04
4.391783984375000000e+04
3.976270312500000000e+04
3.836978906250000000e+04
4.130095703125000000e+04
4.343332812500000000e+04
4.219964062500000000e+04
4.025627734375000000e+04
4.156541406250000000e+04
5.130200000000000000e+04
4.295160156250000000e+04
4.391975781250000000e+04
4.762323046875000000e+04
4.440141406250000000e+04
4.177138281250000000e+04
4.420422265625000000e+04
4.496567578125000000e+04
4.252244531250000000e+04
4.605276171875000000e+04
4.459409765625000000e+04
4.782652734375000000e+04
4.408839843750000000e+04
4.984144921875000000e+04
4.251458984375000000e+04
4.208210156250000000e+04
4.681694921875000000e+04
4.436877734375000000e+04
4.699764062500000000e+04
4.619343750000000000e+04
5.218811718750000000e+04
4.306703125000000000e+04
4.086167968750000000e+04
4.458796875000000000e+04
5.116790625000000000e+04
4.463666406250000000e+04
4.371213671875000000e+04
4.422252343750000000e+04
4.348273437500000000e+04
4.200266406250000000e+04
3.978515625000000000e+04
4.380666796875000000e+04
4.319717187500000000e+04
3.972644531250000000e+04
4.152246484375000000e+04
4.590431640625000000e+04
4.134834375000000000e+04
4.419505859375000000e+04
4.553324218750000000e+04
4.277883593750000000e+04
3.930248437500000000e+04
3.945089843750000000e+04
3.906427343750000000e+04
4.010510937500000000e+04
4.400439843750000000e+04
4.663559375000000000e+04
5.184144140625000000e+04
4.307130859375000000e+04
4.422340625000000000e+04
4.257179687500000000e+04
3.892196093750000000e+04
3.770086328125000000e+04
3.877543359375000000e+04
4.413848437500000000e+04
3.925396875000000000e+04
4.109944531250000000e+04
3.553731640625000000e+04
3.495038281250000000e+04
3.672598046875000000e+04
4.153049218750000000e+04
4.331233984375000000e+04
4.086346875000000000e+04
3.966352343750000000e+04
4.232735937500000000e+04
4.200586718750000000e+04
4.084409375000000000e+04
3.797926953125000000e+04
3.675928906250000000e+04
3.586416796875000000e+04
3.807160156250000000e+04
3.908430468750000000e+04
4.607629687500000000e+04
3.978161328125000000e+04
3.958675390625000000e+04
4.534342968750000000e+04
3.843560937500000000e+04
4.151876953125000000e+04
4.363821875000000000e+04
3.539028515625000000e+04
4.322217187500000000e+04
3.809949218750000000e+04
3.785010156250000000e+04
3.670048437500000000e+04
3.847972656250000000e+04
4.018262109375000000e+04
4.171916406250000000e+04
3.726517187500000000e+04
4.022528906250000000e+04
4.231732031250000000e+04
4.421784765625000000e+04
4.091480078125000000e+04
4.414624218750000000e+04
4.083768359375000000e+04
4.488896875000000000e+04
4.844610156250000000e+04
4.000184375000000000e+04
4.037848437500000000e+04
3.938413671875000000e+04
4.089640625000000000e+04
4.267215234375000000e+04
3.993474218750000000e+04
4.113646093750000000e+04
3.914616015625000000e+04
4.490976953125000000e+04
4.488578906250000000e+04
4.360517968750000000e+04
3.698023828125000000e+04
3.761535156250000000e+04
3.919800781250000000e+04
4.402246484375000000e+04
3.689641406250000000e+04
3.853849218750000000e+04
4.297666406250000000e+04
3.922428906250000000e+04
4.126350781250000000e+04
3.895013281250000000e+04
3.456408203125000000e+04
4.104735937500000000e+04
4.975261718750000000e+04
4.273271093750000000e+04
4.459464843750000000e+04
4.194721093750000000e+04
4.313566406250000000e+04
3.561880468750000000e+04
3.935820312500000000e+04
3.890048828125000000e+04
3.929415625000000000e+04
4.093115234375000000e+04
4.234708593750000000e+04
4.194475000000000000e+04
3.729696875000000000e+04
3.795693750000000000e+04
4.491678515625000000e+04
4.656813281250000000e+04
4.496647656250000000e+04
4.147803125000000000e+04
3.721603906250000000e+04
4.504606250000000000e+04
3.833762500000000000e+04
4.371215625000000000e+04
4.258639062500000000e+04
4.052973828125000000e+04
4.173244140625000000e+04
4.431594531250000000e+04
4.199806250000000000e+04
3.612255078125000000e+04
3.785271484375000000e+04
5.145223046875000000e+04
4.369652734375000000e+04
4.527774218750000000e+04
4.528476953125000000e+04
4.226444140625000000e+04
3.976557812500000000e+04
4.521736328125000000e+04
4.202824609375000000e+04
4.857426562500000000e+04
4.318345703125000000e+04
3.969071093750000000e+04
4.110908984375000000e+04
4.089137890625000000e+04
4.192089062500000000e+04
4.207000781250000000e+04
4.041698437500000000e+04
4.596011718750000000e+04
4.500318750000000000e+04
4.273325781250000000e+04
4.024560156250000000e+04
4.130306250000000000e+04
4.108227734375000000e+04
4.941308593750000000e+04
3.311042187500000000e+04
4.095477734375000000e+04
5.020984375000000000e+04
3.896090625000000000e+04
4.018971875000000000e+04
4.447085546875000000e+04
4.182885546875000000e+04
4.143009765625000000e+04
4.215799218750000000e+04
4.095267578125000000e+04
4.296744531250000000e+04
3.614091406250000000e+04
4.406517968750000000e+04
3.873473828125000000e+04
4.386633593750000000e+04
4.159979687500000000e+04
4.124473828125000000e+04
4.024256640625000000e+04
4.072271875000000000e+04
4.211113281250000000e+04
4.491414062500000000e+04
4.394423046875000000e+04
4.087226953125000000e+04
4.290101562500000000e+04
3.661074218750000000e+04
4.924342187500000000e+04
4.069429296875000000e+04
4.372217187500000000e+04
4.375905078125000000e+04
4.205373828125000000e+04
3.695308593750000000e+04
4.094923828125000000e+04
3.730436718750000000e+04
4.103506250000000000e+04
4.170324609375000000e+04
4.378472656250000000e+04
3.961743359375000000e+04
3.901456250000000000e+04
4.065863281250000000e+04
3.593208593750000000e+04
4.176523046875000000e+04
3.979617968750000000e+04
3.382358593750000000e+04
3.761434765625000000e+04
4.075665625000000000e+04
4.191019921875000000e+04
3.858080859375000000e+04
4.138911328125000000e+04
3.632559375000000000e+04
4.282887890625000000e+04
4.189937500000000000e+04
4.607500000000000000e+04
4.213212500000000000e+04
3.917927343750000000e+04
3.834449609375000000e+04
4.007539453125000000e+04
4.467161328125000000e+04
4.549958593750000000e+04
3.740012890625000000e+04
4.101896093750000000e+04
3.959904687500000000e+04
3.839275781250000000e+04
3.955504296875000000e+04
4.031921093750000000e+04
3.927511328125000000e+04
3.993010937500000000e+04
3.906832421875000000e+04
3.515812109375000000e+04
3.969073828125000000e+04
4.127782031250000000e+04
3.806898437500000000e+04
3.774471875000000000e+04
4.111513281250000000e+04
3.992401562500000000e+04
4.048482812500000000e+04
3.953303125000000000e+04
4.565978515625000000e+04
4.702845703125000000e+04
4.014812109375000000e+04
3.896506640625000000e+04
4.136114453125000000e+04
4.036453515625000000e+04
3.497585156250000000e+04
4.011413281250000000e+04
3.715936328125000000e+04
3.803587109375000000e+04
4.444509375000000000e+04
3.777078125000000000e+04
4.475824609375000000e+04
3.693150000000000000e+04
4.310869531250000000e+04
3.733557812500000000e+04
4.268139843750000000e+04
4.297549609375000000e+04
3.754377734375000000e+04
3.874016796875000000e+04
3.523777734375000000e+04
4.350680859375000000e+04
3.819084765625000000e+04
3.572258203125000000e+04
3.981394140625000000e+04
3.833121484375000000e+04
3.159062695312500000e+04
4.129670703125000000e+04
3.582002343750000000e+04
4.064267968750000000e+04
3.903481250000000000e+04
3.589562500000000000e+04
3.718942187500000000e+04
3.113209765625000000e+04
3.354589843750000000e+04
3.699948437500000000e+04
3.075970312500000000e+04
3.867655859375000000e+04
4.398026562500000000e+04
3.044111132812500000e+04
3.460877343750000000e+04
4.130967578125000000e+04
3.601325781250000000e+04
3.806626562500000000e+04
3.934932421875000000e+04
3.697917968750000000e+04
3.848717578125000000e+04
3.164298242187500000e+04
3.844023046875000000e+04
3.779175781250000000e+04
3.738520703125000000e+04
3.581782031250000000e+04
3.216715234375000000e+04
3.839542968750000000e+04
3.459851562500000000e+04
3.478416406250000000e+04
3.612460156250000000e+04
3.427660937500000000e+04
3.520239453125000000e+04
3.711167187500000000e+04
3.913553125000000000e+04
3.918892187500000000e+04
3.107775585937500000e+04
4.368868750000000000e+04
3.461146484375000000e+04
3.320121875000000000e+04
4.059121875000000000e+04
3.174086328125000000e+04
3.933871875000000000e+04
3.790860156250000000e+04
3.835283984375000000e+04
4.285498437500000000e+04
3.891002734375000000e+04
3.652797265625000000e+04
3.559914843750000000e+04
3.809042968750000000e+04
4.082160156250000000e+04
4.150356250000000000e+04
3.595587109375000000e+04
3.750514453125000000e+04
3.665834375000000000e+04
3.575246875000000000e+04
3.738666796875000000e+04
4.066363671875000000e+04
3.837152343750000000e+04
4.163986718750000000e+04
3.512032031250000000e+04
3.663893750000000000e+04
4.109578515625000000e+04
3.570771093750000000e+04
3.767652343750000000e+04
3.872126171875000000e+04
3.815662500000000000e+04
4.421885937500000000e+04
4.140828906250000000e+04
4.442598828125000000e+04
3.866762500000000000e+04
3.544440625000000000e+04
4.106185156250000000e+04
4.046930078125000000e+04
3.775854687500000000e+04
3.630007031250000000e+04
4.336502734375000000e+04
3.826531640625000000e+04
3.598353906250000000e+04
3.471403906250000000e+04
3.863134375000000000e+04
3.607214453125000000e+04
3.632368750000000000e+04
3.630887890625000000e+04
3.459129687500000000e+04
3.790067968750000000e+04
4.191160546875000000e+04
3.730793750000000000e+04
3.592655078125000000e+04
4.097147656250000000e+04
4.055318750000000000e+04
3.237258789062500000e+04
3.489728906250000000e+04
4.143372656250000000e+04
3.573939843750000000e+04
4.066831250000000000e+04
4.107731250000000000e+04
3.834054687500000000e+04
3.956858984375000000e+04
4.243871093750000000e+04
3.907707031250000000e+04
3.216593750000000000e+04
3.543085937500000000e+04
3.565730078125000000e+04
4.070084375000000000e+04
3.677571875000000000e+04
4.110061718750000000e+04
3.590959765625000000e+04
4.102115234375000000e+04
3.362431250000000000e+04
3.700517578125000000e+04
3.498478125000000000e+04
4.103204296875000000e+04
3.736805078125000000e+04
4.112824218750000000e+04
4.062017187500000000e+04
3.776468359375000000e+04
3.807505468750000000e+04
3.801243359375000000e+04
3.719982031250000000e+04
3.858151562500000000e+04
3.919270312500000000e+04
3.946216406250000000e+04
3.249987109375000000e+04
3.664918750000000000e+04
3.780161328125000000e+04
3.190683789062500000e+04
3.729105468750000000e+04
3.765271093750000000e+04
3.322158203125000000e+04
3.346678906250000000e+04
3.725729296875000000e+04
3.899408203125000000e+04
3.921828125000000000e+04
3.461629687500000000e+04
3.595254687500000000e+04
3.568915625000000000e+04
3.813134765625000000e+04
3.876139062500000000e+04
3.491639453125000000e+04
2.961180859375000000e+04
3.689450000000000000e+04
3.439247656250000000e+04
3.278664843750000000e+04
3.289811718750000000e+04
3.471062890625000000e+04
3.532532031250000000e+04
3.584239062500000000e+04
2.945959179687500000e+04
3.292064843750000000e+04
3.354210546875000000e+04
3.323855859375000000e+04
3.799146875000000000e+04
3.234184765625000000e+04
3.443821875000000000e+04
3.301819140625000000e+04
3.178570703125000000e+04
3.085277929687500000e+04
3.363540625000000000e+04
3.350054687500000000e+04
3.631489843750000000e+04
3.700740625000000000e+04
3.923067578125000000e+04
3.268975390625000000e+04
3.413789062500000000e+04
3.304329687500000000e+04
3.474139062500000000e+04
3.836919531250000000e+04
3.710757812500000000e+04
4.197322265625000000e+04
3.645575781250000000e+04
3.684464062500000000e+04
3.451376171875000000e+04
3.754082812500000000e+04
3.070229101562500000e+04
3.633762500000000000e+04
4.098297656250000000e+04
3.896527343750000000e+04
3.718482031250000000e+04
3.725728125000000000e+04
3.812026562500000000e+04
3.905097656250000000e+04
3.527135156250000000e+04
4.472708203125000000e+04
3.568416406250000000e+04
