1.726772185505307425e+04
1.600096706482614172e+04
1.989086232929342077e+04
1.762970618198013472e+04
1.595102064749774217e+04
1.593856413498398615e+04
2.096901469291540707e+04
2.041334922664812620e+04
2.224092983164886391e+04
1.651411995593898246e+04
1.571507786791277795e+04
1.794020450984454874e+04
1.939443306813770323e+04
1.217115253406306510e+04
1.638374056259037388e+04
1.611187263136628098e+04
1.920346828204881604e+04
1.806130129948323156e+04
1.843627165330253411e+04
1.333377805198355600e+04
1.559675485946964545e+04
2.188791900822465686e+04
2.327195458516722283e+04
2.702874151845839151e+04
3.089262808399473943e+04
2.579362993957119033e+04
2.209796739301013804e+04
2.116087710440582305e+04
2.267213116127129251e+04
2.123213534211086881e+04
