-8.008382449462721979e+02
6.184373844453000402e+02
7.426413639136681013e+02
2.270150369122267875e+03
4.206125875805342730e+03
2.140196119210998404e+03
3.687009587485851625e+03
3.038798652137971885e+02
5.522087308946246367e+02
1.902583466991075284e+03
1.685378037381423610e+03
2.050869593042238648e+03
5.111849244468190591e+03
7.522292387469766481e+02
3.087691393806079759e+03
-2.040753064405518671e+03
5.907790434603015456e+03
3.765381938364491361e+03
-7.215472077080149802e+02
3.991288225628755981e+02
-5.437889432392394156e+03
-5.054525910183450833e+03
-4.814552179921744028e+03
-8.543673931117791653e+03
-9.877324055778695765e+03
-1.258799207629288685e+04
-1.534234228460347731e+04
-1.373168151659746945e+04
-2.241028067876409477e+04
-2.418491888961281074e+04
-2.359117378391460807e+04
-2.682148152101403684e+04
-2.590128240811136493e+04
-2.761158956974568355e+04
-2.818284488683062955e+04
-3.202720598672447886e+04
-3.542012476798646094e+04
-4.039392673212906084e+04
-3.986690217518695135e+04
-4.651479749626187549e+04
-4.818441477502045745e+04
-4.836507727169428108e+04
-5.575881582696543774e+04
-6.230462323265070154e+04
-6.486959195393444679e+04
-6.818508247300302901e+04
-6.903404159560025437e+04
-7.600247028857117402e+04
-7.809374772725715593e+04
-8.320367057525934069e+04
-8.706503679173289856e+04
-9.254391033183874970e+04
-9.345178046573267784e+04
-1.004022648514962493e+05
-1.023584485356902878e+05
-1.091265806147006369e+05
-1.133407512380291737e+05
-1.205758528569737246e+05
-1.246904796048895951e+05
-1.264394587385342747e+05
-1.333878315578128968e+05
-1.303348839288922027e+05
-1.382021695469854749e+05
-1.444224776264485554e+05
-1.514967500430003274e+05
-1.569003571851107699e+05
-1.680041173793768103e+05
-1.773823350695851841e+05
-1.825439526471651043e+05
-1.923928725361285615e+05
-1.971370904938201420e+05
-2.070111097382835287e+05
-2.126324130630011205e+05
-2.212900959696134669e+05
-2.289404243444728781e+05
-2.386635370227351668e+05
-2.442362342632478685e+05
-2.519028548144247325e+05
-2.522606788692421396e+05
-2.521819727678402851e+05
-2.439696484534869960e+05
-2.478110897855964431e+05
-2.518082975362980796e+05
-2.540744832211549801e+05
-2.567009485029574134e+05
-2.638845546485509258e+05
-2.686624500702590449e+05
-2.745947073874914786e+05
-2.789447791814211523e+05
-2.859803373682725942e+05
-2.878928995336488588e+05
-2.903517355023567798e+05
-2.910587888140451396e+05
-2.933140261213643244e+05
-2.907937148697600351e+05
-2.822582375225514406e+05
-2.787551423914707848e+05
-2.812022963282016572e+05
-2.799063182665370405e+05
-2.755104961009741528e+05
-2.679801631353179691e+05
-2.582377071288317966e+05
-2.495551897520883940e+05
-2.435891459962393565e+05
-2.416300815225872211e+05
-2.316929472699121980e+05
-2.132247028542099870e+05
-2.015373785716343846e+05
-1.897795443204071198e+05
-1.799186180631800671e+05
-1.760576643912692962e+05
-1.666519399072718224e+05
-1.623156027483954676e+05
-1.512113154351781122e+05
-1.396307435427507444e+05
-1.364401242864969245e+05
-1.336230024314841721e+05
-1.193427420147836237e+05
-1.120980058634165180e+05
-1.044235441635522438e+05
-9.820217819845341728e+04
-9.099276562230769196e+04
-8.318117559354570403e+04
-8.212457444728989503e+04
-8.265846047069512133e+04
-7.182529882847532281e+04
-5.949164729433196044e+04
-5.212957867039251141e+04
-4.695730275422317209e+04
-3.657094663491972460e+04
-3.128673095662195556e+04
-2.738873723021662954e+04
-3.144352521967134089e+04
-3.115371933807873211e+04
-2.858455782000985346e+04
-2.536093604801573383e+04
-2.114355752664397369e+04
-2.109875767436366732e+04
-2.237399362803072290e+04
-1.840123883057895728e+04
-1.755402895693134269e+04
-1.656890700706774805e+04
-1.064617963428883741e+04
-1.033507623341079307e+04
-1.367793144939040030e+04
-1.107982430627599206e+04
-4.180836844341383767e+03
-5.510102685213812947e+03
-5.570113919508709841e+03
-2.123740022241943279e+02
-1.398849495976319872e+02
-3.465020192412528559e+03
1.667783541817627793e+03
-1.681983186741990721e+02
-6.475676032984023323e+02
-1.336776894799397724e+03
-4.161280572934640986e+03
-5.739826701595958184e+03
-3.462733542205832691e+03
-5.181303329369331550e+03
-5.018990722929507683e+03
-4.217185017275087375e+03
-3.476284502939421600e+03
-9.136444193433670080e+03
-1.095590379690417649e+04
-1.141893341748006787e+04
-8.191754369775704617e+03
-7.341089235513299172e+03
-7.386457371500257068e+03
-8.247365161833058664e+03
-1.085443368075800208e+04
-9.287059343231165258e+03
-1.001319976973212579e+04
-9.987024538039502659e+03
-1.482899732081677575e+04
-1.397042597406115419e+04
-1.368160965731690521e+04
-1.645861320765887285e+04
-1.659264237429555942e+04
-1.809051358440658805e+04
-1.915836153074647154e+04
-1.876281827969564620e+04
-1.589250922801389606e+04
-1.374978594556465396e+04
-1.145632229860453663e+04
-5.555627467718494700e+03
2.305684709433372461e+02
5.964941100970914079e+01
3.335207500131583402e+03
5.379744691873645934e+03
1.860240587430307187e+03
4.536327758584709045e+03
1.013002830479983800e+03
3.047531395957154473e+03
6.205647594636483518e+03
3.920061762517888383e+03
2.906521973505624374e+03
2.445667103392280296e+03
1.061435693097753301e+03
1.272767306507609646e+03
2.228924389026007702e+03
1.121370548759289022e+03
1.737036193539129727e+03
3.271531849197116571e+03
1.481097513476002860e+03
6.899225843016861290e+03
2.585570883513702029e+03
3.629016669553241627e+03
3.580544141357114313e+03
4.205990569986499395e+03
3.873832956201028537e+03
1.564973400977160509e+03
2.514233137198583790e+03
3.651997615340263110e+03
1.134722721890234197e+03
2.601396614448904984e+03
3.457490712662656733e+03
-2.971994465756630461e+02
1.968523399305133353e+03
1.102717791296597625e+03
1.111997792438926626e+04
1.010617486869224194e+03
5.906675872669269665e+03
4.522925211214127557e+03
2.114717845008276981e+03
-1.061347149385404691e+03
4.975780261823502769e+03
3.892924468606844130e+03
1.962668620856793950e+03
1.650423090268340047e+03
1.239858939736858019e+03
1.790380067952707350e+03
1.908735890575172789e+03
-7.664147382197000979e+00
1.362433679273882717e+03
1.016273476268691638e+03
4.773054295811639349e+02
3.603204959378040257e+03
1.216563189906511070e+03
2.554441413965382139e+02
1.199171916811677875e+03
3.348435285435365927e+02
-4.158071015118981677e+02
2.046152027743237340e+03
3.820974960624547293e+03
3.561611008545417462e+03
9.140930032160882774e+02
5.939523085106719691e+01
2.441478507835169694e+03
1.755771004612878414e+03
3.647142321397528576e+03
3.479749853936149975e+03
5.215210960947174499e+03
2.757651115214861875e+03
4.650072425151834977e+03
6.514949022184166552e+02
-1.614540197676700018e+03
-2.129364045000283568e+03
2.796790724943503392e+03
1.560353990942673192e+02
1.311876177841555091e+03
1.833967541739692479e+03
1.309547214656329288e+03
1.763762982353423240e+03
1.202564181331545569e+03
4.227785398298832433e+02
1.848305513024768061e+03
1.248104273121306278e+03
6.705564736842579805e+03
2.575170800954631886e+03
1.355761074287596330e+03
2.530877720980162849e+03
1.512770523004553525e+03
5.639687263446733141e+02
9.414491851743587176e+02
1.590303354981809207e+03
1.976604874960808274e+03
-6.007455625322795640e+02
-6.440418078033629001e+01
1.316956265989107578e+03
8.787039520423471686e+02
4.042490744502400958e+03
1.897573035159935216e+03
-8.052357637523512039e+02
1.075031758413948353e+02
1.690362484036912747e+03
2.578517341269901863e+03
-1.401845625430523228e+02
4.549950367032418399e+03
-1.093663178783958756e+03
-7.600271534138348670e+02
-2.689097339818913497e+03
-2.104713317970274147e+03
1.953171734489063510e+03
1.000774203486805845e+03
3.368656111715446514e+03
4.835988929903841381e+03
-2.470809999846587743e+02
-7.794084431324652087e+02
-2.145355587774398828e+03
-7.546813836735390169e+01
5.609219847453600778e+02
-1.820390460730989844e+03
7.602070100331962976e+02
-4.423099477373607442e+03
4.596297760954865339e+02
2.436346966016508759e+03
4.850635113725928022e+03
1.374341374893000875e+03
2.912258472685869492e+03
5.037248187276683893e+03
3.123226672914022402e+03
4.162254018588612780e+03
4.185617946152504373e+03
5.564741802451908370e+03
3.441349606375846633e+03
7.068460715111039462e+03
8.938052529855884131e+03
6.066268978057929417e+03
2.565210480502979408e+03
8.087976344625795718e+03
4.412519460361058009e+03
7.494970819284446407e+03
2.276532394700978330e+03
3.979657208580417318e+03
3.096152368441590625e+03
3.053626952105637884e+03
5.051306823139735570e+03
3.783742722643724846e+03
2.530812649499073359e+03
5.026214437136246488e+03
4.428267730166640831e+03
4.297882869281243984e+03
1.009499079825519220e+04
5.872243127218523114e+03
5.846759461756855671e+03
1.764637970059894087e+03
3.654253831110134342e+03
5.829919952691034268e+03
2.945323093937976864e+03
4.886660893092562219e+03
1.104253613504341956e+03
3.854434910142380431e+03
8.272565481454299515e+03
1.992946962963485248e+03
3.970399799685656944e+03
6.495744459361483678e+03
4.797440903204285860e+03
6.203745218044252397e+03
3.128108693006801786e+03
2.037165268018262623e+03
5.215350870020896764e+03
3.862925242396719113e+03
2.523845023676839446e+03
4.401433188334673105e+03
2.511142355515677082e+03
-7.624770249314337889e+02
-4.274585717315277407e+02
7.867831094252471303e+03
3.216661593660624931e+03
2.005911397071568672e+03
2.058784986805468634e+03
2.483063536740910877e+03
2.008347940901296624e+02
1.174111445216936045e+04
4.841917443960644960e+03
4.229459679388628501e+03
-1.060889699983053788e+03
-4.959806810078376884e+02
1.300595242625604669e+03
-1.352883149955046349e+02
-1.502996628780838932e+02
1.124181069907964911e+03
1.415716639965738750e+03
1.191470542476389937e+03
-1.172210464848274796e+03
-9.844424688606226255e+02
3.682812960596277208e+03
5.335333281652052392e+03
4.938239718058616745e+03
3.477797050340401711e+03
6.928464993593627696e+03
3.599151569589851078e+03
3.725982396316806899e+03
1.170793672110120497e+03
2.343944316583737873e+03
8.181467035326762925e+03
3.985162531850198775e+03
1.784269704453842451e+03
3.175587941574828619e+03
3.226757643245632607e+03
3.939161393633109583e+03
3.329706713598471651e+03
9.927559065151102686e+02
3.631280920718431389e+03
6.757074549945978106e+03
4.719110263413708708e+03
4.332482058667998899e+03
4.203765744770004858e+03
3.178474791125905085e+03
2.881521848029001831e+03
3.648922922187727181e+03
4.482586942619605907e+03
6.366324057482952412e+03
5.788390713848152700e+03
5.653956871370830413e+03
4.188412154974600412e+02
1.351637388087638556e+03
5.496597613441038447e+03
4.896489244390233580e+03
4.972728368547283935e+03
4.856033445764309363e+03
1.956415359041748161e+03
5.890734276489080912e+03
7.113076144413517795e+03
3.705761606976010171e+03
2.891000339530858128e+03
6.997327137144810877e+03
-2.054147580843698506e+03
1.957663222936909278e+03
-6.591710014859988576e+01
9.118410938647197099e+02
-9.418101957969350906e+02
5.543351741165215572e+03
1.275663129499236447e+03
2.952779615941023621e+03
1.815200789689679823e+03
4.046480950952245621e+03
1.169383112488640108e+03
3.502838083266851754e+03
6.700846564345290062e+03
4.608215582232133784e+03
3.371145586719420862e+03
5.803479914005012688e+03
2.005019775429429956e+03
7.903312862824985132e+03
2.367816063260009287e+03
2.826410845263952979e+03
4.919651446103697708e+03
4.837202946812449227e+03
2.848463559449376589e+03
3.089951048666557654e+03
3.319266547982462612e+02
9.487011685261293678e+03
7.599702259077959752e+03
5.270883482956996886e+03
3.253240189128275233e+03
3.504954022669598544e+03
4.756508943884458859e+03
9.402715412490484823e+02
1.067038113721529498e+03
2.406187955828743270e+03
6.590610778147123710e+03
4.172952487245815064e+03
8.968776820397968095e+02
3.959562351942248824e+03
3.797290258809737225e+03
1.120819547921435060e+03
1.374782856891454685e+03
3.859625102530092590e+03
3.648824365737399148e+03
4.056152620023052350e+03
8.261810243866853853e+03
4.983962963650239544e+03
2.291109844297791824e+03
8.662944887191233647e+02
3.238760183175467319e+03
5.336264082475960095e+03
7.407368187583268082e+03
9.119204186939834926e+02
5.460983199605361733e+03
4.347296136605912579e+03
2.652998942721890671e+03
5.730798707556277805e+03
3.474232356827818080e+02
3.140451002511480510e+03
3.916198886912186026e+03
4.998470460618700599e+03
2.292845873590106294e+03
5.243638335247172108e+03
2.163250493287295285e+03
1.191446816444166870e+03
8.687094727930036697e+02
4.251190613038515949e+03
4.999509450025543629e+03
2.639982624287637918e+03
4.509962428958445344e+03
5.492319367149245409e+03
5.252697679308684201e+03
3.754062863085789104e+03
4.243993999772455936e+03
6.923313239987982115e+02
2.673540980619291531e+03
2.731045767320521009e+03
3.757287293955044333e+03
5.448723984280492914e+03
6.626513174185524804e+03
6.315549803500270173e+03
3.641033738315722530e+03
2.896695577384704393e+03
