4.215598632812500000e+03
7.927980468750000000e+03
8.785617187500000000e+03
9.383298828125000000e+03
9.929795898437500000e+03
1.016361914062500000e+04
1.021220214843750000e+04
1.089622851562500000e+04
1.119296582031250000e+04
1.147684179687500000e+04
1.192234277343750000e+04
1.208288867187500000e+04
1.234315332031250000e+04
1.282806640625000000e+04
1.390318457031250000e+04
1.348366113281250000e+04
1.321816601562500000e+04
1.367273925781250000e+04
1.359524218750000000e+04
1.398959960937500000e+04
1.374218945312500000e+04
1.426684082031250000e+04
1.474981738281250000e+04
1.547357031250000000e+04
1.554347460937500000e+04
1.698203125000000000e+04
1.665488085937500000e+04
1.731202734375000000e+04
1.804731445312500000e+04
1.844819140625000000e+04
1.979323046875000000e+04
2.028664257812500000e+04
2.015995507812500000e+04
2.137492578125000000e+04
2.185255273437500000e+04
2.288778906250000000e+04
2.342400390625000000e+04
2.374671484375000000e+04
2.488852148437500000e+04
2.546149218750000000e+04
2.546130664062500000e+04
2.709770703125000000e+04
3.042290039062500000e+04
2.996789062500000000e+04
3.091630273437500000e+04
3.148349609375000000e+04
3.292664843750000000e+04
3.362958984375000000e+04
3.405333593750000000e+04
3.865955468750000000e+04
3.728876562500000000e+04
3.969280078125000000e+04
4.155864453125000000e+04
4.471064453125000000e+04
4.273730078125000000e+04
4.544747656250000000e+04
4.847877343750000000e+04
4.832439453125000000e+04
5.071354687500000000e+04
4.820934375000000000e+04
5.254533593750000000e+04
5.420397656250000000e+04
5.519630078125000000e+04
5.733782421875000000e+04
6.063051953125000000e+04
6.005604296875000000e+04
6.059610546875000000e+04
6.829903125000000000e+04
6.409418750000000000e+04
6.767832812500000000e+04
7.118020312500000000e+04
7.136632031250000000e+04
7.367654687500000000e+04
7.146646093750000000e+04
7.811244531250000000e+04
8.145659375000000000e+04
8.364360937500000000e+04
8.633267187500000000e+04
8.721542187500000000e+04
9.018883593750000000e+04
9.088453906250000000e+04
9.481547656250000000e+04
9.546846093750000000e+04
9.995905468750000000e+04
9.989344531250000000e+04
9.572592968750000000e+04
1.063323359375000000e+05
1.048968125000000000e+05
1.064418515625000000e+05
1.156205781250000000e+05
1.068696250000000000e+05
1.185030625000000000e+05
1.221807343750000000e+05
1.227680390625000000e+05
1.189707031250000000e+05
1.251366640625000000e+05
1.254627968750000000e+05
1.262302656250000000e+05
1.247386875000000000e+05
1.284782265625000000e+05
1.301959140625000000e+05
1.286891875000000000e+05
1.343106562500000000e+05
1.302988593750000000e+05
1.423080000000000000e+05
1.392322187500000000e+05
1.344119531250000000e+05
1.346155937500000000e+05
1.454535625000000000e+05
1.381690937500000000e+05
1.417983125000000000e+05
1.457678593750000000e+05
1.443237031250000000e+05
1.460595625000000000e+05
1.408691718750000000e+05
1.458496093750000000e+05
1.401955625000000000e+05
1.419228593750000000e+05
1.458695781250000000e+05
1.400825312500000000e+05
1.386312500000000000e+05
1.399597812500000000e+05
1.348892031250000000e+05
1.420515000000000000e+05
1.386420156250000000e+05
1.402083906250000000e+05
1.410426250000000000e+05
1.415940000000000000e+05
1.346311562500000000e+05
1.424417812500000000e+05
1.363548593750000000e+05
1.413024375000000000e+05
1.374067968750000000e+05
1.392071406250000000e+05
1.407846093750000000e+05
1.359732812500000000e+05
1.358394062500000000e+05
1.313415937500000000e+05
1.341524062500000000e+05
1.294832968750000000e+05
1.280258125000000000e+05
1.315337187500000000e+05
1.293353906250000000e+05
1.245012734375000000e+05
1.306880781250000000e+05
1.250348906250000000e+05
1.253443281250000000e+05
1.247768984375000000e+05
1.249176875000000000e+05
1.198030000000000000e+05
1.270817734375000000e+05
1.189990390625000000e+05
1.191913750000000000e+05
1.224252734375000000e+05
1.239349140625000000e+05
1.144253515625000000e+05
1.200550156250000000e+05
1.174354765625000000e+05
1.137376640625000000e+05
1.184287343750000000e+05
1.215527031250000000e+05
1.193370781250000000e+05
1.172455625000000000e+05
1.161893125000000000e+05
1.097264375000000000e+05
1.153926484375000000e+05
1.136002109375000000e+05
1.112206484375000000e+05
1.150074218750000000e+05
1.166922343750000000e+05
1.134717500000000000e+05
1.114732109375000000e+05
1.133817500000000000e+05
1.149543125000000000e+05
1.114443906250000000e+05
1.081377031250000000e+05
1.060005234375000000e+05
1.119591015625000000e+05
1.037070625000000000e+05
1.110760390625000000e+05
1.055094609375000000e+05
1.055916640625000000e+05
1.125324140625000000e+05
1.026890312500000000e+05
1.091007734375000000e+05
1.094175859375000000e+05
1.087365156250000000e+05
1.083145468750000000e+05
1.010505468750000000e+05
1.073313750000000000e+05
1.079967968750000000e+05
1.041919921875000000e+05
9.595514062500000000e+04
9.937602343750000000e+04
9.809554687500000000e+04
1.046390468750000000e+05
1.013787421875000000e+05
1.028255546875000000e+05
9.723264062500000000e+04
9.182444531250000000e+04
9.702175000000000000e+04
9.907546875000000000e+04
9.405704687500000000e+04
9.358292187500000000e+04
1.009565078125000000e+05
9.958810937500000000e+04
9.306933593750000000e+04
9.281390625000000000e+04
1.012505234375000000e+05
9.866333593750000000e+04
9.592576562500000000e+04
9.447260937500000000e+04
9.741160937500000000e+04
1.000940234375000000e+05
9.251521875000000000e+04
8.565501562500000000e+04
9.219469531250000000e+04
9.117654687500000000e+04
9.164249218750000000e+04
8.388117187500000000e+04
9.028554687500000000e+04
8.554979687500000000e+04
8.988517187500000000e+04
9.137300781250000000e+04
8.803276562500000000e+04
9.021093750000000000e+04
8.627585156250000000e+04
8.814674218750000000e+04
8.507545312500000000e+04
8.586465625000000000e+04
8.465346875000000000e+04
8.274562500000000000e+04
9.037201562500000000e+04
8.305000000000000000e+04
8.706929687500000000e+04
8.697651562500000000e+04
8.573420312500000000e+04
8.280654687500000000e+04
8.715181250000000000e+04
8.177950781250000000e+04
8.861842968750000000e+04
8.485984375000000000e+04
8.304651562500000000e+04
8.127753906250000000e+04
8.639289062500000000e+04
7.952813281250000000e+04
8.556142968750000000e+04
8.191074218750000000e+04
8.403177343750000000e+04
7.855270312500000000e+04
7.961809375000000000e+04
7.801936718750000000e+04
8.509238281250000000e+04
8.208806250000000000e+04
7.731880468750000000e+04
8.404801562500000000e+04
8.088871875000000000e+04
8.179407812500000000e+04
7.836285937500000000e+04
8.330110937500000000e+04
7.735103125000000000e+04
7.549648437500000000e+04
8.183110937500000000e+04
8.260117187500000000e+04
7.808637500000000000e+04
7.714939062500000000e+04
8.091905468750000000e+04
8.025973437500000000e+04
7.549046875000000000e+04
7.801504687500000000e+04
7.459796875000000000e+04
7.295407031250000000e+04
7.873454687500000000e+04
7.528020312500000000e+04
7.592167187500000000e+04
7.591889062500000000e+04
8.184382031250000000e+04
7.534071875000000000e+04
7.704305468750000000e+04
7.264470312500000000e+04
7.379178906250000000e+04
7.376079687500000000e+04
7.222303906250000000e+04
7.824302343750000000e+04
7.459373437500000000e+04
8.050184375000000000e+04
7.713928125000000000e+04
6.902050000000000000e+04
7.152985937500000000e+04
7.782115625000000000e+04
7.149685937500000000e+04
7.320570312500000000e+04
7.001537500000000000e+04
7.139165625000000000e+04
6.965639062500000000e+04
7.436867187500000000e+04
7.210701562500000000e+04
6.774313281250000000e+04
6.748829687500000000e+04
6.936777343750000000e+04
7.035145312500000000e+04
6.852294531250000000e+04
7.279867187500000000e+04
7.019003125000000000e+04
6.852373437500000000e+04
6.281539453125000000e+04
6.603464843750000000e+04
7.307332812500000000e+04
7.056981250000000000e+04
7.236667968750000000e+04
6.932922656250000000e+04
7.170476562500000000e+04
6.972214062500000000e+04
6.695493750000000000e+04
6.944981250000000000e+04
6.893112500000000000e+04
6.694858593750000000e+04
6.740219531250000000e+04
6.602099218750000000e+04
5.888348046875000000e+04
7.061173437500000000e+04
6.967981250000000000e+04
5.913607421875000000e+04
6.701959375000000000e+04
6.864679687500000000e+04
6.902193750000000000e+04
6.464260546875000000e+04
6.888415625000000000e+04
6.527596093750000000e+04
6.698639062500000000e+04
6.579508593750000000e+04
6.617677343750000000e+04
6.706747656250000000e+04
6.159605078125000000e+04
6.800376562500000000e+04
7.074098437500000000e+04
6.338757421875000000e+04
6.235175781250000000e+04
6.130935156250000000e+04
7.039942968750000000e+04
6.093630468750000000e+04
6.784135937500000000e+04
5.980671875000000000e+04
6.664648437500000000e+04
6.438835156250000000e+04
6.622921093750000000e+04
5.939784375000000000e+04
6.409457031250000000e+04
6.182516796875000000e+04
6.245990625000000000e+04
6.046444921875000000e+04
6.051196875000000000e+04
6.283594921875000000e+04
6.107309375000000000e+04
5.906401953125000000e+04
6.520359375000000000e+04
6.099163281250000000e+04
5.886365625000000000e+04
5.730707421875000000e+04
6.255493750000000000e+04
6.291086328125000000e+04
6.282391406250000000e+04
5.989253125000000000e+04
6.280308593750000000e+04
5.485815625000000000e+04
6.337756250000000000e+04
6.109792968750000000e+04
6.006551171875000000e+04
5.990576953125000000e+04
5.997484375000000000e+04
5.928022656250000000e+04
5.976439453125000000e+04
5.649721875000000000e+04
6.113428906250000000e+04
5.963931250000000000e+04
5.744817578125000000e+04
6.227939453125000000e+04
5.988164843750000000e+04
5.533989453125000000e+04
5.714657031250000000e+04
5.930287500000000000e+04
5.646772656250000000e+04
5.952728906250000000e+04
5.485234375000000000e+04
5.880594921875000000e+04
6.055188281250000000e+04
6.112418750000000000e+04
5.981828906250000000e+04
5.433703906250000000e+04
5.825798828125000000e+04
6.153164453125000000e+04
5.944441406250000000e+04
5.775335156250000000e+04
5.867832031250000000e+04
5.942205078125000000e+04
6.135555078125000000e+04
5.918608593750000000e+04
5.639216406250000000e+04
5.576144921875000000e+04
5.595541406250000000e+04
5.572323046875000000e+04
5.500733203125000000e+04
5.989679296875000000e+04
5.919088281250000000e+04
5.389075000000000000e+04
5.384369531250000000e+04
5.409582031250000000e+04
5.863423046875000000e+04
5.624954296875000000e+04
5.599274218750000000e+04
5.416036328125000000e+04
5.156750390625000000e+04
5.969155078125000000e+04
5.666154296875000000e+04
5.633813671875000000e+04
5.551108593750000000e+04
5.204255078125000000e+04
5.793031250000000000e+04
5.762408203125000000e+04
5.564955078125000000e+04
5.464792968750000000e+04
5.595112500000000000e+04
5.502460546875000000e+04
5.354226953125000000e+04
5.814152343750000000e+04
5.390671875000000000e+04
5.236346093750000000e+04
5.459196875000000000e+04
5.340269531250000000e+04
5.135583203125000000e+04
4.770195703125000000e+04
5.643401953125000000e+04
5.363844921875000000e+04
5.590291796875000000e+04
5.564105078125000000e+04
5.388076953125000000e+04
5.468380468750000000e+04
5.228159765625000000e+04
5.044817578125000000e+04
5.492128125000000000e+04
5.149678515625000000e+04
5.418712500000000000e+04
5.386958203125000000e+04
5.358203125000000000e+04
4.953113671875000000e+04
5.146099218750000000e+04
4.987766406250000000e+04
5.833496093750000000e+04
4.832201953125000000e+04
5.490082421875000000e+04
5.184761328125000000e+04
5.418620703125000000e+04
5.209951953125000000e+04
5.228963671875000000e+04
5.475078125000000000e+04
5.246565625000000000e+04
4.976322656250000000e+04
5.172010156250000000e+04
4.654275390625000000e+04
4.994878125000000000e+04
5.276561718750000000e+04
4.743893359375000000e+04
5.131293750000000000e+04
5.266592968750000000e+04
4.648660156250000000e+04
5.275866796875000000e+04
5.187732031250000000e+04
4.724173046875000000e+04
5.080400000000000000e+04
4.690909765625000000e+04
4.797872656250000000e+04
4.984793750000000000e+04
5.265655468750000000e+04
4.722596875000000000e+04
5.082574218750000000e+04
4.698053906250000000e+04
4.546809375000000000e+04
4.876777343750000000e+04
5.029074218750000000e+04
4.735860156250000000e+04
5.061652343750000000e+04
5.248510546875000000e+04
4.898703125000000000e+04
4.854012890625000000e+04
4.943154296875000000e+04
4.406457031250000000e+04
4.987518750000000000e+04
5.479933593750000000e+04
4.850802343750000000e+04
4.765251953125000000e+04
5.084105078125000000e+04
4.660491406250000000e+04
5.038385156250000000e+04
5.047112500000000000e+04
4.719097265625000000e+04
4.562645703125000000e+04
4.556256640625000000e+04
4.920789062500000000e+04
4.635773828125000000e+04
4.647807812500000000e+04
