-1.204468665662797401e+06
-1.535978307183123661e+02
-7.402560099316887943e+01
-6.586527704580029763e+01
-3.284694747856782726e+01
-3.502482987189496555e+01
-3.656189625944826105e+01
-2.527250185769876367e+01
-2.333707095586175342e+02
-9.342442024244137144e+01
-2.095334534871887229e+02
-5.717546058528503039e+01
-3.354882682344433675e+01
-5.967205189040521418e+01
-3.833016442271149060e+01
-4.342007807177636636e+01
-7.291581883392731811e+01
-5.922559163662748460e+01
-9.063554236252794283e+01
-9.513877704095963850e+01
-9.685667558000275790e+01
-5.408401004455134853e+01
-5.716497704027710824e+01
-5.197352059270182423e+01
-4.731539092828260618e+05
-1.127683362181835808e+07
-2.418753448143414035e+07
-3.743041624665774405e+07
-5.047873208061029017e+07
-6.404033563989701122e+07
-7.762914360229301453e+07
-9.097148968678466976e+07
-1.045459257339303195e+08
-1.180374658076579571e+08
-1.315501141667912006e+08
-1.453139551622968316e+08
-1.589555452697511017e+08
-1.725331540606332421e+08
-1.860819492498414814e+08
-1.996333037247259021e+08
-2.130777984732612073e+08
-2.263568681723300815e+08
-2.397328301677861810e+08
-2.536665983611284792e+08
-2.671619475135290027e+08
-2.812253545810661912e+08
-2.990168631789155602e+08
-3.257038235876584649e+08
-3.518020987504924536e+08
-3.785677054173450470e+08
-4.054436207436581850e+08
-4.328369776574646831e+08
-4.596356802178343534e+08
-4.860260357094600797e+08
-8.985950977786864340e+07
-2.498117889821147060e+02
-3.214295524481119060e+02
-4.777283546728070860e+02
-3.793964451793315789e+02
-2.193448861547205126e+02
-3.823104081008329445e+02
-1.953230320924542411e+02
-2.443716566121150322e+02
-1.310903419520464297e+02
-1.950291890627335931e+02
-2.179908026403871304e+02
-2.550992093345588216e+02
-2.929908319154801575e+02
-1.480444018829435322e+02
-1.840510323004779991e+02
-3.051054103683935068e+02
-1.848799379059329624e+02
-1.557121666717371227e+02
-2.921420107576782357e+02
-1.599143101918450611e+02
-3.395389069062563294e+02
-2.344472294265781329e+02
-2.553369277914994200e+02
-1.836552725469632605e+02
-1.674800644556596865e+02
-2.005224724121933946e+02
-8.118854774387197892e+01
-1.447064225219185971e+02
-1.295164551028990161e+02
-5.796286995538066833e+01
-6.496743110548798938e+01
-6.706271925772259124e+01
-8.179117525064535243e+01
-5.080877874465433308e+01
-6.259385262276706641e+01
-4.954620157698570182e+01
-2.664328229126721226e+01
-4.947425457290424333e+01
-8.213450136902518750e+01
-7.059500319177298877e+01
-9.809850466239144851e+01
-9.942955921117170703e+01
-9.074888604998292863e+01
-8.132810004112278079e+01
-9.427913903147535279e+01
-9.697884751613787557e+01
-8.686985821696613641e+01
-4.514846726952451661e+01
-9.733378827291245727e+01
-7.872015091290771238e+01
-1.251092707986917105e+02
-1.688694358728289160e+02
-8.653812070642419485e+01
-6.025373863917928929e+01
-1.830292955760102700e+02
-8.907909131391257063e+01
-8.231839635377541242e+01
-5.267937580979462098e+01
-9.431651184270745603e+01
-5.451004243608889510e+01
-3.732264610398028140e+02
-1.210850663313033522e+02
-7.938029809860093167e+01
-1.769701775326273037e+02
-1.101526325838083977e+02
-1.438972480688297537e+02
-1.658083387929165724e+02
-7.966326883186182783e+01
-3.770883507176236715e+06
-1.730854320655599609e+07
-3.062662314429289103e+07
-4.395012349902220070e+07
-5.808322334178354591e+07
-7.204290776068866253e+07
-8.602951493714454770e+07
-9.934664501183801889e+07
-1.128564503143381774e+08
-1.263843774824841768e+08
-1.401261893689747751e+08
-1.542471482834410369e+08
-1.678811078231405914e+08
-1.814024307459849417e+08
-1.953322264872142673e+08
-2.087450148123897910e+08
-2.219146698997110426e+08
-2.351531371327793002e+08
-2.480523518164309859e+08
-2.615374608174029887e+08
-2.752279416962667108e+08
-2.885487542444386482e+08
-3.020862358257315159e+08
-3.156986514756663442e+08
-3.287111157793755531e+08
-3.419783027126022577e+08
-3.555997412148156762e+08
-3.692816961676916480e+08
-3.826285263280673027e+08
-3.960624470507365465e+08
-4.092297879070107937e+08
-4.227610519286993742e+08
-4.367002318410207033e+08
-4.502288329581955671e+08
-4.634026083311941028e+08
-4.767834177190977931e+08
-4.907408506235104799e+08
-5.045805076403492093e+08
-5.177577714889594316e+08
-5.308268924307322502e+08
-5.444384191301153898e+08
-5.579465810466055870e+08
-5.714131366083219051e+08
-5.849693318970342875e+08
-5.984720225920011997e+08
-6.122716918792216778e+08
-6.259542562528498173e+08
-6.394953771401903629e+08
-6.529289850867307186e+08
-6.664013017539236546e+08
-6.799472129078823328e+08
-6.937776110750211477e+08
-7.069875485866928101e+08
-7.200186028204553127e+08
-7.333331858496052027e+08
-7.465152907549451590e+08
-7.600089958353015184e+08
-7.737674281602405310e+08
-7.875242070807933807e+08
-8.008291889443649054e+08
-8.138154018093519211e+08
-8.272083458918899298e+08
-8.407302851659076214e+08
-8.541309167916297913e+08
-8.680768279268760681e+08
-8.812432523350778818e+08
-8.941646271931415796e+08
-9.079626745504901409e+08
-9.212455455815219879e+08
-9.344334581252701283e+08
-9.476977479584395885e+08
-9.609700334095281363e+08
-9.743353981624969244e+08
-9.871248163758633137e+08
-1.000627220913648963e+09
-1.014294456192782402e+09
-1.032115398200766921e+09
-1.059728669629020929e+09
-1.087449641551350832e+09
-1.114830106486737967e+09
-1.142239391818301678e+09
-1.168555887465256929e+09
-1.195867232109099150e+09
-1.222782180435850382e+09
-1.249691272591335297e+09
-1.275593640996895313e+09
-1.302321637610241413e+09
-1.329674892336190462e+09
-1.356387551854136229e+09
-1.383104334907181263e+09
-1.409559694407616138e+09
-1.436866394815867424e+09
-1.465110460261417866e+09
-1.492184345801773071e+09
-1.518477181669534206e+09
-1.512127187420044422e+09
-8.069561670431567729e+07
-6.592185384196882296e+03
-3.720720785585318481e+03
-6.436413167276570675e+03
-5.563402635909555102e+03
-2.104355542106788926e+04
-8.331433504319051281e+03
-6.930977534183724856e+03
-9.336799144771608553e+03
-1.363793994724557342e+04
-1.554923701641534899e+04
-8.718852968842831615e+03
-1.221518240032139511e+04
-1.792874959899994064e+04
-1.187950012444646200e+04
-1.784971352289219067e+04
-2.077876151586440028e+04
-1.406581884944749436e+04
-2.233062491645963382e+04
-2.941653650224949160e+04
-1.070142806852481408e+04
-1.526597028875504839e+04
-1.465776196018039991e+04
-3.999402657015171280e+04
-1.468230103580689138e+04
-1.028095368598466303e+04
-1.866396386500786684e+04
-1.909439987640399340e+04
-1.983515554980386514e+04
-1.221647668129821250e+04
-1.235464197339621751e+04
-1.514482670023713399e+04
-3.804569521369076392e+04
-4.764579487121221609e+04
-2.678071044047298346e+04
-6.147777195013393793e+04
-5.962772595017847925e+04
-3.573115767253019294e+04
-3.135480224886572250e+04
-2.053452376231048038e+04
-3.569008197644245956e+04
-2.571086525742302547e+04
-4.671659496833241428e+04
-2.496273025012276048e+04
-3.935827730827432970e+04
-4.820329720882164111e+04
-2.840205174421178526e+04
-2.838427717674471933e+04
-2.554815061656390753e+04
-2.633881487206268503e+04
-4.280551929802750965e+04
-3.280092757905771577e+04
-6.831133206025122490e+04
-4.424805300741990504e+04
-4.653441068751757848e+04
-9.608440747887898760e+04
-4.411308765235591272e+04
-9.260537176578229992e+04
-1.439009220928855939e+04
-2.039962751924794429e+04
-2.099107192218579439e+04
-7.440880800825166807e+04
-7.355426216288183059e+04
-7.248943420161792892e+04
-2.880388869296820485e+04
-5.905957029174751369e+03
-2.831126371112778088e+03
-1.238387339134113745e+03
-1.560483034208692288e+03
-1.667550266556385850e+03
-2.457221222769459473e+03
-1.630831750795748803e+03
-1.251665368515890805e+03
-1.334264767643742289e+03
-2.149109242582279876e+03
-1.728450859567373527e+03
-2.117595069746361332e+03
-1.755148035565941200e+03
-2.836968015770781676e+03
-8.818318470197804118e+02
-1.558974455366557549e+03
-1.525666839390306677e+03
-1.294529808018409994e+03
-2.141361546806848764e+03
-1.410164578994010071e+03
-2.426320444175722969e+03
-1.585177782534443395e+03
-1.604120764713527706e+03
-1.724353421224844396e+03
-1.537941443694523059e+03
-1.426449696821726775e+03
-1.972467107975103545e+03
-2.564186854330873302e+03
-1.605092518766735793e+03
-1.300504075987547822e+03
-3.314216916888161450e+03
-1.047356298500025787e+03
-1.221316854084087709e+03
-1.117474541290336447e+03
-1.019559042649040975e+03
-1.222184418128779271e+03
-7.983507383213428739e+02
-2.474970402118050060e+03
-1.587334742071656592e+03
-7.367246793034285020e+02
-1.399025140896085304e+03
-9.973650622508614561e+02
-2.684761878679447364e+03
-1.076052932065120331e+03
-7.649663130994287030e+02
-1.651829730572696917e+03
-7.122289546936794977e+02
-7.554797795472056805e+02
-1.026009462425883157e+03
-1.722053343608540217e+03
-1.077125908856518208e+03
-1.262454569940909550e+03
-1.738901499495276994e+03
-4.531476512318409959e+02
-9.198776445297386317e+02
-4.903443072249968964e+02
-8.304012963719469553e+02
-7.843752385223997408e+02
-8.232619769935756722e+02
-1.039684012458790221e+03
-8.352091571259363718e+02
-1.183756213452365273e+03
-8.849525723296995920e+02
-1.537074782306500765e+03
-1.010880390081477913e+03
-9.529847634212810590e+02
-6.889746858959135807e+02
-6.614042544749306671e+02
-1.085977573670294305e+03
-7.360696115222345952e+02
-6.226532314640512595e+02
-8.665596217199338298e+02
-1.029415955473360100e+03
-7.610729104813528920e+02
-8.766639109718016698e+02
-1.262844592652583060e+03
-1.293862850837621181e+03
-5.721633507400692906e+02
-8.281035844452308083e+02
-8.964930623737033102e+02
-6.345833616700448374e+02
-1.906100882203742003e+03
-1.061817495764177920e+03
-8.919689697433001356e+02
-1.040435607569613467e+03
-4.772270625602286600e+02
-7.644919325919412358e+02
-1.014295232217020384e+03
-8.993744811033272981e+02
-7.106050449641033993e+02
-7.157473694963767912e+02
-8.526547953813748109e+02
-1.219605656403484545e+03
-4.749645656539397578e+02
-4.230530377396495965e+02
-3.826551707101541524e+02
-4.658039178530204367e+02
-6.568014995614478266e+02
-1.152151862516320307e+03
-1.006500928133462139e+03
-3.905233105812818053e+02
-4.347731217916869468e+02
-3.647151517183639271e+02
-3.263283506580943367e+02
-3.276847323203257361e+02
-3.966740871990489268e+02
-3.284537724613773548e+02
-5.026698767508046330e+02
-2.421366280525232071e+02
-4.184266948549651488e+02
-2.530910133626665015e+02
-5.346264071554430757e+02
-4.866071901866013150e+02
-3.670127117670615462e+02
-5.064196725777168240e+02
-2.009154915859967048e+02
-2.216298652529610536e+02
-3.640100683468891702e+02
-4.068880618790244057e+02
-2.186160827983624131e+02
-2.087900980954357806e+02
-2.332556974689524054e+02
-3.955441611011503369e+02
-2.533886790526135542e+02
-2.363259960891562059e+02
-2.561106162504560757e+02
-7.025845856760784045e+02
-2.590527985344751869e+02
-3.440424774892262008e+02
-3.020600930618565485e+02
-7.386151003689781191e+02
-3.166928530215044475e+02
-3.012550174699357513e+02
-1.948792409398874099e+02
-4.340730527673282495e+02
-2.115241668713892977e+02
-3.048435253825497284e+02
-1.994291656411649285e+02
-3.029544392651855560e+02
-2.921245523666834742e+02
-3.597750697805196864e+02
-2.243651772070802508e+02
-3.160106172654188299e+02
-2.940649599511434076e+02
-2.307888598807298877e+02
-7.872309658904933940e+02
-1.898342960429991422e+02
-4.972759814164292038e+02
-5.506504222922776535e+02
-3.684203079818148012e+02
-2.456790908135732820e+02
-2.141510853653827837e+02
-3.428455764539901907e+02
-3.010594136826521208e+02
-3.609571948135092612e+02
-1.964402019748261523e+02
-1.314295634444043230e+02
-1.882280629105357264e+02
-3.343075578236153547e+02
-7.571983415242019646e+02
-4.005234382423312809e+02
-2.072018014628602884e+02
-7.616935946883260158e+02
-3.050742576270107520e+02
-4.369782397355473336e+02
-8.457354989798089946e+02
-2.932760271684289819e+02
-2.973348264231735243e+02
-6.218124920016600754e+02
-3.092796671626129523e+02
-2.463687505589372790e+02
-4.920759721604161427e+02
-2.332126073514060351e+02
-2.403651301214075886e+02
-2.220476791772951799e+02
-2.065504607100620831e+02
-3.294425408055760158e+02
-2.164184369955873137e+02
-5.685447830984137454e+02
-3.583816068602196765e+02
-1.247950957029160861e+02
-3.079361061638975343e+02
-3.567391944868026599e+02
-3.869289210508620158e+02
-2.886610060956382995e+02
-4.622782125884547213e+02
-1.568505458971445137e+02
-3.581035856581075905e+02
-3.588354995583555365e+02
-5.581433329532561629e+02
-2.336007217800226385e+02
-3.052918761955568243e+02
-1.981565990149463801e+02
-4.344852622110567495e+02
-4.451039552967756094e+02
-2.812947763581387335e+02
-4.481986844807356647e+02
-3.003355883058530935e+02
-3.301468808430757917e+02
-5.124998194262936977e+02
-1.408099945298455680e+02
-2.037188371823425825e+02
-5.731410645184640771e+02
-3.658091191383156229e+02
-2.150714503131013373e+02
-2.967092241469980536e+02
-3.537590992843291247e+02
-4.313259475758883923e+02
-4.189280286146202457e+02
-4.489086474578495540e+02
-2.721139528049781120e+02
-5.842556470532895219e+02
-6.523155248505622694e+02
-4.793017264041516796e+02
-2.525797633746704776e+02
-4.365556240138488420e+02
