2.862178500000000000e+06
8.319841875000000000e+05
5.096728437500000000e+05
3.453366875000000000e+05
2.704765625000000000e+05
2.052517187500000000e+05
2.291995468750000000e+05
1.544600156250000000e+05
1.658647812500000000e+05
1.228787343750000000e+05
6.813580468750000000e+04
9.352467187500000000e+04
6.044959375000000000e+04
1.155153359375000000e+05
7.538365625000000000e+04
9.021623437500000000e+04
9.602223437500000000e+04
1.106258750000000000e+05
7.338280468750000000e+04
5.208392578125000000e+04
6.015278125000000000e+04
6.988089843750000000e+04
5.574748828125000000e+04
4.567562890625000000e+04
4.877735156250000000e+04
1.727006562500000000e+05
1.063137500000000000e+06
1.805471750000000000e+06
3.603432500000000000e+06
5.193689500000000000e+06
8.497041000000000000e+06
8.957809000000000000e+06
1.258907000000000000e+07
1.490728500000000000e+07
1.909349800000000000e+07
1.961868400000000000e+07
2.756277200000000000e+07
2.974846400000000000e+07
3.181721600000000000e+07
3.796506400000000000e+07
4.076845600000000000e+07
4.168252000000000000e+07
5.651688800000000000e+07
5.451816800000000000e+07
6.473426000000000000e+07
6.578671200000000000e+07
6.374385200000000000e+07
8.447800000000000000e+07
8.522840000000000000e+07
8.920487200000000000e+07
8.732850400000000000e+07
1.042848560000000000e+08
9.985160800000000000e+07
1.055529280000000000e+08
1.060240000000000000e+08
1.159481360000000000e+08
1.119219600000000000e+08
1.067588720000000000e+08
1.037932000000000000e+08
1.068004480000000000e+08
1.008816160000000000e+08
1.072312560000000000e+08
1.053740320000000000e+08
9.623739200000000000e+07
8.744379200000000000e+07
8.740000800000000000e+07
9.358930400000000000e+07
8.809148000000000000e+07
8.388736800000000000e+07
8.036436800000000000e+07
7.275780800000000000e+07
8.543055200000000000e+07
7.834192000000000000e+07
7.416692000000000000e+07
6.618120400000000000e+07
6.448117600000000000e+07
6.373421600000000000e+07
6.099699200000000000e+07
6.268485200000000000e+07
5.835025200000000000e+07
5.209035600000000000e+07
5.094456000000000000e+07
6.246659200000000000e+07
5.302790400000000000e+07
4.672280400000000000e+07
5.531252000000000000e+07
4.017453600000000000e+07
4.325290400000000000e+07
4.058534400000000000e+07
4.290046400000000000e+07
3.669679200000000000e+07
3.536647600000000000e+07
3.980845600000000000e+07
3.701304800000000000e+07
3.870591200000000000e+07
3.474384800000000000e+07
3.154366800000000000e+07
3.191389800000000000e+07
2.451966800000000000e+07
2.495987600000000000e+07
2.549431400000000000e+07
2.608795400000000000e+07
2.385832000000000000e+07
2.840475800000000000e+07
2.417795000000000000e+07
2.254794800000000000e+07
2.546083200000000000e+07
2.895788200000000000e+07
2.633482800000000000e+07
2.302175000000000000e+07
2.658779600000000000e+07
2.201034200000000000e+07
2.134602800000000000e+07
2.097297000000000000e+07
2.071654000000000000e+07
2.069664400000000000e+07
2.084966800000000000e+07
2.017308800000000000e+07
1.947391400000000000e+07
2.268910800000000000e+07
1.608218600000000000e+07
1.860969200000000000e+07
1.752784400000000000e+07
1.254401000000000000e+07
1.704762800000000000e+07
1.877938200000000000e+07
2.185472800000000000e+07
1.708060600000000000e+07
1.793642800000000000e+07
1.281794600000000000e+07
1.927660800000000000e+07
1.680028000000000000e+07
1.885744400000000000e+07
2.191878000000000000e+07
2.025315000000000000e+07
2.192272400000000000e+07
2.845457200000000000e+07
2.720936400000000000e+07
2.788053200000000000e+07
2.621894600000000000e+07
2.600884000000000000e+07
2.432881800000000000e+07
3.227686400000000000e+07
2.938386800000000000e+07
3.935840000000000000e+07
3.379400000000000000e+07
4.659231600000000000e+07
3.761812800000000000e+07
4.885350400000000000e+07
4.816523600000000000e+07
4.718982400000000000e+07
4.881994400000000000e+07
5.604631600000000000e+07
5.058087200000000000e+07
4.995360800000000000e+07
4.951180000000000000e+07
6.192137600000000000e+07
7.553755200000000000e+07
6.152834000000000000e+07
7.356592000000000000e+07
6.312876000000000000e+07
7.678844800000000000e+07
8.734107200000000000e+07
7.903328000000000000e+07
7.509304000000000000e+07
8.725060800000000000e+07
9.039620800000000000e+07
1.016075120000000000e+08
8.965632800000000000e+07
9.973500000000000000e+07
9.626816000000000000e+07
1.036213440000000000e+08
1.154339440000000000e+08
1.197810720000000000e+08
1.111583200000000000e+08
1.095923040000000000e+08
1.185942800000000000e+08
1.178026720000000000e+08
1.217207200000000000e+08
1.189828320000000000e+08
1.354969280000000000e+08
1.468524800000000000e+08
1.593914560000000000e+08
1.559691520000000000e+08
1.464694080000000000e+08
1.775676800000000000e+08
1.385946400000000000e+08
1.692635360000000000e+08
1.605962880000000000e+08
1.662021760000000000e+08
1.680495840000000000e+08
1.774791840000000000e+08
1.677247040000000000e+08
1.842380160000000000e+08
2.011054080000000000e+08
1.730386080000000000e+08
1.979302880000000000e+08
2.035769440000000000e+08
2.058018880000000000e+08
1.945657280000000000e+08
1.980907360000000000e+08
2.135841120000000000e+08
2.091548320000000000e+08
2.126476640000000000e+08
2.034146400000000000e+08
2.382857280000000000e+08
2.271106080000000000e+08
2.413929280000000000e+08
2.491833120000000000e+08
2.319471840000000000e+08
2.561969440000000000e+08
2.439261120000000000e+08
2.579129920000000000e+08
2.720259840000000000e+08
2.700820800000000000e+08
2.524788480000000000e+08
2.692946880000000000e+08
2.837115520000000000e+08
2.588676800000000000e+08
2.935873280000000000e+08
2.881136640000000000e+08
2.770623360000000000e+08
2.576188640000000000e+08
2.741782080000000000e+08
2.282432320000000000e+08
2.419579360000000000e+08
2.250158880000000000e+08
2.528195840000000000e+08
2.051401280000000000e+08
1.996836160000000000e+08
1.907542720000000000e+08
1.651560000000000000e+08
1.467505280000000000e+08
1.463056160000000000e+08
1.093442720000000000e+08
1.049255840000000000e+08
7.563672000000000000e+07
6.590178000000000000e+07
7.199304800000000000e+07
5.974749600000000000e+07
5.896300800000000000e+07
6.557691600000000000e+07
6.026752000000000000e+07
6.665370400000000000e+07
5.818664400000000000e+07
6.231244800000000000e+07
6.030475600000000000e+07
6.772135200000000000e+07
5.359769600000000000e+07
5.336850400000000000e+07
5.355329600000000000e+07
5.543050400000000000e+07
5.877848400000000000e+07
5.631273600000000000e+07
5.040628000000000000e+07
6.479896800000000000e+07
6.824062400000000000e+07
5.664522800000000000e+07
6.266092000000000000e+07
4.778156800000000000e+07
6.043452000000000000e+07
5.045256800000000000e+07
5.508263200000000000e+07
5.901986000000000000e+07
6.484823200000000000e+07
5.722330800000000000e+07
5.202021200000000000e+07
6.094433200000000000e+07
5.137750400000000000e+07
4.768003600000000000e+07
5.399114400000000000e+07
5.482612400000000000e+07
4.625449600000000000e+07
5.430049200000000000e+07
4.736778400000000000e+07
6.989022400000000000e+07
5.779034400000000000e+07
5.038729600000000000e+07
4.989654800000000000e+07
4.771905200000000000e+07
4.968139200000000000e+07
4.504380800000000000e+07
5.543140000000000000e+07
4.168956000000000000e+07
4.909872000000000000e+07
5.623403600000000000e+07
5.412752800000000000e+07
4.277714000000000000e+07
6.534526000000000000e+07
5.897228800000000000e+07
4.395348800000000000e+07
5.310746000000000000e+07
4.631120800000000000e+07
5.939844000000000000e+07
3.631917200000000000e+07
6.280288800000000000e+07
4.691800800000000000e+07
4.881639200000000000e+07
5.151270400000000000e+07
4.132338400000000000e+07
4.341526400000000000e+07
5.543424800000000000e+07
6.101232000000000000e+07
5.016735200000000000e+07
4.240004400000000000e+07
5.688648400000000000e+07
4.782400400000000000e+07
4.744360800000000000e+07
3.525291200000000000e+07
4.776240000000000000e+07
5.265210000000000000e+07
4.117474400000000000e+07
3.571716000000000000e+07
4.075594800000000000e+07
3.466186800000000000e+07
3.871077600000000000e+07
4.027003200000000000e+07
5.529543200000000000e+07
4.436210000000000000e+07
4.598337200000000000e+07
4.354172400000000000e+07
3.409838400000000000e+07
4.695707200000000000e+07
4.022507200000000000e+07
4.699644400000000000e+07
3.589939200000000000e+07
3.427924000000000000e+07
4.326886000000000000e+07
5.555529600000000000e+07
3.541412000000000000e+07
4.679668400000000000e+07
3.470425200000000000e+07
4.634343200000000000e+07
3.854865200000000000e+07
3.402610000000000000e+07
6.264933200000000000e+07
4.264556800000000000e+07
3.894240800000000000e+07
5.760001200000000000e+07
4.192772000000000000e+07
3.878211200000000000e+07
3.958625600000000000e+07
4.651446000000000000e+07
4.485833200000000000e+07
3.138261400000000000e+07
4.423999200000000000e+07
4.345197600000000000e+07
3.669806400000000000e+07
4.453341600000000000e+07
4.235426000000000000e+07
3.653063200000000000e+07
4.095919200000000000e+07
4.302172000000000000e+07
3.333975000000000000e+07
4.002751200000000000e+07
3.208676800000000000e+07
3.973545200000000000e+07
4.904830800000000000e+07
3.670643600000000000e+07
3.548151600000000000e+07
4.270629600000000000e+07
3.671056000000000000e+07
4.797029200000000000e+07
3.236870400000000000e+07
4.234484400000000000e+07
4.696354000000000000e+07
3.897202800000000000e+07
4.194000800000000000e+07
4.656154800000000000e+07
3.723277600000000000e+07
4.100378400000000000e+07
3.712847200000000000e+07
4.441882800000000000e+07
4.761411200000000000e+07
3.127934000000000000e+07
3.264020400000000000e+07
4.056872000000000000e+07
2.975825600000000000e+07
3.574222000000000000e+07
3.321455600000000000e+07
3.655098000000000000e+07
4.518525600000000000e+07
3.809056800000000000e+07
3.522783200000000000e+07
3.530256000000000000e+07
3.093380800000000000e+07
3.839400800000000000e+07
3.736451600000000000e+07
4.432560800000000000e+07
3.244503400000000000e+07
3.432200800000000000e+07
2.461831600000000000e+07
4.201759600000000000e+07
4.582367200000000000e+07
3.885171600000000000e+07
4.151054000000000000e+07
2.964523600000000000e+07
2.857111400000000000e+07
3.004727600000000000e+07
4.385260400000000000e+07
3.434847200000000000e+07
3.588631200000000000e+07
4.510336400000000000e+07
4.002272000000000000e+07
3.325597400000000000e+07
3.853313200000000000e+07
4.260590000000000000e+07
3.318765200000000000e+07
3.278429200000000000e+07
3.682099600000000000e+07
3.537406800000000000e+07
4.156846000000000000e+07
3.842515600000000000e+07
2.948026600000000000e+07
3.542994000000000000e+07
3.802776800000000000e+07
2.783018200000000000e+07
3.437758800000000000e+07
3.428800800000000000e+07
3.718128400000000000e+07
3.068145200000000000e+07
4.488683200000000000e+07
3.662156000000000000e+07
3.515616800000000000e+07
4.380432800000000000e+07
2.969679600000000000e+07
3.932775600000000000e+07
3.757183200000000000e+07
2.726703400000000000e+07
2.204884000000000000e+07
3.672463600000000000e+07
4.108434000000000000e+07
3.469058400000000000e+07
3.473929200000000000e+07
3.951860400000000000e+07
3.554522800000000000e+07
3.722828000000000000e+07
3.895584800000000000e+07
3.280345000000000000e+07
4.947884000000000000e+07
4.167336000000000000e+07
3.525419200000000000e+07
3.339793600000000000e+07
2.909612200000000000e+07
3.405238000000000000e+07
4.212110800000000000e+07
3.496391200000000000e+07
2.423383000000000000e+07
2.953489200000000000e+07
2.244669200000000000e+07
2.705714600000000000e+07
3.828075200000000000e+07
2.972887000000000000e+07
3.049354000000000000e+07
4.631855600000000000e+07
2.445876400000000000e+07
3.235760600000000000e+07
2.533598800000000000e+07
2.637483200000000000e+07
3.430661600000000000e+07
3.631743600000000000e+07
3.213808400000000000e+07
3.078085400000000000e+07
2.434308600000000000e+07
2.640050000000000000e+07
3.226437400000000000e+07
3.356344400000000000e+07
2.669222600000000000e+07
4.118334000000000000e+07
2.648840400000000000e+07
2.961733400000000000e+07
2.896573400000000000e+07
3.185028400000000000e+07
3.151017000000000000e+07
2.912569600000000000e+07
2.939658600000000000e+07
2.773567000000000000e+07
1.911653000000000000e+07
2.265238000000000000e+07
4.029815200000000000e+07
2.914338800000000000e+07
2.509202000000000000e+07
3.555334400000000000e+07
2.971685400000000000e+07
1.608967700000000000e+07
2.909894800000000000e+07
2.910398000000000000e+07
3.325304000000000000e+07
2.616829600000000000e+07
2.422702800000000000e+07
3.620298400000000000e+07
3.290724800000000000e+07
3.083197800000000000e+07
3.164720000000000000e+07
2.591183800000000000e+07
2.823281600000000000e+07
3.263708400000000000e+07
2.964902000000000000e+07
2.395757200000000000e+07
3.061556800000000000e+07
