1.619630300383088252e+04
1.353495131994838084e+04
1.741011067153490876e+04
1.913427978152297510e+04
2.030363940328118770e+04
1.414329605410895238e+04
1.552137917343484878e+04
1.499288003793084681e+04
1.295811305917294703e+04
1.806957814112876076e+04
2.001015786339432816e+04
1.288864133947778100e+04
1.143754687595416544e+04
1.883653829362301622e+04
1.089164444668369288e+04
8.715313360556656335e+03
1.698959962757367975e+04
1.472241762128399569e+04
1.405028000993492969e+04
1.098135878587513071e+04
1.810801016335519671e+04
1.937501345457329808e+04
7.893877563852407548e+03
1.633648337733966764e+04
1.673243966167282997e+04
1.979995449358054975e+04
1.486860411723819198e+04
1.679032126424571470e+04
1.117643522676165958e+04
1.544778773805529636e+04
