-1.884000000000000000e+03
3.738554474632947404e+03
7.661332008433587362e+03
3.986727785930136179e+02
1.288262418108944985e+04
1.244004768435623737e+04
1.203303255827053363e+04
2.181841128750122152e+03
2.227597087454018765e+04
1.257174225926438521e+04
1.068021132548555033e+04
1.518626909059456557e+04
1.574203425970178796e+04
2.301875199276825151e+04
4.495533355579853378e+03
7.222862693707318613e+03
1.834936678719944393e+04
6.731161566748659425e+03
6.975047047150575963e+03
3.254824314755474188e+04
9.954398640266304938e+03
1.462686311389577531e+04
3.678102554307915125e+04
2.982602544769801898e+04
2.037386092461305088e+04
1.546442273808217942e+04
5.333411900470123328e+03
8.532388631888876262e+03
2.091841314380447511e+04
1.076460704477913896e+04
9.720156717960971946e+03
7.707805468303741691e+03
2.251389871999331444e+04
3.807593354666353116e+04
1.643020448060012495e+04
1.830565509428669975e+04
1.043693380501634965e+04
3.131933191138228358e+04
7.706879862402381150e+03
2.019448670070586013e+04
2.214313346480956170e+04
2.483659922811684373e+04
2.321115533405588212e+04
4.166944175782788989e+03
5.827241015215618063e+03
1.686797307234856271e+04
3.381554222525535442e+04
3.322985403106973536e+03
1.074956636280593011e+04
1.702188975681133161e+04
1.433932778334059913e+04
7.511522356101480909e+03
8.987752458974526235e+03
3.231581207805180748e+04
1.629598396136730662e+04
1.451547908738477054e+04
2.372022597560106078e+04
6.736651371201976872e+03
1.129781585016642930e+04
2.609643524130524747e+04
4.507085039464824149e+03
1.204715239123072752e+04
1.522135571058629012e+03
1.314040334383166191e+04
3.018518134271001145e+03
1.655568827405105912e+04
6.256186030559098072e+03
1.045764109739419473e+04
1.274168281849578489e+04
1.627203670436399625e+04
2.465732628578825461e+04
2.017044796181842321e+04
3.087630574320009691e+04
1.145362774350672225e+04
3.705574163022085122e+04
3.214860664099316273e+04
2.443855158757563004e+03
1.027702433770968491e+04
1.248224997244523729e+04
8.147937870980647858e+03
1.169254111276847470e+04
7.200761145411777761e+03
2.216368014857987146e+04
1.927144835342270017e+04
2.816167964411994762e+04
3.587373344692101819e+04
9.421083480188892281e+03
1.485791981630487498e+04
1.047846060528806811e+04
3.276135905126028229e+04
2.146500342829686269e+04
3.316920827534673663e+03
2.147302720645137379e+04
1.506764346539168218e+04
1.360142483651465227e+04
3.356535053772350693e+03
7.952928851169336667e+03
3.458834765863652137e+04
6.088644928278215957e+03
8.439036943438126400e+03
1.134021288388349421e+04
2.650866801402970850e+03
2.687725336114590755e+04
1.604639106919725054e+04
1.383031506236301175e+04
4.826967038092265284e+03
5.822649794361105705e+03
9.480916484082676106e+03
2.232054350674330999e+04
5.392913500897843733e+03
4.613600130786006957e+03
3.030399848106093123e+04
5.861904763063069367e+03
7.337622829418460242e+03
1.409017184969486698e+04
2.581880220692527291e+04
3.074121484221578430e+04
1.524027313699844672e+04
2.802627697188070306e+04
4.476862852794140781e+04
1.065200871532767815e+04
8.157562873726729777e+03
2.639069759747854550e+04
1.351385772341831034e+04
1.370276257692703439e+04
9.825312645917563714e+03
3.822123855390218523e+03
5.259863493512631067e+03
4.408589224505493803e+03
1.025679885117893173e+04
6.609403956935071619e+03
2.128070064905268009e+04
4.826547211279397743e+03
2.470672165284031507e+04
1.576482978489468042e+04
4.424197672632937611e+03
1.137803865530025178e+04
1.178072775750500568e+03
1.986180256152008224e+04
1.018042542053456600e+04
1.228158817928219833e+04
2.387906762454264026e+04
3.953476245650179044e+04
1.515770254115945500e+04
8.612840043468018848e+03
1.310573299961128669e+03
1.567929395500474129e+04
5.006198977710682084e+04
8.120550291080478928e+03
-5.372614527582204573e+02
6.212760669520339434e+03
5.691929304618583956e+03
1.091600030007874557e+04
3.686140843339273943e+03
1.290301160871698812e+04
1.525201361934563101e+04
2.365430290485695878e+03
8.611770295055161114e+03
9.957816264388931813e+03
1.003918164219368191e+04
2.948678433447779389e+04
1.386119131189983818e+04
2.383006019004993868e+04
5.740019148019548084e+03
1.433644904914932886e+04
2.383146100727068188e+04
9.484717405665742262e+03
7.160876829682400057e+03
5.026587348336384821e+03
1.533897925004246463e+04
1.942769087456182388e+04
2.354732576494937894e+04
8.371714005175730563e+03
8.754642706992286548e+03
1.917412697125168779e+04
1.488810993798202617e+04
4.063705119770382225e+03
1.684301993780890189e+04
1.294793885001841409e+04
1.559378832732260162e+04
1.046985533068790755e+04
4.483981627405395557e+03
8.906973299660174234e+03
1.312840194034642991e+04
5.941857788652831005e+03
1.315432434277266293e+04
3.207972400216227470e+04
2.215946485969844434e+04
6.009117481098397548e+03
1.654272906924629569e+04
1.008489980729021408e+04
7.799690231304783993e+03
7.134860169804836914e+03
1.012204257443886308e+04
1.238313006690760267e+04
4.102637533266226819e+04
2.816728138936903633e+04
1.951764298587315352e+04
2.621993675837972114e+04
2.888693849919924105e+04
8.576629183834938885e+03
2.348834702543464300e+04
9.218318312371953652e+03
1.593011881393956719e+04
1.519576930385902597e+04
3.101550827306095016e+04
1.867964528279917067e+04
1.080555734276049407e+04
1.190903336205013511e+04
2.052679179304622812e+04
1.504003605591995984e+04
3.152915797906555326e+03
1.063485937187283707e+04
4.208817687167521217e+04
1.121731213962745824e+04
2.060069432580102148e+04
2.892980666422988179e+03
2.440789266682983362e+04
4.711638307856590836e+04
8.549853387798450058e+03
3.591186909963185462e+04
4.579155262904951087e+03
2.554539336363457551e+04
2.570531072569946446e+03
2.436431767173060507e+04
9.593642799023244152e+03
2.445693313523228062e+04
8.580447624699012522e+03
2.263088395941313593e+03
1.318637955193695598e+04
1.913337893659353358e+04
1.711873667037061023e+04
1.595886502127531230e+03
2.575684710470245591e+03
1.324264828171947374e+04
8.868349105470237191e+03
1.409625023760426120e+04
2.102340713539307762e+04
1.705501067533002424e+04
1.063558592181925997e+04
2.232117790516418609e+04
2.103176847921461376e+04
1.367605197592273544e+04
3.653208481308871706e+04
3.530707971506806643e+04
6.987399932903206718e+03
1.787699644036490645e+04
1.967150661365771884e+04
2.659871459075965049e+03
2.697245669835175431e+04
1.561485787037684713e+04
1.228640744778889712e+04
7.965952053864912159e+03
2.234675992018481793e+03
1.378946918594654380e+04
3.252160360643387685e+04
4.221741502896726161e+04
1.780488416651230000e+04
1.277529648558444751e+04
5.971729345328491036e+03
1.962820476737358695e+04
3.025539146957974663e+04
3.931838945886894180e+03
7.150505530714145607e+03
1.417700581995955508e+04
1.011642287588324689e+04
5.188415524715905121e+03
7.583953993114785590e+03
2.418871252508472935e+03
1.274934028374796071e+04
1.530784107376949578e+04
1.431336077071693035e+04
1.337916604650955924e+04
1.553386938464625564e+04
1.223463061420146005e+04
3.519722290251306549e+04
1.249288762951959507e+04
8.288850985947339723e+03
9.636444809826676646e+03
1.571374085485420983e+04
3.567530982001524535e+04
1.254570863974744498e+04
8.808805890453355460e+03
2.158490226119059662e+04
9.810420773742544043e+02
1.134068903603418767e+04
1.347946091864132904e+04
9.092652692914025465e+03
1.041699096760804787e+04
2.022442561245820343e+03
6.835485305641983359e+03
6.913914948127225216e+03
1.906286135502454999e+04
2.669563798639566085e+04
5.167845757178911299e+03
2.457152096001571044e+04
1.710679739078394050e+04
1.145726705707630026e+04
7.151384197763434713e+03
1.647024558308182895e+04
2.041204098149137280e+04
1.125042917045458671e+04
1.469948024982664720e+04
1.183705562759653731e+03
6.758185744641459678e+03
2.537399879546463853e+04
6.476934333170499485e+03
1.060360805621723557e+04
7.354394614534767243e+03
1.408120966163947560e+04
6.228290601522976431e+03
2.708599451460058481e+04
1.104712860405518950e+04
3.017618591061175903e+04
2.609007119374693957e+03
1.165750441756529108e+04
9.903895892278058454e+03
6.974189698424223025e+03
8.631243528663444522e+03
1.325658279683075307e+04
6.449364049602716477e+03
7.670891450464126137e+03
6.187069518655567663e+03
1.014921697244563984e+04
1.552931556183402427e+04
2.043235917289866120e+04
2.326153256397807854e+04
9.765028212674365932e+03
5.922340441605745582e+03
9.815422764556784387e+03
1.969143875955131807e+04
2.243082642017973558e+04
9.447920884191966252e+03
1.955511611910916690e+04
2.136387516044026052e+04
9.434302118984753179e+03
2.665074047846904796e+04
1.506320738582262857e+04
1.487562812409659819e+04
1.273068706961670796e+04
1.847938811149407775e+04
1.828529100223026398e+04
3.782585911283917085e+04
3.820239309301031881e+03
2.245192638733423792e+03
9.068196149810986753e+03
2.153953658192731018e+04
7.969339255073704408e+03
2.333918037682590875e+04
1.264156919611259400e+04
1.040240478393870944e+04
8.623489117864455693e+03
2.289808252158476171e+04
2.039373183373557185e+04
2.521541134867720393e+04
3.175797445571462595e+04
6.054118961429196133e+03
7.412057437548108282e+03
2.168703937008624052e+04
1.217512660847926418e+04
4.292479067231024965e+04
1.002807614450381334e+04
1.828387735927305766e+04
1.859548880965409990e+04
2.470080076506917976e+03
1.165658312439223482e+04
5.249992313816872047e+04
1.243040449005088158e+04
2.345908180488995276e+04
4.364860628860382349e+03
2.798462798088831278e+03
1.847212898781505373e+03
3.577659575192960347e+03
4.656420393515725664e+03
1.184441207647922602e+04
7.968521270190769428e+03
3.207538809448445318e+04
2.603040451263081195e+04
3.000287062786972092e+04
1.042728620058392380e+03
5.432626221800305757e+03
2.464969162578139731e+04
5.388877845781129508e+03
3.096644623014948593e+04
1.895913866790050815e+04
1.026036029523238540e+04
2.348188904493796508e+04
2.801404923636073363e+03
1.255295389026956036e+04
9.778259506889135082e+03
1.112893133124019369e+04
3.040124973813641645e+03
1.551399024345380531e+04
2.328912075559492223e+04
4.056305516331675790e+03
9.792056884876454205e+03
3.839908960966438462e+04
1.291839971723048257e+04
2.122070593465781712e+04
1.057007541244508684e+04
2.209377719531165894e+03
1.289113285569280015e+04
4.837528964939750040e+03
1.997321382958506001e+04
1.951320633794628156e+04
3.901338043872939124e+03
2.144146885744322208e+04
2.566057855803924031e+04
-5.333123653094783094e+02
1.146211639398247644e+04
1.089732559342181048e+04
4.659483399974492932e+04
2.460391252059155522e+04
7.944704972570696555e+03
1.976702693247950083e+04
8.909748029855878485e+03
1.863473002831405029e+04
7.997635161232907194e+03
4.205069998684932216e+03
4.212646990949941028e+03
1.397992647930786552e+04
4.155046041429917750e+03
2.800377640877053636e+04
2.203669342768121624e+03
3.825725012467084889e+04
9.961215619815491664e+03
2.966380175825757033e+04
7.761047230506726919e+03
1.446740805810334678e+04
2.136419129261897979e+04
2.336880785802958417e+04
3.723082208535987320e+03
1.134114431828768284e+04
3.371246349048834236e+04
2.653798685273633237e+04
5.608221522490967800e+03
3.237602584575165747e+04
1.047079866822865733e+04
3.549478897204151508e+03
1.106166467386999648e+04
1.359466978040655886e+04
1.219557367705610159e+04
1.100134134224493937e+04
7.395997225606155553e+03
5.148790604388484098e+03
4.338985873688216816e+04
7.316994742325541665e+02
1.384512018810318841e+04
9.870058913046237649e+03
1.240802064976307156e+04
1.811380759784425391e+04
1.038493990777631552e+04
9.732328685074286113e+03
1.427416043088575316e+04
2.376721914947202822e+04
1.171428075244819593e+04
1.130796311717798017e+04
1.016741183144463139e+04
1.377816515441285992e+04
1.623917159970357352e+04
1.185587915818028705e+04
1.297663187641100558e+04
2.343947975307892921e+04
2.762191783313486667e+03
1.412717365615497147e+04
8.514267484185918875e+03
2.776616319704735361e+04
2.958921883387864364e+04
1.142941141549543681e+04
2.602515052250021108e+04
8.914845178299967756e+02
2.709340182036304759e+04
2.476562405206117091e+03
1.622708006608506548e+04
3.579278508489870092e+03
1.901677783032393199e+04
1.277709794911022254e+04
4.978135167396064207e+04
1.143293593348297873e+04
1.426948765171697232e+04
1.821024901161941671e+04
3.320335064727038116e+04
7.280001597613677404e+03
1.938536896351968971e+04
2.629918096793009227e+03
1.068541321738646366e+04
4.299516964945843210e+04
1.419191246234376558e+04
5.447382329003013183e+03
2.053218320892544580e+04
4.512603560077700240e+04
1.167895438565946824e+04
4.301501181917161739e+04
5.715029987082915795e+03
1.941723572264768882e+04
1.008258686113325712e+04
1.921982544717354904e+04
1.045486534326763467e+04
1.502458835921142236e+04
9.616478851630486133e+02
4.068786597648059796e+03
1.614257649420344205e+04
8.524553029055097795e+03
8.903495256990019698e+03
9.305153008816345391e+03
4.511534341431615758e+03
5.223191736372589367e+04
1.094318867468022654e+04
1.438470234769248782e+04
7.203647462941068807e+04
5.258179939203747381e+03
9.856651070176172652e+03
5.199105339936097153e+03
1.401846444473944575e+04
1.039752214269278738e+04
1.843691180425378116e+04
1.174201798480056823e+04
6.290130442996885904e+03
1.655899059192710774e+04
2.479017352984523313e+04
3.748567958026446377e+03
1.907009511015330281e+04
3.405992795619628396e+03
2.343992715697444510e+04
1.067836612842442491e+03
7.737772965401018155e+03
5.550265780406395606e+03
1.344695161712545632e+04
3.408500502974280971e+04
1.032091157485477379e+04
2.027494409089262263e+04
3.707928452334303984e+03
9.713644651310411064e+03
1.496863363488187315e+04
6.053400195401691235e+03
3.146404316512709556e+04
1.304392309243852469e+04
4.452507762315518630e+04
2.625894523999475041e+03
1.142135683987576340e+04
2.102171697580712134e+04
2.691151644310086340e+04
8.256382818429183317e+03
3.354370872501361009e+04
3.000284776419876289e+04
3.171085099727389388e+04
1.367269504801848234e+04
2.639483458108802733e+04
4.524416161356631164e+03
4.062609119656698567e+03
4.251848998614912489e+03
5.473787112899609929e+04
1.069995836343336123e+04
-1.042336694274104900e+02
5.435168853259388015e+03
2.846915219900955890e+03
3.303071735154771886e+04
4.671647716776522429e+03
1.133860605931403734e+04
5.107671911166100472e+03
2.442530721903299491e+04
1.863617186252073589e+04
5.310402836130498144e+03
2.527007086884105229e+04
9.894292166790515694e+03
3.261353937058807060e+04
1.812802466646279208e+04
1.206539342091633807e+04
9.026819794476608877e+03
1.632731743913991704e+04
1.395314544148649838e+04
2.218311713111971403e+04
2.312988044680859093e+04
1.243967668835556105e+04
9.167376653425162658e+03
2.105547148631292293e+04
6.428151602783670569e+03
2.392810722026570875e+04
8.374088896712619317e+03
1.758546090171218020e+04
1.050363303402444217e+04
1.263329143964656942e+04
4.440208865528224123e+03
8.670799124246994324e+03
3.296888150340716675e+04
1.265039250893746430e+04
1.065162658116742750e+04
1.436377003240575141e+04
2.186571023495992995e+04
2.154564079522539396e+04
3.003414593116408014e+03
9.094658169490252476e+03
1.279973232008171908e+04
1.299408583452382481e+04
4.307387770464429195e+03
1.283430088231646005e+04
3.114840197610249743e+04
1.747794299101059005e+04
3.592443013308680293e+03
2.163404584436292498e+04
2.425429335649305358e+04
4.195149128020127137e+03
6.893593308485036687e+03
1.440381881648840499e+04
8.797989656607373036e+03
1.127486655869550304e+04
5.054326245311967796e+04
3.259209744775855143e+04
-3.103107811724304383e+02
1.488877976269323699e+04
2.803189483923067019e+04
1.921138862456599963e+04
8.604526391430039439e+03
2.244732674331172529e+04
9.311345855596871388e+02
3.460245634812772187e+04
1.277294604021990199e+04
3.404684113476036146e+03
3.991143069074444611e+03
1.201276454848534740e+04
1.927475310280835038e+04
1.869579745838271629e+04
6.736451178777107998e+03
2.816031591350868439e+03
5.264312288007945426e+03
1.433947957128669805e+04
4.827768829392746738e+03
2.822315946279526088e+03
5.044462071994370490e+03
3.306335529607974604e+04
2.047116560179321095e+04
1.134647610489486760e+04
7.956990821959626373e+03
1.374128993246690152e+04
1.074218095826632998e+04
5.010003194686985807e+03
1.705831472354244761e+04
1.922287692650564713e+04
8.420057853830108797e+03
1.255402864632881938e+04
3.858821553044433585e+03
1.072646830152671646e+04
2.437626324514782027e+03
1.041050839752407774e+04
2.345907288658862672e+04
1.385153203848036355e+04
1.235562066398305069e+04
1.980015594699725989e+04
1.619903484801571904e+04
1.276627798866624289e+03
1.633214634317752098e+04
1.862823741405830515e+04
8.912917704643688921e+03
6.811783613203914683e+03
6.343705881590548233e+04
7.624172150325612165e+03
5.043525266712643315e+03
7.837589071234180665e+03
1.114756742178135391e+04
2.809607251328410348e+04
1.175346103535929251e+04
1.381714614448125394e+04
1.419211401202283378e+04
2.491525061189789994e+04
1.965227330463584440e+04
1.163678809047898358e+04
1.664964769748746039e+04
1.954893618012598017e+04
8.367172820525798670e+03
1.279667188998353595e+04
3.388182490855145443e+04
8.418082477532807388e+03
8.573522986868360022e+03
7.016296179130973542e+03
1.045620747808065425e+04
7.594809389002580247e+03
1.608952294807994986e+04
1.025062712526365794e+04
9.083614080299372290e+03
1.652887020035467140e+04
1.005309001228200214e+04
3.698622799251766537e+03
2.640711749339466405e+04
2.921888323460392712e+04
4.455212130998337670e+03
7.927515808966572877e+03
2.444351853112500612e+04
6.771601864927373754e+03
7.786438674268925752e+03
2.882852520553101203e+04
2.821481258478144446e+04
9.337063183674357788e+03
2.658321224891158636e+04
2.296297003500961728e+04
2.844425109061812691e+04
1.467230297420835268e+04
-4.561768284323043190e+02
8.585002289736368766e+03
4.508260458073757763e+04
4.939340776985051889e+03
1.159202525229462481e+04
2.017670251783993808e+04
6.136045809856842425e+03
7.906429778929882559e+03
3.467382801030356404e+03
2.833481560857103250e+04
6.926391006523315809e+03
1.290065082038744731e+04
1.949473519071786995e+03
4.047892518035554531e+04
1.394846820681929239e+04
1.492402166634502464e+03
6.353622060910625805e+03
2.046122289561807702e+04
1.028075247911331280e+04
2.936647570940777769e+03
2.647175202931919557e+03
6.535366279037349159e+03
6.673166133503693345e+03
2.443549613250364564e+04
6.646236892970198824e+03
2.314771890038638230e+04
5.694522539979152498e+03
1.621517147914420639e+04
1.332720819480866339e+04
1.137675233631452284e+04
4.518395354354683514e+04
2.806358437932312154e+04
4.322197318078820899e+03
2.002396563729890113e+04
2.203604560270065122e+04
5.476261772129628298e+03
3.070699264267956323e+02
1.490120244371937042e+04
2.975994821873052570e+04
3.045911819025207478e+03
2.388445756863013230e+04
4.160852577423896946e+03
4.410933088541933103e+03
3.614925429664735566e+04
9.927343695693991322e+03
9.145032528916912270e+03
8.738190236075784924e+03
7.191262980886828700e+03
7.444860816536195671e+03
1.770443565254037094e+04
9.120446339470117891e+03
2.871858235317106846e+03
2.374538578582507398e+04
1.302762819557454350e+04
3.541973539676272776e+04
1.798889152778773132e+04
2.847471650017355205e+04
2.292223036813223007e+04
2.433865155842866079e+04
4.495029455171796144e+03
3.470549913381543593e+04
7.051086221171120997e+03
1.058426234382959774e+04
2.343687489035657563e+04
1.627760601422927175e+04
6.833007778816310747e+03
5.532533538795505592e+03
3.826789929561849931e+03
8.944357850049236731e+03
4.547486791517314850e+04
8.783490874815881398e+03
8.059087464336666017e+03
1.038133268608971775e+04
2.230686296081510227e+04
4.138400905920842888e+03
1.064236896428809632e+04
2.691398433668853977e+04
1.898050734058351372e+04
3.711145440797029732e+04
1.185378315142388419e+04
3.011860866462643389e+04
9.476597122596840563e+02
9.845368780490060090e+03
2.812248334945436363e+04
1.457100254624823356e+04
1.127722467356416382e+04
2.897228440017879257e+04
4.608182790647717775e+04
3.229143011292794654e+03
3.434280086950139957e+04
1.072343283720179534e+04
3.257452405976514910e+03
1.668679856829339406e+04
8.527117467071144347e+03
3.425588656411499869e+03
6.134021502137366952e+03
2.308722098008323519e+04
3.435784012875898497e+03
1.039132243696355727e+04
8.329556190873128799e+03
6.050423163636771278e+03
1.700839162102484624e+04
8.507344398138331599e+03
7.834806434219237872e+02
7.436955998013620956e+03
3.814500791511112038e+04
1.200788718499923107e+02
1.845021950690571612e+04
8.327093536937743920e+03
1.405770885069583710e+04
2.380263689124716620e+04
1.747223513883100532e+04
6.007866367096899921e+03
1.026646492196833970e+04
1.733219031333480598e+04
2.497906762705060828e+04
1.080272222670789051e+04
1.146205662418326938e+04
1.840232711591044108e+03
4.666183385367326991e+03
1.346260876216834367e+04
1.217422243124926354e+04
1.286320335478889865e+04
1.525690640674470160e+04
6.911750854076435644e+03
1.616811131878940796e+04
9.942352069325261255e+03
8.190234253038835050e+03
3.206691021946850742e+04
2.504811502780719820e+04
2.952117440372579949e+04
3.312048733654440002e+04
5.727333337646901782e+03
8.374777184905713511e+03
3.281230647641646647e+04
1.034550391912188388e+03
3.277211064396028814e+04
2.110550779599813177e+04
1.058804316004751308e+04
3.235444037585195110e+04
1.520192375970573448e+04
2.384683664788145325e+04
2.193519843269233388e+04
1.095192230872206346e+04
3.042021356284457215e+04
6.705965590033994886e+03
2.101527855395160441e+04
2.140585074913021526e+04
9.244242372044596777e+03
1.109344523744086837e+04
4.304630087728615763e+04
1.148015405746094984e+04
1.397157286598973769e+04
1.512972409554127353e+03
1.393639181032700981e+04
8.183818063132537645e+03
2.478756931132328464e+04
5.830471951713934686e+04
4.824546237003020906e+03
7.715785568801399677e+03
3.923074982565925166e+04
1.053057579853002426e+04
4.619183048232379406e+03
3.385279704748032964e+04
1.402308033848815285e+04
8.793942961932789331e+03
1.968881908810345703e+04
3.440979391069531266e+04
2.479088354119683936e+04
2.491843507542408042e+04
2.215788099445242187e+04
1.153853767695099305e+04
6.942670811922424946e+03
3.722866529595826432e+04
2.898655708246409267e+04
-1.132521234435916313e+03
1.651094831255357349e+03
9.209800863821155872e+03
5.114144275920949440e+03
2.253496623548794560e+03
7.020223295144074655e+03
6.379413372841211094e+04
3.343488436121143422e+03
1.874782697568756703e+04
2.466854669304659183e+04
9.839245102484346717e+03
5.708105995376630744e+04
6.249153902209804983e+03
1.499991218519854192e+04
2.145601350572239244e+04
8.418306993497099029e+03
2.777579536473793996e+04
8.720231800445761110e+03
4.416289182717649237e+04
3.810275160234350915e+04
1.156824155359634642e+04
1.581662908701407287e+04
6.949788045841539315e+03
1.122619998430156738e+04
1.594336022801048784e+04
4.140129930991452966e+03
5.619151463462420907e+03
2.056255116713533062e+04
1.729537315014324122e+04
7.413648644052969757e+03
1.162188611159241646e+03
1.091069407790140394e+04
9.661894251736026490e+03
1.553905336562991943e+04
3.554716316430728511e+03
1.474300300600793162e+04
1.580560868113453398e+04
2.505352571486740544e+03
3.487624278154474723e+03
5.086459155081905919e+04
8.774468352720394250e+03
1.870424913536276290e+04
8.437379474398070670e+03
2.082356347919798282e+03
2.254966247379666675e+04
1.270995772996689266e+04
1.400608307563139351e+04
9.622730234499049402e+03
7.715990267239001696e+03
9.627847486921917152e+03
1.820188259856481454e+04
5.664398097338127627e+03
3.432168725740156515e+04
-1.690078082555934998e+03
3.681166060761324479e+04
1.992431220600347660e+04
2.904118624013832596e+04
2.640860226412330303e+04
7.320396241362130240e+03
5.016320153917599237e+04
9.769647562284701053e+03
1.373403642918681726e+03
2.468404955658271138e+04
2.248718805568734638e+02
4.605251339136876049e+04
1.848433716322794135e+04
1.060502740760409779e+03
1.739266321719182088e+04
8.215196230084158742e+03
1.028857109227475303e+04
1.311371272001499528e+04
1.096986136152148174e+04
1.566434415972510578e+04
9.248780300297446956e+03
1.145111101995420177e+04
9.387868926906765410e+03
2.103780189133664680e+04
3.234869153735941654e+04
6.992057089958494544e+03
7.762471744997710630e+03
4.154147504157452886e+02
1.048949250241943628e+04
1.452683729483034040e+04
2.426802471396662077e+04
1.399280292822707906e+03
2.656296873441856224e+04
8.976617380107854842e+03
1.925323024705095668e+04
1.130666784200958864e+04
2.850518757502611697e+04
1.929992721109218837e+04
6.864883458314423478e+03
2.831732919603773189e+04
4.726384618968331779e+02
4.662040129092342795e+03
7.049225738552388066e+03
2.773373287831821926e+03
1.359608519026132126e+04
1.830147768142824862e+04
1.590732070932149691e+04
1.924988334858199960e+04
3.770652348552641797e+03
5.544485762739443089e+03
9.140774954646411061e+03
1.683878553042090425e+04
1.346037307431837871e+04
4.770453516944187868e+03
6.762175151648654719e+03
1.559054953829825899e+04
1.851695198723593421e+04
2.720509341930014489e+04
1.464387955356844031e+04
5.292680437588141103e+03
1.013686453603314658e+04
2.397353250636423036e+04
8.832978087304909423e+03
6.241274710236477404e+03
2.347848923433662640e+04
5.639904237585316878e+03
5.639224098109480110e+03
1.108022300631404141e+04
7.599540550026088567e+03
1.531754542326128467e+04
2.460449591550725745e+04
5.449857714963280159e+03
1.378932876109450444e+04
1.943783884130879596e+04
2.921656315076562578e+02
6.603367916658918148e+03
1.989746697422295256e+04
1.057751314356727744e+04
5.459222385177101387e+03
3.521841156334021071e+04
5.006350470312538164e+03
6.071770513971760920e+03
1.195145728092443824e+04
9.136059221468420219e+03
8.425017313849532002e+03
1.943722283656372747e+04
1.705545385258987153e+04
1.518095863167846437e+04
7.963260227383507299e+03
1.347371613085008721e+04
2.498208370451013252e+04
1.893394070379520144e+02
1.362996150451545145e+04
1.161058908391547448e+04
2.196128364246590718e+04
2.572581503488681847e+04
1.407196808265372601e+04
1.103162493975418874e+04
5.292341869184017924e+03
1.147155907650717745e+04
-3.032781666726776848e+02
1.751743595282335082e+04
2.942156259078627500e+03
4.887363134606359381e+03
1.127423151720584065e+04
3.743246045055320428e+04
1.915716370993072633e+04
2.069246443612445546e+03
2.910901361681494018e+04
3.256423581279693281e+03
1.282252706070282875e+04
2.840619374616768982e+04
2.234677715978260312e+04
2.748448572925680855e+04
3.302873208995332243e+04
8.032641987089453323e+03
4.462869066097200630e+03
2.396414385137134741e+04
1.381036107265073952e+04
2.890326190678100102e+04
2.139292401169738878e+04
2.208951708045780833e+04
2.386641399986141550e+04
8.189057346752075318e+03
1.151228548965368464e+04
2.288926780822930596e+04
2.924014972213527653e+04
1.956498126085832610e+03
1.412414114813930064e+04
1.141942712571630545e+04
7.638261835123967103e+03
6.649226875684695187e+03
1.151637322467044942e+04
6.204320433851994494e+03
8.384212245125985646e+03
6.001657757375907750e+03
2.080233586689159711e+04
1.206864359636170593e+04
2.875777612759247131e+04
5.564084345298171684e+03
1.182511152664729525e+04
3.522105939805468370e+04
6.593538318984100442e+03
4.378621716050148825e+04
3.837821590755636862e+04
3.177151105953092338e+04
3.035707324622272608e+03
2.374563360799640213e+04
6.067694184955329547e+03
1.423678683169739634e+04
2.105846087228783290e+03
1.160846583775871841e+04
1.037697030826415539e+04
4.320596281384610484e+04
2.214363086809667584e+04
3.414972126242986997e+04
8.897094964300109496e+03
3.982032471918675583e+03
7.853824006107737659e+03
1.214160886019045756e+04
1.038060863357391281e+04
7.591324400753075679e+03
1.901393105504382766e+04
1.038504979926077976e+04
3.856870073546072672e+04
3.014602246006193127e+03
7.708551023460029683e+03
1.184329058796934987e+04
1.474562865430086822e+04
4.179625932621805987e+04
3.532462851090001641e+04
1.839179378743035704e+04
4.654119437424950775e+03
3.125920721199853142e+04
5.486148480155085053e+03
2.254050752587573515e+04
6.539242486838218611e+03
5.710591059595438310e+03
6.145397080060653025e+03
1.988861022913101624e+04
6.766087481759104776e+03
1.019339757179741355e+04
2.599571457434529293e+04
2.939955788014880818e+04
9.885736864334652637e+03
9.043123944839822798e+03
1.270980179752648655e+04
1.874645869197136926e+04
5.835001174312346848e+03
7.863069682187219769e+03
1.144041054502100269e+04
1.419876248037281584e+04
5.026797211048139434e+04
1.712575058512999385e+04
8.437932811190392385e+03
3.193885018126789146e+04
1.083300285200193139e+04
7.804870027149269845e+03
1.563767677017850656e+04
6.028660479744933582e+03
9.691789757889428074e+03
8.825254245121277563e+03
5.358612198100830028e+03
6.880929059557509390e+03
3.802205548881984578e+04
9.838570038225500411e+02
2.835338978362958187e+03
1.184747809467383377e+04
4.895661705071367032e+04
1.107846454448729855e+04
2.000928383786363702e+04
1.549048006199113115e+04
1.103422610673338386e+04
7.452442738808404101e+03
3.343232504431940470e+04
9.448055708240262902e+03
2.519502434224395256e+04
1.667643545278046076e+03
9.915704012757603778e+03
-2.362972818834775808e+02
2.989602244166831042e+03
4.498639681375793771e+03
5.640645001950569167e+03
1.587458355161466534e+04
4.003942512078000618e+03
9.389288028942082747e+03
9.065595650115232274e+03
1.705199642990288339e+04
2.172841562895768584e+04
3.884985316374290414e+04
8.539582528713879583e+03
2.462640655619907920e+04
5.767135384026551037e+01
1.144308148431126756e+04
1.759377040265320466e+04
2.110449803105848332e+04
2.931491413654662756e+04
4.207384260045344126e+04
1.487907809121222817e+04
4.628959663464215737e+03
9.591691436504153899e+03
2.115886758168110464e+04
1.278828783140152518e+04
1.135029416904902064e+04
4.659018821492133611e+03
1.470628294587413438e+04
8.252543396622826549e+03
1.486298459182434999e+04
2.636579650709541602e+04
4.311765998210356884e+03
6.739736522082187548e+03
4.354586117600012221e+04
-9.258817510999108435e+01
3.356313739974336204e+04
2.750686539703889866e+04
2.132076628942769457e+04
2.136351094808730340e+04
1.080153630976870318e+03
3.894223624399320397e+04
1.188028279823591583e+04
1.503409891619311566e+04
1.437105774558085250e+04
2.614403220986335509e+04
8.022730967253051858e+03
2.145264423220136450e+04
4.575424211936280699e+03
2.077634784324419888e+04
9.537763168720332033e+03
1.155619998283912355e+04
3.875567453583139013e+03
1.235544057738650190e+04
1.703354734260192345e+04
3.666880547877811478e+04
3.266892309846776334e+04
1.208494938229695254e+04
6.807289445478630114e+03
1.889803165640568841e+04
2.548090675643200484e+03
1.308454758545844015e+04
2.959440769735491631e+04
2.625276454412717430e+04
8.621125253106429227e+03
9.615050701234038115e+02
1.797267243965337184e+04
1.917709437370589876e+04
-2.020969428556085745e+02
6.187400408844545382e+03
3.065078798867767546e+03
2.669520145109306759e+04
2.842577014271785811e+04
3.160367945761822921e+04
7.925129351540505013e+03
1.241868351715047356e+04
1.371014577874695169e+04
8.685742276902594313e+03
4.863488954420966365e+03
4.210761190988789622e+02
5.942183137917163549e+03
2.585359675343742856e+04
1.229307288570722449e+04
1.526924103669718897e+04
2.817015104630281712e+04
8.596611477820799337e+03
2.253275341266081523e+04
3.936440711385678151e+04
1.651056865056563402e+04
6.707981035644264011e+03
1.715312383921624496e+04
3.216296101692187221e+03
1.355574269193298096e+04
8.843760702162337111e+03
6.566506933492645658e+03
9.621519342031235283e+03
2.294804208524639762e+04
4.910618273884068913e+03
3.847668493570149622e+03
1.231381509100812582e+04
6.061119860400513062e+03
6.979180309213495639e+04
2.187939792203410252e+04
1.293461534033475982e+04
1.340343409083378356e+04
1.233396598249021190e+04
1.768206394249893492e+04
5.302356363295134543e+02
3.939456586634441351e+02
3.620131701574757699e+03
1.305835819461772917e+04
1.502947740976920250e+04
1.477560410970402518e+04
8.771220835823081870e+03
1.403379084633207822e+04
2.575571908063873707e+04
1.459083469598296688e+04
2.621167773819505237e+04
6.933299178023944478e+03
1.053694995941363959e+04
1.245670095694559313e+04
7.970300284257634303e+03
1.318372425560545162e+04
1.785370242211952791e+04
1.048403753828079789e+04
2.356978096580708370e+04
5.795528079556519515e+03
5.548053276416271729e+03
6.407620709888175043e+04
3.904205750271732541e+04
2.024305602135473919e+03
1.382403984412688442e+04
1.320611999207866393e+04
3.995430125582663095e+03
1.754960907903366024e+04
1.860077033425479749e+04
7.193580717848916720e+03
1.774933989380712956e+04
1.380970567230234883e+04
5.077728351463518266e+03
1.550964878875316936e+04
1.734991714807807148e+04
7.974567511831491174e+03
3.905556777363979563e+03
8.986670090258850905e+03
7.651528908493635754e+03
9.558915307532837687e+03
6.790072622050001883e+03
1.289117461701424872e+04
1.366555549307790534e+04
2.536974209697563856e+04
3.926035304252167407e+04
2.678029675823751313e+04
5.164799417887989875e+03
1.661457937991249491e+04
1.138244848336809446e+04
4.080034359109981597e+04
1.149982422332469650e+04
7.461602449399675606e+03
7.667374326104322790e+03
7.828659202232776806e+03
2.203838907657050731e+04
1.150731518010494437e+04
1.109439349452997158e+04
6.643420239417147968e+03
1.177843761589191308e+04
3.031510719085895835e+04
2.783690025053759746e+04
1.614017164334036534e+04
1.925653488353552166e+04
6.420680064111508727e+03
1.121570504666590750e+03
1.096646329248438269e+04
1.136111727589688599e+04
8.845751584362948051e+03
1.907611127687984435e+03
8.866976214479476766e+03
2.066576633955305078e+04
1.324511109321244294e+04
1.852770849781556535e+04
2.411274367246682232e+04
9.949613199635266938e+03
6.827256725390116117e+02
1.191151969287607426e+04
1.179200362056063932e+04
3.357433048903051531e+04
2.310138016851201246e+04
1.115187932940454448e+04
2.104766591689256165e+04
3.791215165255472130e+03
3.067962169203232042e+04
2.692983999052841682e+03
-8.542225292883674683e+02
1.146982070402704085e+04
1.797762685127722216e+04
9.279885682037500374e+03
1.655734345413131450e+04
1.524627049967885250e+04
1.065605119233638106e+04
8.320646150848891921e+03
1.165902885806556151e+04
2.106357184795731519e+04
5.869798057010874800e+03
4.945615456102055759e+03
2.920657569607862388e+04
1.565845872737235914e+04
1.313758865749773577e+04
1.875581657234930753e+04
2.006894114909920609e+04
2.292741968538178116e+04
7.902933296122416323e+03
4.638479117362899706e+04
1.768016245829752734e+04
2.235718190706373571e+04
8.138012163379843514e+03
1.186728248292432181e+04
2.521626525522836528e+04
4.547333341051510615e+03
1.654714089323057124e+04
1.617904592282183330e+04
1.804299320613323289e+04
1.825393767097027376e+04
1.707704139361178022e+04
5.885221162665511656e+03
3.721608465323313430e+04
7.279244187348183004e+03
2.126733891578075054e+04
1.269036338899707516e+04
4.563633011886724944e+02
3.576516465102469374e+04
1.366795396105094187e+04
1.693947285833217757e+04
1.081168971218583283e+04
8.178619771357673926e+03
2.530279865733744009e+04
1.832973630783898625e+04
1.341420689792812300e+04
7.973233584993750810e+03
3.212931733007930598e+04
5.468661391468166585e+03
2.700524155538256309e+03
1.403772832138684134e+04
9.739048664505105990e+03
7.280727777023030285e+03
1.903243356767673686e+04
2.737549200266174012e+03
2.168772518447141920e+04
1.403810784675934519e+04
7.137757328404957661e+03
5.702852193758594694e+03
1.439085782698851472e+04
3.353942557020493405e+04
2.037503787187731723e+04
7.620186232337088768e+03
1.599764505120593185e+03
4.280418292055535130e+04
3.447021990395644934e+03
2.846631703257365734e+04
9.957566498645472166e+03
1.679483290813575513e+04
9.912591355005120931e+03
1.715800584907512530e+04
1.342804914381757771e+04
9.560400045664831850e+03
3.956139391465196695e+03
1.217004947433061534e+04
1.510996608912620468e+04
3.974078672115042536e+02
9.412972997157730788e+03
1.564609078125435190e+04
9.335402560000082303e+03
4.478062091257124848e+03
2.817213198804769854e+04
9.839466948005712766e+03
5.083180685570165224e+03
1.516805525358524210e+04
2.048200356025980727e+04
1.861370858496854999e+04
3.538008272910576125e+03
6.567913210733319829e+03
2.076096785378744971e+04
6.744982208913370414e+02
1.864520912869839231e+04
2.276764975968451472e+04
1.363914449720463017e+04
2.955102352285817324e+04
1.530146129374213160e+04
4.451782129368992173e+03
5.051250371804767383e+03
1.012369573315859088e+04
1.126096199887289913e+04
1.898551570516049105e+04
2.581441634688787599e+04
1.021647158069943362e+04
1.293444664077213929e+04
1.429889174040028956e+04
7.627740999259044656e+03
3.686146078567711356e+03
1.217845566801982204e+04
1.017762295905427527e+04
6.542982125465135141e+03
3.426396258218044750e+03
8.343729917351789481e+03
2.675541791386275690e+03
5.111894803615577985e+03
2.667807573535560732e+04
7.728089553141352553e+03
3.655778799687995161e+03
3.742424032434053515e+04
2.257914427919150330e+04
1.073040215153996542e+04
1.156479749950038968e+04
1.759070615232656928e+04
1.679204379149846864e+04
1.131536236925437333e+04
4.682907578930824820e+04
1.011972289713325517e+04
1.507158372979907654e+04
2.245593503271781628e+03
1.160128875433856228e+04
1.571704358421078723e+04
2.725795931894045498e+04
6.196238145676370550e+03
2.965838561481334909e+04
1.359514652010694772e+04
1.352094596103164076e+04
2.596811114439944049e+03
6.237761314748302539e+03
2.599753109363827753e+04
1.350913565195675437e+04
1.437446322311977929e+04
1.036315220914708516e+04
3.553008364252232423e+04
8.117355100310714988e+03
2.399333348059210039e+03
3.032636311877020853e+04
1.265881755187013732e+04
8.571659016002411590e+03
1.140587529280518902e+04
1.201635201981444152e+04
1.150545038910593757e+04
2.186875629787008438e+04
3.212638026553396685e+03
-3.853949821513206189e+02
4.792654480018969707e+02
7.863146345382983782e+03
1.720865485371672185e+04
3.462491205430677655e+04
3.530978968100359452e+03
1.891721696695642822e+04
1.697970330216497314e+04
5.380501304072537096e+03
3.000452680928719201e+04
1.811478831869534406e+04
3.393307489220705065e+03
1.635556479447842685e+04
2.697132503324331265e+04
7.139140996310470655e+03
1.122180236612355293e+04
