7.421990326886223629e+05
7.752808389173864853e+05
7.256929478556275135e+05
7.015644707651308272e+05
8.304799132425922435e+05
6.958612221251247684e+05
6.874040852176536573e+05
7.793771321866472717e+05
7.362724207071718993e+05
8.207672048582761781e+05
8.033742805387326516e+05
7.411383555617909878e+05
6.673273858688470209e+05
7.930498185660700547e+05
6.626828544255372835e+05
7.893337523133896757e+05
8.164957441160969902e+05
9.200624243418177357e+05
7.438063343864594353e+05
6.196138639363498660e+05
7.653641227970678592e+05
8.241580926465726225e+05
6.687216649194154888e+05
8.478199832878266461e+05
7.201377802402913803e+05
7.549453824504790828e+05
6.875419587422350887e+05
7.921918262711457210e+05
6.145585205950376112e+05
7.308764185405864846e+05
