7.223764648437500000e+03
8.059762207031250000e+03
1.140533203125000000e+04
3.599964843750000000e+04
3.409326562500000000e+04
3.449421093750000000e+04
3.589381250000000000e+04
3.610119921875000000e+04
2.393096484375000000e+04
3.241560546875000000e+04
2.689819531250000000e+04
3.390743359375000000e+04
3.456469921875000000e+04
3.467196875000000000e+04
3.292987500000000000e+04
3.047013085937500000e+04
3.168987304687500000e+04
3.403400000000000000e+04
3.189639062500000000e+04
3.245193750000000000e+04
3.552499218750000000e+04
3.550923437500000000e+04
4.719850781250000000e+04
3.706525781250000000e+04
4.244294531250000000e+04
3.591126562500000000e+04
3.719259375000000000e+04
4.459678125000000000e+04
4.465962109375000000e+04
4.367354687500000000e+04
4.576878515625000000e+04
4.432176953125000000e+04
4.487608984375000000e+04
4.039896093750000000e+04
4.881168359375000000e+04
4.682535937500000000e+04
4.571018750000000000e+04
4.622531640625000000e+04
4.445194921875000000e+04
5.297164453125000000e+04
5.032367187500000000e+04
3.888676171875000000e+04
4.572821484375000000e+04
5.375243750000000000e+04
5.102656250000000000e+04
5.201046484375000000e+04
6.865863281250000000e+04
5.298771875000000000e+04
5.798706640625000000e+04
6.063803906250000000e+04
6.125262500000000000e+04
6.015218750000000000e+04
6.709768750000000000e+04
6.068858593750000000e+04
6.348562500000000000e+04
7.812748437500000000e+04
6.632863281250000000e+04
6.057337890625000000e+04
7.701315625000000000e+04
7.196342187500000000e+04
7.155232812500000000e+04
7.676471875000000000e+04
8.400327343750000000e+04
6.248366015625000000e+04
8.680731250000000000e+04
8.347114062500000000e+04
7.064384375000000000e+04
7.830032812500000000e+04
7.049310156250000000e+04
7.438523437500000000e+04
9.339752343750000000e+04
1.000859921875000000e+05
9.811423437500000000e+04
1.105891484375000000e+05
9.385154687500000000e+04
9.689220312500000000e+04
9.612638281250000000e+04
9.178342187500000000e+04
8.307209375000000000e+04
8.939553125000000000e+04
9.031623437500000000e+04
1.004073125000000000e+05
9.349771875000000000e+04
1.161506562500000000e+05
9.057975781250000000e+04
9.033267968750000000e+04
1.152698281250000000e+05
1.171517187500000000e+05
8.085679687500000000e+04
1.266510468750000000e+05
1.034884921875000000e+05
1.282297890625000000e+05
9.040952343750000000e+04
1.036572656250000000e+05
1.296578359375000000e+05
1.060928046875000000e+05
1.200049687500000000e+05
1.341973437500000000e+05
1.188975703125000000e+05
1.083076953125000000e+05
1.277684531250000000e+05
1.190124843750000000e+05
1.352058125000000000e+05
1.102796640625000000e+05
1.111470390625000000e+05
1.164429218750000000e+05
1.243661562500000000e+05
1.314217343750000000e+05
1.129739375000000000e+05
1.407524062500000000e+05
1.539834375000000000e+05
1.143170468750000000e+05
1.292430937500000000e+05
1.039604843750000000e+05
1.120396093750000000e+05
1.254046015625000000e+05
1.352820156250000000e+05
1.201979921875000000e+05
1.001205000000000000e+05
1.091669531250000000e+05
1.138700156250000000e+05
1.051303984375000000e+05
1.346102968750000000e+05
1.108363984375000000e+05
1.277000625000000000e+05
9.230115625000000000e+04
1.281249453125000000e+05
1.611736250000000000e+05
9.750160937500000000e+04
1.236777812500000000e+05
8.500321875000000000e+04
1.181665546875000000e+05
1.129263515625000000e+05
1.494201875000000000e+05
1.113397968750000000e+05
1.353118437500000000e+05
1.342661406250000000e+05
8.913368750000000000e+04
1.271425312500000000e+05
9.513329687500000000e+04
7.490012500000000000e+04
1.180901250000000000e+05
9.026679687500000000e+04
1.099998203125000000e+05
1.305721718750000000e+05
1.483321562500000000e+05
1.015659218750000000e+05
1.688102500000000000e+05
1.030560078125000000e+05
9.568078125000000000e+04
1.167444062500000000e+05
1.275406796875000000e+05
1.283057890625000000e+05
1.041757265625000000e+05
1.372207500000000000e+05
1.486389687500000000e+05
1.295628359375000000e+05
1.074768671875000000e+05
1.225858203125000000e+05
1.164232500000000000e+05
9.629778906250000000e+04
9.426932812500000000e+04
9.682331250000000000e+04
1.053247031250000000e+05
1.147752968750000000e+05
1.043295468750000000e+05
1.110834843750000000e+05
1.301008906250000000e+05
1.451001562500000000e+05
7.364807031250000000e+04
1.215467187500000000e+05
1.156217109375000000e+05
1.090607031250000000e+05
1.035769140625000000e+05
7.430929687500000000e+04
9.389985937500000000e+04
6.497677343750000000e+04
1.041426875000000000e+05
9.928729687500000000e+04
1.019751250000000000e+05
7.653415625000000000e+04
7.157060937500000000e+04
1.283158906250000000e+05
8.499243750000000000e+04
8.737778906250000000e+04
1.064637734375000000e+05
6.718403125000000000e+04
1.045155625000000000e+05
8.051236718750000000e+04
3.853347265625000000e+04
1.081408203125000000e+05
7.442626562500000000e+04
8.333919531250000000e+04
5.032222656250000000e+04
1.239591875000000000e+05
6.222437890625000000e+04
5.934836718750000000e+04
1.118404531250000000e+05
6.750086718750000000e+04
9.210635937500000000e+04
6.251437109375000000e+04
6.464261718750000000e+04
1.116533750000000000e+05
9.215717968750000000e+04
6.657171093750000000e+04
6.348961718750000000e+04
4.117253906250000000e+04
3.224290039062500000e+04
8.909020312500000000e+04
5.391184375000000000e+04
6.245317187500000000e+04
5.512765625000000000e+04
5.772923437500000000e+04
4.787602343750000000e+04
1.458021562500000000e+05
3.911848828125000000e+04
5.807100781250000000e+04
6.681139062500000000e+04
4.892876562500000000e+04
5.913857031250000000e+04
5.318611718750000000e+04
5.611364062500000000e+04
6.545734765625000000e+04
5.367117187500000000e+04
3.697529296875000000e+04
6.231220703125000000e+04
5.500168750000000000e+04
5.227364843750000000e+04
7.847905468750000000e+04
4.182375781250000000e+04
4.009738671875000000e+04
2.874800781250000000e+04
3.323785156250000000e+04
6.799321875000000000e+04
7.756541406250000000e+04
4.228338671875000000e+04
8.684848437500000000e+04
5.731159375000000000e+04
4.672665625000000000e+04
4.428899218750000000e+04
5.218032031250000000e+04
3.455309765625000000e+04
4.798917187500000000e+04
2.845874609375000000e+04
3.503807031250000000e+04
4.099626171875000000e+04
3.639419531250000000e+04
5.951740234375000000e+04
2.230186914062500000e+04
2.990437500000000000e+04
3.374809765625000000e+04
2.978192187500000000e+04
2.095917578125000000e+04
3.100084375000000000e+04
3.896102343750000000e+04
4.277725000000000000e+04
2.815585156250000000e+04
5.449210937500000000e+04
3.974095312500000000e+04
2.281130273437500000e+04
5.657939843750000000e+04
3.400554687500000000e+04
2.163646679687500000e+04
3.055242578125000000e+04
1.839889648437500000e+04
1.906945312500000000e+04
2.170380468750000000e+04
4.004545703125000000e+04
2.158932617187500000e+04
2.424709960937500000e+04
2.312433203125000000e+04
2.957557031250000000e+04
2.684566796875000000e+04
1.558225878906250000e+04
1.843114648437500000e+04
2.084658593750000000e+04
3.276381445312500000e+04
2.295324218750000000e+04
1.447860351562500000e+04
2.925095703125000000e+04
1.815682421875000000e+04
1.768736718750000000e+04
3.309719140625000000e+04
1.610919921875000000e+04
1.474021289062500000e+04
2.861782812500000000e+04
1.754751562500000000e+04
1.630436425781250000e+04
1.464336230468750000e+04
1.939965234375000000e+04
1.599324414062500000e+04
1.822823242187500000e+04
1.729342773437500000e+04
2.523668945312500000e+04
1.680316601562500000e+04
2.413670703125000000e+04
1.580000292968750000e+04
2.072498242187500000e+04
1.643448828125000000e+04
1.427767675781250000e+04
1.509187304687500000e+04
1.306300488281250000e+04
1.327573046875000000e+04
1.459950195312500000e+04
1.254025781250000000e+04
1.104390332031250000e+04
1.508751757812500000e+04
1.266713378906250000e+04
1.374570800781250000e+04
1.598986230468750000e+04
1.456345507812500000e+04
1.410895214843750000e+04
1.385732031250000000e+04
1.501496972656250000e+04
1.185735253906250000e+04
1.575998535156250000e+04
1.370592285156250000e+04
1.497983593750000000e+04
2.085938281250000000e+04
1.636044335937500000e+04
2.066436914062500000e+04
1.568496777343750000e+04
1.668364062500000000e+04
1.614613183593750000e+04
1.703920312500000000e+04
1.376115039062500000e+04
1.716314062500000000e+04
1.442608496093750000e+04
1.794593554687500000e+04
1.300546093750000000e+04
1.491073925781250000e+04
1.618009765625000000e+04
1.164440527343750000e+04
1.326447167968750000e+04
1.441420019531250000e+04
1.246170214843750000e+04
1.069601855468750000e+04
1.180194628906250000e+04
1.088147167968750000e+04
1.229687890625000000e+04
9.401210937500000000e+03
9.953143554687500000e+03
1.466757812500000000e+04
1.252385742187500000e+04
1.107529687500000000e+04
1.410794140625000000e+04
1.375492968750000000e+04
1.418445996093750000e+04
1.482864453125000000e+04
1.177818750000000000e+04
1.318068261718750000e+04
1.279460546875000000e+04
1.277123046875000000e+04
1.064277636718750000e+04
9.535607421875000000e+03
8.469593750000000000e+03
1.077550292968750000e+04
1.181585156250000000e+04
9.579463867187500000e+03
1.129975683593750000e+04
9.115317382812500000e+03
1.023615039062500000e+04
9.855244140625000000e+03
9.676044921875000000e+03
1.340880078125000000e+04
8.677323242187500000e+03
9.985368164062500000e+03
8.677851562500000000e+03
1.063254296875000000e+04
1.269023925781250000e+04
1.392298925781250000e+04
1.123376660156250000e+04
1.458903222656250000e+04
1.424050488281250000e+04
1.395326757812500000e+04
1.147297070312500000e+04
1.120264746093750000e+04
1.319891894531250000e+04
1.058590136718750000e+04
9.075738281250000000e+03
1.159685644531250000e+04
1.267341113281250000e+04
1.092608593750000000e+04
1.347070019531250000e+04
1.217162792968750000e+04
1.126203417968750000e+04
1.350513378906250000e+04
1.042529882812500000e+04
1.117110742187500000e+04
1.268090136718750000e+04
1.103899218750000000e+04
1.121831347656250000e+04
1.257891113281250000e+04
1.212519140625000000e+04
1.449235351562500000e+04
9.804907226562500000e+03
1.072834179687500000e+04
9.331517578125000000e+03
1.267975000000000000e+04
1.301081347656250000e+04
1.420143066406250000e+04
1.204109179687500000e+04
1.195958496093750000e+04
1.063203320312500000e+04
1.353206054687500000e+04
1.319482617187500000e+04
1.265402148437500000e+04
9.645177734375000000e+03
1.271198828125000000e+04
1.427108593750000000e+04
1.358783886718750000e+04
1.128617773437500000e+04
1.010323632812500000e+04
1.207684570312500000e+04
1.302915332031250000e+04
1.044014843750000000e+04
8.976055664062500000e+03
9.459689453125000000e+03
8.968023437500000000e+03
1.155935156250000000e+04
1.283475976562500000e+04
9.210390625000000000e+03
9.723381835937500000e+03
1.277071679687500000e+04
1.051648437500000000e+04
1.301522851562500000e+04
1.108432324218750000e+04
8.873998046875000000e+03
1.037777343750000000e+04
1.412326855468750000e+04
1.162268750000000000e+04
1.502692968750000000e+04
6.782089355468750000e+03
1.057466699218750000e+04
9.277347656250000000e+03
1.065421875000000000e+04
1.063325000000000000e+04
9.903700195312500000e+03
7.412354003906250000e+03
9.467590820312500000e+03
6.971965820312500000e+03
9.041871093750000000e+03
8.733600585937500000e+03
1.220458984375000000e+04
8.397101562500000000e+03
7.113449218750000000e+03
1.095750390625000000e+04
8.852623046875000000e+03
1.300259570312500000e+04
1.116225683593750000e+04
1.306974121093750000e+04
1.137323144531250000e+04
1.035064941406250000e+04
1.231416210937500000e+04
1.318132128906250000e+04
8.447955078125000000e+03
9.135063476562500000e+03
7.748228515625000000e+03
1.463745214843750000e+04
8.445341796875000000e+03
1.026742480468750000e+04
1.231294238281250000e+04
1.119276269531250000e+04
8.331419921875000000e+03
9.761697265625000000e+03
8.136768554687500000e+03
6.661645507812500000e+03
1.001621289062500000e+04
1.029916015625000000e+04
6.964312988281250000e+03
7.496867675781250000e+03
6.597191894531250000e+03
1.092625976562500000e+04
8.865401367187500000e+03
9.683686523437500000e+03
6.759862792968750000e+03
8.012439453125000000e+03
9.078078125000000000e+03
8.207509765625000000e+03
8.312890625000000000e+03
8.455419921875000000e+03
8.355237304687500000e+03
6.918397949218750000e+03
1.210473828125000000e+04
6.723343261718750000e+03
1.246542285156250000e+04
8.345501953125000000e+03
1.057514355468750000e+04
7.777399414062500000e+03
8.979798828125000000e+03
9.524500000000000000e+03
8.567291015625000000e+03
8.903364257812500000e+03
8.563046875000000000e+03
1.180473437500000000e+04
7.388981445312500000e+03
1.016453320312500000e+04
7.208479980468750000e+03
8.725546875000000000e+03
7.371833007812500000e+03
8.122583984375000000e+03
1.052081250000000000e+04
9.406059570312500000e+03
1.098528808593750000e+04
6.998645019531250000e+03
9.346611328125000000e+03
8.633494140625000000e+03
9.325707031250000000e+03
1.067129687500000000e+04
8.883122070312500000e+03
7.513667968750000000e+03
5.573217773437500000e+03
7.127931152343750000e+03
7.145365722656250000e+03
9.340131835937500000e+03
9.037885742187500000e+03
7.824637695312500000e+03
6.339843750000000000e+03
7.497232910156250000e+03
6.853801757812500000e+03
7.216385742187500000e+03
5.944638671875000000e+03
9.619765625000000000e+03
6.454054687500000000e+03
1.030463183593750000e+04
8.815378906250000000e+03
8.645939453125000000e+03
6.019756347656250000e+03
6.929720214843750000e+03
7.563381347656250000e+03
8.497500976562500000e+03
8.832015625000000000e+03
9.177868164062500000e+03
9.011025390625000000e+03
8.027687988281250000e+03
5.883791015625000000e+03
8.074869140625000000e+03
7.157041015625000000e+03
5.969208007812500000e+03
9.010816406250000000e+03
9.772842773437500000e+03
1.070604394531250000e+04
8.892721679687500000e+03
8.442112304687500000e+03
7.829906250000000000e+03
6.697705078125000000e+03
8.229842773437500000e+03
8.157722656250000000e+03
5.320123046875000000e+03
7.676018554687500000e+03
9.965313476562500000e+03
6.843857421875000000e+03
7.273151855468750000e+03
7.664736816406250000e+03
6.908451171875000000e+03
1.057145898437500000e+04
7.228441406250000000e+03
8.299752929687500000e+03
8.117229492187500000e+03
9.011252929687500000e+03
9.101623046875000000e+03
9.310587890625000000e+03
7.270689941406250000e+03
8.720079101562500000e+03
7.542748535156250000e+03
9.173048828125000000e+03
8.848207031250000000e+03
8.897091796875000000e+03
9.186119140625000000e+03
6.961866210937500000e+03
6.261441894531250000e+03
7.467049804687500000e+03
6.687987792968750000e+03
6.048398437500000000e+03
7.471276367187500000e+03
5.670724609375000000e+03
6.781609375000000000e+03
7.191755371093750000e+03
7.741001464843750000e+03
6.002621093750000000e+03
7.135424804687500000e+03
6.217423339843750000e+03
6.231069335937500000e+03
9.706111328125000000e+03
7.050309570312500000e+03
7.783517578125000000e+03
8.596041992187500000e+03
7.545150878906250000e+03
7.581492675781250000e+03
9.720564453125000000e+03
8.174628906250000000e+03
7.089171875000000000e+03
6.440220703125000000e+03
5.966257324218750000e+03
5.913423828125000000e+03
9.318062500000000000e+03
1.246641113281250000e+04
7.037270019531250000e+03
6.048249023437500000e+03
9.715035156250000000e+03
8.521281250000000000e+03
5.515315917968750000e+03
5.367650390625000000e+03
6.192937011718750000e+03
4.725151367187500000e+03
8.123035156250000000e+03
6.123795410156250000e+03
6.459775878906250000e+03
6.165030273437500000e+03
8.363501953125000000e+03
7.252879394531250000e+03
4.903896484375000000e+03
8.922145507812500000e+03
5.194975097656250000e+03
6.210993164062500000e+03
4.719799316406250000e+03
5.208049804687500000e+03
4.832940917968750000e+03
9.301325195312500000e+03
5.600379882812500000e+03
6.365364257812500000e+03
6.308372070312500000e+03
6.262200195312500000e+03
6.017607421875000000e+03
8.130254882812500000e+03
6.788533691406250000e+03
5.573940429687500000e+03
6.646674316406250000e+03
8.403296875000000000e+03
7.194916015625000000e+03
5.884833984375000000e+03
5.822781738281250000e+03
5.777391601562500000e+03
6.180000976562500000e+03
1.258103710937500000e+04
8.820502929687500000e+03
6.228084472656250000e+03
9.737779296875000000e+03
8.159446289062500000e+03
5.944960449218750000e+03
1.207553320312500000e+04
5.413555664062500000e+03
4.891767578125000000e+03
5.228535644531250000e+03
1.459558203125000000e+04
4.561958007812500000e+03
5.045467285156250000e+03
8.790058593750000000e+03
6.330376464843750000e+03
5.679686523437500000e+03
7.048233398437500000e+03
7.148749023437500000e+03
6.552567871093750000e+03
6.495736328125000000e+03
5.259425292968750000e+03
4.335482421875000000e+03
6.452693359375000000e+03
4.148028320312500000e+03
9.511722656250000000e+03
6.825171875000000000e+03
6.137588378906250000e+03
5.535878906250000000e+03
6.998125000000000000e+03
7.274693359375000000e+03
7.031476562500000000e+03
5.060423828125000000e+03
5.261881835937500000e+03
5.035000000000000000e+03
7.623664062500000000e+03
4.416817871093750000e+03
4.813449707031250000e+03
7.226653320312500000e+03
8.019617187500000000e+03
6.991467285156250000e+03
5.875641113281250000e+03
5.306026367187500000e+03
5.772744140625000000e+03
6.107871093750000000e+03
7.536078125000000000e+03
5.975228515625000000e+03
8.072128417968750000e+03
4.018226562500000000e+03
4.721411621093750000e+03
7.204015625000000000e+03
7.066789550781250000e+03
5.254673828125000000e+03
4.868680664062500000e+03
7.329256835937500000e+03
5.821716796875000000e+03
6.909093750000000000e+03
6.344428710937500000e+03
8.571056640625000000e+03
6.439785156250000000e+03
6.795743164062500000e+03
5.193824218750000000e+03
6.629822265625000000e+03
6.974699218750000000e+03
7.028348632812500000e+03
5.820402832031250000e+03
6.559411132812500000e+03
5.765709960937500000e+03
7.135087890625000000e+03
5.715633300781250000e+03
5.361305664062500000e+03
4.559685546875000000e+03
4.146260742187500000e+03
5.651526367187500000e+03
5.433003417968750000e+03
3.895041015625000000e+03
5.910768554687500000e+03
7.081236328125000000e+03
5.984671386718750000e+03
4.812411132812500000e+03
4.765872070312500000e+03
5.056600585937500000e+03
4.414596191406250000e+03
8.552773437500000000e+03
7.371095214843750000e+03
4.964744628906250000e+03
4.244074218750000000e+03
4.154062988281250000e+03
6.063472656250000000e+03
6.616496582031250000e+03
6.656025390625000000e+03
4.884531250000000000e+03
5.983333007812500000e+03
4.984800781250000000e+03
7.328430664062500000e+03
5.692460937500000000e+03
5.185614257812500000e+03
5.690580566406250000e+03
5.423836425781250000e+03
6.148308105468750000e+03
4.454888671875000000e+03
4.398917968750000000e+03
4.329267578125000000e+03
5.308572753906250000e+03
7.525062988281250000e+03
6.198158203125000000e+03
6.125053710937500000e+03
5.066002929687500000e+03
4.355850097656250000e+03
5.542973632812500000e+03
5.686215820312500000e+03
1.039439257812500000e+04
8.190312988281250000e+03
1.081507812500000000e+04
9.317171875000000000e+03
1.078290625000000000e+04
6.840918457031250000e+03
5.636116699218750000e+03
5.492362304687500000e+03
5.217928710937500000e+03
6.695449218750000000e+03
6.093328125000000000e+03
5.055489746093750000e+03
5.969432617187500000e+03
7.502128906250000000e+03
6.734703613281250000e+03
6.155062988281250000e+03
4.355621093750000000e+03
5.851174316406250000e+03
7.110297851562500000e+03
6.806375000000000000e+03
4.707522460937500000e+03
5.042817382812500000e+03
5.246642578125000000e+03
4.723836914062500000e+03
5.536698242187500000e+03
5.936081054687500000e+03
3.959409912109375000e+03
5.723761718750000000e+03
5.343798828125000000e+03
5.400475585937500000e+03
7.227698242187500000e+03
5.247458496093750000e+03
4.964276367187500000e+03
4.942541015625000000e+03
5.223722167968750000e+03
5.444940429687500000e+03
6.409833984375000000e+03
4.939652343750000000e+03
4.896174316406250000e+03
6.408183105468750000e+03
6.802020507812500000e+03
6.177702148437500000e+03
5.667906250000000000e+03
4.953584960937500000e+03
6.593108398437500000e+03
7.397324218750000000e+03
5.935774902343750000e+03
8.658721679687500000e+03
5.321778808593750000e+03
6.144831542968750000e+03
5.322147460937500000e+03
5.602166015625000000e+03
4.551293945312500000e+03
4.274658203125000000e+03
5.612647460937500000e+03
5.237252929687500000e+03
6.987530761718750000e+03
4.375269042968750000e+03
4.535270507812500000e+03
4.173172851562500000e+03
6.931538085937500000e+03
4.767834960937500000e+03
4.304069335937500000e+03
4.454219726562500000e+03
5.500851074218750000e+03
5.737343750000000000e+03
6.903149414062500000e+03
6.261746582031250000e+03
6.112975585937500000e+03
6.305587890625000000e+03
5.687735351562500000e+03
3.633464599609375000e+03
3.826661376953125000e+03
6.149295898437500000e+03
6.551719726562500000e+03
4.184263183593750000e+03
5.097593261718750000e+03
3.888613525390625000e+03
3.978676025390625000e+03
4.873874023437500000e+03
3.955300292968750000e+03
3.623370361328125000e+03
4.047008056640625000e+03
3.929647460937500000e+03
3.179423828125000000e+03
4.263857421875000000e+03
4.236959960937500000e+03
3.868716796875000000e+03
4.046650634765625000e+03
4.548434570312500000e+03
4.431213867187500000e+03
4.374508789062500000e+03
4.446841796875000000e+03
4.153297851562500000e+03
4.483976562500000000e+03
4.147122070312500000e+03
4.379616699218750000e+03
6.632357421875000000e+03
5.161934082031250000e+03
5.495473144531250000e+03
4.237416503906250000e+03
4.956704101562500000e+03
4.658932128906250000e+03
5.342995117187500000e+03
5.660376953125000000e+03
5.358416015625000000e+03
5.477099609375000000e+03
3.836497314453125000e+03
3.877271240234375000e+03
3.601328613281250000e+03
5.897061523437500000e+03
4.232982421875000000e+03
8.170402832031250000e+03
5.008122558593750000e+03
6.442766601562500000e+03
4.580814453125000000e+03
4.338518066406250000e+03
4.896577636718750000e+03
4.612694824218750000e+03
4.417957031250000000e+03
3.679712646484375000e+03
3.310465087890625000e+03
3.727489746093750000e+03
5.854020507812500000e+03
5.481000000000000000e+03
4.012908447265625000e+03
5.780128417968750000e+03
5.723984375000000000e+03
4.579145507812500000e+03
4.434510253906250000e+03
3.851796386718750000e+03
5.348377929687500000e+03
5.210048828125000000e+03
4.499770507812500000e+03
4.917069335937500000e+03
4.585260742187500000e+03
4.610795898437500000e+03
4.173333007812500000e+03
4.110346679687500000e+03
4.705577148437500000e+03
5.339132812500000000e+03
4.972470703125000000e+03
4.195648437500000000e+03
3.932051269531250000e+03
3.712281738281250000e+03
3.536681152343750000e+03
4.260383789062500000e+03
4.736860351562500000e+03
4.392089843750000000e+03
5.637740722656250000e+03
3.822775390625000000e+03
4.484691406250000000e+03
4.958250488281250000e+03
4.786227050781250000e+03
3.535691406250000000e+03
4.361162109375000000e+03
3.444120849609375000e+03
4.825315429687500000e+03
3.958145507812500000e+03
2.948457275390625000e+03
3.277761230468750000e+03
3.148613769531250000e+03
4.359115234375000000e+03
4.522103515625000000e+03
3.562104248046875000e+03
2.649711425781250000e+03
4.521787109375000000e+03
3.678004150390625000e+03
5.963307617187500000e+03
5.291246093750000000e+03
5.357346679687500000e+03
5.914800781250000000e+03
6.510378906250000000e+03
4.820750488281250000e+03
4.296768554687500000e+03
3.857809326171875000e+03
4.013314697265625000e+03
3.801259521484375000e+03
3.871180908203125000e+03
3.676893554687500000e+03
4.805703613281250000e+03
4.147164062500000000e+03
3.144931396484375000e+03
3.492037841796875000e+03
3.247406738281250000e+03
3.295775878906250000e+03
3.408824951171875000e+03
3.295544921875000000e+03
4.246606445312500000e+03
4.495192382812500000e+03
3.522142333984375000e+03
3.139261474609375000e+03
3.057951171875000000e+03
3.142003906250000000e+03
3.918444824218750000e+03
3.808421875000000000e+03
3.535599121093750000e+03
3.286905761718750000e+03
3.347635009765625000e+03
3.130520996093750000e+03
2.968358154296875000e+03
3.309861572265625000e+03
5.221951660156250000e+03
5.435616210937500000e+03
5.003143554687500000e+03
3.928099609375000000e+03
3.980314453125000000e+03
3.784333496093750000e+03
3.887097656250000000e+03
2.468334960937500000e+03
3.541540771484375000e+03
4.095147460937500000e+03
5.272814453125000000e+03
3.991405029296875000e+03
3.531562011718750000e+03
3.915306152343750000e+03
4.355312011718750000e+03
4.205610839843750000e+03
3.532358886718750000e+03
3.846879882812500000e+03
3.215072998046875000e+03
3.480436523437500000e+03
4.826602539062500000e+03
4.937247070312500000e+03
4.263790527343750000e+03
4.504475585937500000e+03
3.540008056640625000e+03
4.359040039062500000e+03
4.544800781250000000e+03
4.965724609375000000e+03
5.600122558593750000e+03
4.842091796875000000e+03
5.925390625000000000e+03
4.800403808593750000e+03
4.913341796875000000e+03
4.077833251953125000e+03
4.875117187500000000e+03
3.065331787109375000e+03
3.572729736328125000e+03
3.185088134765625000e+03
3.584516845703125000e+03
4.598024902343750000e+03
4.548468750000000000e+03
3.171455322265625000e+03
2.865025146484375000e+03
3.147668701171875000e+03
2.947943847656250000e+03
2.789359863281250000e+03
2.980365478515625000e+03
3.224700439453125000e+03
3.689475097656250000e+03
3.882692871093750000e+03
5.291436523437500000e+03
3.864763183593750000e+03
4.709625000000000000e+03
4.924800781250000000e+03
5.323981933593750000e+03
4.675600585937500000e+03
5.630366699218750000e+03
4.773458984375000000e+03
4.657599609375000000e+03
3.988526123046875000e+03
4.535176757812500000e+03
3.921925048828125000e+03
4.889375000000000000e+03
3.901388916015625000e+03
5.953552734375000000e+03
4.667583984375000000e+03
4.153334960937500000e+03
3.811995117187500000e+03
5.052635742187500000e+03
4.996164062500000000e+03
4.369444335937500000e+03
4.467477539062500000e+03
5.077479492187500000e+03
5.016900390625000000e+03
3.244598876953125000e+03
5.133918457031250000e+03
4.387433593750000000e+03
3.980481445312500000e+03
3.569889892578125000e+03
3.734329589843750000e+03
4.450372070312500000e+03
5.013385742187500000e+03
5.355528320312500000e+03
6.461892578125000000e+03
6.830702636718750000e+03
4.521595214843750000e+03
5.902660156250000000e+03
5.932886718750000000e+03
5.591383300781250000e+03
6.694253906250000000e+03
5.153991210937500000e+03
5.040708007812500000e+03
5.808249023437500000e+03
5.035445800781250000e+03
4.530002929687500000e+03
3.954191894531250000e+03
4.711913085937500000e+03
4.788124511718750000e+03
4.028860351562500000e+03
5.665354980468750000e+03
4.282184082031250000e+03
4.770224609375000000e+03
4.205302734375000000e+03
4.248715820312500000e+03
4.646289062500000000e+03
6.466158203125000000e+03
6.779737792968750000e+03
4.268458984375000000e+03
4.548778320312500000e+03
3.775095703125000000e+03
4.654539062500000000e+03
3.802879882812500000e+03
3.464460693359375000e+03
2.562034179687500000e+03
4.456369140625000000e+03
4.416505859375000000e+03
3.832921875000000000e+03
4.211053710937500000e+03
3.945247802734375000e+03
5.265673339843750000e+03
4.395637695312500000e+03
4.890213867187500000e+03
3.662484130859375000e+03
4.065755371093750000e+03
5.204858398437500000e+03
3.780966796875000000e+03
4.326689453125000000e+03
4.495206054687500000e+03
5.005589355468750000e+03
3.277387939453125000e+03
3.114264404296875000e+03
6.793605468750000000e+03
6.228989746093750000e+03
6.499806152343750000e+03
7.551211914062500000e+03
6.695292480468750000e+03
4.322055664062500000e+03
3.695731201171875000e+03
4.292376953125000000e+03
3.864196044921875000e+03
3.524307373046875000e+03
3.729718994140625000e+03
5.101875000000000000e+03
4.885088867187500000e+03
4.411823242187500000e+03
5.102349609375000000e+03
4.459739257812500000e+03
3.202908203125000000e+03
3.781912109375000000e+03
3.815003173828125000e+03
3.747099121093750000e+03
3.896118896484375000e+03
3.400887207031250000e+03
4.057950683593750000e+03
3.281372070312500000e+03
5.697837890625000000e+03
3.395580078125000000e+03
3.661360351562500000e+03
4.119896484375000000e+03
3.828436035156250000e+03
3.552688964843750000e+03
4.495657714843750000e+03
4.657271484375000000e+03
4.724436035156250000e+03
6.972916503906250000e+03
7.151075195312500000e+03
5.987134277343750000e+03
6.013480957031250000e+03
3.770817382812500000e+03
5.316487304687500000e+03
5.446664062500000000e+03
4.248263183593750000e+03
4.654664550781250000e+03
2.853650146484375000e+03
3.633444335937500000e+03
3.667743408203125000e+03
3.802390380859375000e+03
5.445398437500000000e+03
6.297392578125000000e+03
3.934754394531250000e+03
4.051821533203125000e+03
3.684857421875000000e+03
4.546125488281250000e+03
3.516423583984375000e+03
3.984293457031250000e+03
4.226541015625000000e+03
5.141161132812500000e+03
3.817678955078125000e+03
3.318297851562500000e+03
3.999557128906250000e+03
4.003384033203125000e+03
3.264010742187500000e+03
3.590531982421875000e+03
3.904978515625000000e+03
5.117917480468750000e+03
4.778486328125000000e+03
4.738444335937500000e+03
3.810571289062500000e+03
5.468071289062500000e+03
5.209574218750000000e+03
5.096505371093750000e+03
5.381961425781250000e+03
5.063609863281250000e+03
4.704138183593750000e+03
4.291528320312500000e+03
3.753829833984375000e+03
5.303081054687500000e+03
4.585515625000000000e+03
4.311176757812500000e+03
4.087683593750000000e+03
4.659182617187500000e+03
4.675041992187500000e+03
7.835980468750000000e+03
5.241052734375000000e+03
5.957576660156250000e+03
6.525100585937500000e+03
5.356470703125000000e+03
4.557356445312500000e+03
4.476866699218750000e+03
6.474630859375000000e+03
4.625683593750000000e+03
3.610000488281250000e+03
5.099402343750000000e+03
4.467241699218750000e+03
4.730887695312500000e+03
6.270118164062500000e+03
5.017088378906250000e+03
4.400707519531250000e+03
3.392884765625000000e+03
3.872007812500000000e+03
4.172037597656250000e+03
4.938668945312500000e+03
5.291026367187500000e+03
5.469202148437500000e+03
4.961381347656250000e+03
4.837237304687500000e+03
3.791414306640625000e+03
5.163002929687500000e+03
4.727164062500000000e+03
4.066305175781250000e+03
4.121759765625000000e+03
3.782334472656250000e+03
4.217984375000000000e+03
3.844227783203125000e+03
4.831764648437500000e+03
3.298791015625000000e+03
4.500056152343750000e+03
4.040802246093750000e+03
5.222613281250000000e+03
4.316345703125000000e+03
4.075277099609375000e+03
4.246145507812500000e+03
3.754713623046875000e+03
4.210882324218750000e+03
4.554016113281250000e+03
4.572706542968750000e+03
5.971541015625000000e+03
2.972656250000000000e+03
3.501566894531250000e+03
4.518183593750000000e+03
5.830566406250000000e+03
4.384380371093750000e+03
4.091140380859375000e+03
5.971723144531250000e+03
7.333749023437500000e+03
8.720436523437500000e+03
4.583656250000000000e+03
5.491459472656250000e+03
4.413333984375000000e+03
4.616684082031250000e+03
4.538113281250000000e+03
4.308557128906250000e+03
4.420907226562500000e+03
4.632746582031250000e+03
5.167524902343750000e+03
4.905972656250000000e+03
4.800359863281250000e+03
5.408124023437500000e+03
4.508774902343750000e+03
4.273633789062500000e+03
5.211549804687500000e+03
6.192319335937500000e+03
5.423507324218750000e+03
4.991026367187500000e+03
4.662317871093750000e+03
3.139854492187500000e+03
2.962230468750000000e+03
5.443865234375000000e+03
4.950864746093750000e+03
4.838730957031250000e+03
4.719278320312500000e+03
5.288973632812500000e+03
4.147530273437500000e+03
6.313489257812500000e+03
5.299926269531250000e+03
4.541713378906250000e+03
4.198972167968750000e+03
5.233313964843750000e+03
4.862138671875000000e+03
5.031506835937500000e+03
5.167137207031250000e+03
8.678888671875000000e+03
7.652344238281250000e+03
3.769096191406250000e+03
4.380185058593750000e+03
3.755629882812500000e+03
4.000187255859375000e+03
3.878683593750000000e+03
6.507038085937500000e+03
5.502774414062500000e+03
6.765077148437500000e+03
5.353660156250000000e+03
4.700474121093750000e+03
3.658431640625000000e+03
6.693755371093750000e+03
6.206106445312500000e+03
6.240310058593750000e+03
5.847867675781250000e+03
4.709512207031250000e+03
5.475321289062500000e+03
6.594314941406250000e+03
5.157051757812500000e+03
3.987446777343750000e+03
5.431979980468750000e+03
4.385910644531250000e+03
3.753516845703125000e+03
4.425518554687500000e+03
3.993323730468750000e+03
4.002042480468750000e+03
3.221612304687500000e+03
3.349289062500000000e+03
5.379716796875000000e+03
4.550734375000000000e+03
5.738968750000000000e+03
6.265101562500000000e+03
7.202382812500000000e+03
6.253517089843750000e+03
4.950407714843750000e+03
4.930329589843750000e+03
5.866895507812500000e+03
6.715406738281250000e+03
5.039229492187500000e+03
6.550122558593750000e+03
5.952689941406250000e+03
5.805464843750000000e+03
3.973764892578125000e+03
4.366397949218750000e+03
4.669455078125000000e+03
6.476568359375000000e+03
5.331810546875000000e+03
4.972338867187500000e+03
5.230594726562500000e+03
4.671760742187500000e+03
5.118650878906250000e+03
6.618651855468750000e+03
4.925629394531250000e+03
4.715307617187500000e+03
4.987042480468750000e+03
5.111979003906250000e+03
5.666544921875000000e+03
4.307364257812500000e+03
5.047230957031250000e+03
4.222135742187500000e+03
4.501194335937500000e+03
5.712319335937500000e+03
6.403365234375000000e+03
5.076750976562500000e+03
3.981906494140625000e+03
5.139275390625000000e+03
6.865413574218750000e+03
5.411249023437500000e+03
4.677928710937500000e+03
4.119930664062500000e+03
6.358649414062500000e+03
4.672854492187500000e+03
3.927679199218750000e+03
4.481988281250000000e+03
4.988692382812500000e+03
5.587635253906250000e+03
5.732372070312500000e+03
4.736175292968750000e+03
4.788807617187500000e+03
5.604725585937500000e+03
5.585010253906250000e+03
6.052730957031250000e+03
6.226701171875000000e+03
5.557928222656250000e+03
6.649110839843750000e+03
8.653572265625000000e+03
6.677193359375000000e+03
6.113439453125000000e+03
3.781235595703125000e+03
6.031932617187500000e+03
6.122832031250000000e+03
1.038761621093750000e+04
7.086950195312500000e+03
7.008918457031250000e+03
7.859940917968750000e+03
7.183941894531250000e+03
8.220699218750000000e+03
7.706889648437500000e+03
7.039709960937500000e+03
6.286511718750000000e+03
7.453579101562500000e+03
5.569697265625000000e+03
5.048856445312500000e+03
6.569093750000000000e+03
4.807576171875000000e+03
6.657743652343750000e+03
5.833182128906250000e+03
4.969022460937500000e+03
6.936212890625000000e+03
6.271135742187500000e+03
5.167375488281250000e+03
6.853690429687500000e+03
5.498798339843750000e+03
3.388738281250000000e+03
5.649200683593750000e+03
4.779604492187500000e+03
6.404302734375000000e+03
7.896388671875000000e+03
6.051527343750000000e+03
4.787971191406250000e+03
4.762479980468750000e+03
3.793018310546875000e+03
4.910479980468750000e+03
7.032208984375000000e+03
4.613269042968750000e+03
5.510100585937500000e+03
6.691701171875000000e+03
4.430895996093750000e+03
5.280011230468750000e+03
4.261576171875000000e+03
4.281420410156250000e+03
4.744437011718750000e+03
5.766767578125000000e+03
6.181556152343750000e+03
5.536177246093750000e+03
5.334899414062500000e+03
5.566148437500000000e+03
6.265932617187500000e+03
6.360137207031250000e+03
7.663027343750000000e+03
6.180985839843750000e+03
6.594822265625000000e+03
8.688993164062500000e+03
6.557583984375000000e+03
7.257240234375000000e+03
8.590828125000000000e+03
7.964102539062500000e+03
7.419103515625000000e+03
8.280281250000000000e+03
8.647872070312500000e+03
8.508374023437500000e+03
8.719402343750000000e+03
6.702474121093750000e+03
5.186307617187500000e+03
5.817433593750000000e+03
6.047875976562500000e+03
5.256991210937500000e+03
6.127114257812500000e+03
5.469123046875000000e+03
4.488073730468750000e+03
5.082287597656250000e+03
4.897473632812500000e+03
4.389977539062500000e+03
4.377503417968750000e+03
5.591716796875000000e+03
7.079544433593750000e+03
6.458746093750000000e+03
8.821590820312500000e+03
7.125133789062500000e+03
7.407201171875000000e+03
7.208850097656250000e+03
5.764484375000000000e+03
5.566155273437500000e+03
5.363250488281250000e+03
5.126339843750000000e+03
5.432727050781250000e+03
4.212765136718750000e+03
6.156254394531250000e+03
5.180107910156250000e+03
6.395687988281250000e+03
6.969345703125000000e+03
5.594951171875000000e+03
4.696325683593750000e+03
5.579895019531250000e+03
5.215252929687500000e+03
5.689321777343750000e+03
6.189957031250000000e+03
4.359005859375000000e+03
5.523949218750000000e+03
5.470952636718750000e+03
4.392512695312500000e+03
4.727157714843750000e+03
5.587267578125000000e+03
4.314963378906250000e+03
5.497286132812500000e+03
5.840648925781250000e+03
3.297090820312500000e+03
5.271240234375000000e+03
4.142659179687500000e+03
3.264076416015625000e+03
3.979764404296875000e+03
3.632298828125000000e+03
3.908667236328125000e+03
3.331668457031250000e+03
2.688943847656250000e+03
4.092061279296875000e+03
4.882097656250000000e+03
3.948442626953125000e+03
3.769146484375000000e+03
3.956033691406250000e+03
5.168221679687500000e+03
4.192602050781250000e+03
3.673322265625000000e+03
4.218146972656250000e+03
3.466666748046875000e+03
4.054735839843750000e+03
4.352245605468750000e+03
3.569956542968750000e+03
4.069332275390625000e+03
3.027446533203125000e+03
3.225347900390625000e+03
3.647903564453125000e+03
3.726406982421875000e+03
3.102636718750000000e+03
4.358489746093750000e+03
3.828733886718750000e+03
3.389374267578125000e+03
3.344319580078125000e+03
4.151858398437500000e+03
4.308159179687500000e+03
4.661854980468750000e+03
3.950125488281250000e+03
4.758437500000000000e+03
3.399018798828125000e+03
4.454752929687500000e+03
4.910583007812500000e+03
5.365781250000000000e+03
4.090235839843750000e+03
4.203010253906250000e+03
4.530802734375000000e+03
4.391225097656250000e+03
3.674925048828125000e+03
4.181072753906250000e+03
2.642960937500000000e+03
3.895232910156250000e+03
3.989750976562500000e+03
4.011114501953125000e+03
3.487605468750000000e+03
5.833127929687500000e+03
6.712948730468750000e+03
4.417420898437500000e+03
