6.896746841022931221e+03
6.508833855809147281e+03
1.232026325480280775e+03
4.744397765071676986e+03
4.898628228290943298e+03
8.108446270264264967e+03
3.440362925408581759e+03
3.821770169000022634e+03
2.680524962998323645e+03
3.116818493168453642e+03
6.780192285674600498e+03
3.176750202433734557e+03
3.084956731747942740e+03
-1.110936597601367737e+02
2.868010876932846713e+03
1.462789136926279070e+03
6.622662482079467736e+03
-1.228674173515422865e+02
4.097751335288965606e+02
8.368147217881449251e+03
4.923194965330947525e+03
2.703791259889919274e+03
6.204978117317011311e+03
4.281252273093887197e+03
3.126010017088247878e+03
1.350217502948036099e+03
1.493085065170137796e+03
4.878042942321387272e+03
2.100152713637326997e+03
3.891787699295528910e+03
