-3.560000000000000000e+03
1.827082146914661280e+04
-7.557422423794575479e+03
-3.349352322559813729e+03
2.350143611005389539e+04
3.905736759185059782e+04
3.455976441525243899e+03
3.666344371702373610e+04
1.669423626821618382e+04
6.231995527953659621e+04
4.242779380246220535e+04
1.300284155028538953e+04
9.535628974998287958e+03
5.244771568974385445e+03
1.810133083468740733e+04
1.228010215885390789e+04
2.897383008446270469e+04
3.200533539275509975e+04
4.484209642174596229e+04
4.362412762625821051e+04
1.000012790894316822e+04
2.960929696137684459e+03
1.365034845210668027e+04
1.491494718402105718e+04
2.427741593172079592e+04
1.530315495993321747e+04
4.431512989644412301e+04
1.897554433730501478e+04
9.188883039226153414e+03
8.010606113348147119e+03
3.021307708751766313e+03
2.409404443351154259e+04
3.529228640013722179e+04
2.376552833615283453e+04
5.004950005699491885e+04
3.235641907665837425e+04
2.950508068900591752e+04
1.641806087516381376e+04
1.232822109146892035e+04
1.121093210218266904e+04
1.495808892320004816e+04
3.609199109302819124e+04
2.162133578842801944e+04
3.348577242172563274e+04
4.839097084005277793e+03
2.907912572898909639e+04
3.510175887234119000e+04
1.911137022209329007e+04
3.570575887944125952e+03
7.946871968201337040e+03
1.133544499713215919e+04
1.646717794517428047e+04
1.681175920228787072e+04
-3.454269188404384295e+03
2.030759496773989667e+04
2.412430125070328722e+04
7.303543624565161736e+03
-2.093838656814965361e+03
8.330953875736699047e+03
7.707472932964123902e+04
4.058599246300198865e+04
-1.104326857755503170e+03
2.769068066719801209e+04
6.223283830771321846e+03
3.606304154901449692e+03
8.972671065546681348e+03
1.633105185455968967e+04
2.015176097347891846e+04
4.214239120214083232e+04
3.755948264849996485e+04
2.800882782781151764e+04
1.761138286364409942e+04
2.015954198577672287e+03
2.301999435718566747e+04
2.065628713419930864e+04
4.113404012672046520e+04
4.750476589378818608e+04
8.522597491793218069e+03
4.196212772806732573e+03
1.526715739592348109e+04
1.016956489650682306e+04
8.048899734508245274e+02
1.285448171886890123e+04
-6.626827160538523458e+02
2.442520855251234025e+04
1.782732824077762416e+03
1.402651083551663532e+03
5.916632805693574483e+03
1.342423757486948489e+04
3.204423979958539803e+03
1.991978482148512740e+03
9.999274334594958873e+02
6.867039027211166103e+04
1.150688762564554781e+04
-2.310777549482810173e+03
-4.474437298832558554e+02
-1.570586515921560931e+03
1.406270263875953970e+04
4.763071044704542146e+04
1.150836227941376092e+04
1.265665994282981228e+04
2.573218564606877771e+04
9.578184189559608058e+03
1.281769390192985884e+04
1.368064443337247940e+04
1.940539782089792425e+04
2.077102758362943860e+04
1.658333038128993212e+04
2.571744592887712497e+04
7.180798738217546088e+03
1.740659269360988037e+04
7.882812930172581400e+04
3.482409177130038006e+04
3.232348191146292811e+04
6.544771971370333631e+03
9.696275046337093954e+03
1.086077306375888656e+04
1.663302197041260661e+04
-4.037647796966910391e+03
9.002096487549804806e+03
1.546742248932665279e+04
1.113319634799951564e+04
3.956512854083612183e+03
1.659997933501335137e+04
3.640794027920677763e+04
-5.965918628954887026e+02
1.991591230596490504e+03
2.921066455077775026e+04
3.085725597533980908e+04
2.879161297890907736e+04
5.997609692536298098e+01
5.154308274068012543e+04
8.653514501548454064e+03
-8.972193409726889513e+03
1.836081234279778437e+04
-4.679843030717242982e+02
1.296793376495726989e+04
2.090389190398847131e+04
6.313332053570586140e+03
-5.824554818739890834e+03
-9.412721553208393743e+03
-8.313748217323756762e+03
2.774610543107198828e+04
-7.859502366004492615e+03
-8.919195603132402539e+02
-9.372082918275878910e+03
5.046367069420227381e+03
-7.134830791071490239e+03
4.624838041404817341e+04
1.419959425610708058e+04
2.679770874024109162e+03
1.717393568957657044e+04
1.319557678522795686e+04
1.251069576864390729e+04
5.328542861117329448e+04
-5.030932918962165786e+03
-1.123548765730506057e+04
-9.032947391316723952e+03
1.604965864665282425e+04
-3.158318589117160627e+03
1.784110838150264317e+04
3.297261244134172739e+04
4.314232939103882927e+03
6.228006514706339658e+02
-7.905593936768168533e+02
2.156740816128450024e+04
2.546259931492088435e+04
3.818263822566624003e+04
-1.558674990565396001e+01
5.154235563517515402e+03
3.096150117178479832e+03
4.860759220863593328e+03
-1.201332793517942264e+03
2.159580404317666034e+04
7.914255079100014882e+03
3.293469961948467244e+04
2.001650244607010973e+04
2.404220031027712321e+04
4.090587946034044762e+03
1.499845019839216548e+04
1.279189944693794860e+04
1.084718724563637079e+04
1.609539706064809616e+04
3.356263935409925034e+04
7.832311291191512282e+03
5.244051277915975334e+03
4.805134512561983684e+03
1.081678497709163457e+04
2.376738834088587100e+04
5.616492452222453721e+04
1.757087598403760785e+04
4.683564589003600122e+04
-8.133583926395660455e+03
-4.883153404971491909e+03
1.101849427011155785e+04
6.634938980437309510e+03
-4.570465079729033278e+03
1.223778868786121166e+04
5.748790314084285455e+02
4.996829057259397814e+04
3.602582984680014488e+04
4.125092240607011263e+03
-9.347518291456402949e+03
-2.781777265778044239e+03
2.254009161810145088e+03
-2.849320291610318236e+03
-4.450019533008199687e+03
1.762374385740438447e+04
-8.971593956925637031e+03
3.142128557095424185e+04
8.705195781509737571e+03
-1.204898841093363444e+03
2.336155138966533923e+04
3.302949697656217722e+03
1.511339509977328999e+04
-4.365643624079698384e+03
-1.086074383844170552e+04
-7.888064899477823928e+03
-1.889747991511976215e+04
-1.164804858593145764e+04
-9.072227978770744812e+03
3.536015304360659502e+04
-1.354643832243149882e+04
-1.862657557849361183e+03
-1.053783799032960633e+04
-6.523342638550144329e+03
7.886861520878401279e+02
1.341636992870839276e+04
-2.141684040245631331e+04
-1.352169968331719065e+04
2.234628607868658582e+04
3.354953965294773661e+04
-2.101770650315708554e+04
-1.052231018050508101e+04
1.530675568090864363e+04
-1.777139900712227973e+04
-7.574610496977993535e+03
-9.427541956012766605e+03
3.935093072846409632e+04
-9.821212814729546153e+03
3.620030140870027390e+04
2.664292352176099030e+03
1.523315539379415713e+04
8.568064043591075460e+03
3.096676182736526243e+03
-2.016808518445690424e+04
-1.667009508691572046e+04
3.937903786956376280e+03
-3.848493657828266805e+03
-8.076538843861613714e+03
4.107187635400146246e+04
3.834205279491261172e+04
2.242700733722244331e+04
-5.154911027114899298e+03
6.218616566743236945e+03
1.643662508800319483e+04
3.661317751029296051e+04
1.719403967731663215e+04
3.644597948143784015e+04
-2.956280852014616357e+03
5.491866817958749380e+03
8.626434637572612701e+03
4.555797712900456827e+04
1.087363207850266917e+02
-5.116620479829211945e+03
-1.695285117218279993e+03
1.617319997457088357e+04
9.333698740328782151e+03
9.978019693873726283e+03
1.479920872332050203e+04
1.422798816179449568e+04
8.209777928476712987e+03
8.684993211532781061e+03
3.704905353774691321e+04
3.725202984818624827e+04
1.961544383729757828e+04
3.185173708679368428e+04
2.778846487261062430e+04
8.643075187237383943e+03
5.212920301748571364e+04
2.308874953474751601e+04
2.563714200771049218e+04
1.891957533459919432e+04
3.168961799923140279e+04
1.972859201226651930e+04
2.156437315236137147e+04
3.731836263585061261e+03
4.707559788020141423e+04
3.317203103176481090e+04
6.962412573043291559e+03
3.549195290852116887e+04
1.896285713390939418e+04
1.919633726021971233e+04
1.601238426499381058e+04
4.195431145377863140e+04
1.590372395391436658e+04
6.081436609117644366e+03
2.994733023192267865e+04
2.723526353437188664e+04
3.053134434991063608e+04
6.506065836478554411e+04
2.913688606434256872e+04
2.451851269811405291e+04
-1.319366508872281429e+03
2.324788737451264751e+04
1.662632938920952802e+04
2.544921038713771850e+04
1.837312770745152011e+04
-2.570131878140300614e+02
1.240837945757821944e+04
2.259781702637351191e+04
1.090313313531832682e+04
2.211492619580239989e+04
1.534826786398661716e+04
3.364152746448395192e+04
3.784221592946831515e+04
3.594997916283629456e+04
-4.077511375584931557e+02
7.918314989687942216e+03
7.020276977133358741e+03
7.882733876985015741e+03
5.431488158060331625e+04
4.023441246349494031e+04
6.796129967496673999e+03
2.995579044482494646e+04
1.186358863660063435e+04
3.504324093343641289e+04
1.990373607200363767e+04
9.025521669781093806e+03
5.728487564511372511e+03
-5.759560677874287649e+03
7.389569208851049552e+03
5.152326873977794094e+03
1.325547099363269081e+04
-2.699983038591311924e+03
1.070215091391559508e+04
-8.529911613514603232e+03
1.736437280850042953e+04
2.528015704931953951e+04
2.148838434485958715e+03
-6.915007151185568546e+03
1.550359465756599457e+04
5.678379548876593617e+03
3.760015631083295739e+04
5.854673694969583266e+03
8.054531155214144746e+03
1.601523644150164364e+04
8.176162182751878390e+03
3.128838244343454426e+04
2.855672543182045047e+04
-9.681118474163633437e+03
2.555602098200067849e+04
1.243800033097870437e+04
5.442006171616352367e+04
1.377191694304047996e+04
-1.608735310365265377e+03
1.591205674191544313e+04
1.852752718330959760e+04
-9.190175152262905613e+03
-1.207713154187610598e+03
1.175847162395378473e+04
-2.759061759536914906e+03
2.267813054204626496e+03
-7.282565539432900550e+03
9.671056384950246866e+03
3.623194808866294807e+03
3.408112968091413677e+03
3.491006049477057968e+04
1.622411946443043780e+04
-2.496005279741313643e+03
2.207002148552919607e+04
-5.730620437780726206e+01
5.583414119887342167e+03
-2.053329268682497968e+03
6.281066192146242429e+03
-8.866783299558283034e+03
1.386748578199097392e+04
3.674370858788366604e+04
2.424859059385968067e+04
5.264399997627429912e+03
3.271143232886122860e+04
1.650329077195713398e+04
-9.310652458511192890e+03
3.657340983019655141e+03
4.783755944881423056e+04
-5.933665915015480095e+03
-2.717469337283024743e+03
1.015539673157803736e+04
7.641670428076940880e+02
1.329574468132826223e+04
-1.251159361673993226e+04
9.453658351182282786e+03
3.259089982472680276e+04
-2.867135536200870774e+03
-7.544828588819435936e+03
8.504108389486809756e+03
1.366027918146612501e+04
2.656857708055828698e+04
4.632319028336618430e+03
3.684153498181438772e+04
1.670650111334934627e+04
-3.541890344791790994e+02
7.268593050929135643e+03
7.084694924910356349e+03
1.186003903380006250e+03
3.534696996456629131e+04
2.801174425896367757e+04
4.168036566919234610e+04
1.948990540066314861e+04
1.420710415055855265e+04
7.486750822445220547e+04
3.350969287658289250e+04
9.307072212337781821e+03
6.125379950324075253e+03
4.907990452925876889e+04
2.084296277284548705e+04
2.436283543697468122e+04
6.507925760033242841e+04
4.888106036295317608e+03
-5.840365332983515145e+02
9.004322633364676221e+03
7.207827796218252843e+03
7.790836618371681652e+02
8.841507513164083321e+02
7.313052557590301149e+03
3.461382632163386461e+03
2.507155120269733743e+04
4.264102919653510617e+04
8.162292327485475653e+03
4.835090704012474816e+03
3.298981986199312087e+04
4.113278130856240750e+03
1.113347430345824250e+03
5.197624860289561184e+03
2.140414634759437467e+04
-4.440833248923376232e+03
1.839420182974374984e+04
1.473342033462375639e+03
1.950199762486416148e+03
1.092341640090348665e+04
-1.740375640382445681e+03
3.850120546612732869e+04
2.436440569626913202e+04
3.818100917549527367e+03
9.050033143085976917e+03
1.709089466532265214e+04
9.690748436470192246e+03
9.692934044634641396e+03
1.832822678996335526e+04
4.338714816646389954e+04
2.092167162971817015e+04
2.801435431217229052e+04
3.153984085941040121e+03
3.242904871939615259e+04
1.665850741404171640e+04
1.228755659657662181e+04
1.125090680062891624e+04
9.036070654200490026e+03
2.251423984558339271e+02
6.083423919393910182e+03
3.412571560955427412e+04
3.800046744000027684e+04
-1.725632603070569530e+03
2.515383346990183782e+04
2.440913772154386243e+04
2.009592700345942649e+04
9.252093931309997060e+03
4.491786789254329960e+03
2.747315634942751058e+04
2.770168967438373511e+04
3.767106761231661949e+04
2.046934050194665906e+04
1.676634914727451905e+04
1.758502348961014650e+04
9.608238920604004306e+03
-3.103648465856211260e+03
5.814913878155340171e+03
-4.935547322482648269e+02
1.434539390274897596e+04
3.568358096025569830e+04
1.417589025562468123e+04
2.037221410858508170e+04
2.252631633176550895e+04
1.738940531934468163e+04
5.076497889251165361e+03
2.087207316134115899e+04
1.266437735227331541e+04
1.316884292567558623e+04
3.565609929225963424e+04
1.718127813176240306e+04
1.806617421641985129e+04
1.543571674444685777e+04
2.083694899287111912e+04
1.314096439614412520e+04
1.778975518474141063e+04
3.995265686087669746e+04
2.400416840809475980e+04
3.374338894317361701e+04
1.862752307773518987e+04
3.599839576051304903e+04
2.302160495507135784e+04
1.643685329457417174e+04
2.015734294117339959e+04
4.413372655778811168e+04
1.317702641604925520e+04
1.351331957071621582e+04
1.828214910721731212e+04
3.164864233936741948e+04
2.697901404126308626e+04
5.223709178275901650e+04
9.815065782474819571e+03
1.970670324000440814e+04
2.513668883315911808e+04
2.046236947295423306e+04
1.858489599874885243e+04
1.056254215886907696e+04
2.373816942646724419e+04
4.130145987755891110e+04
1.586007759731249826e+04
2.505437114176110845e+04
-2.025395551522819915e+03
-6.940909950198829392e+02
-5.628704876629753926e+03
-3.991162936005741358e+03
-3.133113196292253633e+03
3.672530706011063739e+04
-4.157716744534746795e+03
2.378774848955226844e+04
-2.566495927469401067e+03
-1.381842808431508047e+03
2.322512534096323179e+03
2.393088910528112319e+04
-7.406758728800634344e+03
1.336385248782982308e+04
8.995936667672562180e+03
2.924631892439062995e+03
1.208958512495530886e+04
-6.840793298473623508e+03
2.203463021768719773e+04
2.042669044964023487e+04
6.279075667753149901e+02
-6.625907050476059339e+03
1.226913083442230345e+03
3.069544200880224525e+04
4.734809833840980900e+03
-1.204187781092194200e+03
1.135985708855544362e+04
-6.688465360943082487e+03
-8.124290019861085057e+03
-8.358398220758035677e+03
4.521642606871425960e+04
1.265524550578658818e+04
1.650592806367363664e+03
1.407544087052253963e+04
1.945058181662838251e+03
5.343841563265328659e+03
2.756878138683648285e+04
2.550206134523585206e+04
-1.043111225396698865e+04
1.665429307736423652e+04
-5.343300132081531956e+03
9.731299923253331144e+03
-3.945456354921780076e+02
5.736515438649647876e+03
-1.050354364411104871e+04
4.772734997260144155e+03
6.010028285875376241e+03
-3.723725567941600275e+03
1.017537866383998880e+04
-1.131645281023018651e+04
1.361750832521303346e+04
1.628418547557812781e+04
-1.661467075385373391e+04
6.696655568420387681e+03
-1.262524164492431373e+04
-1.748807029988087379e+03
-9.506666168108784404e+03
-7.798847935695900560e+03
-8.019320615138489302e+03
-1.084794482583510762e+04
-1.457340745367178897e+04
-1.619006637483447412e+04
4.819990710047897664e+03
1.081165314667368693e+04
-1.407450862202678763e+04
-1.675963253607050137e+04
6.926289886277069854e+03
-1.022018511195823157e+04
1.195102988087065933e+04
-2.130888726397699429e+04
-2.338468604081965532e+04
-1.414010190680640517e+04
-5.695181046466459520e+03
-2.408222759799720734e+04
1.821616501642201911e+03
-3.132836705576799432e+04
-2.071554473142388451e+04
9.214473954611953559e+02
-2.871164073610263949e+04
-3.599932595811707870e+03
-1.505993490100134841e+04
-3.410518478230220353e+04
-2.150814262049656827e+04
-1.305373118629985947e+04
-3.859487064152590756e+04
-7.443834104367053442e+03
1.493039557871560828e+04
-2.321895550682082467e+04
-1.688618683614560723e+03
-1.953422634342424863e+04
-1.893621309315626422e+04
-1.825550382985665419e+04
-1.604858661902473068e+04
-1.904877090926286837e+04
-3.149490745228350079e+03
8.482676504467199265e+02
-3.460762017153459965e+03
2.456647816905747823e+04
-2.548008233745564576e+04
-1.654776058594865754e+04
1.159502061843048978e+03
-2.449515967718661705e+04
-1.445890991103712986e+04
-9.415582156940305140e+03
-1.462574592898351329e+04
2.869300181182978849e+04
-1.905685052129199903e+04
1.855691813472622016e+04
1.427201927302600961e+04
-2.782332217385247714e+04
-1.188225650721178317e+04
-2.217932377619870022e+04
-1.989026559654506855e+04
-2.035108264118264560e+04
-2.525039766717574821e+04
-1.278209369325853731e+04
1.942624756679292841e+04
-1.586779005896494709e+03
-5.241239962765908786e+03
5.256013793817601254e+02
-9.853549774888502725e+03
-7.471836167143810599e+03
3.716918326820650691e+02
1.567603745256347611e+04
6.044007955591994687e+04
1.401238589699437944e+04
3.795564748613208940e+04
9.393736581169010606e+03
2.937868612557466986e+04
2.097205612754353206e+04
2.386336320253389204e+04
3.922776943857641163e+04
4.727703379125359788e+04
9.324108326074399884e+03
2.370585194034627057e+04
1.258945441089679298e+04
5.200836788560158311e+03
5.100966962383021382e+03
9.629460260815625588e+03
4.148590311915204802e+04
2.934914148048412244e+04
3.694389617034477851e+04
9.149445977060613586e+03
-1.533142486885508788e+03
2.202411388330485352e+04
1.315993953243764554e+04
5.145144608820524809e+03
3.303760170792456483e+04
2.578465658388628799e+04
6.103033613874786170e+03
4.022826840992383950e+04
5.750871497148080380e+04
3.398404518237880984e+04
6.489207017549892953e+03
1.820271621405260521e+04
3.709793411601061052e+03
1.887621624861165401e+04
2.396507401085024321e+04
1.614920618353426107e+04
1.198439066046983498e+04
1.645868852782929025e+04
4.636652408207923145e+04
1.214883266965639268e+04
2.329997283643501942e+04
1.330660615407715522e+04
9.549040557059635830e+03
1.612540044686981855e+04
3.029957791550430193e+04
1.794479839466853082e+04
2.407911155884668187e+04
3.893158494517546205e+04
1.322933949865131217e+04
1.964856816990215157e+04
2.276485947280555047e+04
1.785352982733695535e+04
2.165182835777060973e+04
2.381791495157155441e+04
1.038597096050995606e+04
3.990763683345820755e+04
1.298075297086267528e+04
1.225125903127333731e+04
1.977763062124031785e+04
3.800536284288569732e+04
2.496133559072135540e+04
3.097707273800223447e+03
2.488138519049313982e+04
9.503149885674183679e+03
1.401523758199821532e+04
1.168704341259093781e+04
3.669049838118041953e+04
2.197483083110371808e+04
8.172910220828316596e+03
-1.316735085537877012e+03
1.707648390449015278e+04
3.286744052732537239e+04
2.333852299844650406e+04
7.671133691386649843e+03
5.469882868898171000e+04
1.953009181597744100e+04
6.491776076898562678e+03
1.748553904292904917e+04
1.992571357092394464e+04
2.293998379309074517e+04
7.949731319524723222e+04
5.450757629994046874e+04
2.864303033302546828e+04
2.302779918701530551e+04
1.249928138876939556e+04
1.130604500887265567e+04
1.183249544068629802e+03
3.431816536526179698e+04
3.084022941235527833e+04
3.685264148697815835e+04
1.340317574656129364e+04
2.068709262920050969e+04
9.395464875334770113e+03
1.161810284029992545e+04
4.690190025193700421e+04
1.409618018771191782e+04
6.204793520190358322e+03
2.224888285585568156e+04
1.539862429416307714e+04
5.812891464094409457e+04
5.350833280500519322e+03
-8.884690994723687254e+02
2.487832267054972908e+04
4.295196388636265510e+03
1.218907390570580719e+04
2.625103164337037379e+04
3.128906886359407872e+04
2.446680809089186732e+04
2.477774364278312714e+04
1.046505603805180726e+04
2.953539052583810553e+04
2.736276391150496056e+04
2.323486359197037018e+04
4.952226935406824850e+03
1.916088979297178594e+04
6.321995927063409908e+04
3.799451841585879447e+04
3.378777869476572960e+04
1.560895486533362055e+04
2.484645176541405817e+04
4.972707290401048522e+04
3.058339770871110159e+04
5.096355487374685254e+03
1.523043889743289219e+04
3.718191097948510287e+04
8.688398742099325318e+03
2.935632319141155313e+04
2.664755266125891649e+04
1.278062502197920185e+04
-8.240610623512548045e+02
4.551600288616463331e+03
8.904354357597820126e+03
1.975509518015532740e+04
9.938453991497050083e+03
1.003561304384373943e+04
2.376294250493145228e+03
4.124164746470614773e+04
3.438492297048953787e+03
6.334994226683268607e+03
1.649940986224625885e+04
2.189985703118766651e+03
4.000903546742621256e+04
5.244975535039708120e+03
3.307864718432320660e+04
2.699692623910609836e+04
8.490492865178051943e+03
2.232600798926575953e+04
2.119138518338288850e+04
3.478322056707220327e+03
3.012441719899865348e+03
-5.454778244929497305e+03
1.838713997772001676e+04
3.770078313559800154e+04
3.025095517508293415e+04
2.875519473837074474e+04
2.211727772532837480e+04
3.121157947334369237e+04
1.427864583959360243e+04
1.865729817979577092e+02
-6.314575701258552726e+03
-8.145947121582529689e+03
7.403834271024262307e+03
-3.644657652930453878e+03
-2.638476676953605420e+03
2.331628702273884846e+04
2.156054066898849123e+04
-5.650467248388940789e+02
2.313357893260480978e+03
4.441228597631936282e+03
-9.227288793230331066e+03
-4.848747182717341275e+03
-3.740156723482976304e+03
-4.770388601219717202e+03
-2.232263412949909252e+03
5.441374432005775452e+04
-9.062058268160915759e+03
-7.846206314479259163e+02
5.928050452952459636e+03
-1.699879739694644741e+04
-8.164339159124707294e+03
-8.994210820337020778e+03
-1.052277469872385518e+04
-1.302691166256650104e+04
-2.507040546025108142e+03
2.627295508967030037e+04
2.473772345618092004e+03
1.409658115278214245e+04
3.860027333333506249e+03
-1.155743201818666421e+04
-7.476718019415969138e+03
-3.625445386693015280e+03
3.077574369362691141e+04
7.649173298752422852e+03
-5.799032003075772082e+03
1.083750755291935275e+04
-2.005719517430569977e+04
1.592217405015516852e+04
-1.059790798917906795e+04
2.124660783621548035e+02
-2.463484840804570194e+04
-2.925465036265344679e+04
-1.547702137722887164e+04
-2.394742548282954886e+04
-1.050765849583269846e+04
-3.405773144570783188e+04
-2.874062245331749727e+04
3.029502140734663044e+03
-2.978809128239430356e+04
-8.246330794220451935e+03
-1.675072345538547597e+04
-2.780071003494706019e+04
-2.395190515452489853e+04
-1.074882331954415713e+04
-4.196171393955046369e+04
-3.394191974314715480e+04
2.632470620731302915e+03
-3.552389038709903980e+04
1.534927939083579076e+04
-1.839139128854643423e+04
-1.705910056592793990e+04
-2.336988122045340424e+04
-1.707117422101524426e+04
-1.527404968742031269e+04
-2.792098430059003294e+04
-3.513491906861720054e+04
-2.943911357505720662e+04
-4.065506685722125258e+04
-3.688892529805943195e+04
1.455592507943951932e+04
-2.990124851597588713e+04
-4.269824214770161052e+04
-3.286401376504392829e+04
-3.332678173449998576e+04
-4.159828490175597108e+04
-3.925149519132023852e+04
-4.012975135701467661e+04
-4.704761248736065318e+04
-3.978380498453643668e+04
-4.368409970470878761e+03
-3.982494676999098010e+04
-1.617606702557009703e+04
-8.045432791104962234e+03
-4.466751683471161232e+04
-2.989042577200781307e+04
-3.006562141076996340e+04
-2.344687005550079266e+04
-3.125284616497683601e+04
-3.420014780822081229e+04
-3.967060065225953440e+04
-3.472661666816983779e+04
-3.020018516631998864e+04
-4.472639931006707775e+04
-2.159174144380159851e+04
5.508023377607255497e+03
-2.790072032168441365e+04
-3.528745863498261315e+04
-2.814482854080025209e+04
-5.384722232270154200e+04
-3.468931308507386711e+04
-4.151416656183857413e+04
-1.700488088794663781e+04
-3.364761880584187020e+04
-3.480871048670032178e+04
-3.672871147425736126e+04
-3.000341316403803648e+04
-5.455705369274681289e+04
-6.133963016977889492e+04
-4.850489936441367900e+04
-4.934978992789181211e+04
-4.643657845330621058e+04
-4.888157307472544198e+04
-2.790502053919928585e+04
-2.778784807362625725e+04
-6.055598105552927154e+04
-5.713307013126333186e+04
-7.833251133390062023e+03
-4.985616661104379455e+04
-5.561394478440156672e+04
-4.200503642717648472e+04
-4.695683873577340273e+04
-6.280878528722478222e+04
-5.777826290641339438e+04
-5.477964957250135922e+04
-6.337118132685225282e+04
-2.950661100310576876e+04
-4.668521383842579962e+04
-6.348345429578293988e+04
-5.380172101662991918e+04
-5.652697388097982912e+04
-6.796339658061317459e+04
-5.509525042439722165e+04
-7.452981458445450698e+04
-5.049817361802981759e+04
-7.855992550028125697e+04
-6.278887186076852959e+04
-5.607425190500995814e+04
-3.424146595669768431e+04
-5.458303434646171809e+04
-4.990701354208983685e+04
-5.618557205340561632e+04
-6.051332972596010950e+04
-6.937824708430319151e+04
-5.339403206229735952e+04
-5.477790062263652362e+04
-5.573889423084768350e+04
-5.424247681354952510e+04
-5.710551237162090547e+04
-6.902894993538760173e+04
-6.477913621735721972e+04
-5.551768930028234172e+04
-5.563683997268394160e+04
-6.890442542272669380e+04
-6.058353924352983449e+04
-6.072911305897632701e+04
-4.670376459522921505e+04
-6.808122850824412308e+04
-5.861302740239205013e+04
-3.725385740144410374e+04
-2.136240736638160888e+04
-2.614486656591985957e+04
-4.095996817581187497e+04
-5.090451459579828952e+04
-5.311667288180947799e+04
-7.488674173086640076e+04
-6.263018788507011777e+04
-5.447778058151392179e+04
-5.511345006601999921e+04
-5.852187995635278639e+04
-3.983873095857292356e+04
-6.398690410261300713e+04
-4.454833814123431512e+04
-4.949827577422142349e+04
-4.382475527548203536e+04
-3.337595936201637960e+04
-5.265025339100903511e+04
-2.365436702471679018e+04
-4.452996347938815597e+04
-4.366981192103089415e+04
2.327549294449127046e+03
-5.716777070372327580e+04
-3.703344718616141472e+04
-2.784053698725916183e+04
-4.144765736376398854e+04
-2.479760517336388148e+04
-5.344477408277064387e+04
-3.611803538473728986e+04
-3.041049019646690067e+04
-2.665086801624539657e+04
-5.384074832493443682e+04
-3.227400490334642018e+04
-1.545103814005712047e+04
-4.144992303013065975e+04
-1.005301711722500477e+04
-7.428753781378873100e+03
-2.397989981083836756e+04
-3.612001695653857314e+04
-1.019021364183342666e+04
-2.104525886153562897e+04
-2.263379646728199805e+04
-2.973215284377908029e+04
-2.636640373807689321e+04
-2.885494620149040929e+04
-3.660196559364462883e+04
-3.254734124344379961e+04
2.707684746189547877e+04
-1.076343144772756750e+04
1.235796504006834766e+02
-1.178082725117816517e+04
-1.966233822799337941e+04
-1.612304884221171596e+04
-2.431505787285522820e+04
7.840196768509568938e+04
-7.290989255258587036e+03
1.305236139870400984e+04
4.389771475121549884e+03
-6.902553562862380204e+03
-3.472347438344530019e+03
-1.445386211443907268e+04
1.152285999381286456e+04
-1.449680121527599476e+04
-4.335450598145065669e+03
-1.433974769753854162e+02
7.165805729109314598e+03
-4.082670223921612887e+03
1.275724030225589559e+04
5.839663398138741286e+03
1.728989607220370453e+04
3.164383965131364675e+03
-1.869337662984895360e+03
-5.048843499112094833e+03
1.816079295513308534e+04
2.561081003904867612e+04
-3.521433117239634157e+03
1.373440537582740944e+03
3.933052375820723228e+03
3.405229153281587060e+04
1.047757261612128423e+04
2.719022406744653927e+04
-1.938296908958920085e+03
-7.975172542902173518e+02
-4.115446268149107709e+02
3.198007117099527022e+04
6.629173068525149574e+03
2.782169059746618586e+03
1.650235389854820824e+04
2.791008564091073640e+04
7.759145640385197476e+04
2.599712016092286649e+04
3.968968035247350781e+04
3.491794432052326556e+03
4.040066112523636548e+03
6.464345770470562456e+03
8.917891103033205582e+03
2.765375796573710431e+03
7.062716799533335688e+03
9.363746750216156215e+03
-4.224305222514392881e+03
1.096103079158633773e+04
2.440264657038512087e+04
1.362732458338332435e+04
1.790996698017092422e+04
2.614469149671134801e+04
3.287925820688265230e+04
1.765233625459910036e+04
3.104947611529631831e+04
1.383210971132449595e+04
5.621440731544760638e+03
5.653116517302987631e+04
1.455643720993884563e+04
6.457736529071662517e+03
-2.481759887647397136e+03
2.298945516793355273e+04
4.459000201714177820e+04
1.515796376386913471e+04
2.087756123033573385e+04
1.294470269073513737e+04
2.554563019269537835e+04
3.636122195663409912e+03
-3.911836632590786394e+03
3.335947686972319207e+04
2.885092838211470735e+04
4.082604744024191314e+04
2.596110423922479458e+04
3.473195344066571852e+04
2.238943567183202686e+04
4.866337617812083772e+04
-2.960980778572808958e+03
-2.376281417863443494e+03
1.821677614223522687e+04
5.320815869634287083e+03
1.309784962285681831e+04
2.190377123426081016e+04
1.367052339548004602e+04
2.629635176352279086e+04
2.634601826752466150e+04
4.993566141262817837e+01
9.491105038167934254e+03
1.772984567450680333e+04
3.285215757870831294e+04
1.192653727528180571e+04
-7.853972262294155371e+02
3.631927453330870776e+04
-1.639526468532067156e+03
8.923913799156049208e+03
3.592714089486010926e+04
3.538646967667537683e+04
2.999818451907559847e+03
1.230559258077011327e+04
4.634717237433126866e+04
2.787449493915568382e+04
3.182731305996286665e+03
1.228809893895222194e+04
-2.887123736117234785e+03
1.299565368353603481e+04
-6.133350604937129447e+02
7.164327664757460298e+04
1.414457230703510868e+04
7.500760460217643413e+03
1.248461374216959302e+04
3.200082920598529381e+04
-4.211358546550687606e+03
2.994444064968444582e+04
2.005809151389847466e+04
2.303227370063988201e+04
6.487292590525343257e+04
2.419787354659863922e+04
1.497661621599932914e+03
7.964871266458509126e+03
5.155899570136386319e+04
3.614036073737526749e+04
-4.575136604885947236e+03
4.976265482335717934e+03
-2.928731371023609427e+03
1.661360894773308610e+04
1.655704912350791346e+04
9.991710247113873265e+03
5.215173808338476192e+03
1.590700645286465988e+04
1.323683149970030718e+04
1.620631636807729592e+04
1.784481516998804000e+04
1.021815256114489603e+04
1.062886337880874999e+04
7.448837153628679516e+03
-1.784940856956181960e+03
1.082265681697188847e+04
3.603876338502750150e+04
2.922856551933401352e+04
-1.088800716245690637e+03
1.893260720067223883e+04
-9.871076784908116679e+03
-7.929263048457818513e+03
-4.863884451308440475e+03
-2.822029579680024653e+03
-1.047648046342767339e+04
1.572021316540845874e+04
2.735912335070320842e+04
9.945084052637359491e+03
5.796762362020956789e+04
7.062203376179098086e+03
3.478306660153021221e+04
7.125904133257476497e+04
-9.886238942449112074e+03
-3.702269372740251129e+03
-6.343292453047277377e+03
4.928080998442265809e+03
2.767039179896181304e+04
-3.400487916418921941e+03
-2.558166265909295362e+03
5.058632106182472489e+04
1.517113937699560847e+04
-6.281275174542202876e+03
7.581759287003098507e+03
1.687469734697998319e+03
4.054943446645739641e+03
3.057145318946543921e+04
2.477288784054118878e+03
2.375394366348189942e+04
5.877426653839046776e+04
7.435562325854030860e+03
1.561586919837702771e+04
3.011384275004641950e+03
2.210484234945335993e+04
6.843392086982069304e+04
2.529681679598825212e+04
2.861551542454491573e+04
3.196989797666150480e+04
2.181095217792726908e+04
6.329006867519712250e+04
2.948908570485243399e+04
3.865066931720028515e+04
5.300228543166453892e+04
2.527996834378062704e+04
8.195012589102778293e+03
1.091657761593571922e+04
-2.442018096142010108e+03
6.261688134575047297e+04
6.595554099637293803e+03
-7.593272219957501875e+03
1.806605688556004316e+04
2.064206393584283796e+04
6.442045984463356945e+01
9.674357520082186966e+03
8.871857055019921972e+03
2.553122328398616446e+04
9.110483521490914427e+03
1.273998383468460452e+04
2.927562451883502581e+04
3.826562123142116616e+04
4.872517227194185398e+04
2.180838066772745515e+04
9.030701715825027350e+03
2.083965684197379596e+04
3.719414479366346768e+03
2.675556728710345124e+04
4.989248051568358278e+03
1.381897358339461789e+04
4.610227715762840489e+03
3.426349933724751463e+04
3.121056576486565609e+04
4.123662718634817429e+04
2.129854104524917420e+04
2.841718735089469556e+04
7.955609247831229004e+04
1.444242977601389248e+04
1.051881371507634685e+04
2.514946989988088899e+04
7.147506417675813282e+03
2.102897925754914468e+03
1.137022879653107339e+04
2.357329521147252672e+04
6.407729316496134743e+03
1.638993043533578020e+04
3.874724005510246570e+03
1.241668968175214468e+04
4.618954682038078317e+03
1.894393024641316879e+04
2.775568939977131231e+04
-1.711885645675776914e+03
2.166411512814522575e+04
3.010426234340753581e+04
3.530180268614536544e+03
8.182792196235992378e+03
-6.087430129850611593e+03
1.764908507897261734e+04
2.106441841666783876e+04
2.522563106064125168e+04
3.556313770154024678e+04
1.829386023166858422e+03
4.045229995705700276e+03
1.339964028775980978e+03
1.521358240226934140e+04
6.567211506519674003e+03
2.568648925240514654e+04
2.860848778700605908e+04
3.913634778931851542e+03
1.064819927824968181e+04
2.062874766418714717e+04
3.145461884882734012e+02
2.744534060837568177e+04
9.886628932231229555e+03
1.064934548701563472e+03
2.019642844985123520e+04
2.953249042795336572e+04
5.129651806129215402e+04
5.513493959797687239e+03
3.304499565503439226e+04
-1.735356562609153571e+03
2.726974801112534988e+04
8.098011597056195569e+03
1.491052858380612633e+04
1.876902155397232127e+04
3.728014390124964848e+03
8.393417480591208005e+03
3.667931142159281444e+04
2.843082043344903650e+04
2.059113490357385308e+04
1.652884695869472125e+04
2.403817770782538901e+03
-8.428953275840885908e+02
2.616503663426625644e+04
-2.956768887065063154e+03
2.438275549232699632e+03
1.665584701764091005e+04
3.369457950236547913e+04
1.423093234693363956e+04
5.338759878131575533e+03
4.584889924418039300e+03
1.278389351069443182e+04
2.293259717573357921e+04
7.818877637292464897e+03
3.105099752460783202e+04
1.284231125740516654e+04
-4.197973011543035682e+03
2.597280315062776481e+03
1.252889726057790540e+04
1.369176030167377394e+04
3.206854144860285942e+03
1.866936487421059064e+04
8.121442556732212324e+03
1.582346945579266321e+04
8.909213988790969597e+04
1.281666176036532488e+04
-2.606870283675480096e+02
2.607292105793657538e+04
-2.261407066273036889e+03
-4.997339558811051575e+03
7.223513399012726950e+03
-8.274590338790987516e+03
-2.939552125599133888e+03
3.841108567521196164e+03
1.705346749976356250e+03
2.097164085047780827e+04
-3.986649291095400258e+02
1.399883703608943324e+04
2.666788154816416136e+04
-6.152326566401735363e+03
4.906563246237717976e+03
3.040697609751883647e+03
2.404360813743615836e+03
2.153992939441156523e+03
4.052489464282822155e+03
2.627168532159458846e+04
1.481752229028429247e+04
3.467363574165213504e+04
1.326837013115485570e+04
2.179953360188824081e+04
1.829920353781976883e+04
2.439263270949895377e+04
1.627479934260354821e+04
-6.245769750162671698e+02
3.324964121206709387e+04
-1.172237623643156076e+04
5.178965628704021583e+03
1.920151238502840897e+03
-3.544306532977290772e+03
-6.384677749306119040e+03
1.495490669087119386e+03
3.953186288617775426e+04
3.003503786883511566e+03
4.298036290172902955e+04
6.516305607377904380e+03
-6.128945471538736456e+03
1.651207967651689250e+04
1.870753519700088509e+04
-3.264815123323862736e+03
8.617435844159515909e+03
2.469072889966910225e+03
-3.146277614315926257e+03
-1.094200743725046414e+04
1.025130698067348931e+03
-6.745075075371320054e+03
-1.366073726627045107e+04
5.011049404994720135e+03
2.722179106366602718e+04
3.244868612420323188e+04
1.367855231936762357e+04
1.556246303116698982e+04
-1.568017314602746046e+04
2.988850080900539615e+04
-4.867146662267899956e+03
-1.274255474089803829e+04
3.307513165905469941e+04
-4.064105825459801054e+03
3.660566694437552087e+03
-9.385905172902626873e+03
-4.808356508800733536e+03
2.076348603001086303e+03
1.019992599653577781e+04
1.377186249857099392e+04
1.353228922832595163e+04
1.745421474543903241e+04
-1.574282663451085682e+04
-9.127412883743605562e+03
-1.489640931507337518e+04
-1.326595502087131172e+04
-1.848293919131714938e+04
-1.327507744118191113e+04
1.853618069300803472e+04
1.347012669282782917e+04
-7.835980978135321493e+03
-1.021308217783234613e+04
-1.796836349064845490e+04
-2.816744400005876378e+04
4.228257787969843775e+04
1.110858839877835635e+03
-2.490148555116588977e+04
-9.055091308374587243e+03
-2.146617724216698116e+04
-2.242084226580905670e+04
-1.087068899681170660e+04
3.420434164785508983e+03
-7.832131145766220470e+03
-1.813999248002806780e+04
-2.676330509212520337e+04
-2.239721790406186119e+04
-1.949070693300669518e+04
-2.405729150173591188e+04
-1.062437796257690570e+04
9.097744382047549152e+02
-2.007064172564176988e+04
-3.493368057530752412e+04
-2.162833827248489979e+04
-2.324712341894791462e+04
2.003721950814780575e+04
-3.617705773488233535e+04
-2.849603595569254321e+04
-3.585102953910701035e+04
-3.102514431688498007e+03
-6.079218866066763439e+03
1.201707019130404660e+04
-4.501383746210405661e+04
-3.784253561434396397e+04
-1.205877787520040692e+04
-3.054874310065527970e+04
-3.598208304130870965e+04
-4.438562186730967369e+04
-4.240792890249186166e+04
-3.151041575802953957e+04
-1.052851764427138914e+04
-3.703704424903311156e+04
-4.234894375825891620e+04
-3.285296442616528657e+04
-4.371882810631983739e+04
-4.765646428651604219e+04
-3.898948217599782947e+04
-1.979872692035512227e+04
-1.155381762046920267e+04
-1.273409335574039869e+04
-4.246722153687939135e+04
-1.758307701690226895e+04
-2.918885194271232467e+04
-4.269587772512000811e+04
-3.723865890172766376e+04
1.467994096918508512e+04
-4.682579589529509576e+03
-2.257223764255891001e+04
-2.599454668237525766e+04
-3.832758606770184997e+04
-3.651243444516494492e+04
-4.567408384065923019e+04
-2.916832665184460348e+04
1.007026815815752343e+03
-3.116668123258582636e+04
-4.759460808590418310e+04
-9.533490208463426825e+03
-1.789294235795738496e+04
-2.529141131504808436e+04
-1.486463665074447817e+04
-3.240803918460018758e+04
-4.126963753128691314e+04
-4.255650133262568124e+04
3.807232901933050016e+03
-6.975224353060490103e+03
-3.099004966185576632e+04
-3.775973852519169304e+04
-2.332777810746379328e+04
-3.635111106776035740e+04
-2.899022591496970927e+04
-1.732694185161573841e+04
-5.063662646240695904e+04
-4.331072449042998778e+04
-1.649710553977680320e+04
-3.643325419483998121e+04
-4.047019825155413128e+04
-3.005189981169781822e+04
-9.138457712294311932e+03
-4.834532050577202608e+04
-4.719017531607156707e+04
-2.040297679430968856e+04
-3.105979202958421592e+04
-2.168793380685347802e+04
-3.278063262308630510e+04
-5.365978851188030967e+04
-4.871153899378297501e+04
-4.932798494417375332e+04
-5.413550891831124318e+04
-2.784106396606590715e+04
-3.899648309218019131e+04
-4.271708896973397350e+04
-5.628447377568310912e+04
-4.837983040342634195e+04
-5.669727258013256505e+04
-4.587390168567172805e+04
-1.885957267444678291e+04
-4.422498811059860600e+04
-4.054332929364664597e+04
-5.123504745321426162e+04
-5.587506658722984866e+04
-3.750559259360600117e+04
-4.045451938594053354e+04
-4.537394128710562654e+04
-3.158233583282569089e+04
-6.049804444205670006e+04
-3.946314432876605133e+04
-3.967769313749895082e+04
-5.221843297825133777e+04
