-5.496582109135499923e+05
-5.520094379399525933e+05
-5.854212107808736619e+05
-5.918088721504037967e+05
-7.749916392631124472e+05
-6.366348553501546849e+05
-6.601544087423202582e+05
-6.749632666682112031e+05
-7.569141106574389851e+05
-6.641070925153349526e+05
-7.370081017790718470e+05
-7.101334314402587479e+05
-6.664730225117257796e+05
-7.102604926468729973e+05
-6.384639949734660331e+05
-6.145014380848270375e+05
-7.217193711683042347e+05
-6.796906084995466517e+05
-7.367248704043697799e+05
-6.816494340033163317e+05
-5.792551930304201087e+05
-6.979106602004709421e+05
-7.329990037616639165e+05
-6.571795446487037698e+05
-6.529040980653314618e+05
-9.113375972696393728e+05
-6.688842472280608490e+05
-7.467613827826610068e+05
-5.787212914670977043e+05
-6.053113512991010211e+05
