-7.918643042112702096e+04
-3.800265105720110005e+05
-3.356771348786496674e+05
-8.203581428243062692e+05
-9.030155745436927537e+05
-4.826827469066809863e+05
-1.080685728299111594e+06
-6.617198788208374754e+05
-5.303796942094698315e+05
-5.883778905318024044e+04
-2.886701397475359845e+05
-2.499762043620374461e+05
-4.354155399853577837e+05
-9.615353256721487269e+05
-3.219951852482702088e+04
-3.068206965092932805e+05
-3.902516482419980457e+05
-9.733534537175968289e+05
-1.514607886380291777e+06
-1.523212852695743786e+06
-1.621984736331776250e+06
-4.161877144278470660e+05
-6.232273641419683117e+05
-2.823730951359854080e+05
-3.404339543056396651e+05
-2.452574601319319918e+05
-3.393230554678359767e+05
-9.322623507274113363e+05
-8.061879882688361686e+05
-5.243630134299609344e+05
-2.895503369637721335e+05
-9.039973985708737746e+05
-9.385884476652488956e+03
-2.227655223895818053e+05
-4.104998626930417959e+05
-6.033481119818075094e+05
-9.052459933715963271e+05
-4.237734397329671192e+05
-7.296333958819918334e+05
-1.099922724097224709e+05
-3.401259170113935834e+05
-4.238695249244139413e+05
-3.506487916243518121e+05
-5.265256981691061519e+05
-4.328054609682528535e+05
-8.737569268332598731e+05
-3.375799932057890110e+05
-4.820325537468084367e+05
-4.061032835311889066e+05
-5.610565484558381140e+05
-4.869775065985568799e+05
-7.965975224031413672e+05
-4.294352298704103450e+05
-6.091905680505939526e+05
-1.049133960868695984e+06
-3.042258130240101018e+05
-2.994325500739963027e+05
-6.195962256905962713e+05
-9.968992101455458906e+05
-9.089092306682582712e+05
-1.429516045419350266e+06
-3.967512804162949324e+05
-4.756506061069577700e+05
-5.023878114674995886e+05
-3.239625956941336626e+05
-2.085182537007322826e+05
-6.124617706052525900e+05
-4.447268909328039736e+05
-4.186456804032142973e+05
-5.932691078931862721e+05
-3.733866626901921700e+05
-9.472317783636210952e+05
-8.194191945118389558e+05
-3.996607082094188081e+05
-8.192673591952158604e+05
-9.204719277248639846e+05
-5.242300932872430421e+05
-3.618046910329163074e+05
-1.679631398820413742e+05
-3.315783945688664680e+05
-7.483323098372988170e+05
-1.877357931570609217e+05
-3.168877113037747913e+05
-2.503981324293347425e+05
-4.250976348782352870e+05
-5.664468864231975749e+05
-1.028098343493605265e+06
-1.548486405625808286e+06
-6.325802638424420365e+02
-4.577004504514121800e+04
-4.596147718027932569e+05
-1.358657967851549853e+06
-1.444000105310719809e+05
-9.479232501803702326e+04
-7.199119256404568441e+05
-3.733964667860769550e+05
-2.729663898719821591e+05
-4.828632279745811829e+05
-8.989376088699151296e+05
-1.057435506944145600e+05
-6.834022742873199750e+05
-1.482101309663218562e+05
-2.332766758019298723e+05
-6.616933137589043472e+05
-8.638963459795521339e+05
-1.045423365316364914e+06
-4.434990580579180387e+05
-6.936173235094359843e+05
-6.441399020146051189e+05
-4.601454952546161367e+05
-6.037479636556351325e+05
-6.259729690531127853e+05
-2.128506920583230967e+05
-3.205097592986962991e+05
-3.779034250382223399e+05
-3.428773241046388284e+05
-1.005780204587628687e+05
-5.333649356022974243e+05
-2.056636122742798761e+05
-9.774522931501497806e+04
-5.260824902597055770e+05
-4.013010084587576566e+05
-1.002015911611840478e+06
-3.799767844626258593e+05
-4.842783179473358905e+05
-5.657640982210248476e+05
-5.487009779109775554e+05
-3.747750675104541588e+05
-5.970320447704575490e+05
-9.600825718214230146e+05
-4.518870924080085242e+05
-1.064191623688661959e+06
-3.738999482625768869e+05
-1.953106677017374022e+05
-5.908316600076672621e+05
-9.087070560019224649e+05
-8.042125706233991077e+05
-3.817593110223650583e+05
-1.131184491777307820e+06
-1.301003389089526143e+06
-6.940000122607615776e+05
-2.608546103234984039e+05
-4.753114289317757939e+05
-2.577222108700833633e+05
-9.861242719678491121e+05
-1.172486583006551024e+06
-2.642517593993791379e+05
-5.674209772849472938e+05
-1.034242504158950062e+06
-1.217131281476157252e+06
-4.986963297896260628e+05
-6.884061808319970733e+05
-5.021629535279784468e+05
-5.413731869918170851e+05
-4.625608835553593817e+05
-2.853167091736971634e+05
-4.239876703346950235e+05
-7.154753281822288409e+05
-5.571940195537803229e+05
-8.096105029436650220e+05
-5.900199516534602735e+05
-8.857429291751605924e+05
-1.809697620180537051e+05
-1.323447837991628621e+05
-6.622673260586555116e+05
-6.974183956013333518e+05
-2.882384448800460668e+05
-7.202295197336245328e+05
-5.635596085020388709e+05
-5.657756464869230986e+05
-6.176817789185668807e+05
-6.931074462331013056e+05
-4.754872649589876528e+05
-1.149040132461383473e+06
-8.593334781714115525e+05
-8.507276303083561361e+05
-8.037280024237703765e+05
-5.084704544671055628e+05
-1.965898067892057588e+05
-1.441529279487551248e+05
-3.955872231672117487e+05
-6.006038926871096483e+05
-1.333205540342081571e+06
-6.464892487384959823e+05
-8.933811880525117740e+05
-3.782517352034202195e+05
-8.814528756706822896e+05
-7.773069416064504767e+05
-1.402205342344942968e+06
-4.641461007976483670e+05
-1.482639403149569698e+05
-4.286262980606755009e+05
-4.702036030280150590e+05
-4.568585333379976219e+05
-3.573342338762161671e+05
-3.508447581015992910e+05
-6.556424074714160524e+05
-3.592700127223416930e+05
-3.122729311941378983e+05
-1.208827745328330901e+06
-1.967594117913915543e+06
-1.806235998575956095e+06
-1.205248271444902988e+06
-5.957178909295198973e+05
-4.983318004825388198e+05
-4.137903591806470649e+05
-4.412963357759893988e+05
-5.650129128312342800e+05
-6.032052013613851741e+05
-3.928368074421145720e+05
-6.658856931006439263e+05
-1.021474898555904045e+06
-4.013999805276633706e+05
-7.895398045472231461e+05
-3.898269116954086348e+05
-3.877872586519519100e+05
-5.733100432077003643e+05
-9.648240011440556264e+05
-1.143477109639904462e+06
-4.795361226260125404e+05
-4.172993216339137871e+05
-6.184035002185043413e+05
-8.088074454420369584e+05
-5.036555920530711301e+05
-1.121885060984667856e+06
-2.808525499226722750e+05
-7.937394657788850600e+05
-4.069190664144492475e+05
-1.176691833591120550e+06
-8.739150696621665265e+05
-4.519937942593548214e+05
-5.537136872520963516e+04
-3.531744230257045710e+05
-1.965386667571947037e+05
-7.367683688477845863e+05
-1.213111584279502509e+06
-2.024701673519673292e+06
-2.381526449941855855e+06
-2.092890025777020724e+06
-1.545665331407631980e+06
-5.725323165014429251e+05
-5.026192498287516646e+05
-4.432078698124399525e+05
-5.503565993162996601e+05
-6.797611575141192880e+05
-3.924289839339895989e+05
-4.859877773044264177e+05
-8.820874119318102021e+05
-5.968442668721491937e+05
-2.835142182630869793e+05
-9.454027104883731809e+05
-2.345850829150957725e+04
-4.832080157961850055e+05
-2.111125332502714009e+05
-3.712198304747423972e+05
-1.251666272667300422e+06
-2.643679726979037514e+05
-4.229344005951957661e+05
-3.223936787658876856e+05
-3.822621516678860644e+05
-6.438139592786205467e+05
-1.152001851174142212e+06
-4.551226591395552387e+05
-6.429403374882452190e+05
-4.131686271275227773e+05
-2.546982485015910643e+05
-9.883242857233064715e+05
-3.216597254938281840e+05
-3.113300282352937502e+05
-7.270944226883813972e+05
-5.162693481050414848e+05
-6.872976838138853200e+05
-1.130706133273682557e+06
-8.442489579281967599e+05
-4.706031051203857060e+05
-7.227724040638431907e+05
-1.090433344875559444e+06
-2.307509879039740772e+05
-4.007213861385268974e+05
-6.111961435587654123e+05
-4.415125478531692061e+05
-8.078352961679917644e+04
-4.296051650282720802e+05
-4.023076569038660964e+05
-7.221323745512001915e+05
-3.400108482543192804e+05
-4.748146461704129470e+05
-8.688389969058688730e+05
-6.485089584212123882e+05
-3.755746725595355965e+05
-8.547210881713591516e+05
-8.199916984291228000e+05
-3.403524412592060398e+05
-5.787728214948244859e+05
-6.058036524726145435e+05
-1.044095125335094752e+06
-8.924493113831836963e+05
-1.526773551024108194e+06
-2.657263971691436134e+06
-4.342499956545260502e+05
-2.109349008026657975e+05
-9.599752598650805885e+05
-2.118732750124445301e+05
-2.730094080693508149e+05
-7.342746268582327757e+05
-6.183341071757754544e+05
-6.045151756538943155e+05
-4.540422985945764231e+05
-5.579649939356239047e+05
-3.005307908579398645e+05
-5.291188464888157323e+05
-4.358824400679233368e+05
-7.608526083976288792e+05
-4.430057871295541408e+05
-1.151817462935012765e+06
-1.798416309046271490e+06
-1.227447020025550155e+06
-5.740665529187901411e+05
-5.825695632049854612e+05
-1.547226725413532986e+05
-4.644858990794615820e+05
-8.551007628079149872e+05
-3.062613439266397036e+05
-7.842456249477099627e+05
-6.007034663559175096e+05
-4.701957819379578577e+05
-6.758280339699900942e+05
-3.658290356792936800e+05
-9.693539266307443613e+05
-6.732437972875370178e+05
-4.884096873316634446e+05
-7.408050270515158772e+05
-2.183101695905676170e+05
-3.426022919917355757e+05
-7.632629193707362283e+05
-1.103598401511810254e+06
-1.314237015438348753e+06
-1.024157003123480594e+06
-5.494884264838674571e+05
-9.399657779520107433e+05
-1.071643208311859751e+06
-1.062080179306779988e+06
-8.176130059737359406e+05
-3.576501143757703248e+05
-5.835255350217747036e+05
-1.041859687024891027e+06
-3.919863093555526575e+05
-3.903050763657345669e+05
-6.293356028401696822e+05
-4.282832264893738320e+05
-4.174118583223180613e+05
-5.832156746986096259e+05
-6.650123754219076363e+05
-5.472061796099661151e+05
-8.146209765278752893e+05
-1.932034640197054832e+05
-3.063904591739610769e+05
-3.461559448567655636e+05
-7.991410240050278371e+05
-4.794838478795856354e+05
-1.175900747291624080e+06
-1.138909687926514074e+06
-9.340366004813297186e+05
-8.532991465068913531e+05
-3.225426494352904847e+05
-8.546505995790513698e+05
-6.468932067792624002e+05
-6.380059805540492525e+05
-5.146007821862854180e+05
-8.306049835823226022e+05
-4.245078803653841023e+05
-4.122946703926466871e+05
-5.013818683596726623e+05
-1.331740176113845780e+06
-7.840803901415666332e+05
-2.463082410939331749e+05
-4.258488668515029131e+05
-8.227402604234482860e+05
-3.155321950824669329e+05
-5.323728415156820556e+05
-1.052274772234406119e+05
-3.170870758707207860e+05
-4.430041993285976350e+05
-1.435711134908106644e+06
-9.516858468675572658e+05
-4.580717226787148975e+05
-2.695720846832778770e+05
-6.166787406502006343e+05
-5.806380366435574833e+05
-9.384211539294542745e+05
-1.311491072378513403e+06
-1.153028120601482922e+06
-1.642934013119553681e+06
-1.603921899641429074e+06
-5.696663694048485486e+05
-6.522446604224026669e+05
-2.713641603037921595e+05
-5.593311239921302767e+05
-5.384005116551090032e+05
-4.715903499291795306e+05
-3.668621436053563957e+05
-4.138065670626423671e+05
-9.108423354334102478e+05
-8.769664290958350757e+05
-1.750121557791057974e+06
-1.155248240502069006e+06
-2.614216003972353355e+05
-9.794084870786836836e+04
-6.036022856762524461e+05
-5.970644841367413756e+05
-3.369181133181338664e+05
-5.848885990602972452e+05
-2.973223936596008716e+05
-1.724050571369905374e+05
-4.210640746265941998e+05
-9.508872054480591323e+05
-1.176036085075727198e+06
-1.700135012318789959e+06
-8.020302903859298676e+05
-1.029213911576218205e+06
-3.964557080049042706e+05
-5.117930971902217716e+05
-6.603461095374610741e+05
-1.199827867603740655e+06
-1.072457731655679177e+06
-1.435304473437571898e+06
-1.172870039968249388e+06
-3.815640147212637821e+05
-3.661879865692753810e+05
-5.358799571691583842e+05
-5.411824700768494513e+05
-9.150590549377336865e+05
-1.425264625682784012e+06
-1.415859643545622472e+06
-1.054123124469876522e+06
-3.919149955370562966e+05
-4.637438561060706852e+05
-2.953903723643266712e+05
-2.245473837350391841e+05
-5.522552696510913083e+05
-8.475647920066390652e+05
-4.995842838838468306e+05
-1.189494394640402403e+06
-1.723174601375862956e+06
-1.608675863172458950e+06
-4.506195367295279284e+05
-5.136075611421241192e+05
-2.741843570972507005e+05
-3.733641565660373308e+05
-8.486309692790023983e+05
-3.627059434561989037e+05
-2.830041655195609783e+05
-6.524801394023273606e+05
-2.466420771329941635e+05
-2.394321337290365773e+05
-3.240966625975298230e+05
-9.832053997599955183e+05
-7.279341179438189138e+05
-3.539636213894157554e+05
-9.009937985024402151e+05
-1.466726793487532123e+05
-5.400842286466618534e+05
-3.465472483163993456e+05
-9.339689113101139665e+05
-1.012592546504010796e+06
-6.491869939999403432e+05
-1.755914277806182799e+05
-4.918933974851919338e+05
-1.522430966377309989e+06
-2.006349477983329911e+06
-1.444210683113778010e+06
-2.398696473790999968e+06
-8.318888570713468362e+05
-5.923096793272217037e+05
-4.096013747318439418e+05
-9.421683669450003654e+05
-1.530800385092236320e+04
-2.926329621147896396e+05
-4.103181671614145744e+05
-5.738669800175224664e+05
-5.192615984456533333e+05
-1.294862119990407256e+06
-5.296849891197172692e+05
-4.609705359796286793e+05
-2.551918665370050003e+05
-5.210983898714211537e+05
-5.839447977120621363e+05
-6.475776780955917202e+05
-6.921838363135758555e+05
-4.774230096714621177e+05
-4.491123307410408743e+05
-5.697496053334069438e+05
-6.411719309307162184e+05
-7.501048057350108866e+05
-7.723225881548513426e+05
-5.344196408279638272e+05
-1.113419994765736628e+06
-8.251836393633617554e+05
-1.568120687840206083e+05
-6.000817140836279141e+05
-3.071992185316663818e+05
-1.362814191017191159e+06
-2.046268920885903295e+06
-9.296884525635108585e+05
-4.645714298961468739e+05
-9.658590597458153497e+05
-1.065679207605778705e+06
-1.006894647355519934e+06
-1.592208489721244667e+06
-1.452175143726272276e+06
-4.285321351351999911e+05
-7.671994942482067272e+05
-5.018426316637159471e+04
-7.390804999787850538e+05
-4.302154290580867673e+05
-8.832810336407996947e+05
-4.931936951641652850e+05
-3.441167987164513324e+05
-2.974790053616082296e+05
-6.836338821804423351e+05
-3.949214844557034667e+05
-1.458495381908606272e+06
-4.819022255784031004e+05
-3.730149044710373273e+05
-7.337498157420107163e+05
-2.310005772907856444e+05
-5.944571230525805149e+05
-3.817138008689440903e+05
-2.775134807000871515e+05
-4.311013899326473475e+05
-1.202727124738849001e+06
-2.347767747776151227e+05
-6.583636760053188773e+05
-4.943536043363865465e+05
-4.790059492760369321e+05
-5.172637922320648795e+05
-8.033010022851523245e+05
-1.651906653788528405e+06
-2.594385130849063396e+06
-1.193940029182476457e+06
-6.291166619291109964e+05
-7.656342172523675254e+05
-7.968760213070183527e+05
-4.597112290813120781e+05
-3.283605816862409702e+05
-4.713162121099032229e+05
-4.576297351949117146e+05
-6.096748852506629191e+05
-2.948284750057087513e+05
-5.390881509648864157e+05
-8.095985087375802686e+05
-9.291471687937362585e+05
-1.064093930364091415e+06
-9.842051355235974770e+05
-6.313142956035484094e+05
-6.103655012122914195e+05
-7.082308907999846851e+05
-1.884652604096214636e+05
-6.679064747460989747e+05
-6.382622417199757183e+05
-9.871787073544651503e+05
-4.643220114673214266e+05
-8.868919737906458322e+05
-1.360463020550464746e+06
-2.131205590588794439e+05
-5.560841424418947427e+05
-5.273679541156680789e+05
-2.507670414170549775e+05
-6.715442804592347238e+05
-9.700107362174002919e+05
-2.356016678426430153e+05
-3.099367540982536739e+05
-5.682043830272100167e+05
-6.256367049735819455e+05
-4.060168710950711393e+05
-4.891706340043565142e+05
-1.144949036322261440e+06
-1.076730890043569030e+06
-1.592669515950764762e+05
-7.683440718541728565e+05
-8.639401766490384471e+05
-5.300976577468715841e+05
-9.118101029916660627e+05
-2.805242833521302673e+05
-9.436729753478486964e+04
-5.204813014061947470e+05
-7.795826864850309212e+05
-6.882512412889070110e+05
-1.018063498909721151e+06
-1.122354804131499492e+06
-2.247373113602205645e+06
-1.715071923212830443e+06
-1.193020615346695995e+05
-9.963563735307212919e+05
-2.994981962523302063e+05
-7.076804249644856900e+05
-8.039302759958582465e+05
-7.589158795953820227e+05
-7.223728792557506822e+05
-4.234995939331144909e+05
-8.838472787689449033e+05
-5.418944584713208023e+05
-8.122659638652571011e+05
-6.021397416924906429e+05
-7.629478606921014143e+05
-7.707430774064452853e+05
-7.651175423784460872e+05
-1.273470373761517461e+06
-1.769940372060062364e+06
-1.090567799815894105e+06
-3.441792544548000442e+05
-5.695742296041630907e+05
-1.199532192540537100e+06
-1.149507343576295767e+06
-1.228566917227181839e+06
-2.445085890917170909e+05
-3.414730771326530376e+05
-4.331112289132168517e+05
-9.409932621858468046e+05
-1.126800476082363632e+06
-1.113344515200167662e+06
-9.471561052149329334e+05
-5.435110071686956799e+05
-3.258821708300340688e+05
-4.169677460266008857e+05
-8.289515292655938538e+05
-5.869461283869434847e+05
-2.599417937523175497e+05
-3.308093262259683106e+05
-6.528371929365046090e+05
-3.028096461138685700e+05
-2.793466439810913871e+05
-5.281892858241504291e+05
-8.057668475360625889e+05
-6.834500327370442683e+05
-4.113936817712958145e+04
-3.912600738510079100e+05
-7.087685071089745034e+05
-8.480014575574162882e+05
-3.767715856377468444e+05
-3.623172442696535727e+05
-1.214886098138247180e+05
-3.122661314654855523e+05
-6.835359669276336208e+05
-1.221769778111998690e+06
-7.053796156036078464e+05
-1.294330215636601934e+05
-2.993808012299108668e+05
-6.608390707723124651e+05
-1.004208882574692601e+06
-9.271488544276118046e+05
-6.975616911824084818e+05
-1.415102296497864416e+06
-2.232657048518066294e+06
-1.832401644586775918e+06
-7.350134203361917753e+05
-7.208075760497010779e+05
-1.753860521209386643e+05
-2.337158627734821639e+05
-4.282354684314369224e+05
-6.645115823465248104e+05
-1.484805173734610202e+06
-6.745080515623510582e+05
-2.430693810612962116e+05
-6.050615596480242675e+05
-5.543431216204793891e+05
-5.734433880980797112e+05
-7.729975007487453986e+05
-1.143225884869643254e+06
-1.546810571576972492e+06
-2.202362827198436484e+06
-1.006338613597955555e+06
-3.809822570723096142e+05
-9.442680042510258500e+05
-2.351667041112795414e+05
-3.156186862399150850e+05
-1.092818981092786882e+06
-9.005042615707715740e+05
-4.395705338161525287e+04
-2.569034011734435335e+05
-4.523115633984898450e+05
-9.040004334897598019e+05
-6.516404376017648028e+05
-5.498875242186938412e+05
-4.145636086528630694e+05
-2.217999766802611412e+05
-1.703641619606702297e+05
-3.323518261716297711e+05
-6.388234940049754223e+05
-7.465409468732743990e+05
-3.554089408816061914e+05
-8.772605628737630323e+05
-9.216638727595234523e+05
-2.826613198025125312e+05
-4.407339706443323521e+05
-2.226232646583467140e+05
-5.971561885799414013e+05
-1.618119628205850313e+05
-3.771363890273477300e+05
-1.154557267362561775e+06
-5.334437074228406418e+05
-3.895279554556250805e+05
-7.868372368592752609e+05
-7.287257091240725713e+05
-9.350136090556473937e+05
-5.555894320954510476e+05
-6.288302485330400523e+05
-3.903091750993746682e+05
-6.041770255546920234e+05
-3.889665453101256862e+05
-7.867241741652062628e+05
-5.648758295184823219e+05
-4.181475648388989503e+05
-8.233142592432431411e+05
-6.796118047942538979e+05
-1.749619129743657541e+05
-3.117680704471489880e+05
-4.809183711539749056e+05
-5.020842255599942873e+05
-8.262556222444584128e+05
-4.924805492664372432e+05
-7.487502339818633627e+05
-3.994478053046878194e+05
-4.327866318229972385e+05
-1.175084052124188282e+06
-1.357546742839105660e+06
-9.092593242578938371e+05
-1.570741170093721710e+06
-4.750574328212019755e+05
-7.714840595590712037e+05
-6.633369713945125695e+05
-5.588919496873571770e+05
-1.263241050215718569e+06
-7.314051721031875350e+05
-4.114848608820306836e+05
-8.510297158129835734e+05
-1.520730743505161081e+05
-4.764169390634669107e+05
-3.901695815020798473e+05
-1.154761124690335710e+06
-3.523635028772621881e+05
-2.110131907191250357e+05
-5.806536339568147669e+05
-5.518358723887993256e+05
-5.315439772602944868e+05
-2.196198673164086067e+05
-1.922450402116828482e+05
-3.744966320873851655e+05
-9.029893966561958659e+05
-1.510907713975804392e+06
-6.439354707920231158e+05
-4.133868208645639825e+05
-4.605895291745067807e+05
-2.322440447999818716e+05
-3.321412918603271828e+05
-5.226337710281405598e+05
-9.585304373550135642e+05
-4.663331573943886906e+05
-5.632417014261378208e+05
-6.859871717558258679e+05
-9.363675774474267382e+05
-1.288196693286637077e+06
-9.938802446615742519e+05
-1.572722126414878760e+06
-1.884606877241202863e+06
-5.972883425967160147e+05
-1.701245009194972226e+05
-3.895830221728593460e+05
-4.687558655618489720e+05
-3.606338316760920570e+05
-5.581331844587739324e+05
-4.706783004985934240e+05
-4.530118057531056111e+05
-2.028374507842507155e+05
-3.486165787179017207e+05
-5.563064208842151565e+05
-1.155887885852006730e+06
-7.206453750650049187e+05
-4.547535650016566506e+05
-7.229746580258903559e+05
-8.499347789551701862e+05
-2.738012459923385759e+05
-7.284428243632448139e+05
-1.743776553543756600e+05
-4.502171430102304439e+05
-6.962866457042617258e+05
-9.111725442228652537e+05
-4.232231048002834432e+05
-7.413517739738856908e+05
-4.118511536458072951e+05
-5.823250168367798906e+05
-7.570527452299052384e+05
-1.108417896725722094e+05
-3.850876336471561808e+05
-1.220706745162341744e+06
-8.959998676105923951e+05
-1.339916266626396682e+05
-5.442413821748942137e+05
-3.083179439598401659e+05
-5.408205797911233967e+05
-6.321581981289654505e+05
-7.992632038425568026e+05
-6.316806562849908369e+05
-1.059536068610009272e+06
-1.516177864306704840e+06
-1.744172865343011217e+06
-1.210370480617059860e+06
-3.856548974073638674e+05
-5.290151589766166871e+05
-1.088857917618816951e+06
-1.031475509871730581e+06
-9.771165591439753771e+05
-3.926803509552480537e+05
-1.175258539445772767e+06
-1.213216877513203071e+06
-5.978409508696834091e+05
-4.674330486166842165e+05
-5.853372200716098305e+05
-4.682360007630354958e+05
-6.023794873946506996e+05
-1.173712617413531989e+06
-6.596903211430914234e+05
-1.316351720567630371e+06
-8.275302517326500965e+05
-1.696239865597931785e+05
-1.988373379111465183e+05
-9.169337639089161530e+05
-3.710410622552816058e+05
-4.230695671356584062e+05
-5.243135495810650755e+05
-4.745341565378989326e+05
-6.971077349707571557e+05
-2.412586157671827241e+05
-7.610749815636110725e+05
-6.767298906188348774e+05
-9.772436419784981990e+05
-3.753342345582986018e+05
-7.382439065700410865e+05
-9.013773226749558235e+05
-1.669744756987075089e+05
-5.798078102557172533e+05
-8.701728718401171500e+05
-1.084930144444373902e+06
-1.421869013809950557e+06
-1.146741908336282941e+05
-4.286172001038802555e+05
-3.619340392308042501e+05
-3.611072081059360644e+05
-4.087929739410179900e+05
-7.552181109205452958e+05
-4.176733653242874425e+05
-2.949252221984484931e+05
-5.585929370445037493e+05
-2.246578365959217772e+05
-6.126371336622199742e+05
-1.495483036712381523e+06
-3.262951764209525427e+05
-5.141338451089154114e+05
-1.139764721599014010e+06
-9.878864318599996623e+05
-2.205871926115896204e+05
-2.868027028964821948e+05
-4.111787793408518774e+05
-5.110870085248072864e+05
-4.267981631851337152e+05
-8.719499808771908283e+05
-9.810505068843873451e+05
-7.656210048022137489e+05
-5.738105218622725224e+05
-5.382172085676607676e+05
-4.016981753958353656e+05
-8.867231688071967801e+05
-6.856698636853566859e+05
-1.289076658518379088e+06
-6.194146598089945037e+05
-3.578672076305492083e+05
-3.742543387234366382e+05
-4.696374332950855605e+05
-4.033506198476232239e+05
-1.091223301187100820e+06
-9.578477754211525898e+05
-1.294479997447859263e+06
-1.970413253307120875e+06
-1.673526571171964984e+06
-9.183583746597745921e+05
-7.456836263364133192e+05
-7.435481726774654817e+05
-5.125113450298372773e+05
-4.742228477016437682e+05
-5.582298524999743095e+05
-2.840728853890058817e+05
-1.819973241264661192e+05
-5.587791289146977942e+05
-9.433387608149446314e+05
-8.097368431155437138e+05
-4.717814180958768120e+05
-4.418289395211202209e+05
-4.847920083605793188e+05
-4.275922392388451844e+05
-7.937208581682486692e+05
-1.428430412840742385e+06
-5.737084763504004804e+05
-5.654512421382156899e+05
-7.543240402130197035e+05
-5.446727755091363797e+05
-4.262036418353469926e+05
-6.521508218753800029e+05
-8.894215500807079952e+05
-1.584537478063572664e+06
-1.540432952270903159e+06
-1.128948862453092122e+06
-9.181681352129284060e+05
-1.002722218542212388e+06
-1.568297643488723086e+06
-1.400668834818335716e+06
-7.436994287074818276e+05
-1.601600691277438775e+06
-9.120250106848444557e+05
-1.777860192806870327e+05
-6.436472664502819534e+05
-9.557210557301351801e+05
-9.546413208992013242e+05
-1.067446546615760308e+06
-5.503709497075018007e+05
-1.053606790823361371e+06
-3.856688963091939513e+04
-3.833417444069728954e+05
-3.426895796490100911e+05
-1.217027030266777583e+05
-4.093074253145624534e+05
-3.107442862951445277e+05
-3.360025921115521342e+05
-1.030152381513369270e+06
-6.793503271797697525e+05
-7.655051697920875158e+05
-5.657283018926971126e+05
-7.941139438451470342e+05
-1.385600403940228513e+06
-3.947303812970060389e+05
-2.999881222755914787e+05
-9.097580718940939987e+05
-4.513136478217601543e+05
-3.622298668122823583e+05
-5.009621420479539083e+05
-3.691495391476301593e+05
-1.231977161707048770e+06
-4.434742517051335308e+05
-3.928011140432828106e+05
-1.507126433658401656e+05
-5.276566636333230417e+05
-1.155522320276254090e+06
-1.179270478540042415e+06
-4.135514693052195944e+05
-9.488654284288997296e+05
-1.361739396323055495e+06
-3.629489187249643146e+05
-7.306079362209757091e+05
-6.270819790051702876e+05
-7.265009931160199631e+04
-3.783558769412970287e+05
-5.065465440489453031e+05
-6.619503682838510722e+05
-6.784136428350240458e+05
-4.861675518433217076e+05
-1.291096790416690288e+06
-2.758035540475404123e+05
-1.770402868872614054e+05
-5.435150687803287292e+05
-1.739121014462606283e+06
-1.545697765419956530e+06
-1.359984145492967684e+06
-5.032441372848013416e+05
-3.736913471048566862e+05
-2.971079593304031878e+05
-7.128526806290441891e+05
-2.180425993260163814e+05
-5.011555280232398072e+05
-9.473172431818207260e+05
-1.280719082424872788e+06
-1.316041361091879662e+06
-2.889978693498395151e+05
-3.032705927969615441e+05
-3.668244226391657139e+05
-3.166204875630197930e+05
-2.054190202064114274e+05
-2.366559424440612493e+05
-4.490242435566984350e+05
-6.708518618658278137e+05
-2.159702605230708723e+05
-5.422331996662195306e+05
-7.068368058252723422e+05
-6.029212595674686600e+05
-1.184247039086037315e+06
-2.470854034315860772e+05
-1.166349944312949374e+05
-4.142187306999757420e+05
-1.223010648337918101e+06
-1.499845535814663395e+06
-1.484205398107204121e+06
-3.614954102602152852e+05
-1.827703916224388522e+05
-5.878300105319030117e+05
-5.551398039236660115e+05
-4.065679422463373048e+05
-3.651367094157646643e+05
-6.685998682674424490e+05
-7.435887246945274528e+05
-2.357700659092515125e+05
-6.761370915803668322e+05
-3.482364320249713492e+05
-4.068549090237997589e+05
-1.139537330150327412e+06
-7.196174536609515781e+05
-1.720599785118761647e+05
-4.363961295625476050e+05
-7.719084458495749859e+05
-7.630367651156040374e+05
-5.736143262793950271e+05
-2.978253039271274465e+05
-2.368965240570546594e+05
-4.688327648089671275e+05
-8.487174307732563466e+05
-6.705448785316274734e+05
-2.340225436030006967e+05
-5.742341549397159833e+05
-7.575101266336877597e+05
-7.738294800140301231e+05
-2.649141920796233535e+04
-4.477453572012974764e+05
-7.338138493097225437e+05
-4.410508913920967607e+05
-9.847271738499291241e+05
-7.028510601599104702e+05
-4.896720720352943172e+05
-6.052867116862370167e+05
-8.739932932900984306e+05
-4.168041765274292557e+05
-6.646074457805221900e+05
-1.286581074732891284e+06
-1.644121916099232389e+06
-2.206740108972265734e+05
-7.779575203887503594e+05
-2.088052645809046589e+04
-4.698640810966605204e+05
-3.435724252860246925e+05
-8.181260704989832593e+05
-3.952174515623552143e+05
-6.141788576397863217e+05
-5.633499898949803319e+05
-8.059766908663143404e+05
-8.367664402699480997e+05
-5.254140504281835165e+05
-6.334047211868128506e+05
-1.205783555366377113e+06
-7.563940561375345569e+05
-1.090381814150718739e+06
-4.002368623191012884e+05
-8.365434275553266052e+05
-5.124396196839051554e+05
-5.411126969024210703e+05
-6.988090607729376061e+05
-3.656513493300494156e+05
-8.827624893364415038e+05
-1.051022800799212418e+06
-1.399730512165780179e+06
-9.436032907133335248e+05
-2.537316855103732087e+05
-5.193263844849314773e+05
-4.525615373891633935e+05
-2.237388616830239480e+05
-4.104332136961749056e+05
-9.352153910948898410e+05
-7.795306997899140697e+05
-1.019062533707115566e+06
-1.494309186668414623e+06
-7.494203866523513570e+05
-3.893921904431576841e+05
-3.692543525118061807e+05
-4.961534406123204972e+05
-1.482998984169955831e+06
-6.118397574112756411e+05
-2.269837051915754564e+05
-5.588995045928956242e+05
-9.428621742093745852e+05
-4.614809963595005684e+05
-4.652274698870888678e+05
-9.979076507665428799e+05
-1.190395574672263814e+06
-2.038349480883649085e+05
-3.391428581103562610e+05
-4.616286925270836800e+05
-5.017294646547644516e+05
-2.962402699920691084e+05
-5.611852169637054903e+05
-7.976052680091264192e+05
-1.147428241486357991e+06
-9.560662691293715034e+05
-7.199320018991077086e+05
-9.721011864033347229e+05
-2.278561641377123888e+05
-6.248678875856987434e+05
-8.374799702172522666e+05
-4.239736449649179121e+05
-3.103858998369080946e+05
-5.931666019095971715e+05
-1.135942805810548831e+06
-1.514829102031544084e+06
-8.735810450461345026e+05
-2.066782663393392286e+05
-5.441780926967393607e+05
-9.486310050675503444e+05
-8.992779366194816539e+05
-1.790836179483039014e+05
-5.131302882085121237e+05
-3.792793104601671221e+05
-8.644031487665219465e+05
-1.180224147254149197e+06
-1.874721145442320500e+06
-2.009494902519131545e+06
-1.822008035819101380e+06
-1.015411653161723865e+06
-1.014373603824912570e+06
-4.507605486217757571e+05
-8.237972746590052266e+05
-1.205293986373956781e+06
-4.840354264017084497e+05
-5.755911408461366082e+05
-2.989197783960148809e+05
-3.133151662782719941e+05
-5.169939970058791223e+05
-3.356025393725816393e+05
-3.816391146648235153e+05
-7.315086494478437817e+05
-4.578418238114318810e+05
-1.005979685099774215e+05
-5.970177515328640584e+05
-9.020615002908045426e+05
-9.524443358344394946e+05
-3.382558610685301246e+05
-6.335907672246576985e+05
-1.108490774495344609e+06
-9.233607818396436051e+05
-6.219620551261693472e+05
-4.704484151460402645e+05
-3.799007551891568583e+05
-2.735838866514202091e+05
-4.725548974099076586e+05
-1.532223883420579601e+06
-2.673918095733334194e+05
-7.356431873603482964e+05
-8.587004771129731089e+05
-8.977065379229094833e+05
-5.679916219050468644e+05
-4.494889696844465798e+05
-6.263351784589390736e+05
-4.584400191739547299e+05
-3.749908447505954537e+05
-9.383088041040204698e+05
-1.667213129187297600e+05
-2.634435273264891584e+05
-8.090303802450224757e+05
-2.069668023824833217e+05
-9.396793396640602732e+05
-1.792811956259917933e+05
-6.684522344669497106e+05
-7.767572854910154128e+05
-1.387257718772421940e+05
-5.474501833855819423e+05
-5.717734853148462716e+05
-1.987170018211310380e+05
-4.841417080871561775e+05
-3.114295474506928003e+05
-9.999677055870972108e+05
-1.971597980917547597e+06
-2.023721634375564056e+06
-9.079409386111178901e+05
-2.961146243353427853e+05
-4.188671930954376585e+05
-6.070864643823099323e+05
-2.134232370392589946e+05
-5.266386340026876424e+05
-1.071904145303072641e+06
-8.742530239147251705e+05
-1.097945495516701136e+06
-6.821607811589778867e+05
-3.881710543865749496e+05
-1.088690701224165037e+06
-1.137298537965292810e+06
-1.432826180270351178e+05
-3.128014968026527204e+05
-8.601365836670047138e+05
-9.313822562645919388e+05
-6.088649009325644001e+05
-2.912551593972232076e+05
-7.341851881830164930e+05
-6.296054770681224763e+05
-5.439658379856173415e+05
-7.904122808566105086e+05
-7.260372171888521407e+05
-5.467338350757432636e+05
-2.698865382963294396e+05
-2.797889647685901145e+05
-3.972355098814193625e+05
-1.543759680480380775e+05
-2.425257353528243548e+05
-1.085024069957982283e+06
-5.821447697767895879e+05
-6.843128244578653248e+05
-6.989212576700933278e+05
-1.881693028674695524e+05
-5.368136530453737359e+05
-2.718694185403875308e+05
-8.023207286081676139e+05
-1.031695964185745252e+05
-4.608996163145665196e+05
-1.400467667897939100e+05
-5.535583045118094888e+05
-1.050159904291785322e+06
-4.008205022349994397e+05
-1.196870740369691979e+06
-1.770945806941292481e+06
-9.199490504348941613e+05
-1.177507954877975426e+05
-3.891286537987946067e+05
-8.140790226727325935e+05
-2.234348053543277201e+05
-2.348899574480234587e+05
-3.315213346993493033e+05
-9.116073362797914306e+05
-2.869606628304772894e+05
-9.606397665260795038e+05
-2.055175080691921175e+05
-4.785497620618223445e+05
-3.208976739725422813e+05
-9.190121973706728313e+05
-1.103365658575291513e+06
-1.746587394336080877e+06
-8.220852716531298356e+05
-1.288681108491510618e+06
-1.297287622610044200e+06
-2.729402721150924335e+05
-5.631399360896747094e+05
-6.798916024074237794e+05
-1.259896169966098387e+06
-1.296799984014453134e+06
-8.360657439144261880e+05
-8.831704874182923959e+03
-5.149772714904292370e+05
-1.053629140209190780e+06
-9.172275163692015922e+05
-4.439145378123273258e+05
-1.989649597144869622e+05
-6.096453168586801039e+05
-2.847501188376558130e+05
-4.538599343725030194e+05
-8.210996326414046343e+05
-1.012266756931656389e+06
-5.402740182307201903e+05
-1.333664581734913634e+06
-1.727020930385172833e+06
-1.873539494260072708e+06
-2.635596917556709144e+06
-4.290971973448588396e+05
-4.405689580218914198e+05
-6.131076519418162061e+05
-1.133907137404047418e+06
-1.313275440495982300e+06
-1.585751852550684707e+06
-7.911334069691047771e+05
-5.929429207701499108e+05
-7.687423861651364714e+05
-1.489830534187155776e+06
-1.823742979595936369e+06
-3.488755666967708385e+05
-4.587503342571792891e+05
-8.586557515939120203e+05
-5.709588393717518775e+05
-7.683328143735935446e+05
-1.481850248457029695e+06
-1.528725085053945659e+06
-1.789783546496005729e+06
-2.256336884490915574e+06
-2.308252085457514913e+05
-6.909157771996003576e+05
-3.944619798566941754e+05
-1.698910890808557160e+05
-5.564032748915127013e+05
-1.165445341999350581e+06
-1.490886924918164965e+06
-1.380992431816255441e+06
-1.116102565353656886e+06
-9.518835159582660999e+05
-2.893360438183496590e+05
-3.416164397497297032e+05
-7.364907417483204044e+05
-3.909206194453305216e+05
-8.445482052860485855e+05
-2.385844400677670201e+05
-6.531390243474153103e+05
-9.454695038247226039e+05
-9.700730114059329499e+05
-1.404653426582109183e+06
-2.309833674034909345e+06
-2.594861484746642818e+05
-5.708668448829308618e+05
-3.041846603803124162e+05
-1.970638668553348398e+05
-6.411295996022835607e+05
-4.128154692630247446e+05
-4.903395520449321484e+05
-7.478349309136404190e+05
-7.256378015300207771e+05
-3.253911190980945830e+05
-2.000624414582715253e+05
-5.684470852711594198e+05
-1.193555608262754511e+06
-1.446476779804263264e+06
-7.616349879549221369e+05
-8.994629164439927554e+05
-6.664291938335100422e+05
-7.139600442548319697e+05
-7.713410654281403404e+05
-1.233841001736954320e+06
-1.102162050251744222e+06
-1.788792399901269237e+05
-5.994125232745731482e+05
-8.269039559066409711e+05
-3.323003376167532988e+05
-4.775779957735023345e+05
-6.521387984958833549e+05
-8.103009129530705977e+05
-1.089284930078905309e+06
-2.590194792496494483e+05
-3.464692666309495107e+05
-1.813927733320925618e+05
-7.288895023403271334e+05
-1.746243368560545845e+06
-1.582331278314519674e+06
-2.699354413848846452e+05
-5.413838294059608597e+05
-3.475225068568152492e+05
-6.073666540485451696e+04
-5.596911565584244672e+05
-7.494597805630638031e+05
-1.562544286406703177e+05
-6.425377749609790044e+05
-3.203371743695872137e+05
-5.687994097471142886e+05
-2.635955836714168545e+05
-2.361309675529955421e+05
-7.328180855744131841e+05
-6.220084779960850719e+05
-9.571220607957507018e+05
-2.056786574840123532e+06
-1.455172509819809580e+06
-1.307834650470387423e+06
-6.363765421956612263e+05
-1.562165749754364660e+05
-4.208795306620051269e+05
-6.996913060265143868e+05
-1.205413969129166100e+06
-7.785142778724555392e+05
-2.326983147389401274e+05
-6.416412561432493385e+05
-3.134314646659014979e+05
-4.756862097915837658e+05
-1.366688598733921302e+06
-1.540465690856918227e+06
-1.310953854510312667e+06
-1.666514342469467316e+06
-6.584240466780737042e+05
-4.144900935468173120e+05
-3.933300822759756702e+05
-2.830461615073736175e+05
-3.957486637695912505e+05
-9.682412264339949470e+05
-9.524397543609807035e+05
-4.191832637778960634e+05
-2.311163267565816059e+05
-5.782786743608979741e+05
-5.869587965146520874e+05
-5.757956995400310261e+05
-1.163524763890436152e+06
-7.201664145366178127e+05
-4.306115758495315677e+05
-3.410331105518633267e+05
-9.657679815437622601e+05
-7.754432263615765842e+05
-1.278805089722450124e+06
-1.203524834996100049e+06
-6.953403885250964668e+05
-5.119737731177271344e+05
-4.397595035477170604e+05
-9.377717519981764490e+05
-9.902842195893513272e+05
-1.594577412467995018e+05
-2.801441704803193570e+05
-5.575340184735169169e+05
-5.682663336273415480e+05
-2.846931592836966738e+05
-7.108167654635530198e+05
-2.879467233605450019e+05
-7.997489862049638759e+05
-2.481866184123659623e+05
-7.731278791520993691e+05
-1.632156460037973244e+06
-1.267965055734263442e+05
-6.184775247584616300e+05
-4.038508590652560815e+05
-3.058247306565268082e+05
-1.242058406352474849e+05
-3.857605817560855648e+05
-2.067033125743753626e+05
-4.758537488179706270e+05
-1.174715227249213960e+06
-8.528460385514406953e+05
-5.296082698967385804e+05
-5.580218769528728444e+05
-8.207796151553889504e+05
-1.067658671836700756e+06
-1.303135300077185500e+06
-3.685439369570420822e+05
-6.538102988121683011e+05
-4.439976413307051989e+05
-5.878900363118166570e+05
-1.851799939380041906e+05
-2.617360310147851123e+05
-7.682017622031329665e+05
-4.378227293212243239e+05
-3.294536804033355438e+05
-8.645513232389707118e+05
-5.834974703460047022e+05
-9.642284549560326850e+05
-4.219434585138357361e+05
-4.889969257766674273e+05
-2.704419019536357373e+05
-9.246932483702385798e+05
-3.820877142455583671e+05
-5.735758036409788765e+05
-5.485796386038570199e+05
-3.567824072338580154e+05
-1.174851692840493750e+06
-2.328625412103588751e+05
-6.819224827652254608e+05
-8.227493761350798886e+05
-7.574106939026128966e+05
-3.218544556940555340e+05
-2.356450062871532573e+05
-4.073097710082712583e+05
-4.792225601513900911e+05
-2.745662835637278622e+05
-2.662737359440928558e+05
-2.473511533889758284e+05
-4.912367110528649064e+05
-4.963511535728427698e+05
-4.628143871421965887e+05
-7.833535710424396675e+05
-3.572909169857460656e+05
-4.530623184642534470e+05
-5.921520013066821266e+05
-2.689582184363727574e+05
-1.081322183270727517e+06
-1.497561623371987138e+06
-9.859695627807467827e+04
-3.312331049744916381e+05
-7.590660195770128630e+05
-1.473387706194685306e+06
-1.462910169074869482e+05
-5.212735267330010538e+05
-1.044368243219360709e+06
-2.032469695256032574e+05
-9.246047693684303667e+05
-1.969406665668657748e+06
-6.526986102724233642e+05
-4.802745475565270754e+05
-3.527175983709276188e+05
-4.008197790549084311e+05
-7.348037280665633734e+05
-2.901941423632787773e+05
-1.933078757067256956e+05
-4.622795204077673261e+05
-5.236780379722531070e+05
-1.340699905866156565e+06
-4.360709426511012134e+05
-3.255946523860679590e+05
-6.411154859817971010e+05
-4.050975220725273830e+05
-9.404950803514148574e+05
-6.697644585725263460e+05
-6.676528764739909675e+05
-5.179491392063620733e+05
-6.780209183084359393e+05
-1.080740796590218786e+06
-8.027767744218325242e+04
-4.283735743338824250e+05
-2.636967166608147090e+05
-2.426247448862522724e+05
-5.513129324965684209e+05
-1.086343099614180159e+06
-1.075193965299481759e+06
