-2.748291054567750916e+07
-2.760047189699763060e+07
-2.927106053904367611e+07
-2.959044360752018541e+07
-3.874958196315561235e+07
-3.183174276750773564e+07
-3.300772043711601570e+07
-3.374816333341055363e+07
-3.784570553287193179e+07
-3.320535462576674670e+07
-3.685040508895359933e+07
-3.550667157201294601e+07
-3.332365112558628991e+07
-3.551302463234364986e+07
-3.192319974867330492e+07
-3.072507190424134955e+07
-3.608596855841520429e+07
-3.398453042497732490e+07
-3.683624352021849155e+07
-3.408247170016581565e+07
-2.896275965152101219e+07
-3.489553301002354920e+07
-3.664995018808319420e+07
-3.285897723243519664e+07
-3.264520490326657519e+07
-4.556687986348196864e+07
-3.344421236140304804e+07
-3.733806913913305104e+07
-2.893606457335488871e+07
-3.026556756495505571e+07
