9.046548328525861507e+03
1.252602152237122027e+04
9.240912986480288964e+03
1.198134252013372861e+04
1.409744371883391796e+04
1.204179251248496485e+03
-1.156963742704478864e+04
1.074769034763204672e+03
-5.827006792839827085e+02
6.791939237948793561e+03
-2.724120131497990224e+04
2.044400521068724629e+04
1.307576709466131615e+04
1.033239871456954097e+04
1.259114864745892373e+04
8.395774280585204906e+03
1.522008419458776734e+04
1.046875564554539233e+04
6.794192302535538147e+03
1.266695799339143196e+04
1.117683620051665275e+04
1.127444609047071754e+04
1.313619563282801755e+04
1.447226811367036498e+04
1.159636749834143302e+04
1.472251152704475680e+04
1.247972404180975536e+04
1.168775494103463643e+04
1.134867983191037274e+04
1.434665453671607247e+04
