-1.472000000000000000e+03
1.340984880274362922e+03
2.859589005627465667e+03
2.737321367741394170e+03
4.057502617481246489e+03
1.023887511359332711e+04
5.619800790500302355e+03
6.407749880292765738e+03
6.458613417913616104e+03
5.535252528392046770e+03
1.591110211142774278e+04
1.781590116351624965e+04
1.950537654979883155e+04
1.602039364712107999e+04
3.816548581412782823e+02
2.198719642434031266e+04
2.350511132306096897e+03
1.780841634769438315e+03
5.752304342844188795e+03
3.743978037903506629e+04
8.985167741513461806e+03
7.894846318971774963e+03
3.927190922842049076e+03
5.712466134024084567e+03
1.847636573443327052e+03
1.616386911349112233e+04
1.660579224888081080e+04
8.218533442765907239e+03
4.904311725448319521e+03
1.645121736031506589e+04
4.503187804034309011e+03
2.058340660488383583e+04
1.862090118980894113e+04
6.119098173360202964e+03
1.561178968952559990e+04
1.144041079152782913e+03
2.185138860716875934e+04
3.583317098434422223e+04
2.235836835487881399e+04
4.957003349440261081e+04
4.649571724383993569e+03
4.336745425076217543e+03
4.041450232340677030e+04
4.873197814078702322e+03
2.006110099635933693e+03
9.027578392447516308e+03
5.350348484551134788e+03
4.751688229420396965e+02
4.136989675385652845e+03
1.519527052335064946e+04
1.401122538762347540e+04
1.972565044203828802e+04
1.303888052928355501e+04
9.458083205491817353e+03
3.175251066455934779e+04
2.498222132014872113e+04
1.447672450412899525e+04
9.730169807545267759e+03
1.547545222091478354e+04
6.203797385725203640e+03
1.133050632212230812e+04
1.266980306988433222e+04
5.577526150014607992e+03
5.415332360973053255e+03
3.753320726517073126e+03
4.196266116899816552e+03
1.199007343105862674e+04
2.188274945914650743e+04
5.298831204444861214e+03
2.500191731850776250e+03
5.426360650074338992e+03
1.101447119643086808e+04
2.083155279123351647e+04
1.068678009032280715e+04
2.853961262089237425e+04
1.446927625227843419e+04
7.228466131516127462e+03
5.035480261664079080e+03
1.254504227601154707e+04
9.346159227023599669e+01
2.605954331044658466e+04
9.748667649236411307e+03
1.127156449797137248e+04
2.307476388230426892e+04
1.279982894895156460e+04
3.203283931704208499e+03
1.142893854291365642e+04
2.623996113827476802e+04
-1.268706202822369050e+03
7.060024961572672510e+03
5.964557578066318456e+03
7.046669676853977762e+03
2.128084125641228457e+04
7.288044887673160702e+03
1.270846684469899083e+04
7.262447602619355166e+03
2.421127760832390413e+04
1.123777715862183504e+04
1.042316207964706336e+04
1.783697053079530815e+04
3.348430624107872518e+03
9.283568779271456151e+03
8.515245776226325688e+03
2.809356897199678133e+04
2.912449003496642490e+03
5.230460695152067274e+03
1.507474209696447815e+03
2.166354449116563046e+04
5.381361402780672506e+03
4.567067420316829521e+04
3.364363318902169794e+03
1.738271135908576071e+03
1.265824995313135332e+04
1.177680322316225647e+04
4.565381028937163137e+03
1.326236283333289975e+04
2.327923045855906821e+04
3.842452155285590561e+04
7.584948462569849653e+03
1.188138269761894117e+04
3.598583046193202608e+04
1.462698630604024220e+04
1.123902069992414363e+04
1.583105962511008556e+03
1.766353834710482988e+04
2.618773942883042037e+04
3.518192121654025686e+04
6.288061197414958770e+03
5.380725407164323769e+03
9.225326840615914989e+03
2.589971800465384877e+04
9.407636481159898949e+02
1.595704234005314902e+03
1.314759405331319067e+04
1.113399488740269771e+04
6.434790920412026935e+03
6.494344550304967925e+03
7.255667213467050715e+03
3.251526457005530756e+04
1.922802010662715838e+04
2.284153268746871618e+03
8.769154800016625813e+03
1.546489575205678193e+04
4.900574428278208870e+03
2.063882766847354287e+04
9.483439832454623684e+03
5.527783317017181616e+03
8.999841317833184803e+03
9.942220312681709402e+03
6.398239167244173586e+03
9.170420546723920779e+03
1.330984217435335268e+04
2.756393686739025725e+03
1.698286941152598592e+04
3.726588532551440585e+04
9.293288248953083894e+03
8.815488192313750915e+03
2.417121752994948838e+04
5.695750220209914914e+03
9.077542179474809018e+03
6.840699991621750996e+03
1.238453067348969671e+04
1.404022446897884402e+04
4.738993027585777781e+03
5.611751020222589432e+03
1.202249847647885326e+04
1.452608088385790688e+04
1.679063025957437276e+04
1.923999224809099542e+04
3.394970851679651969e+04
1.815943857186421519e+04
7.203832177439780025e+03
5.635627516425574868e+03
3.208754000570340395e+03
2.941016480310597763e+04
1.097884683992058854e+03
1.221089918511283759e+04
6.236316166432598038e+03
2.459239770613870860e+03
1.956993803822202244e+04
1.089281909595733123e+04
2.362860038933972828e+04
1.316574339616624275e+04
2.073877190915078972e+04
7.268948677826934727e+03
5.891696456599375779e+03
1.235839234881717130e+04
3.600433539652523905e+03
3.452927500492890886e+03
9.086277303763059535e+03
2.183340065847664300e+04
6.656872432370477100e+01
5.271800232989884535e+03
8.680139396522281459e+03
5.892738470502541531e+03
7.128927873805273521e+03
3.052059065424191431e+03
4.088263592396947934e+04
1.034045887657758612e+04
1.666469597874569808e+04
2.372841465101081667e+03
1.136405716926818059e+04
2.352829126797098797e+04
8.434668978939847875e+03
1.290243210957872179e+04
1.815745646994399431e+04
2.818481009349895430e+03
6.405657249414152830e+03
1.656932678003176625e+04
1.264271642903040629e+04
8.560739346169146302e+03
2.062309549741388037e+04
6.016058633602082409e+03
7.848755768594579422e+03
3.589503150454013667e+04
1.732179019872775098e+04
2.235641199078751924e+03
6.670865187510018586e+03
1.325098280375577087e+04
5.223178110686610307e+04
8.214174002120887963e+03
1.669524041377090180e+04
1.241759958013703726e+04
2.018804554845867460e+04
1.050437110273088729e+04
-1.049899314281369470e+03
7.281174232536584896e+03
4.117926215488911839e+04
4.645249123758129826e+03
6.075374965028262523e+03
8.577732366073991216e+03
1.851831376324589291e+04
3.176435624096702213e+03
2.046527918427088298e+04
7.256647452555455857e+03
2.541615093746586354e+04
1.575265919317776570e+04
1.180876201330275399e+04
1.550515010742575032e+04
1.613011141386046074e+04
5.238786128164584625e+03
2.174072013945862273e+04
6.112519667682639010e+03
1.526434152447624365e+04
2.966305600911187503e+04
1.361470308936593756e+04
6.066821539929481332e+03
1.440873049701083619e+04
7.778272036969323381e+03
2.108648655616964606e+04
3.256007182470458247e+03
4.981296934356651036e+03
2.131996868399349114e+04
6.985815179287877982e+03
6.684228316092167915e+03
6.240834489431803377e+03
6.526355751648699879e+03
2.400972796159334393e+04
7.833946798538223447e+03
2.266047352740828501e+04
9.100916276273394033e+03
4.316588703403214822e+03
1.852660821190024944e+04
8.066423025531955318e+03
1.448410698506980407e+04
2.002255424406085876e+04
1.104627718570922116e+04
1.610624394006422699e+04
2.353416096178252246e+03
1.887293283661217356e+04
1.030891661943158033e+04
6.616652693381409335e+03
2.524892662399398660e+02
4.613549518855622409e+03
5.602478807408270995e+02
9.049029787864805257e+03
2.207535891736936173e+04
4.619594785586182115e+04
1.200207466548011871e+04
2.083923673186344240e+04
-3.309064460353144568e+03
2.185810219529168171e+04
6.253697658658566070e+02
2.049162924960291275e+04
2.008553320100800920e+04
2.513535657462903146e+03
4.539605028354639217e+03
2.925800520029377367e+03
9.022436394287406074e+03
8.493644228921186823e+01
3.930393811477305007e+03
8.997610405104638630e+03
9.051019501118785229e+02
2.422384757211459146e+03
-2.239192241389840547e+03
2.633357162920806786e+03
-1.429195043685544988e+03
-2.436362356054420161e+03
-2.833338748848272644e+03
2.091032815636953273e+03
2.300849778040043020e+04
1.277601329984980293e+04
4.287363600907008276e+02
1.870438122209840003e+04
2.181817050064878003e+03
-2.669967587354092302e+03
4.175821065248016566e+03
-4.199822690048764343e+03
-1.630302561148864243e+03
-3.956278819590653711e+03
1.261820975372752218e+04
-5.678680274381821619e+03
7.816335759904025508e+03
-7.023587735597545361e+03
1.700874655264079774e+04
-8.763352750572874356e+03
-7.945630592348621576e+03
-8.409154494204307412e+03
-9.958690968673421594e+03
-1.070928899655173700e+04
-1.014805394572210571e+04
-1.212022729755334331e+04
-8.861750337080409736e+03
-1.425322354022099535e+04
-9.846765069664365001e+03
-1.246057693241740162e+04
-1.124452834676639941e+04
-1.358402998292414122e+04
-1.232239077453484060e+04
-2.967186092622254364e+03
-1.107404940333153718e+04
-1.399805726237574709e+04
-1.605022443223114351e+04
-1.778153198328932194e+04
-1.664345887865686382e+04
-1.480440478130724114e+04
-1.816219869550789736e+04
-1.615988902697295816e+04
-1.781358662770634692e+04
-1.847481541865930194e+04
-1.329436917734722556e+04
-1.471869267734565074e+04
-1.534417629212550855e+04
-1.327662797374859474e+04
-1.383206201682953542e+04
-1.009312354354712443e+04
-1.322295251192384785e+04
-8.009730608434629175e+03
-7.996909935584920277e+03
-5.907729533560849632e+03
-7.907910490456840307e+03
-2.203551984276355142e+03
-7.599046973843852356e+03
-3.809758918551708575e+03
-2.173226889801560446e+03
-4.433732170566465356e+03
-3.084998739340960583e+02
-4.785915704934806854e+03
-2.413183471495800404e+03
4.779416384105793441e+03
-1.351481317658761327e+03
-2.822579186121874500e+03
2.623413742410891700e+03
-4.235100229879137260e+03
3.026741658874443146e+03
-4.505889919169172572e+03
-1.840931579891077945e+03
-5.820717279308181787e+03
-1.904051457797151443e+03
-4.059759139732414042e+03
-7.762402786995735369e+03
-7.005870912488562681e+03
2.892954211039625534e+03
-3.303641389411027831e+03
-3.405607417052138771e+03
1.533052732739441353e+03
1.641947868946286917e+03
5.568942346479498156e+03
1.914941132412026263e+02
-3.008922530075838495e+03
3.901664540971479255e+03
-4.738852871252923251e+03
4.551576406882583797e+03
-4.128638433605503337e+02
-3.018483738266987530e+03
-4.177017169472265778e+03
2.071361044903542847e+02
-3.746548971040485867e+03
4.848148556605636259e+03
-3.882350452297719130e+03
-2.435693317644808758e+03
1.026099835254793106e+03
7.906870848184121314e+01
8.929308417470476343e+03
-2.645685512441567425e+03
-2.271693816447449080e+03
3.927555765360622900e+03
2.828662511728909976e+03
1.283212429640902201e+03
2.685532622832755578e+01
-4.061143465396533429e+03
-2.229812449301021843e+03
-5.988376710984290185e+03
-3.883775500891181764e+03
8.697652733192884625e+03
2.039417986338110950e+03
3.253279664185278307e+03
-5.398766876347968719e+03
4.936060825112510429e+03
-7.641039512450311122e+02
1.078820344535966433e+04
-3.958641165706175343e+03
-2.306747912815848395e+03
-4.472429598528658062e+03
-2.557618028390264499e+03
3.244198136920631441e+02
-2.271176540798411679e+03
-5.885922637623069932e+03
-2.091950608190898492e+03
1.620329837665712148e+03
-2.960080959565681042e+03
-2.349473103694767815e+03
8.894799412954282161e+03
-3.594330978679026884e+03
-4.439689950950455568e+03
-5.080540766532273665e+03
9.123344225929979075e+03
-3.386716736841657621e+03
-4.628354217319806594e+03
-2.407088866924577360e+03
-3.624010021888676874e+03
-6.130615180973299175e+03
-1.269484362857991300e+03
-6.877697515978997217e+03
4.043925731655801883e+03
1.929362973455934025e+02
5.675755669408934409e+03
-2.450399751130476034e+03
-2.668135533409605159e+03
-5.000189418221531923e+03
-6.217428826245288292e+03
-2.107079361554302977e+03
5.587595520155065969e+03
-4.050989445866855476e+03
-4.828685098860489234e+03
1.181781438814100284e+03
-6.577010951231208082e+02
-1.575836391070781929e+03
8.218366184959595557e+03
-1.377029718047751430e+03
2.935454037941904062e+02
-1.214567140574101131e+03
5.449885044670277239e+03
5.234986713186098314e+03
-2.003727616097289683e+03
6.169067484712727492e+03
-4.404760873981942950e+02
-7.576654479017712447e+02
4.024835727245279031e+03
-2.191588791550409951e+03
-1.233578527491225486e+03
6.031851494823631583e+02
7.222802470562812687e+02
3.064142380514286970e+02
5.246585755478242845e+02
3.149729936314819497e+03
1.198252730099853397e+04
7.496071304996103208e+02
-1.181346644710278269e+03
5.564930760001333510e+03
-5.195449299268550476e+02
8.852461316099183932e+02
-5.770039503168674173e+02
-1.993386521290064593e+03
-1.157876479564003830e+03
-2.438210311284447926e+03
2.069978413534204719e+03
-3.884271218020425749e+03
2.800691749365636497e+03
2.458488720624565303e+03
1.486076430044140034e+04
1.159703995205398314e+03
3.906042502787910962e+03
3.124817590258023756e+03
6.025539046184218023e+03
2.942678025657216494e+04
-1.689108098102284657e+03
1.326949168372660097e+03
-2.498840723890087247e+03
-1.313718840644531838e+03
1.632638089696565112e+04
-1.393779716438594050e+03
3.944693452737390089e+03
6.728786283865787482e+03
2.388708825240923034e+03
1.036024172480644120e+04
1.335185015318018486e+04
1.653142439206359541e+03
-1.621315726665942975e+03
1.618068404658973304e+04
3.558415032752561729e+03
3.538689363230003801e+04
1.227177567635962259e+04
2.697681565188242530e+03
-4.607600057944985565e+03
5.658603127719633221e+02
-2.446304533090392397e+03
-6.220788913120080906e+03
-4.547607415434989889e+03
-8.505716680437262767e+03
-7.234412528208245021e+03
-9.943704742272335352e+03
-7.466969050965228234e+03
-9.545267070947373213e+03
-9.501224962937221790e+03
-1.079761341848563461e+04
-1.056577117181057474e+04
-4.308513919300797170e+03
-9.713402908103194932e+03
-1.150535550473824878e+04
-1.207674095327140094e+04
-1.392494506916657156e+04
-9.404614334689909811e+03
-1.382343804454450401e+04
-1.504693819761063969e+04
-1.754090909235021900e+04
-1.281170200383581505e+04
-1.858860551970097731e+04
-2.007642461008627288e+04
-1.612979022524249922e+04
-1.672640182363447093e+04
-2.301468334073463484e+04
-2.132526544519825620e+04
-2.180244031792966052e+04
-2.283113809627931187e+04
-2.382718143718832289e+04
-2.268325033162662294e+04
-2.386929618697109981e+04
-2.440957433969859630e+04
-2.273306092730541786e+04
-2.450633086107675990e+04
-2.272986936074513142e+04
-2.772229519993044596e+04
-2.732910676491574122e+04
-2.867419367069298460e+04
-1.479746920313875307e+04
-3.070101149219114814e+04
-3.173289409924737993e+04
-3.149899175334875326e+04
-3.271985074451192486e+04
-3.196594001950986058e+04
-3.314993660273260321e+04
-3.428519923823460704e+04
-3.556745265975867369e+04
-2.907333081836816200e+04
-3.746223040297548141e+04
-3.860160195210506208e+04
-3.071008455906456220e+04
-3.657015967059692048e+04
-3.734928029054194485e+04
-3.747272298009580118e+04
-3.764406101966913411e+04
-3.753877365010522772e+04
-3.380529078258301888e+04
-3.889217388595616649e+04
-1.887206545990680388e+04
-4.090617006455491355e+04
-3.053043562052072230e+04
-4.170906432677686826e+04
-3.307226720649480558e+04
-3.782030362177662028e+04
-4.101878285758010315e+04
-3.956855155684347847e+04
-3.528496973924755002e+04
2.851227375000471511e+04
-4.292468959075865132e+04
-1.903366326167257648e+04
-4.206153374044750672e+04
-4.292475563854161737e+04
-4.322420125479055423e+04
-4.120709429355234170e+04
-3.880022184564315103e+04
-1.438461340324029879e+04
-1.533098161237644854e+04
-7.844082046174477000e+03
3.351955609325589649e+03
3.105718582218157826e+04
1.365958202307182364e+04
1.164488673674968959e+04
2.820558436461439123e+04
4.530533730491284950e+04
3.585441513370841858e+04
1.807937205549427745e+04
1.394792571589235376e+04
1.606426685012464077e+04
2.079237123681846788e+04
2.502517246447041543e+04
6.620495727732218256e+03
1.243494214217981425e+04
1.031575347553900065e+04
1.378315050486570362e+04
4.005578455731848953e+04
1.561527179865542530e+04
2.171291958545129091e+04
7.362099898423329250e+03
7.662185424808293646e+03
2.433665355754373013e+04
1.639366129638214625e+04
4.492434066643679398e+04
1.055775127361182967e+04
7.356918267254909551e+03
8.379250699186173733e+03
1.953316074589417985e+04
1.756291398649091570e+04
6.949806414064498313e+03
3.385031282778505101e+03
9.369836494405670237e+03
3.986599081361301069e+04
1.778530875396168312e+03
1.509373569131370095e+04
1.051547899957006666e+04
2.089026643559091099e+03
2.418588102927286673e+04
3.911942082521607517e+03
2.040697377770314051e+04
7.689871223043410282e+03
7.114825069782205901e+03
1.758146558836552504e+04
8.415363175178099482e+03
6.066673948681179809e+02
1.138293450326464517e+04
1.075489403448988742e+04
2.617859845940234663e+04
5.228438350458943751e+04
2.177367451316875304e+03
9.854970096065122561e+03
3.154663602065696068e+03
2.487992336133165281e+03
3.753929034247668369e+03
1.095890547908654480e+04
1.373818524766166229e+04
2.911660557214845539e+03
2.516777844161836038e+04
1.182808346288762368e+04
4.810671714557715859e+03
1.139906483129371918e+04
1.746903033312978368e+04
1.636824519245704505e+04
1.447915545314423434e+04
1.258579571264816877e+04
7.856880792730422399e+03
5.614868105889354410e+03
7.028095990091900603e+03
2.657224084120473344e+04
5.989078989482386532e+03
4.342989000422848221e+03
1.461853705254216948e+04
3.750972564120849711e+03
3.617631697045518376e+04
8.147327373794970299e+03
1.165631803749357823e+04
1.535902878821309605e+04
1.005097194366549229e+04
2.185311520902145276e+03
8.971193375265862414e+03
3.502562804757973026e+03
1.509895777105962225e+04
4.959061766040923430e+03
4.648562498700951437e+03
5.601600018687390730e+03
8.892352467822649487e+03
9.120580325734699727e+03
7.626657287086058204e+03
8.408881672596451608e+03
2.482489046540543495e+04
9.427375164148697877e+03
7.926978187651252483e+03
7.666541273390791503e+03
1.478864967743396301e+04
1.796699828716984121e+04
1.052157040426355343e+04
1.617622006575060595e+03
9.129361088706950795e+02
7.947831888523882299e+03
1.109365164278552038e+04
3.450166945407364256e+04
5.358650896041025590e+03
5.379933852411534644e+03
5.110334828868674231e+04
9.517285046056578722e+03
1.758613210257006358e+03
7.834349565221870762e+03
1.626186266025381883e+04
1.592273781380625769e+04
2.524523561965207591e+03
9.134248342334511108e+03
1.433454303088766028e+04
1.216266787431287958e+04
9.435498863973993139e+03
1.395494222268220983e+04
4.737382671122114175e+02
2.093164168631509256e+03
1.320313287052398437e+03
3.523171061999513768e+04
2.261442353836993789e+03
1.304702300711147291e+04
1.745619608822283772e+04
5.061653005301237499e+03
1.108980515223559632e+04
1.656434948067936784e+04
1.431902896364043772e+04
1.803335241517163377e+04
9.138302694501355290e+03
3.297867546378849966e+03
1.058409665648581358e+04
1.155178400142029204e+04
4.249070584008286460e+03
2.095919960417036236e+02
7.543374514429395276e+03
1.850411140881970823e+03
1.385269726538036412e+04
6.516189478912472623e+03
1.330197280902469720e+04
1.353540227956676608e+04
3.443801277760348057e+03
3.384387725381103337e+03
1.511650755376968846e+04
1.046279073733194309e+04
2.274811098464363749e+04
3.915701201545079130e+03
1.111727298594054446e+04
1.481292871334492338e+04
1.308798261844576018e+03
5.041106922571197174e+03
1.638882104343741230e+04
1.051185806871540262e+04
1.948551079630840104e+04
6.582650318963818791e+03
3.502422370752853112e+03
5.840984115139521236e+03
1.711825604152508504e+03
2.380174998296728154e+04
1.828516025321010238e+04
4.333446488707092612e+03
3.339671634539544175e+04
6.125140203756211577e+02
1.124956652947799921e+04
1.137767974859675451e+04
1.822843107987011535e+04
2.914396421836305308e+03
1.392168678238863504e+04
7.665135106649360750e+03
3.075560021930437415e+03
9.355073809695237287e+03
4.196070939107320009e+04
6.530462819651570499e+03
1.177279871150998588e+04
1.603282627051725831e+04
6.015271888646922889e+04
2.283335519115467832e+04
7.548925184049419386e+02
2.727365618034901854e+04
6.885303838972722588e+03
2.842244350587411463e+04
9.406823051517298154e+03
4.914108601200958219e+03
2.720224377366562840e+04
2.210147439358413249e+04
6.135125864770434418e+03
1.272274518181554413e+04
3.317522098206129613e+03
2.813237470616457358e+03
1.705232382926491482e+04
7.633173396974138996e+03
1.732130628723884365e+04
1.604027090979919194e+04
1.514100155656950665e+04
7.324916163536655404e+03
6.950907519141180273e+03
2.196286080427097659e+03
1.983166447076017721e+04
1.581345483721509027e+02
2.493012554440830627e+03
1.467978660957341890e+04
1.977399827422175804e+04
1.580274960855501558e+04
9.512394725547139387e+03
4.791223004017731000e+03
1.836825106645137566e+04
2.249839626383437280e+04
1.339083887916405365e+04
7.465168144368747562e+03
5.765768972858361394e+02
1.818809682251907589e+03
9.221650026792010976e+03
1.268604569209669535e+04
6.621212130877222080e+03
1.638328082987103335e+04
9.860164731278980980e+03
5.933995791865560932e+03
7.846979000100914163e+03
5.114852069524188664e+03
2.026480626019809279e+04
8.128518454808977367e+03
1.424905641151153395e+04
8.636991169125838496e+03
2.950713406634739658e+04
1.059450970755369417e+04
8.311050475725969591e+03
4.209698379506140554e+03
3.291207851600536378e+04
2.875158364540851835e+04
9.067988631240463292e+03
8.506706814463967021e+03
9.316037442375243245e+02
6.567828242577535093e+03
1.391874065616570624e+04
7.593958822789432816e+03
1.803421714307950606e+04
8.134373676664216873e+03
1.120422981075487769e+04
9.503501262231460714e+03
2.639499090357531531e+04
9.091186576678088386e+03
2.987672809479774878e+04
9.188330986221786588e+03
1.287657275960025072e+04
1.808590726824192097e+04
1.187736959059357469e+04
2.972952376447367897e+03
1.143128710213568411e+04
9.223755259202778689e+03
1.586601017913970509e+03
2.249705834676294398e+04
1.106543583827150360e+04
6.982176216131528236e+03
1.726943993504554237e+04
7.982911174234315695e+03
9.022731834223450278e+03
1.979798896852779762e+03
5.306880438170421257e+03
1.535603239513719018e+04
1.690311137319020418e+04
2.152482889805716331e+04
1.137053835402722689e+04
1.348848909462940173e+04
1.253370678484426026e+04
5.034802825196553385e+03
6.957756656375589955e+03
4.372469512624965137e+04
1.046871248169429009e+03
4.021971736407718709e+03
2.181391316786837706e+04
9.928725701295570616e+03
1.923673901564664993e+04
5.712233346419071495e+03
6.314535873558193998e+03
3.679394833017892233e+04
6.033517767240895409e+03
1.180728093363461812e+04
1.458591333532536373e+04
6.061710336041916889e+03
1.457264294599354616e+04
1.301609853460420709e+04
2.471982526644013706e+04
1.708764208339691686e+04
1.199227758871697552e+04
6.952256233265661649e+03
1.549996462781440096e+04
4.881144831306725791e+03
6.248088369706541016e+03
1.355864934937946782e+04
7.991993964455964488e+03
3.740388761907302523e+03
7.766113491940691347e+03
1.128596757582972714e+04
1.819434172351416055e+04
4.421510791917557981e+03
1.864766555811110447e+04
1.947587927624326403e+04
2.357393126111030142e+04
1.379948473559816739e+04
9.905686972385768968e+03
1.052862203087901253e+04
4.689151641320036106e+03
2.318866180261957561e+04
9.340165558927586972e+03
8.284709086106380710e+03
1.765279755379439302e+04
1.431843319811251058e+04
1.142422302297098577e+04
5.188448674993700479e+03
3.668500042296572246e+03
2.004533592854071685e+04
8.497943892874794983e+03
1.028517637365106384e+04
2.506395552008919913e+04
6.868513324129408829e+03
6.450980017984245933e+03
7.194479657923244304e+03
1.227227176538229060e+03
1.776030975387104263e+04
1.587354014930105677e+03
2.139038069340719812e+04
1.473528413727196858e+04
1.231464582932402664e+04
1.339068920063395490e+04
1.160107531370292782e+04
6.615352752251208585e+03
1.435065687829828858e+04
1.955189107609762868e+04
9.052402563086196096e+03
4.457723844022360936e+03
-1.264888000083406041e+02
2.216456107668594996e+03
1.825830569262742210e+04
2.535165581902664144e+03
5.148918909201550377e+03
5.874937306351982443e+03
4.933597586553114525e+03
1.405804776092213797e+04
1.565006147090667946e+04
3.253480028664739621e+03
1.363223738613968817e+04
2.781178224953021709e+04
1.535532425589861123e+04
8.498663377293614758e+03
1.215081122324954231e+04
6.795473305369652735e+03
2.553261813784030164e+04
1.531032084673234567e+04
1.753880194253647642e+04
7.079671509416345543e+03
4.977369576151994806e+03
1.182145206279537524e+04
1.369666109154096557e+04
2.848214994469093199e+03
3.849445084637493710e+04
8.562305774575292162e+03
6.111493490014699091e+03
1.226810975683264405e+04
5.260374505921380660e+03
7.570330702868186563e+03
7.148407345583917959e+03
9.038404053761780233e+03
4.312623151502797555e+03
1.264921779880944769e+03
3.004691620923579194e+03
1.341489277655547448e+04
4.659167331524684414e+03
2.681488554549933724e+03
3.630679615081172960e+04
1.320956205940393011e+04
1.809837711154597855e+04
1.614038401982684445e+04
6.533256225413479115e+03
3.791780507013004535e+04
9.650927046649392651e+03
1.279867184882644870e+04
9.060334246339411038e+03
1.364864055754604306e+04
4.154031911893660435e+03
1.035464008086736067e+04
1.425529877347445654e+04
9.925434866393263292e+03
8.228680908426333190e+03
8.979606965360850154e+03
-9.358989727320843031e+02
3.577759943202682734e+03
1.278247448674703264e+04
1.616904186237141039e+04
1.484970284245196308e+04
4.924131502286748400e+03
4.312896629518670125e+03
1.683754963007207698e+04
2.419070730154451667e+04
1.647437997949926284e+03
4.487726852736988803e+03
5.021286980907965699e+03
7.211233069097334010e+03
2.648319419708914938e+04
7.148366029619948677e+03
1.495287778007119232e+04
1.535877125564587914e+03
2.315154406509584442e+04
1.341047621057571087e+04
3.593507469903699530e+04
9.736522769799044909e+03
1.979528793406529985e+01
1.055906369104016449e+04
1.307565335714911998e+04
5.549565956089011706e+03
2.342883211568962906e+03
1.055593835187025979e+04
3.128636905491327525e+03
4.608272328621771521e+03
2.584492491777149917e+04
2.357858490192859972e+04
2.531816366147411463e+04
1.266695634194965169e+04
1.337085367426833363e+04
7.182954980382806752e+03
1.318172363659403163e+04
1.611925642566361967e+04
1.517433120485501422e+04
1.985099278599845775e+03
4.664485199888129137e+04
9.546301051772861683e+03
3.335148272418375655e+03
2.123917146360280822e+04
1.213150313428236768e+04
1.849931908477736943e+04
6.343047507360179225e+03
8.961165691757038076e+03
7.992483873011140076e+02
5.142099087333677744e+03
1.260996327419541558e+04
1.742575866254753419e+04
1.570452205484431033e+04
1.129649486860473189e+04
8.499272279946097115e+03
2.050939475880435202e+04
3.780487292789308412e+04
4.931725143480162660e+04
1.099385268855405047e+04
4.404647209291018953e+03
-9.104602699364895670e+02
4.390129730141618893e+03
7.102894748212402192e+03
9.706192429384302613e+02
1.481814190676806538e+04
1.234874756342584442e+04
1.995049131697055782e+04
3.146452951361882697e+03
3.190137861560515830e+03
8.974388684715491763e+03
4.134303719520888990e+03
1.756990452520989129e+04
1.402187276380999901e+04
1.497721661081286948e+04
7.281347604890086586e+03
9.111053603233542162e+03
3.634919699524555654e+03
8.280151778516499689e+03
1.303070520061795105e+04
3.690946221787059767e+04
5.432849246347402186e+03
1.955726839873709832e+04
-3.308949899753145019e+02
8.861499245404127578e+03
1.125385706113664673e+04
1.678921189748233883e+04
6.861303768418521940e+03
1.557570265955337345e+04
8.219337594016313233e+03
1.052323795436501860e+04
1.299692872128502131e+04
3.817587043411877858e+03
5.903081918150837737e+02
2.866782259486576004e+04
2.773530838462705287e+04
3.433400826602604411e+03
5.201712320791873026e+03
1.778843701115698423e+04
1.037368539717975727e+04
4.029834363935701549e+04
2.270830300392022764e+04
-5.755921879388665729e-01
6.767732827649190767e+03
1.498234414767707312e+04
1.017187984990475525e+04
1.458216712232729151e+04
7.781385596540927509e+03
1.592202315381768130e+03
2.523445686539294184e+04
6.834981770475475059e+03
1.065822762062743823e+04
1.613243775587961863e+04
1.359443436527042468e+04
1.890645495742852654e+04
2.816107516736718026e+03
2.669846578794142260e+04
6.352261983973980023e+03
5.040694052708569870e+03
1.323571811335573148e+04
7.600714670436935194e+03
5.398184061090039904e+03
1.006559463691725614e+04
7.625876131287435783e+03
2.156735650151105438e+04
4.621103315359353019e+02
6.188028450257218537e+03
1.449009960215129468e+04
2.072254136402234144e+04
6.314307579282771258e+03
2.552537666092174186e+04
5.779804582438078796e+03
1.428282705599528708e+04
1.833339888297043217e+04
6.459663951320721935e+02
1.936381211750769580e+04
7.658320607291086162e+03
1.202748261846682180e+04
1.014392725475073166e+04
5.819599721646460239e+03
5.934006888928452099e+03
4.222388288876252773e+03
5.664453451278085595e+03
5.227110026976928566e+03
5.622604849273762738e+03
7.653251929235584612e+03
4.143810703144800209e+04
8.773932672687371451e+03
8.210267551187320350e+03
1.453628241966331188e+04
1.540763852285637040e+04
1.313221682887260249e+04
3.996656914199068979e+03
1.562530516563326501e+03
1.999520783983745423e+04
2.646393697438649724e+03
3.124717253903793608e+04
1.833394299135795154e+04
2.439799646660825601e+03
2.604568958917724740e+04
1.925109932329737421e+04
3.947636702874506682e+03
1.468965402854264721e+04
4.939544765920205464e+03
1.175133481204282543e+04
2.974193544021515663e+03
1.150804787342426607e+04
4.856783712999855197e+03
1.240742864482126424e+04
9.724113875197269863e+01
5.883186503820925282e+03
6.492086962587980452e+03
5.209245193965054568e+03
1.088935166865506653e+04
5.449873189510402881e+03
2.579746196246427280e+04
1.765762286948523524e+03
6.839113578395696095e+03
2.135676440614253806e+04
1.437578053540606743e+04
2.040253363690990454e+03
5.015172844878270553e+03
7.431921570470553888e+03
2.439219725330589426e+04
2.234752852657737094e+04
1.704234146869220058e+04
3.272231606962108344e+03
8.901372860143305843e+02
3.346030798008890997e+03
1.994896671376370432e+04
7.578368519136470240e+03
1.571038079766732335e+04
1.164584596801642874e+04
4.743583006894987193e+03
1.912240508093897733e+04
2.028158102645565668e+04
4.058387083707797501e+03
3.533948191948479689e+03
3.090156696791913419e+03
2.696709303538467793e+04
1.041140155319076803e+04
9.629065059473403380e+03
3.001508950914011166e+03
4.667123318825018032e+03
1.699813533150562535e+03
2.915526115234760437e+04
1.641795065540479118e+04
2.263632118291758525e+04
1.920365127029973564e+03
2.443134522539067984e+04
1.516007410187892219e+03
1.458503952485170521e+04
1.043343295364063124e+04
1.656831228099087093e+04
2.837370418642456934e+04
1.728789252384218344e+04
-2.758346994511603043e+02
3.850068635551072930e+03
2.204622052431453994e+04
4.782290791436340078e+04
1.741935516272902532e+04
1.717276713240669778e+04
4.254292337282035078e+03
2.672291378207573871e+03
1.203984876029923726e+04
2.277676242795944563e+04
1.095655612541660594e+04
4.123700258269243932e+04
2.342835452205985348e+03
1.342397667023607937e+04
6.153718194004902216e+03
1.053132184715810763e+04
7.539988249574255860e+03
2.627980688275314969e+04
3.480712704702675182e+03
1.365210164375584827e+04
9.354122798230678200e+02
1.486747861684239251e+04
6.893462065459823862e+03
3.858888486630039552e+04
5.248067754103321931e+03
2.167509748325441251e+04
4.688050124521227190e+03
8.362807109096518616e+03
1.085260397799976090e+04
3.532996317848672334e+03
1.104384793089591585e+04
7.651025931911865882e+03
5.770455662497890444e+03
1.171953911688648304e+03
7.854453751091074082e+03
2.378525910514259886e+04
3.147746626648330130e+04
6.850816895879343065e+03
1.644852750315764570e+04
1.804582469352442422e+04
9.294974822450387364e+03
2.303737371199524205e+04
8.080054136168026162e+03
1.001463896455396571e+04
3.694563906666422099e+03
-1.112598991334402399e+03
5.959560822904275483e+03
1.805569670553142714e+04
1.481975772055219204e+04
4.824044930805110198e+03
1.384434334687196315e+04
2.355745060989249032e+04
1.923304614194820033e+03
4.192170469882867110e+03
6.051697643363238967e+03
8.552198563847814512e+03
1.884060216067564033e+04
5.554738658742973712e+03
3.336537597621816531e+04
5.899453034778844994e+03
6.307082347515402944e+03
1.223812531913249404e+04
1.361831853857217720e+04
1.320432165500831843e+03
5.952452432892321667e+03
3.601265294349055330e+04
2.096012798707478942e+04
6.506571542975805642e+03
7.148458671481092097e+03
1.119521893142599583e+04
1.150343738248737100e+04
9.602378515837959640e+03
2.008823004409794521e+04
1.895357429578873416e+04
1.008289228099267166e+04
6.783605501006913983e+03
2.208011037499688973e+04
7.334218547898984070e+03
2.848306757740410103e+04
1.121717042990644950e+04
7.474435301442654236e+03
5.690448015392822526e+03
8.239070186299708439e+03
1.610679322477584356e+04
4.988701711133920981e+03
7.895555322325302768e+03
3.180478637455465105e+03
8.848875951582031121e+03
1.725280262221612065e+04
1.711551146647632777e+04
1.791040393424198191e+04
1.469149709216600786e+04
6.824647461450975243e+03
1.091472160625887955e+04
9.283389146285524475e+03
7.641426043152647253e+03
1.181187916538414720e+04
2.333390633135903772e+04
5.997923513905861000e+03
2.153413646259003872e+04
1.554482093441136567e+04
1.799836311187734100e+04
1.641780652701475628e+04
2.361192899360056981e+04
7.937246488321579818e+03
9.416373854197026958e+03
2.422445175105769158e+04
1.009115238355122347e+04
8.934545271868737473e+03
3.356133909459630559e+03
1.066250623360399732e+04
5.191952313739979218e+03
2.529244634132195642e+04
3.719125930291651457e+04
7.137884672438422058e+03
1.029841411033090299e+04
1.720001220652074699e+04
2.066342167837556553e+04
1.023108450173984420e+04
1.938428282054575902e+04
7.399918152667729373e+03
1.142149154175420153e+04
1.416143248886233232e+04
-1.892538636963556655e+02
1.987785334046713160e+03
8.278810667392081086e+03
1.107492523379770864e+04
3.411355892758528626e+03
4.021780175728321774e+04
1.476395666592660928e+04
9.923296395645684242e+03
2.999317810004258718e+04
9.297672539446148221e+03
4.125725792581664791e+03
9.091625997333048872e+03
1.775416430904751542e+04
2.946350140010445102e+03
6.904239718083976186e+03
7.588452838026849349e+03
9.309606682356317833e+03
1.931422119687671875e+04
2.350434928073250194e+04
4.376979172476132590e+03
2.769785815798964541e+04
1.547143288385304731e+04
1.325157221019392182e+03
1.600794734856965806e+04
1.280824795234626617e+04
3.610297967454274476e+04
5.427181874360841903e+03
1.480254809772604494e+04
1.915204713726941918e+04
4.823431923135060060e+03
1.754599227795019760e+04
2.156060987151144946e+04
1.336617132786185721e+04
1.926538618593288220e+03
1.700993354685669692e+04
3.966315562799976306e+03
2.577697391992779558e+03
8.342792870134460827e+03
1.167579971973097781e+04
5.648378415340022002e+03
8.814914512697223472e+03
2.599817552060963862e+04
2.129154847906596842e+03
1.006304437878623503e+04
1.323928342313189569e+04
3.630799933776771650e+04
1.048154914869594359e+04
1.228588182301416282e+03
2.053841332066069663e+04
5.946155057502148338e+03
6.316603647001549689e+03
1.060648714656736774e+04
-3.448661360894296308e+02
3.487847112854451552e+03
1.213855842941581432e+04
-1.360217425704159382e+02
1.552919364355772996e+04
2.427069406711528245e+03
1.779399528607659158e+04
1.015794897134165149e+04
1.283507921494826223e+04
2.806787665227917387e+03
1.290704876080652139e+04
9.121808005567405417e+03
2.994068912508934227e+04
1.645149882274841730e+04
1.801726789219621878e+03
2.505657800762367697e+04
4.071084323504040640e+03
1.757076276161470014e+04
1.294883770193818782e+04
4.218747014467029999e+02
6.112399138214394952e+03
3.285840007974069886e+04
3.387281187048606807e+04
5.072432451219749964e+03
6.828163535002749086e+03
1.709336070146739803e+04
6.326478737729928980e+03
5.097217431024458165e+03
1.470983457754702840e+03
1.314407185834556367e+04
5.544063972109646784e+03
8.726383918912797526e+03
2.042750957807458008e+03
1.040974060467046729e+04
1.312531543521696767e+04
2.246415921597134729e+04
1.058812993092300894e+04
1.102255840545168212e+04
-9.581734788566301404e+02
-6.885273495970535578e+02
2.631682034222735456e+04
6.207957703112921990e+03
5.256925649350864660e+03
2.354238355654591578e+04
2.112478092630011452e+04
1.059945805221336514e+03
1.496265723438770510e+04
1.766990468303210582e+04
1.041288228413794423e+04
1.230233607859254516e+04
1.861370127525134740e+04
2.972819139268549770e+04
2.260203280423570050e+03
5.750328020703560469e+03
2.243643850894894058e+03
6.742190629834082756e+03
9.688688410876211492e+03
4.147458192735820194e+04
6.857713325471784628e+03
2.350174453372215794e+04
1.498124064024233849e+04
5.629117571430068892e+03
2.820882204074022866e+03
1.451727168118731061e+04
8.623448101485340885e+03
6.074618648389832742e+03
1.697538943767185992e+04
2.669785476855340676e+03
4.603279736220606537e+03
7.466699892571328746e+03
1.590391261099746953e+04
3.189774121217502034e+04
1.332434247571145170e+04
8.661247202358987124e+03
2.510361851000573552e+03
1.803883335955106304e+02
1.834935676677368247e+04
1.504395631920922824e+04
3.350446047491562695e+03
6.735615577021570971e+03
6.077543918333873080e+03
7.510017445042683903e+03
1.021583724711757532e+04
6.907272810918985670e+03
1.643658088744926135e+04
1.122979275337269428e+04
1.663737183578413169e+04
-1.295193924323860983e+02
4.515231781545500780e+03
1.796264081253951372e+04
1.693785492497864470e+04
4.090128060113282800e+02
2.120656877735336457e+04
8.281263132501680957e+03
4.321516593729045780e+03
9.986980467750194293e+03
1.838490151690173207e+03
6.453795582638987980e+03
2.671301683379299357e+04
3.985504308231566938e+03
1.498033261596434204e+04
8.268320343022189263e+03
2.620093128116562184e+03
2.220817716136339004e+04
1.188608302331368941e+04
7.493319813476166019e+03
2.105215288613538360e+04
9.873761139288480990e+03
4.428152712591057934e+03
1.121049669919837288e+04
1.096856331835683159e+04
1.292875972057403487e+04
3.436277987336447040e+03
1.229977427974165221e+04
1.174182958566536763e+04
2.657159413934884287e+04
6.433640770298376083e+03
1.752784205581350034e+04
1.775450173989342875e+04
2.514863052985450850e+03
7.482857023378975100e+03
2.101027950901873919e+04
8.925638544005129006e+03
1.677210591270972145e+03
2.364607987487739229e+04
2.250540346962624608e+04
6.784298153318649383e+03
2.935352451159337306e+03
2.071714909193985659e+04
1.385723736389523219e+04
2.062360825230577575e+03
1.151031487365642715e+04
2.995972482356633009e+03
4.041681797728145284e+03
1.878359541791149604e+04
1.257708811491182860e+04
3.586431856340419927e+03
2.452952365424412710e+04
2.649660406916893044e+04
6.604405067324370975e+03
1.480781939056981400e+03
1.792464136540584150e+04
2.766620361934029279e+04
3.817270263456457087e+03
