5.601006526936315931e+05
6.142179057873309357e+05
6.405595407432792708e+05
6.117739378153375583e+05
6.955829412278512027e+05
4.567879027730368543e+05
-3.566935217264406965e+05
-6.012371965471422300e+04
-4.897415396118719946e+04
1.556451366372419579e+05
-7.074880401052883826e+05
-8.357351652603764087e+05
6.979427982650334015e+05
5.600592677479453851e+05
5.121576773280623020e+05
6.467774431445944356e+05
6.435964830828293925e+05
6.033790120626387652e+05
5.239970499735103222e+05
6.166223583133555949e+05
6.246753084000113886e+05
6.092180520330192521e+05
5.488114609087352874e+05
6.456906002013721736e+05
5.879102176486751996e+05
6.654623116640869994e+05
6.398340027484812308e+05
5.335821054785944289e+05
5.689100651858729543e+05
5.831162215289397864e+05
