4.126268554687500000e+03
9.091041015625000000e+03
5.491264160156250000e+03
5.933975585937500000e+03
7.478402343750000000e+03
7.462362304687500000e+03
6.812271484375000000e+03
9.932855468750000000e+03
8.016827148437500000e+03
9.622725585937500000e+03
1.058762792968750000e+04
1.139116503906250000e+04
1.390033398437500000e+04
1.336833593750000000e+04
1.233987988281250000e+04
1.206800488281250000e+04
1.167007324218750000e+04
1.324578710937500000e+04
1.417013183593750000e+04
1.477043359375000000e+04
1.387653125000000000e+04
1.487799609375000000e+04
1.336441406250000000e+04
1.511286718750000000e+04
1.596149902343750000e+04
1.385926171875000000e+04
1.305037890625000000e+04
1.726369140625000000e+04
1.337333984375000000e+04
1.387457617187500000e+04
1.325423242187500000e+04
1.411210546875000000e+04
1.219957421875000000e+04
1.566418164062500000e+04
1.363239453125000000e+04
1.276605273437500000e+04
1.572666113281250000e+04
1.468259179687500000e+04
1.720832617187500000e+04
1.583522656250000000e+04
1.572391015625000000e+04
1.570241406250000000e+04
1.581254589843750000e+04
1.841338476562500000e+04
1.878613476562500000e+04
1.605865039062500000e+04
1.653399023437500000e+04
1.380928808593750000e+04
1.548429199218750000e+04
1.641223046875000000e+04
1.459691699218750000e+04
1.567638769531250000e+04
1.852488281250000000e+04
1.284812109375000000e+04
1.520673242187500000e+04
1.678456250000000000e+04
1.709611914062500000e+04
1.791876562500000000e+04
1.783009765625000000e+04
1.399900000000000000e+04
1.565609375000000000e+04
1.660450585937500000e+04
1.530658105468750000e+04
1.699697460937500000e+04
1.544131835937500000e+04
1.643021484375000000e+04
1.580883203125000000e+04
2.075376953125000000e+04
1.557100683593750000e+04
1.828967187500000000e+04
1.568032324218750000e+04
1.639445117187500000e+04
1.783880078125000000e+04
1.535357421875000000e+04
1.407038281250000000e+04
1.480926562500000000e+04
1.611738183593750000e+04
1.580439355468750000e+04
1.720939453125000000e+04
1.794942382812500000e+04
1.704226171875000000e+04
1.803380468750000000e+04
1.433239257812500000e+04
1.550371484375000000e+04
1.709393164062500000e+04
1.547943359375000000e+04
1.737202734375000000e+04
1.437414257812500000e+04
1.932357812500000000e+04
1.597139648437500000e+04
1.557749023437500000e+04
1.799981640625000000e+04
1.526759570312500000e+04
1.617509277343750000e+04
1.566469140625000000e+04
1.609162207031250000e+04
1.698063281250000000e+04
1.715174804687500000e+04
1.487361718750000000e+04
1.949185156250000000e+04
1.505883789062500000e+04
1.878257812500000000e+04
1.704878906250000000e+04
1.828886328125000000e+04
1.770534375000000000e+04
1.647528710937500000e+04
1.486100878906250000e+04
1.756408007812500000e+04
1.752864843750000000e+04
1.557322167968750000e+04
1.481288183593750000e+04
1.647416210937500000e+04
1.702494140625000000e+04
1.715485156250000000e+04
1.505325097656250000e+04
1.648603515625000000e+04
1.740860156250000000e+04
2.001241406250000000e+04
1.863596484375000000e+04
1.531833007812500000e+04
1.931287890625000000e+04
1.614684179687500000e+04
1.830408789062500000e+04
1.978757812500000000e+04
1.615287109375000000e+04
1.797033593750000000e+04
1.779980078125000000e+04
1.936383007812500000e+04
1.825517187500000000e+04
1.916800390625000000e+04
1.581725683593750000e+04
1.774668359375000000e+04
1.616120996093750000e+04
1.572281054687500000e+04
1.863991992187500000e+04
1.971242773437500000e+04
1.917991406250000000e+04
2.051424609375000000e+04
1.804673437500000000e+04
1.835994140625000000e+04
1.847342773437500000e+04
1.772412304687500000e+04
1.757186328125000000e+04
1.739811523437500000e+04
1.839333203125000000e+04
1.741911523437500000e+04
1.701590820312500000e+04
1.938589453125000000e+04
2.019936328125000000e+04
1.726256640625000000e+04
1.626703906250000000e+04
1.496436425781250000e+04
1.621362011718750000e+04
1.826582031250000000e+04
1.874202539062500000e+04
1.610913183593750000e+04
2.090271484375000000e+04
1.944944335937500000e+04
1.601147070312500000e+04
1.676666796875000000e+04
1.818301953125000000e+04
1.644099414062500000e+04
1.991001171875000000e+04
1.572910351562500000e+04
1.877205664062500000e+04
1.902519726562500000e+04
1.721536523437500000e+04
1.772234375000000000e+04
1.612822363281250000e+04
1.881004296875000000e+04
1.811623828125000000e+04
1.975394531250000000e+04
1.845814648437500000e+04
1.641430468750000000e+04
1.705737695312500000e+04
1.776411132812500000e+04
1.623592480468750000e+04
1.647509179687500000e+04
1.925827734375000000e+04
1.748000000000000000e+04
1.895237500000000000e+04
1.952230859375000000e+04
1.742297070312500000e+04
1.882137890625000000e+04
1.720711132812500000e+04
1.825617382812500000e+04
1.675337109375000000e+04
1.537871386718750000e+04
1.635306835937500000e+04
1.739048046875000000e+04
1.794683789062500000e+04
1.713244726562500000e+04
1.559894824218750000e+04
1.749376171875000000e+04
2.146458203125000000e+04
2.017674414062500000e+04
1.911784375000000000e+04
1.744956835937500000e+04
1.918691015625000000e+04
1.865627734375000000e+04
1.735465429687500000e+04
1.690905273437500000e+04
1.914412109375000000e+04
2.009924804687500000e+04
1.736252343750000000e+04
1.998669531250000000e+04
1.868745703125000000e+04
2.028611328125000000e+04
1.575069238281250000e+04
1.943902734375000000e+04
1.956145898437500000e+04
1.910226953125000000e+04
2.063481054687500000e+04
1.580585156250000000e+04
1.837868554687500000e+04
1.952491796875000000e+04
1.797066406250000000e+04
1.712230078125000000e+04
2.097378515625000000e+04
1.969717773437500000e+04
1.941239453125000000e+04
1.779725781250000000e+04
1.896992773437500000e+04
1.856028320312500000e+04
1.756408007812500000e+04
1.921904296875000000e+04
1.709146484375000000e+04
1.735500585937500000e+04
2.218298242187500000e+04
1.555829296875000000e+04
1.984006640625000000e+04
1.812819140625000000e+04
1.843946875000000000e+04
1.694079101562500000e+04
1.848994921875000000e+04
1.909082421875000000e+04
2.170519335937500000e+04
1.809031835937500000e+04
1.606522851562500000e+04
1.956692968750000000e+04
1.871757812500000000e+04
1.864500781250000000e+04
1.636004003906250000e+04
1.845003320312500000e+04
2.051542187500000000e+04
2.133794531250000000e+04
1.937080859375000000e+04
1.812778906250000000e+04
1.619918847656250000e+04
1.828266992187500000e+04
2.030072265625000000e+04
1.919619140625000000e+04
2.259034375000000000e+04
1.821187890625000000e+04
1.820303320312500000e+04
2.065976562500000000e+04
1.802048046875000000e+04
1.828080078125000000e+04
2.045481640625000000e+04
2.214314453125000000e+04
1.699728125000000000e+04
1.994418750000000000e+04
2.018606250000000000e+04
1.801781250000000000e+04
1.770548242187500000e+04
1.893676171875000000e+04
1.804714843750000000e+04
1.868321093750000000e+04
1.837514257812500000e+04
2.092214843750000000e+04
2.200656835937500000e+04
1.982992187500000000e+04
1.825874804687500000e+04
1.707129296875000000e+04
1.460277343750000000e+04
1.972236328125000000e+04
1.761356640625000000e+04
2.179493164062500000e+04
1.634051269531250000e+04
1.934807226562500000e+04
1.764837695312500000e+04
1.763017968750000000e+04
1.859677539062500000e+04
1.860232812500000000e+04
1.814961523437500000e+04
1.806545703125000000e+04
1.980407812500000000e+04
2.175827929687500000e+04
2.020210937500000000e+04
1.451213281250000000e+04
1.801829296875000000e+04
1.792852539062500000e+04
2.065268164062500000e+04
1.730449804687500000e+04
1.926386523437500000e+04
1.837959179687500000e+04
1.829614453125000000e+04
1.838354296875000000e+04
1.793462890625000000e+04
2.024661132812500000e+04
1.912927343750000000e+04
1.979527929687500000e+04
1.742338281250000000e+04
1.784969921875000000e+04
2.151419531250000000e+04
1.781145312500000000e+04
2.151568750000000000e+04
2.109702148437500000e+04
2.018300781250000000e+04
1.850477539062500000e+04
1.882293554687500000e+04
2.141647460937500000e+04
1.871930859375000000e+04
2.202191210937500000e+04
1.968737500000000000e+04
1.742335937500000000e+04
2.124875000000000000e+04
1.831999414062500000e+04
2.193127343750000000e+04
2.218294335937500000e+04
2.021696484375000000e+04
2.407596484375000000e+04
2.120634375000000000e+04
2.170998632812500000e+04
2.321752343750000000e+04
2.126767968750000000e+04
1.950147851562500000e+04
1.962227929687500000e+04
2.101410742187500000e+04
2.223516210937500000e+04
2.154801562500000000e+04
2.100449414062500000e+04
1.911621289062500000e+04
2.074243750000000000e+04
2.088263281250000000e+04
1.842261718750000000e+04
2.124457031250000000e+04
2.147853515625000000e+04
2.392229687500000000e+04
2.336270507812500000e+04
1.927463671875000000e+04
2.150243164062500000e+04
2.146346093750000000e+04
2.082376953125000000e+04
2.098170507812500000e+04
2.069804687500000000e+04
1.995121679687500000e+04
2.261569921875000000e+04
2.256799023437500000e+04
2.443148828125000000e+04
1.934687109375000000e+04
2.021529882812500000e+04
2.176042578125000000e+04
2.045301562500000000e+04
2.437999023437500000e+04
2.238210156250000000e+04
2.553029296875000000e+04
2.295313281250000000e+04
2.290766601562500000e+04
2.266250000000000000e+04
2.259783984375000000e+04
2.208609960937500000e+04
2.310959765625000000e+04
2.565073828125000000e+04
2.559351953125000000e+04
2.285788085937500000e+04
2.498410937500000000e+04
2.561740429687500000e+04
2.214002343750000000e+04
2.575178125000000000e+04
2.320478320312500000e+04
2.215106640625000000e+04
2.715134375000000000e+04
2.545947656250000000e+04
2.156432812500000000e+04
2.343360546875000000e+04
2.213464453125000000e+04
2.509375000000000000e+04
2.079892187500000000e+04
2.445113671875000000e+04
2.633712109375000000e+04
2.262406250000000000e+04
2.521899414062500000e+04
2.381689257812500000e+04
2.677553906250000000e+04
2.472493750000000000e+04
2.572486328125000000e+04
2.876259765625000000e+04
2.402694140625000000e+04
2.488733984375000000e+04
2.762202734375000000e+04
3.006889843750000000e+04
2.592635937500000000e+04
2.280442968750000000e+04
2.840724218750000000e+04
2.976612500000000000e+04
2.746419531250000000e+04
2.686101757812500000e+04
2.585342187500000000e+04
2.954196875000000000e+04
2.694485937500000000e+04
2.899842578125000000e+04
2.743093164062500000e+04
2.627254101562500000e+04
2.841805468750000000e+04
2.616968750000000000e+04
2.797554882812500000e+04
2.958295703125000000e+04
2.901410937500000000e+04
2.842980664062500000e+04
2.801921875000000000e+04
2.677862304687500000e+04
2.734866796875000000e+04
3.046271093750000000e+04
2.519620117187500000e+04
3.025798828125000000e+04
2.995272265625000000e+04
2.762810937500000000e+04
2.639501953125000000e+04
2.911678515625000000e+04
3.040954296875000000e+04
2.891022070312500000e+04
3.002355468750000000e+04
2.673516015625000000e+04
2.924345312500000000e+04
3.099195312500000000e+04
3.132845507812500000e+04
3.064532812500000000e+04
2.728075781250000000e+04
2.689900195312500000e+04
3.091431445312500000e+04
3.242080468750000000e+04
2.969737890625000000e+04
2.907251953125000000e+04
2.762126757812500000e+04
3.359962500000000000e+04
2.903987304687500000e+04
3.056073828125000000e+04
3.062005078125000000e+04
3.172977343750000000e+04
2.987432812500000000e+04
3.654685937500000000e+04
2.917287500000000000e+04
3.000835351562500000e+04
3.215384179687500000e+04
2.804683398437500000e+04
3.059193750000000000e+04
3.160498828125000000e+04
3.490047265625000000e+04
3.085274804687500000e+04
2.896530468750000000e+04
3.163234765625000000e+04
3.052669140625000000e+04
3.378954296875000000e+04
3.322337500000000000e+04
3.174021093750000000e+04
3.048455273437500000e+04
3.108492578125000000e+04
3.245893164062500000e+04
3.186855078125000000e+04
3.396846875000000000e+04
3.167788085937500000e+04
2.923940234375000000e+04
3.108380078125000000e+04
3.265829492187500000e+04
3.502848828125000000e+04
3.355710937500000000e+04
3.499317968750000000e+04
3.156106640625000000e+04
3.686314453125000000e+04
3.536943750000000000e+04
3.290508984375000000e+04
3.194796484375000000e+04
3.322248828125000000e+04
3.479039062500000000e+04
3.330939843750000000e+04
3.346043750000000000e+04
3.408648437500000000e+04
3.413015625000000000e+04
3.194461914062500000e+04
2.768240625000000000e+04
3.257843750000000000e+04
3.164389453125000000e+04
3.209453710937500000e+04
3.414121093750000000e+04
3.752189843750000000e+04
3.278631640625000000e+04
3.371104296875000000e+04
3.293802343750000000e+04
3.534824609375000000e+04
3.595789843750000000e+04
3.437929296875000000e+04
3.404546875000000000e+04
3.452327734375000000e+04
3.470080859375000000e+04
3.324718750000000000e+04
3.769987500000000000e+04
3.213300976562500000e+04
3.454158203125000000e+04
3.328053906250000000e+04
3.629982812500000000e+04
3.429472656250000000e+04
3.552223437500000000e+04
3.560784765625000000e+04
3.986921875000000000e+04
3.629468750000000000e+04
3.441758593750000000e+04
3.625924218750000000e+04
3.657980468750000000e+04
3.445676562500000000e+04
3.192480078125000000e+04
4.033274218750000000e+04
3.821109765625000000e+04
4.101007812500000000e+04
3.846707421875000000e+04
3.672936328125000000e+04
3.201754101562500000e+04
3.969376953125000000e+04
4.122866406250000000e+04
4.361367187500000000e+04
3.522733984375000000e+04
4.081730859375000000e+04
3.832993750000000000e+04
3.765700390625000000e+04
4.187360937500000000e+04
4.028659375000000000e+04
3.716587500000000000e+04
3.677291796875000000e+04
4.102155078125000000e+04
3.921643359375000000e+04
4.200326953125000000e+04
4.264334765625000000e+04
3.894204687500000000e+04
4.050074609375000000e+04
4.089299218750000000e+04
4.174844531250000000e+04
3.399523437500000000e+04
3.964660156250000000e+04
4.092753125000000000e+04
3.861947656250000000e+04
4.012457031250000000e+04
4.099529687500000000e+04
4.025895312500000000e+04
4.477731250000000000e+04
4.135144140625000000e+04
4.136328125000000000e+04
3.960631250000000000e+04
4.117787500000000000e+04
4.327772656250000000e+04
4.132635546875000000e+04
4.094849609375000000e+04
4.743712890625000000e+04
4.503505078125000000e+04
4.225596093750000000e+04
4.510471093750000000e+04
4.210138281250000000e+04
4.293783984375000000e+04
4.299356250000000000e+04
4.324827343750000000e+04
4.353913281250000000e+04
4.561983593750000000e+04
4.371720312500000000e+04
4.416319531250000000e+04
4.286164843750000000e+04
4.305383593750000000e+04
4.672315234375000000e+04
4.651065234375000000e+04
4.715649218750000000e+04
4.490622265625000000e+04
4.286800390625000000e+04
4.542028906250000000e+04
4.556907031250000000e+04
4.667100000000000000e+04
4.259245703125000000e+04
4.490617187500000000e+04
4.317645312500000000e+04
4.503197656250000000e+04
4.068996484375000000e+04
4.797894531250000000e+04
4.863186718750000000e+04
4.414835156250000000e+04
4.138041015625000000e+04
4.582550000000000000e+04
4.469221484375000000e+04
4.305490625000000000e+04
4.606975390625000000e+04
4.257069531250000000e+04
4.260334765625000000e+04
4.468436718750000000e+04
5.574068750000000000e+04
5.154711718750000000e+04
5.573781640625000000e+04
6.292148437500000000e+04
5.787541406250000000e+04
6.625196093750000000e+04
6.432918750000000000e+04
7.023410156250000000e+04
6.687960156250000000e+04
6.855026562500000000e+04
6.390784375000000000e+04
7.144338281250000000e+04
6.806425000000000000e+04
7.162791406250000000e+04
7.672920312500000000e+04
7.088221875000000000e+04
7.207652343750000000e+04
8.048455468750000000e+04
8.028720312500000000e+04
7.426135156250000000e+04
7.914414843750000000e+04
8.056753125000000000e+04
7.954548437500000000e+04
7.354072656250000000e+04
7.350477343750000000e+04
7.505109375000000000e+04
7.681799218750000000e+04
6.988350000000000000e+04
8.815328906250000000e+04
6.783473437500000000e+04
7.462931250000000000e+04
7.168450000000000000e+04
7.501217187500000000e+04
6.838731250000000000e+04
8.057927343750000000e+04
7.850158593750000000e+04
8.073942968750000000e+04
8.467509375000000000e+04
8.168831250000000000e+04
6.710710937500000000e+04
7.883882031250000000e+04
7.940418750000000000e+04
6.800546875000000000e+04
6.361367187500000000e+04
7.261125000000000000e+04
6.401221875000000000e+04
6.976760156250000000e+04
8.279914062500000000e+04
6.196416406250000000e+04
7.071222656250000000e+04
7.100839062500000000e+04
7.783859375000000000e+04
6.925768750000000000e+04
6.697720312500000000e+04
6.446707421875000000e+04
6.368328906250000000e+04
6.479666015625000000e+04
7.119385937500000000e+04
6.696351562500000000e+04
5.729277734375000000e+04
5.499703515625000000e+04
5.678447656250000000e+04
6.099625390625000000e+04
5.300051562500000000e+04
5.872085156250000000e+04
6.119100781250000000e+04
5.565733203125000000e+04
5.619896484375000000e+04
4.990238281250000000e+04
5.855894531250000000e+04
5.266500000000000000e+04
5.833572656250000000e+04
5.194309375000000000e+04
5.257069921875000000e+04
5.474414843750000000e+04
5.110199218750000000e+04
5.562503515625000000e+04
4.701103125000000000e+04
5.193987500000000000e+04
4.787028515625000000e+04
5.547984375000000000e+04
4.554226562500000000e+04
4.560882031250000000e+04
5.438842968750000000e+04
4.798992578125000000e+04
4.798648046875000000e+04
5.053068359375000000e+04
4.808960937500000000e+04
4.913971093750000000e+04
4.696720312500000000e+04
4.787653125000000000e+04
4.369133984375000000e+04
4.186690625000000000e+04
4.517381250000000000e+04
4.108939843750000000e+04
4.583519531250000000e+04
4.655144531250000000e+04
4.443128125000000000e+04
4.287194531250000000e+04
4.454674218750000000e+04
4.449674218750000000e+04
4.257420703125000000e+04
4.504091406250000000e+04
4.262782031250000000e+04
4.399767187500000000e+04
4.305555859375000000e+04
4.615395312500000000e+04
4.818526562500000000e+04
4.471696484375000000e+04
4.724179296875000000e+04
4.134219531250000000e+04
4.343891406250000000e+04
4.549841406250000000e+04
4.562908984375000000e+04
4.904542968750000000e+04
4.549398046875000000e+04
4.850453906250000000e+04
4.350304687500000000e+04
5.275371875000000000e+04
5.165594531250000000e+04
4.900498046875000000e+04
4.584187500000000000e+04
4.414653906250000000e+04
5.073163281250000000e+04
4.772383593750000000e+04
4.958097656250000000e+04
4.496192187500000000e+04
4.982165625000000000e+04
5.309958984375000000e+04
4.989911718750000000e+04
5.006714843750000000e+04
4.976660937500000000e+04
4.759303906250000000e+04
4.755183593750000000e+04
4.527336718750000000e+04
4.799824218750000000e+04
5.060725781250000000e+04
5.403958593750000000e+04
5.013890625000000000e+04
4.590264453125000000e+04
4.326653906250000000e+04
4.179493750000000000e+04
4.439746875000000000e+04
4.486333593750000000e+04
4.601448828125000000e+04
4.280598437500000000e+04
4.046723828125000000e+04
4.298264453125000000e+04
4.538769140625000000e+04
3.860959375000000000e+04
4.587947656250000000e+04
4.266636718750000000e+04
4.560435937500000000e+04
4.220169531250000000e+04
4.128856250000000000e+04
4.419037890625000000e+04
3.967733203125000000e+04
4.223240625000000000e+04
4.290013281250000000e+04
4.602733203125000000e+04
4.659500781250000000e+04
4.054841796875000000e+04
3.848953515625000000e+04
4.302273828125000000e+04
4.180469531250000000e+04
4.241728125000000000e+04
3.597658984375000000e+04
4.270618750000000000e+04
3.997787500000000000e+04
4.457371484375000000e+04
4.285486328125000000e+04
4.708407031250000000e+04
3.700361718750000000e+04
4.193299218750000000e+04
4.303981250000000000e+04
4.671036718750000000e+04
4.899132031250000000e+04
4.558280468750000000e+04
4.306616406250000000e+04
4.077560546875000000e+04
4.810119531250000000e+04
4.180246093750000000e+04
4.928907812500000000e+04
4.162546093750000000e+04
3.881843750000000000e+04
4.676216796875000000e+04
4.611054296875000000e+04
4.849276171875000000e+04
4.431978515625000000e+04
4.436214062500000000e+04
4.036497656250000000e+04
4.128402734375000000e+04
4.592455859375000000e+04
4.835359375000000000e+04
4.222399218750000000e+04
3.954927734375000000e+04
4.657053125000000000e+04
4.191291406250000000e+04
3.863766406250000000e+04
4.256655468750000000e+04
4.180781250000000000e+04
4.345536328125000000e+04
3.916407031250000000e+04
4.464166406250000000e+04
4.523949218750000000e+04
4.107336718750000000e+04
4.202887500000000000e+04
3.246519335937500000e+04
4.106962500000000000e+04
4.178800390625000000e+04
4.720224218750000000e+04
4.571887109375000000e+04
4.579029687500000000e+04
4.450123437500000000e+04
4.396384765625000000e+04
4.807762500000000000e+04
4.493528125000000000e+04
5.034423828125000000e+04
4.613062500000000000e+04
4.406964062500000000e+04
4.649657031250000000e+04
5.371071875000000000e+04
4.587705859375000000e+04
4.500597656250000000e+04
4.325339843750000000e+04
4.382613281250000000e+04
3.995779296875000000e+04
4.738868750000000000e+04
4.910216015625000000e+04
4.375579687500000000e+04
5.826787890625000000e+04
4.771909375000000000e+04
5.057748046875000000e+04
4.875692187500000000e+04
4.638003515625000000e+04
5.564805468750000000e+04
5.415601562500000000e+04
5.330908593750000000e+04
4.998932031250000000e+04
4.939529687500000000e+04
3.660220312500000000e+04
5.139000000000000000e+04
4.326147656250000000e+04
4.755723828125000000e+04
4.562941406250000000e+04
4.764755078125000000e+04
4.764092187500000000e+04
4.072385546875000000e+04
4.125716015625000000e+04
5.014817968750000000e+04
4.638906250000000000e+04
4.171887500000000000e+04
4.681947656250000000e+04
4.390541796875000000e+04
3.883548046875000000e+04
4.504494140625000000e+04
4.943902343750000000e+04
5.416214062500000000e+04
3.973887500000000000e+04
5.027319531250000000e+04
4.540241406250000000e+04
5.094783984375000000e+04
4.822102343750000000e+04
4.788451562500000000e+04
4.512074609375000000e+04
4.290387890625000000e+04
4.374035156250000000e+04
3.936003125000000000e+04
5.095207812500000000e+04
4.012621093750000000e+04
3.986223437500000000e+04
4.476118359375000000e+04
4.110715234375000000e+04
4.636946875000000000e+04
4.490789843750000000e+04
4.500453515625000000e+04
4.485250390625000000e+04
4.252679687500000000e+04
3.945537500000000000e+04
4.026755468750000000e+04
4.526582812500000000e+04
3.909025000000000000e+04
4.085342968750000000e+04
3.961958984375000000e+04
4.099540234375000000e+04
4.535516796875000000e+04
4.874276171875000000e+04
4.091528125000000000e+04
4.058570703125000000e+04
4.660220312500000000e+04
4.060180468750000000e+04
3.874610546875000000e+04
4.454980859375000000e+04
4.666205859375000000e+04
4.091307812500000000e+04
4.330200000000000000e+04
4.581504687500000000e+04
4.282804687500000000e+04
3.825341015625000000e+04
4.257789453125000000e+04
3.686202734375000000e+04
3.787038281250000000e+04
4.361542578125000000e+04
4.087312500000000000e+04
4.489989062500000000e+04
4.002604687500000000e+04
4.316209765625000000e+04
3.788664453125000000e+04
3.845836328125000000e+04
4.397082031250000000e+04
3.554812890625000000e+04
4.217839843750000000e+04
3.813750781250000000e+04
3.965764062500000000e+04
3.979567968750000000e+04
3.963282031250000000e+04
4.485923437500000000e+04
4.538240625000000000e+04
4.682089843750000000e+04
4.486869531250000000e+04
4.083645703125000000e+04
4.004054296875000000e+04
3.812981250000000000e+04
4.208208984375000000e+04
4.857427343750000000e+04
4.394483203125000000e+04
4.207717968750000000e+04
4.177566796875000000e+04
4.226781250000000000e+04
4.213122656250000000e+04
3.867139843750000000e+04
4.014118359375000000e+04
4.083423828125000000e+04
4.644335937500000000e+04
4.322812500000000000e+04
4.772521875000000000e+04
4.717238281250000000e+04
4.199259375000000000e+04
4.516468750000000000e+04
3.819305859375000000e+04
4.407333203125000000e+04
4.296168750000000000e+04
4.057614453125000000e+04
3.603339062500000000e+04
4.586565625000000000e+04
4.007305468750000000e+04
4.471983203125000000e+04
4.077098046875000000e+04
4.403804296875000000e+04
4.166928125000000000e+04
3.696128906250000000e+04
4.933912890625000000e+04
4.200580468750000000e+04
3.980634765625000000e+04
4.033643359375000000e+04
4.319000390625000000e+04
3.885473828125000000e+04
4.441237890625000000e+04
3.509730078125000000e+04
4.314501171875000000e+04
3.286108203125000000e+04
4.020143750000000000e+04
3.125893554687500000e+04
4.307362500000000000e+04
3.854450000000000000e+04
4.131821875000000000e+04
4.146026562500000000e+04
3.710716015625000000e+04
4.170535937500000000e+04
3.190927343750000000e+04
3.634560156250000000e+04
3.522169140625000000e+04
3.710563281250000000e+04
4.088499218750000000e+04
3.451372656250000000e+04
3.407922265625000000e+04
3.403283984375000000e+04
3.142724023437500000e+04
3.363509375000000000e+04
2.917998828125000000e+04
3.561952343750000000e+04
3.549108984375000000e+04
3.436198437500000000e+04
3.284103125000000000e+04
3.012657031250000000e+04
3.140189843750000000e+04
3.329138671875000000e+04
3.489566406250000000e+04
3.090752734375000000e+04
3.569672265625000000e+04
3.288147656250000000e+04
3.103375195312500000e+04
3.187646093750000000e+04
3.284690625000000000e+04
3.471011328125000000e+04
3.549833984375000000e+04
3.287325000000000000e+04
3.600428906250000000e+04
3.773285937500000000e+04
2.989251757812500000e+04
3.595112500000000000e+04
2.982199609375000000e+04
3.300449609375000000e+04
2.655260937500000000e+04
2.851329296875000000e+04
3.129524218750000000e+04
3.439824218750000000e+04
3.062605468750000000e+04
2.853939062500000000e+04
3.303325000000000000e+04
3.152166796875000000e+04
3.136149609375000000e+04
3.283606640625000000e+04
3.361461718750000000e+04
2.709095703125000000e+04
2.616471289062500000e+04
3.007937304687500000e+04
3.249291406250000000e+04
3.174945703125000000e+04
2.898354492187500000e+04
3.091705078125000000e+04
3.232052734375000000e+04
3.402077343750000000e+04
3.639278515625000000e+04
3.514915234375000000e+04
3.280945312500000000e+04
3.253594921875000000e+04
3.144156250000000000e+04
3.264924804687500000e+04
3.136401562500000000e+04
3.181366406250000000e+04
3.273756640625000000e+04
3.079131640625000000e+04
3.238128125000000000e+04
3.132683007812500000e+04
3.117202148437500000e+04
2.568836132812500000e+04
3.163073437500000000e+04
2.928230664062500000e+04
2.974552929687500000e+04
2.968049218750000000e+04
3.020317773437500000e+04
3.113307812500000000e+04
3.207721875000000000e+04
2.735301562500000000e+04
3.008243359375000000e+04
3.074257812500000000e+04
3.240875390625000000e+04
3.363847265625000000e+04
3.408887109375000000e+04
3.080671484375000000e+04
2.862503710937500000e+04
3.271198632812500000e+04
2.882469921875000000e+04
2.864709960937500000e+04
3.501636718750000000e+04
3.072735937500000000e+04
2.959326562500000000e+04
2.886777343750000000e+04
3.039791406250000000e+04
2.862319921875000000e+04
2.755411328125000000e+04
2.628991015625000000e+04
3.018368750000000000e+04
2.593549218750000000e+04
2.768787109375000000e+04
2.806435742187500000e+04
2.790462304687500000e+04
3.073212109375000000e+04
2.836217382812500000e+04
2.571299804687500000e+04
2.813931640625000000e+04
2.754638281250000000e+04
2.549761523437500000e+04
3.429092187500000000e+04
2.605262500000000000e+04
2.803358203125000000e+04
3.018297265625000000e+04
2.812934179687500000e+04
2.903748046875000000e+04
2.522436523437500000e+04
2.629056054687500000e+04
3.096373046875000000e+04
3.063820117187500000e+04
3.055244140625000000e+04
2.945876953125000000e+04
3.038119140625000000e+04
2.871517578125000000e+04
2.818409179687500000e+04
3.004572851562500000e+04
2.728062500000000000e+04
2.894200000000000000e+04
2.609932421875000000e+04
2.647979882812500000e+04
3.023665820312500000e+04
2.865986718750000000e+04
2.572811132812500000e+04
2.477881640625000000e+04
3.018868750000000000e+04
2.825800585937500000e+04
2.600470703125000000e+04
3.054816015625000000e+04
2.658186328125000000e+04
2.534399609375000000e+04
3.030787890625000000e+04
3.158982031250000000e+04
3.003073437500000000e+04
2.531379296875000000e+04
2.422761132812500000e+04
3.172332226562500000e+04
2.802624218750000000e+04
2.832105078125000000e+04
2.585705078125000000e+04
2.656441406250000000e+04
3.307517968750000000e+04
2.744000585937500000e+04
2.803327734375000000e+04
2.915454296875000000e+04
3.141484570312500000e+04
3.206401757812500000e+04
2.955678125000000000e+04
2.854812500000000000e+04
2.752901953125000000e+04
3.099342578125000000e+04
2.861564062500000000e+04
2.957410546875000000e+04
2.984831250000000000e+04
3.070198828125000000e+04
3.069084960937500000e+04
2.949459765625000000e+04
3.148290039062500000e+04
2.635074414062500000e+04
3.452657421875000000e+04
3.372711328125000000e+04
2.770574609375000000e+04
3.266206640625000000e+04
3.134790625000000000e+04
3.295654687500000000e+04
3.796738281250000000e+04
2.890691015625000000e+04
3.258680078125000000e+04
2.459663085937500000e+04
2.911127929687500000e+04
3.038747070312500000e+04
3.352709375000000000e+04
3.023663476562500000e+04
3.023980859375000000e+04
3.234149414062500000e+04
3.075729687500000000e+04
3.362910156250000000e+04
3.293357421875000000e+04
2.664625976562500000e+04
3.236713281250000000e+04
3.535009765625000000e+04
2.973658984375000000e+04
3.546146484375000000e+04
3.001546093750000000e+04
2.939998632812500000e+04
2.837460546875000000e+04
3.196637890625000000e+04
3.082702343750000000e+04
3.027850781250000000e+04
2.942866015625000000e+04
3.312692187500000000e+04
3.567557421875000000e+04
3.548982812500000000e+04
3.108940429687500000e+04
3.160041406250000000e+04
3.060894335937500000e+04
2.695698046875000000e+04
3.332124218750000000e+04
2.847433593750000000e+04
3.309676171875000000e+04
3.171737695312500000e+04
3.532816406250000000e+04
3.266163281250000000e+04
3.323625781250000000e+04
3.353632812500000000e+04
3.162532031250000000e+04
3.432407812500000000e+04
2.975767773437500000e+04
3.166143164062500000e+04
3.578489453125000000e+04
3.421474218750000000e+04
2.887771484375000000e+04
2.826053320312500000e+04
3.444717578125000000e+04
3.523286718750000000e+04
2.623938281250000000e+04
3.725760156250000000e+04
3.063620312500000000e+04
3.311786718750000000e+04
3.650808203125000000e+04
3.536707812500000000e+04
3.536132421875000000e+04
3.056041210937500000e+04
2.511967968750000000e+04
3.134861132812500000e+04
3.464532812500000000e+04
3.482326953125000000e+04
3.641503125000000000e+04
2.780118945312500000e+04
3.122020117187500000e+04
3.231453125000000000e+04
3.570579296875000000e+04
3.620778515625000000e+04
3.609338281250000000e+04
2.984911718750000000e+04
2.723390625000000000e+04
3.250721093750000000e+04
3.474790234375000000e+04
3.190805468750000000e+04
3.859698437500000000e+04
3.264284765625000000e+04
3.203230664062500000e+04
2.792942968750000000e+04
3.144281250000000000e+04
2.831446679687500000e+04
3.571200390625000000e+04
3.477034765625000000e+04
3.407664843750000000e+04
3.194797851562500000e+04
3.522304687500000000e+04
3.416835937500000000e+04
2.904847656250000000e+04
3.375324609375000000e+04
3.321090625000000000e+04
3.235333398437500000e+04
3.864335937500000000e+04
3.712692187500000000e+04
2.551846875000000000e+04
3.268309375000000000e+04
2.867612109375000000e+04
3.546098437500000000e+04
2.920621093750000000e+04
3.459602343750000000e+04
2.947206640625000000e+04
3.055483984375000000e+04
3.166340234375000000e+04
3.460107812500000000e+04
3.205165234375000000e+04
3.101214453125000000e+04
3.159891992187500000e+04
3.736308593750000000e+04
2.589830468750000000e+04
3.826101953125000000e+04
2.882041796875000000e+04
3.388712500000000000e+04
3.550848437500000000e+04
3.475407812500000000e+04
2.872221484375000000e+04
2.959674804687500000e+04
3.442592187500000000e+04
3.693580468750000000e+04
2.671464453125000000e+04
3.281221875000000000e+04
3.637453906250000000e+04
3.485653906250000000e+04
2.795795312500000000e+04
2.817467187500000000e+04
3.152989648437500000e+04
3.867875781250000000e+04
3.281301171875000000e+04
3.519863671875000000e+04
3.329107812500000000e+04
3.508816796875000000e+04
3.609789843750000000e+04
3.584864453125000000e+04
3.298331640625000000e+04
2.932637890625000000e+04
3.229713476562500000e+04
3.029270898437500000e+04
3.622579687500000000e+04
3.484027734375000000e+04
3.097759179687500000e+04
3.473384765625000000e+04
3.341458593750000000e+04
3.445530468750000000e+04
3.444388281250000000e+04
3.046888281250000000e+04
3.128109179687500000e+04
3.364279296875000000e+04
3.728798437500000000e+04
3.696986718750000000e+04
3.222479296875000000e+04
2.925376367187500000e+04
3.230094140625000000e+04
2.906277343750000000e+04
2.930827343750000000e+04
3.476752343750000000e+04
3.174904296875000000e+04
3.772256250000000000e+04
3.844158203125000000e+04
3.313482421875000000e+04
3.736223437500000000e+04
3.209639062500000000e+04
3.760503125000000000e+04
3.295082812500000000e+04
3.151589062500000000e+04
3.117633593750000000e+04
3.723448437500000000e+04
3.156049609375000000e+04
3.364393750000000000e+04
3.683409765625000000e+04
3.447747656250000000e+04
3.708296093750000000e+04
3.848335937500000000e+04
3.537143359375000000e+04
3.472416015625000000e+04
3.468834375000000000e+04
3.637258593750000000e+04
3.841733984375000000e+04
3.408694531250000000e+04
3.435880468750000000e+04
3.180429687500000000e+04
2.598667968750000000e+04
3.888387500000000000e+04
3.164833203125000000e+04
2.960552929687500000e+04
3.725367968750000000e+04
3.559931640625000000e+04
3.214661132812500000e+04
2.893286523437500000e+04
3.124031250000000000e+04
3.598760937500000000e+04
3.423116796875000000e+04
3.401868359375000000e+04
3.440355078125000000e+04
2.803355468750000000e+04
3.764685156250000000e+04
3.749586328125000000e+04
3.934397656250000000e+04
3.326373828125000000e+04
2.550678125000000000e+04
3.497838671875000000e+04
3.072266796875000000e+04
3.071806640625000000e+04
3.442434765625000000e+04
3.217908203125000000e+04
3.360848437500000000e+04
3.387064843750000000e+04
3.612583593750000000e+04
3.315608984375000000e+04
3.716994531250000000e+04
3.257551757812500000e+04
3.258032031250000000e+04
3.522396875000000000e+04
3.106462304687500000e+04
3.459816406250000000e+04
4.017889453125000000e+04
3.318224218750000000e+04
3.293188671875000000e+04
3.521860156250000000e+04
3.433620312500000000e+04
3.165950195312500000e+04
3.361966406250000000e+04
3.647781640625000000e+04
4.272851562500000000e+04
3.643169140625000000e+04
3.271875390625000000e+04
3.462294531250000000e+04
3.340304687500000000e+04
3.387553125000000000e+04
3.233059765625000000e+04
3.463025390625000000e+04
3.098488671875000000e+04
3.379471093750000000e+04
3.928849218750000000e+04
3.562545312500000000e+04
3.296525000000000000e+04
3.209470703125000000e+04
3.398518750000000000e+04
3.488966406250000000e+04
3.927750781250000000e+04
3.702773046875000000e+04
3.119481054687500000e+04
2.781264453125000000e+04
3.730633593750000000e+04
3.611682812500000000e+04
3.353614453125000000e+04
3.018557617187500000e+04
4.106592578125000000e+04
2.827958203125000000e+04
3.222579296875000000e+04
3.461837500000000000e+04
3.344425781250000000e+04
3.291003906250000000e+04
3.406302343750000000e+04
3.673936718750000000e+04
3.739094531250000000e+04
3.555624218750000000e+04
3.420341406250000000e+04
2.906432812500000000e+04
3.584443750000000000e+04
3.046511914062500000e+04
3.289577343750000000e+04
3.617189843750000000e+04
3.069960546875000000e+04
3.182679492187500000e+04
3.377664453125000000e+04
3.327301562500000000e+04
3.490544921875000000e+04
3.206847070312500000e+04
2.703786718750000000e+04
3.027053906250000000e+04
3.164011523437500000e+04
3.616809375000000000e+04
3.185718359375000000e+04
2.785916406250000000e+04
3.059010351562500000e+04
3.808413671875000000e+04
3.895426953125000000e+04
3.918191015625000000e+04
3.350648437500000000e+04
3.493452343750000000e+04
3.180105664062500000e+04
3.061314453125000000e+04
3.755987500000000000e+04
3.148529492187500000e+04
3.444051953125000000e+04
3.660527343750000000e+04
3.617108984375000000e+04
3.095514648437500000e+04
3.295057812500000000e+04
3.785582031250000000e+04
3.560717968750000000e+04
3.484069531250000000e+04
3.444480859375000000e+04
3.190693945312500000e+04
3.420566015625000000e+04
3.603500000000000000e+04
3.292202734375000000e+04
3.673051562500000000e+04
3.278480468750000000e+04
2.836650000000000000e+04
3.545142187500000000e+04
4.202734375000000000e+04
3.836232812500000000e+04
3.264654687500000000e+04
3.245111328125000000e+04
2.963573242187500000e+04
3.401650781250000000e+04
3.961960937500000000e+04
3.573153906250000000e+04
3.231696484375000000e+04
3.653682421875000000e+04
4.045691406250000000e+04
3.762550000000000000e+04
3.732665625000000000e+04
4.084826562500000000e+04
4.463472656250000000e+04
4.003218359375000000e+04
3.883725000000000000e+04
3.177700000000000000e+04
3.979854687500000000e+04
3.493050781250000000e+04
3.275110546875000000e+04
3.429596093750000000e+04
2.912075390625000000e+04
3.638130468750000000e+04
3.500605078125000000e+04
3.762911328125000000e+04
3.382901953125000000e+04
3.373221093750000000e+04
3.058639062500000000e+04
3.858712890625000000e+04
3.469566015625000000e+04
3.702910937500000000e+04
3.423129687500000000e+04
3.321451562500000000e+04
3.976607031250000000e+04
3.098289648437500000e+04
3.235958593750000000e+04
3.722907812500000000e+04
3.498109375000000000e+04
3.753187890625000000e+04
3.141385546875000000e+04
3.940642187500000000e+04
3.881028125000000000e+04
3.463864062500000000e+04
3.615098437500000000e+04
3.259196875000000000e+04
3.541146875000000000e+04
3.353447656250000000e+04
3.738681250000000000e+04
3.025434765625000000e+04
3.206805664062500000e+04
3.873938281250000000e+04
3.606159765625000000e+04
3.775664062500000000e+04
3.964308984375000000e+04
3.104606640625000000e+04
3.659881250000000000e+04
4.096419531250000000e+04
3.504157812500000000e+04
3.278912109375000000e+04
4.237971875000000000e+04
2.767569531250000000e+04
3.513748437500000000e+04
4.076324609375000000e+04
3.452335156250000000e+04
3.822172656250000000e+04
3.629259375000000000e+04
3.174076953125000000e+04
3.211878320312500000e+04
2.963556445312500000e+04
3.733977734375000000e+04
3.874527343750000000e+04
3.571274218750000000e+04
3.577147656250000000e+04
3.267343945312500000e+04
