1.930498164753127276e+04
1.659576761291049843e+04
1.835397140775021398e+04
1.878924123339478319e+04
1.705301156040923888e+04
1.554166446534273928e+04
2.191099974139052574e+04
1.366411143493981763e+04
1.473249345898337197e+04
1.384763971727344688e+04
1.681865812456616550e+04
1.227602995491648835e+04
2.116281503394326137e+04
1.584091411678815166e+04
1.230317990820872365e+04
1.574722100646304534e+04
1.282918972632349505e+04
1.604411119770632286e+04
1.281515770211737799e+04
1.829620458930471068e+04
1.890384660754976358e+04
8.708855446329274855e+03
1.860658450497709782e+04
1.359029074910118288e+04
1.263598463518074459e+04
2.047950173297906076e+04
1.178523540861932634e+04
1.680560976021649185e+04
1.207332666342571247e+04
1.953061466341454798e+04
