-1.112000000000000000e+03
2.540920895000182099e+03
2.012171193540266540e+04
1.029166631281266200e+04
1.557787469699246139e+04
9.245863126683565497e+03
1.908186261716844820e+04
1.488005358004450136e+04
3.801052593275643449e+04
3.227796218245323325e+04
5.287109417797136302e+03
9.019153904817815146e+02
2.783662851197778946e+04
5.143122267124957943e+03
3.541095376937628316e+04
1.536753950153486039e+04
3.000305060291570044e+03
9.847549233030604228e+03
1.782429607973116799e+04
8.139725793372847875e+03
1.137481830338321197e+04
6.538557083648309344e+04
1.922278295048296422e+04
2.942786419033115453e+04
2.641943656447563990e+04
6.727055378410642334e+03
4.054028964785698918e+04
1.104520372658258202e+04
3.253433628982350456e+03
1.332956513866489877e+04
4.235357789798997146e+03
2.051764818102708523e+04
9.293415085510367135e+03
2.008388714498032641e+04
1.778966366843085780e+03
1.479424580315556523e+04
3.353258171855737601e+04
1.560371726771438261e+04
1.018168247147287184e+04
8.837988680441652832e+03
2.427391982229015412e+04
9.275568642425030703e+03
1.963870123955811869e+04
3.714102485915725538e+03
1.144410487226558644e+03
3.798270819158924860e+04
2.542430107533917908e+04
4.206515746611924988e+04
4.347601081238110964e+03
2.518334598361136523e+04
2.462809220179804470e+04
4.917974538782562013e+04
1.392291943037259261e+04
7.202414474089319810e+03
1.711634741339708125e+04
1.230247041635310597e+04
1.838880591630584968e+04
4.683546610585258168e+04
1.792644072571853394e+04
2.053440103652936887e+04
2.321389838950878766e+04
2.178680855945016810e+04
2.488954642301620333e+04
1.873873055356908662e+04
1.251861780359426302e+04
1.658533364699179583e+04
2.788829385648655443e+04
1.954314323675836931e+04
5.628760925694718026e+03
4.828634706685399578e+03
2.202431323006042294e+04
4.159794724502521603e+03
2.199886564479716981e+04
1.222285916748888121e+04
2.124371964237884094e+04
1.743486751876760172e+04
1.145902199150946944e+04
1.071342540889871452e+04
9.100078609046264319e+03
1.287905441801031702e+04
4.285598301976901712e+04
1.576260684082526132e+04
2.253931358524182724e+04
7.198534776824603614e+04
2.200129743756468815e+04
7.959372034721618547e+03
3.240196359854226466e+04
1.287043038769742270e+04
1.591236630975075968e+04
3.543773063500098942e+04
1.907919609596527880e+04
2.951071213375762818e+04
2.356715005138856213e+04
8.552162529818360781e+03
3.327556642293359619e+04
1.380250784351478251e+04
8.511501827840840633e+03
1.091615451388685324e+04
5.194351468252870291e+03
1.354837324174623791e+04
2.867970039197264123e+04
3.681694826967568588e+03
4.528835994840192143e+03
1.100173589081728096e+04
1.400463207555103872e+04
1.760356102347542765e+04
2.290424178677107193e+04
3.427110850907527492e+04
7.708795244110925523e+03
1.120791217555014191e+04
5.116272007847517671e+03
5.533095197259205452e+04
8.848546439484318398e+03
3.122417781445351466e+03
1.093814420267138121e+04
7.652148838655069994e+03
3.325446485311468859e+04
3.426814067585658631e+04
1.141350881430334084e+04
2.388886628308070067e+04
3.890252674091599329e+04
3.160438666313410522e+03
1.904300490475244442e+04
1.714125151373307290e+03
2.752131875475084598e+03
1.375354315531955763e+04
2.557279583768730663e+04
1.550775977455718203e+04
2.734477102110239866e+04
3.461218357301451033e+04
2.014663269071555260e+04
1.700380630976489556e+04
4.077365211238284974e+04
1.702401855507111031e+04
1.684582307955426950e+04
1.001984633843034135e+04
1.639889825469508651e+04
1.390386255547753353e+04
4.802227408754148200e+03
1.985614855311298015e+04
1.301911868954758393e+04
1.593877248632845476e+04
7.234599644230675949e+03
1.016092171471350957e+04
2.328829492037933232e+04
1.060434801318293466e+04
2.742731306780731757e+04
1.069749570750172097e+04
2.215569409293499484e+04
4.301315574087564164e+04
3.226369553743988945e+04
3.262143166036918774e+04
3.248223229599127080e+03
6.193243401785048627e+04
4.255902205805539779e+03
1.662967675703845089e+04
5.774647186054400663e+03
7.501868626630373001e+03
2.712302578606635507e+03
1.092783889781188009e+04
1.660466327811654992e+04
2.356388626321880656e+04
8.497930686866420729e+03
1.092124914100422939e+04
1.940243198677854889e+04
2.123735495273407287e+04
8.688939674907245717e+03
8.503354763436582289e+03
1.077349900226987666e+04
1.230159316081662382e+03
5.897171205018127694e+03
2.943025551931922382e+04
3.670010623408960964e+04
2.137500516616724781e+04
2.877954395101870250e+04
1.505058193439668230e+03
1.552393035011846769e+04
5.954319767316630532e+03
1.529088018561355784e+04
1.311415357847945597e+04
4.409880269853494974e+04
1.079986392826842530e+04
1.048646406519631819e+04
7.657355405071609312e+03
2.674786645781423067e+04
3.433161861930423038e+04
1.312914997438464707e+04
5.851762682727086030e+03
1.551672364921791632e+04
2.978389088759425431e+04
1.963853784670385267e+03
8.923601243099943531e+03
9.346364662610252708e+03
1.046173995058508626e+04
1.344142113878848977e+04
1.981252859055643421e+04
6.031492617437792433e+03
4.936666436418595549e+04
4.191550265031635354e+04
2.662924333169712918e+04
4.141089163665736123e+04
2.014041068873534095e+04
6.575502633548305312e+03
2.113131747402881592e+04
2.764498592999998800e+04
3.163005656997041115e+03
2.993460823330773565e+04
4.358479461821031146e+04
7.940196541740931934e+03
3.734634699007137442e+03
8.792120454737119871e+03
1.694275899902879974e+04
3.252731173341671456e+04
1.299435970547793477e+04
3.162264530597133489e+04
7.060593132211257398e+03
3.703911951469453197e+04
3.379538367782445130e+04
3.097998694521536527e+04
9.374798258922017340e+03
1.067255703100040773e+04
2.934074424986274607e+04
3.715592482710887907e+03
1.566767960389094151e+04
1.750669360529797268e+04
8.320271175721372856e+03
4.793406550782606246e+03
2.272272119125790414e+04
2.646324584562856762e+04
3.653211113218888840e+03
2.072438162767296672e+04
8.234620860018234453e+03
7.748864193041648832e+03
2.664788179489745380e+04
7.177970007221615560e+03
1.903185719560628786e+04
1.712849220957623402e+04
2.326513933191929391e+04
1.336315154632617123e+04
2.381996307457664079e+04
2.228427613601289704e+04
4.457878136520806947e+03
5.643725950321562414e+04
4.369690033080139983e+03
1.563554312991087136e+04
1.779771051598017220e+04
1.186841026812692235e+03
1.662875473718252761e+04
4.468840839459300696e+03
2.726332154591736980e+04
3.371738064411054802e+04
1.702384925026732890e+04
6.246028742905805302e+03
1.531143817219424454e+04
4.430305400864729017e+04
3.439379385716257821e+04
1.583897324513612875e+04
1.894837214855222555e+04
1.960477615685054116e+04
2.164093416454787075e+04
8.401060846481230328e+03
7.497769521961843566e+03
2.215047643203052939e+04
1.142941853280570467e+04
1.532639118653413607e+04
3.112875903368316358e+03
1.685430652368485607e+04
5.163232074047988863e+04
3.206031431271052043e+03
2.001055617436869215e+04
3.862293390884253313e+04
1.087501901653880850e+04
9.543743820831194171e+03
1.631858572976353389e+04
1.133404942035450586e+04
1.137561409914139949e+04
2.089321374887468846e+04
7.775757786920144281e+04
6.772789872942388683e+03
3.500319388904999505e+04
1.129790835669623630e+04
2.885241009436524473e+04
6.540919635396261583e+03
2.290642397230679853e+04
1.973880651436391781e+04
2.516210456108829385e+04
1.857384461776909302e+04
7.987875612690027083e+03
1.528477795839645296e+04
2.162355874180534011e+04
2.286421950516806191e+03
3.549966838997104060e+04
1.429168591324977751e+04
1.134044254324868052e+04
4.912493372447158436e+03
1.456456543291013440e+04
2.938060339329665294e+04
1.556015882516514284e+04
1.578321661788947313e+04
1.179738821473252392e+04
3.507588199520364287e+04
4.348027955202431622e+04
3.025238818037729288e+04
5.729768841798264475e+03
1.220432982902924959e+04
1.943473773344127039e+04
2.011297943983918958e+04
1.998269948984665825e+04
1.154520818171103383e+04
7.219671871747157184e+02
3.672820305972407368e+03
1.192925346566132612e+04
1.186147728898078276e+04
6.327093303421925157e+03
1.266592612470103813e+04
4.687692490912947687e+04
7.999799251960149559e+04
8.970382015437164227e+03
8.818635882262098676e+03
2.603834007335580827e+04
5.177754482324332457e+03
9.077193307756930153e+03
5.334460608198121918e+03
7.651467533887579521e+03
4.362662066127722210e+04
5.036325417778484552e+04
1.629758082456919692e+04
1.007536103310112776e+04
3.926106613860347716e+04
6.356238860564621973e+03
3.369904776231936557e+04
1.517657566821467481e+04
9.370753310394751679e+03
-6.448890471768658017e+02
1.942382925201071885e+03
3.221419571044259283e+04
2.333330869494299623e+04
4.514279357212022296e+04
5.399769496827076182e+03
2.975884275128126683e+04
1.825226418106317578e+04
1.238953248233252816e+04
1.274630385594991458e+04
2.012461040528070589e+04
4.190530685839930084e+04
1.146857342818634606e+04
5.882873305572437857e+03
3.012839184132359514e+04
8.026820260012793369e+03
5.818532079578447156e+04
1.063020990858612458e+04
4.739433774233487202e+04
4.080408021391821967e+04
2.011889062839495455e+04
1.996825741602875496e+04
2.033951803438853676e+04
7.575691238118131878e+03
1.903415129239985617e+04
1.915087738567854103e+04
7.398030201917128579e+03
1.380711770786352281e+04
1.161974506354373079e+04
1.269187624241357480e+04
1.249906357388995457e+04
1.004154075726960400e+04
3.310747993025703181e+04
3.008120026061088356e+04
1.909787496902584826e+04
2.330146706280370199e+04
1.621682321853378744e+04
7.253046036997861847e+03
6.970959630699529953e+03
1.396740257681440926e+04
1.155140247473220734e+04
1.915235465724553433e+04
2.527281489689144655e+04
1.230095497536520452e+04
6.380655158555333401e+03
2.976034726259098534e+04
5.402583259797698702e+03
4.598769821788841909e+03
3.437886675523979648e+04
1.607381931113593964e+04
1.165535147727786170e+04
2.128359388820536333e+04
7.707160493699220751e+03
1.433419098316294367e+04
1.315866250377825963e+04
2.844326195228134020e+04
2.909761676882207757e+04
1.155847961015416513e+04
1.595150609700115820e+04
2.526936747846053913e+04
6.437506078158903620e+03
4.317979828095695666e+03
3.331873567616927176e+03
5.681243744581575811e+03
3.672637217285731458e+04
4.277970106529880468e+03
2.308881566594201286e+04
1.002613253476825412e+04
2.371109233113123992e+03
1.085401249275009104e+04
1.465750606579900705e+04
3.377413019365099899e+04
1.061187406210820700e+04
8.213908264005505771e+03
2.454282877752141940e+04
1.232048690052407619e+04
4.091589144360656064e+04
1.232248572978275115e+04
7.357558919672380398e+03
1.285758948893791057e+04
3.056510718482567972e+04
1.168112849385338450e+04
1.586937170121713643e+04
1.273191598551415336e+04
1.927918382843657309e+04
1.536721891931314531e+04
1.419737326725555067e+04
7.041800820314285374e+03
2.442367812995005806e+04
3.154622167369654198e+04
7.676857308138431108e+03
1.141661156572939944e+04
1.835389115208675867e+04
1.398646272137493906e+04
2.096341754296431827e+04
3.333124694273379646e+03
3.117838965832194663e+04
1.281226124779802194e+04
2.513494090047372811e+04
1.664977499526229076e+04
8.083165089372580951e+03
7.454135294295121639e+03
8.530344938199257740e+03
1.655558992165949530e+04
4.921008877970746107e+04
3.432890438154147705e+04
1.277425053495713837e+04
3.206855171136426361e+04
1.160005809558702640e+04
9.415231113073388769e+03
2.153163786642014020e+04
3.007349230309764607e+04
-3.022382810400088715e+02
1.645617578146545611e+03
1.872191615750471829e+04
6.195922667200309661e+03
1.637474537847969987e+04
9.207851552915884895e+03
1.913125517904537992e+04
2.971579142186423633e+04
2.786302917166140105e+03
2.127385608789956314e+04
2.542657334893289226e+04
6.403603869734171894e+04
7.878642561032408594e+03
-6.581756698161984787e+02
8.373308311686656452e+03
8.530040888546674978e+03
2.261035186786094346e+04
6.162535448692276077e+03
1.852043494800932967e+04
3.387168818547896808e+04
7.880002071492021059e+03
1.193614947038170430e+04
9.386791108700255791e+03
5.162077407007636793e+03
3.281397384454724488e+03
7.752614764094799284e+03
3.239865913344064029e+04
1.250863752382760867e+04
2.775887129499960065e+04
2.857988144851417019e+04
1.100171086301446485e+04
1.647173613811444011e+04
1.748284000176848167e+03
1.542339893233322437e+04
1.950768796145889792e+04
3.845953731627226080e+04
1.622335501779186598e+04
7.931885866797730159e+03
2.399195431076449313e+04
4.008751621638857159e+03
5.528484235647845344e+04
1.327684367145069336e+04
4.253167469842187529e+03
1.546557319083237599e+04
4.247237984527354456e+03
1.260050988470259836e+04
2.084811246855389982e+04
1.840896497266322058e+03
2.328012443045057353e+03
2.926473042317943327e+04
4.189849595113630130e+03
3.533909839931443275e+04
1.413043368480793106e+04
1.832646260780008106e+03
1.610210751597113449e+04
3.656069285598936403e+04
1.482805039999970177e+04
5.508974495036125518e+03
9.037870490143939605e+03
7.020044707357206789e+03
1.809477460592869829e+04
1.026991067815004862e+04
1.437208371315470504e+04
9.862229282494943618e+03
4.964187701074461074e+03
1.120684804282658297e+04
6.060185000300122192e+04
2.147332372058127294e+04
2.603483598836676265e+03
6.635657902966458096e+03
8.279422452935747060e+03
2.572490038448441555e+04
1.629169989667487062e+04
2.789353226018140049e+04
4.021688611280128680e+04
3.087488469092275773e+04
6.020289691020401733e+03
7.407715988786869275e+03
1.628484536144657977e+04
3.517981336845518399e+03
6.213066823062871663e+03
7.558047506182855614e+03
1.122455936828411723e+04
1.171571108911532428e+04
9.512172242776592611e+03
4.987489785457281869e+03
2.210412251255654337e+04
1.177604449726063103e+04
2.371169131740138982e+04
2.498604385228470346e+04
1.160865457554600289e+04
6.815319924818105392e+03
5.805779403344197635e+04
1.429453675274008128e+04
2.819294413936262936e+04
2.031919154284059186e+04
1.445409082949352705e+04
2.052392758071198114e+04
1.274212776301439590e+04
2.073243200255716511e+04
1.799747851639613509e+04
2.144871296112671916e+04
2.013504227991985681e+04
6.064678499316536545e+03
1.376889927028478996e+04
-1.376864269010234693e+03
5.781532388260752668e+02
2.020718878247281827e+04
1.251345267973304362e+04
8.250912389375094790e+03
4.994666988671808213e+03
5.136163809334822872e+04
2.775225499647565812e+04
6.739173305878728570e+03
1.261586898796591777e+04
1.483561899428183278e+04
3.021999688780155338e+03
3.329629484520009282e+04
4.628891315185226631e+03
1.472328810173246893e+04
7.514228812118280621e+04
7.063827098862513594e+03
1.115829779999085076e+04
5.768871179572001893e+03
7.480907157871832169e+03
1.047854420763631060e+04
1.599538907903330801e+04
6.272827317325651165e+03
4.087544000826085539e+04
2.232598043781508386e+04
1.100198140787839657e+04
3.254348159317141108e+04
1.703636999488749643e+04
2.549729215012343047e+04
1.040336597178433294e+04
6.743910487505725541e+03
1.540958562233121847e+04
3.485263323055559795e+03
2.455379212808914235e+04
1.638154718219073402e+04
2.799451433524747335e+04
2.538700780249078889e+04
1.345578827544436353e+04
5.195822752645787841e+04
1.556099006313787686e+04
1.985966447699369382e+04
3.216454838951196507e+04
4.820227123863155612e+03
2.040501741453612340e+04
4.294649113519732964e+03
1.937165296275504443e+04
6.120900964880958782e+03
1.066929723216463026e+04
1.770080169180705298e+03
3.284261701758892741e+03
2.844430466854484166e+03
1.186974151714090112e+04
4.448185744556190912e+04
8.465257616338982189e+03
3.444062171637941901e+03
2.414522265402197081e+04
1.807539040006356299e+04
2.751697898885735185e+02
1.409972548833076871e+04
1.596140654544575227e+04
2.230269848218022526e+04
1.690081047401806427e+04
8.212810149834251206e+03
3.496793880239901773e+04
1.326132924993656161e+04
1.352440411435485657e+04
4.959441785345374228e+03
3.435536397593771653e+03
1.004399252551863901e+04
8.692541650194515341e+02
1.941147461780979938e+04
3.837044862381640996e+04
2.798795485172150075e+04
1.817220468048008479e+04
8.365425411895856087e+03
1.326625584218082440e+04
8.988105947925496366e+03
6.374984444521490332e+03
2.978731457382287772e+04
7.021176237727840999e+03
8.771783209188021146e+02
1.093011993148447436e+04
1.551746795901659061e+04
1.402696640167555415e+04
1.260433191366740903e+04
3.085545086972976787e+04
2.855682306298171898e+04
9.067442086710914737e+03
6.431381142791407910e+03
2.142036610112650578e+03
2.106863913645098728e+04
1.518238571628597310e+04
1.997836242666159706e+03
5.700850543809922237e+04
1.355896178152165157e+04
2.267909607956433319e+04
1.000984395578902513e+04
2.928670308309472966e+04
8.314225676442858457e+03
3.252195322951766502e+04
3.764864350077942800e+04
2.785235244875413264e+04
2.523519404285266501e+04
1.253101374545871113e+04
1.342621322695588788e+04
6.885832509045143524e+03
6.782315343474369911e+03
6.942469891970839853e+03
1.640592304749552932e+04
6.969660146267756318e+03
3.163160540344544279e+04
7.840165680945007125e+02
1.800796980090300349e+04
8.315214778873440082e+03
1.828304244819307132e+04
5.790440054202419560e+03
1.219781328466867126e+04
1.280180464893025419e+04
1.666966129536499648e+04
1.195378627965649503e+04
1.412895922624513332e+04
4.225743813251882784e+03
2.527639394046946472e+04
2.782475931215523815e+04
1.758598214411675872e+04
1.016884677866434868e+04
8.020685700969941536e+03
1.848481284873574987e+04
1.114626598314224611e+04
2.804850688514551075e+04
8.306036537381625749e+03
4.636949873881754684e+03
2.028334811631071716e+04
6.582342068961469522e+03
1.016962235935312492e+04
1.726214107720765969e+04
7.487298276559860824e+03
3.035120095834285530e+04
2.224980537926325997e+04
1.744433351941399451e+04
2.337138901166936193e+04
1.976720506565293181e+04
3.617141374822127545e+04
3.576283787885593483e+03
4.212110699036461483e+03
1.132241066550708274e+04
3.088076487535137403e+03
2.897124350698485432e+04
1.378722532823759684e+04
1.414178286715122886e+04
3.294831853992411197e+04
8.434367676133388159e+03
4.542059976714884397e+04
3.115665384325595369e+03
1.371803885180308862e+04
3.854394945262158217e+03
2.453995677975566286e+04
2.462533391096116247e+04
2.599586024961877411e+04
8.887591054562797581e+03
3.619706749332117033e+04
1.905552678192679741e+04
4.278343388701992808e+03
4.885635355562152654e+03
1.285143511407550250e+04
5.070880801734781016e+03
1.791267621229653014e+04
8.008767711585833240e+03
1.932744620370909979e+04
2.462354273093095617e+04
1.703527477048002038e+04
3.708287503039788135e+04
1.589101857920152543e+04
5.768804618282443698e+03
5.013180315102541499e+03
5.437591123124175283e+03
1.963811525714539312e+04
7.068175489900376306e+03
1.166316524439885325e+04
1.599092394087611319e+04
3.199178854483377290e+04
7.359901937588922920e+03
1.574491535067756740e+04
3.152879431912646396e+04
2.033292373678962394e+04
1.581713023962928219e+03
1.040491138068143846e+04
1.141460595060670857e+04
1.730605718508870632e+04
1.819432095250273051e+04
1.287232096731347883e+04
4.270595647012911286e+03
8.440207494225562186e+03
2.733930454401619841e+02
1.003931815502300424e+03
8.548060270832333117e+03
1.954227702078824950e+04
1.305342277162501705e+04
4.433024474584895506e+04
1.069734530349825945e+04
1.004679999088395925e+04
9.293437328370944670e+03
1.736175365478510503e+04
1.485151170741067472e+04
1.179301074658291691e+04
2.419559778718896268e+04
1.614668697328556846e+03
7.315944162086222605e+03
7.600104999932936153e+03
4.724352069769539230e+04
2.276516444485139800e+03
5.544724505678854257e+03
3.504497369432176492e+04
3.766500923863854041e+03
1.378506371626494547e+04
3.199352529090298958e+03
-5.499960337164066004e+02
4.707393279461685779e+03
1.978113802727680741e+04
2.766636553618002836e+03
2.862334196983759102e+04
5.672874390168342507e+04
1.525571877745448728e+04
8.519934500570498130e+03
1.054256376822184393e+04
1.253112090388122124e+04
7.198420880632934313e+03
2.667254873161243086e+04
3.707908976999008883e+04
6.413789781905771633e+03
1.306535459931410878e+04
1.895773547915308154e+04
2.066094342402014081e+04
7.558654429576503389e+03
9.053076348894261173e+03
3.448387008029113349e+04
1.995857996213614751e+04
1.578103349348496295e+03
8.187053790376605320e+03
3.014965032193079423e+03
1.363766855654957726e+04
2.010977617495084633e+04
1.231480694471235074e+04
2.094511309658283426e+04
1.101057995876764471e+04
8.838225128784613389e+02
1.958125046382419896e+04
4.081284130854208797e+03
4.694928653149879392e+04
7.958621694011513682e+03
6.588048505439066503e+03
1.764637496938647746e+04
2.323931970251922030e+04
1.091381100199766843e+04
2.290374219894334601e+04
2.538918187463630602e+04
1.016039290454607908e+04
1.778020525996164361e+04
1.953534152457091477e+04
1.067240018300616430e+04
1.269954861872178299e+04
3.367152145119976194e+04
7.325388540594309234e+03
9.500176297130135936e+03
1.311604056686041622e+04
1.492214564511081335e+04
6.787989298401636916e+03
4.397649857448137482e+04
9.420056179011393397e+03
5.654830228945490489e+03
1.441464818293563258e+04
1.360562171562087769e+03
2.704733021844925679e+04
2.423792809855633095e+04
1.543913418723608811e+04
5.921163146122863509e+03
2.741217738455800372e+03
2.084323381227205391e+04
1.107465407612375202e+04
1.732476332263016957e+04
2.555198958255081379e+03
5.034770282340861741e+03
7.065737969199806685e+03
1.662332676751401232e+04
8.179006250192785046e+03
1.162096577309150962e+04
2.219732200020477831e+04
2.878511155073402915e+04
9.853241731910466115e+03
4.254964075631731248e+03
5.246760560655039626e+03
2.149413433935161447e+04
2.473431422928402753e+03
-6.169894056830545992e+01
1.426260583468231744e+04
8.653629828036342587e+03
1.208761103885849479e+03
9.077845126127451294e+03
4.898287149667808990e+04
1.695355649145814459e+04
1.248911870125457062e+04
3.498822219770734955e+04
3.084362476283873093e+03
4.132450300306706049e+04
8.136506708685873491e+03
2.196461007423610135e+04
6.607474842123522649e+03
6.091910812756777887e+03
1.929915110237478439e+04
1.320550044630976117e+04
2.959121503906021826e+04
3.794901326833864914e+03
3.970357468538785179e+04
3.531073357032483273e+03
1.347492708874945492e+04
1.521023389301968200e+04
1.998289114486521430e+04
6.098993889671895886e+03
1.742143283905796852e+04
2.142877960088668260e+04
6.955396087931814691e+03
2.910244095537444082e+04
1.006238046955467871e+04
5.114541741916417777e+03
6.934514366929327025e+02
1.270199460744949874e+03
7.801874689782723181e+03
3.052758671182955004e+04
1.907548031164496206e+04
1.358258200424905772e+04
2.924213686472473637e+04
1.125984410949691119e+04
1.052143118067175965e+04
3.150906641513891373e+03
2.310634244817046419e+04
6.572648835708908337e+03
3.461977290430884750e+04
3.152006171672633354e+04
1.454839649731992267e+03
-1.673329850971799715e+01
3.886207224797345134e+03
1.618228729421650314e+03
1.091866098139462520e+04
2.278740718371311596e+04
1.120772270999968714e+04
5.763850832916316722e+04
2.635089728261391429e+04
5.736060780081406847e+03
8.671396434718595629e+03
1.162602232115972583e+04
5.763013065812137029e+03
4.974049643453762110e+04
3.948479349690473555e+03
2.398673023058457147e+03
6.807702303047701662e+02
8.174355397885427010e+03
4.033825400270895625e+04
2.372708508314273786e+04
1.099015686023852686e+04
2.628615744362412079e+04
1.423714381531382242e+04
2.586921027453482748e+04
7.429794508980742648e+03
1.422341995873303313e+04
2.080164742023961298e+04
2.438804663217759662e+04
1.197440552342367482e+03
3.415376494923824794e+04
1.893023389477568708e+04
1.838941734775764780e+04
2.141017034910557049e+04
5.451312440800191325e+03
4.199634486302062214e+03
2.999077054721397872e+04
3.275111825622469405e+04
3.845333189491040685e+04
4.508216862577924985e+03
2.200296300347423676e+04
1.802453809693754465e+02
6.393401068234877130e+03
1.991004212468075275e+04
2.715143983480017778e+04
3.521853357181335014e+03
1.759649130911984685e+04
9.647858964486116747e+03
1.237424248433009598e+04
1.073510312536854872e+04
1.454753136782995171e+04
4.450200557011579804e+03
1.108799968083737076e+04
2.324186325576231684e+04
2.290145830040591591e+03
3.627592875933254254e+04
5.749102317255905291e+03
7.640733823324749210e+02
2.342025898507767124e+04
4.812031332138534708e+03
6.037692972970900883e+03
8.730894622286241429e+03
1.682958556397660504e+04
9.655398240328271640e+03
-6.631024588793562202e+01
1.058763252707965148e+04
1.100208204122728239e+04
1.503882097572502244e+04
2.505204895523859886e+04
7.550540661084011663e+04
5.360971832341256231e+03
1.845224214280077649e+04
1.333009078290438083e+04
4.134888206833320874e+04
4.268514288514405780e+04
6.938598581567421206e+03
1.368973926435263274e+04
5.084832146795952212e+03
1.058230234148728596e+04
2.271194959022286639e+04
3.411197741855804634e+04
5.293335760120407213e+04
3.904517527712845185e+04
9.010625736347068596e+03
2.007460113149804965e+04
3.215971990143953008e+04
9.116856461942736132e+03
2.740849877489783103e+04
1.059838680068662870e+04
2.778759480769329457e+03
7.128449770073038053e+03
1.286609992278751815e+04
2.349073497361415139e+04
4.971015832964848414e+03
8.154048705109896218e+03
1.426132970724026018e+04
2.083625008239085946e+04
1.314262495373439015e+04
3.353978799090916436e+04
4.787936527849303275e+03
7.269189098656455826e+03
2.372404912800497186e+04
9.543048753496155769e+03
7.016066288035415710e+03
5.276806556757763246e+03
3.625368288339796709e+04
1.907563554734902209e+04
2.578631368424404354e+04
1.304445052366289565e+04
3.254927861309010041e+04
2.320065354210680198e+03
2.504065271464289617e+04
1.659909372765631269e+04
1.369754873544721704e+04
9.550842491664756380e+03
3.377766412062377981e+02
2.223088629848393248e+04
1.907451577229352552e+04
3.551747458616032418e+03
2.898527203997203287e+03
1.027015611289864501e+04
1.314620946733866731e+04
4.347612379010557197e+04
1.469103072980878460e+04
4.314451634871164970e+03
2.564681086817521646e+04
2.629028099290069804e+03
2.003179035283041594e+04
3.068794890424730329e+04
9.123136213892714295e+03
2.021638887240965414e+04
1.232551414513528289e+04
2.334953116902636611e+04
4.199018894952346454e+04
4.532343468146546002e+03
2.791555618847242840e+03
1.846902486214931196e+04
3.185591015401321329e+03
2.297624598749685538e+04
1.318249279337387998e+04
1.546157442847442144e+04
1.636592585991646592e+04
7.101996532500862486e+03
1.637749035738371822e+04
7.699346837655129093e+03
2.258082080387444876e+04
4.013491175674447277e+03
2.711513589831011268e+04
1.888230610441179306e+04
2.945704892691873738e+03
5.526712953630913034e+03
1.484348196443158668e+04
1.681297302027948899e+04
3.895136317540972232e+04
5.773422544224236844e+03
1.399628782527564545e+04
4.560113082580803894e+04
1.778681339040314560e+04
2.272328297616363216e+03
1.151864017189753940e+04
1.747768565269271130e+04
3.124901022878058575e+04
4.411783963389635574e+03
1.343454450149739387e+04
1.145648795201505891e+04
2.333890301861997796e+04
7.736615830166766500e+03
6.674023009799990405e+02
2.519342849260998628e+04
6.615321763554204153e+03
1.672650660403993243e+04
1.504147457945109090e+04
7.572505175202152714e+03
2.550033545784358284e+04
1.023538262204700004e+04
8.800096869196826447e+03
1.994535103813876503e+03
3.349795777446873217e+03
1.950292714778624213e+04
1.959137514669639813e+03
6.241127331325575142e+03
1.101633858392084039e+04
1.526735622349810001e+04
2.848446333545823290e+04
1.740026840666130011e+04
6.412927446703402893e+03
1.298235967980317582e+04
1.810264857923222735e+04
1.849686240987970814e+04
2.013099706567587054e+04
1.651785180287158437e+04
3.019937454002070444e+04
7.924073109956895678e+03
1.747029403388247374e+04
2.948078933344012694e+04
1.579122857640924303e+04
2.758297490244764776e+04
5.134373115187425356e+03
3.348528580958001112e+04
-9.401352631840700269e+01
9.234670499482917876e+03
9.515474948750190379e+03
3.470748598905540348e+03
4.859614260028850481e+02
7.824793966781785457e+02
8.119826694126150869e+03
2.731075787329014929e+04
1.450002863981167502e+04
2.828901234831777856e+03
1.137467090684942559e+04
1.091673548279452189e+04
2.371090470723075669e+03
8.398102338184902692e+03
4.650660278439879039e+04
9.058288415280432673e+03
1.378343045122412332e+04
6.696734071061831855e+03
2.018185127020061191e+04
7.438756822963207378e+04
6.827545363010861365e+03
4.493701188261649804e+03
6.677766170492428500e+03
2.023221631868743498e+04
1.113103625527139593e+04
2.237081618204859114e+04
5.546332936465948478e+03
8.129171355589479390e+03
2.279262394904492794e+03
1.954720029465685730e+04
7.711559310824101885e+03
1.093304196321925338e+04
3.306137785353306390e+04
-1.054859829453465409e+03
3.339293761681968317e+04
3.368535693608624115e+03
2.575316168255215962e+04
7.754007693348261455e+03
3.120813526693839958e+04
1.243205954400063820e+04
1.586077734102027171e+04
6.371538283644447802e+03
1.086185916049249499e+04
1.057839293417977842e+03
1.754203670558789236e+04
2.814017550323507021e+04
1.595800805980316181e+04
1.654591919632889767e+04
5.184086360705749939e+03
1.349806076529772508e+04
9.985779166147309297e+03
1.478138285553480819e+04
1.971985537336578636e+04
5.770035400263639531e+03
1.248553401443937037e+04
2.496475382996214466e+04
5.002531678206622746e+04
1.705954976696656740e+04
2.502849926923251405e+04
2.456877355535024253e+04
2.453615386995351582e+04
9.972465412493068015e+01
1.540836492700753752e+03
5.756702814974700232e+03
2.268658587990746310e+04
8.211912167733218666e+03
1.098525064390955959e+04
1.136896054767119494e+04
1.764297651349979424e+04
1.533311877528223522e+04
4.009619400279090314e+03
1.021828436462576065e+04
2.613620557826650474e+04
1.577317927205756314e+04
4.839615066057159129e+04
2.599914673004135329e+04
2.301006183927100210e+04
3.791641224015452281e+03
1.084848463180567705e+04
5.781325914313474641e+03
6.165234769841243178e+03
6.950142273815674343e+03
6.844175352832868157e+03
2.068049653766215124e+04
1.196912592192846932e+04
9.806444693250794444e+03
1.089133675763336214e+04
1.631846476875068220e+04
3.213811453085092126e+03
1.558412949539991496e+04
3.753972091882237146e+04
8.583202596552770046e+03
6.822371090515372089e+03
3.766436204250648734e+04
1.611221142045665601e+03
1.589292384704771575e+04
6.483764423385849113e+03
4.630828031713901510e+03
2.368115412883718091e+04
2.979961170288203903e+03
3.594252042274917585e+03
8.312848578881897993e+03
2.513026304276192241e+04
3.346828340757700789e+04
2.182091512951607001e+04
1.280297393033683329e+04
1.368446487336264909e+03
1.226727270535107164e+04
1.170206128507238100e+04
8.127132339439838688e+03
3.513857933630804473e+04
1.185008553867589217e+04
1.577690686388897484e+04
5.048533875086478474e+03
4.088234477163936390e+04
8.283574637854475441e+03
2.199225010263943113e+04
2.305077883219933028e+03
9.407475470132849296e+03
1.662327857988887990e+04
4.592018745161044353e+04
3.000149488001842656e+03
2.476571367212435143e+04
2.406221446992511574e+03
1.470991163305145346e+04
1.314416903790370816e+04
4.519559854423203433e+03
1.554767312404604672e+04
1.098335598127505182e+04
1.254423208740781774e+04
1.954823121241816261e+04
1.152812975890145390e+04
1.076468323687474367e+04
8.938954661263731396e+03
7.878674848450004902e+03
1.267212566693562985e+04
2.301148157461778464e+04
1.360168677104082053e+04
2.740814397991275109e+04
1.538333056594509981e+04
1.352866195378741941e+04
7.643917488749645599e+03
8.401298242623743135e+03
9.571080061768581800e+03
3.111919915621917607e+04
8.638392144611823824e+03
1.886074294612646918e+04
4.332318085282127140e+04
2.335539512420700703e+04
1.830496221749343385e+04
8.280978202742408030e+03
3.863173269738560339e+04
1.240945408563188539e+04
3.082610635629322860e+04
4.595359363649817169e+03
2.876302034526523494e+04
7.361078931752558674e+03
1.716526880869460001e+04
3.227770421183226517e+03
4.033053324811199673e+03
2.867264133476891948e+04
2.605902687668466569e+03
9.966668266840517390e+03
1.996908286717290321e+04
3.778185909917495883e+04
5.946987209752837771e+03
2.210680802233124996e+04
9.041132762306388031e+03
4.924020507154810912e+04
7.169158560961609510e+03
2.906901628016278482e+04
4.310730444443660417e+03
2.584187458470964339e+04
1.914503110040626780e+03
8.797293883271962841e+03
1.236170453965999695e+04
6.979073783645790172e+03
5.603283031323734031e+04
1.740623096428423014e+04
2.994721232580802280e+03
1.977899603232863228e+04
1.394279515105443170e+04
6.808891988107659927e+03
8.206659743254882414e+03
1.423513167207379956e+04
3.736168910232155031e+04
1.712510612737053816e+04
5.146652030304352593e+03
1.849549416889554414e+04
2.829454650459999357e+03
7.528635467480131410e+03
5.074948251584065474e+03
3.509887354221564601e+04
1.365863612250786537e+04
3.809579354051557857e+03
8.112226127094178082e+03
4.824636624474881046e+02
8.589841967185040630e+03
6.910666808519794358e+03
2.765820316438763984e+04
5.547281398719997014e+03
2.269555903645340004e+04
1.749111215810251451e+04
2.654835399768934622e+03
5.193454719915622263e+03
1.053575514192707305e+04
3.740689773343611887e+04
2.033050865968918879e+04
1.443293464181256968e+04
2.125131875326838053e+04
8.444366657919090358e+03
4.282923748291085940e+04
3.623465946089403587e+04
8.135884078017663342e+03
6.817690339511074853e+03
7.918010033692882644e+03
1.930702691635669908e+04
2.669064555402051701e+04
3.241135856353976851e+04
5.423667709402265245e+03
1.823203159265691647e+04
7.588428771680863974e+03
4.376982195347914967e+03
2.627294796862574003e+04
9.209068984750942036e+03
6.973305817409832343e+03
9.934363852031583519e+03
4.928846306778697181e+04
1.402514163100692531e+04
4.155880786020270534e+03
1.513405559834703308e+04
6.876129466661143852e+03
3.058341957725147950e+03
1.985750127461850570e+04
2.380613386222649206e+04
1.734253453270892351e+04
1.491761798684198948e+04
6.496922231251728954e+04
5.648972652004251358e+03
1.475156425321055212e+04
1.263025081033059178e+04
1.571004651868419023e+04
1.343723632615387760e+04
6.050205409711325956e+03
1.369510926878865575e+04
1.322216857300584161e+04
1.742500955857809458e+04
2.971344878874386632e+04
4.894105824296666469e+03
3.804414839423133526e+04
2.196614481284871090e+03
3.619720121782590286e+04
1.224848171228821957e+04
1.494854320882447792e+04
1.611512704202178975e+04
1.900651433236093726e+04
1.011983051098342730e+04
2.121352540366000176e+04
1.852103758023042019e+03
7.817826637713923446e+03
1.080905179186535861e+04
8.722611828731642163e+03
1.657814886368204679e+04
5.617613917151115857e+03
1.780420765299367122e+04
1.268817136730367201e+04
3.065470183229909162e+04
2.646319630778954161e+04
6.510792150396421675e+03
8.230267315205732302e+03
1.273432460344088031e+04
1.121959991573284424e+04
5.419602412855094371e+03
2.594089067816628449e+04
1.174987510310340804e+04
2.470815250177373673e+04
4.163930562945338170e+04
3.685265591220289934e+03
7.535204271482471086e+03
4.638849978939818357e+03
3.989722383082818851e+04
7.998054624466602036e+03
9.595297637095250138e+02
1.312515571257359261e+04
5.108381471155261352e+03
1.507561135401930733e+04
8.390731803462238531e+03
4.630906715364124466e+03
1.887642220143858503e+04
8.215504829828732909e+03
7.418399835839829393e+03
3.548111257642153942e+04
3.517268412814142357e+04
1.108509092510433038e+04
3.165106307376524273e+04
3.599152736716684740e+04
8.075132351070958066e+03
9.613717098285444081e+03
1.536956480003279012e+03
1.972868936653260971e+04
5.665035819426461967e+04
4.540035655410722939e+03
1.188535796878790461e+04
9.405223054440479245e+03
1.103797389991204909e+04
8.418842239317253188e+03
6.675740257048843887e+03
8.846346870623694485e+03
3.562503197422171797e+04
1.729889032796005267e+04
3.586359270578574069e+04
7.107839031909727964e+03
1.299840408801508238e+04
2.418343620737075616e+04
1.925159827634111707e+03
1.396697301014195000e+04
5.982481228187094530e+03
1.690627412748503502e+03
1.454672741382606910e+04
5.793119202030953602e+03
1.088239353501280675e+04
3.860201230739450239e+03
7.352451541208146955e+04
6.301852782117265633e+03
9.319767023629981850e+03
3.830054328588492353e+04
5.093476702514537465e+03
3.518392588553625683e+04
1.717868862634701145e+03
1.064368005592062036e+04
7.666628099499534073e+03
1.867156603095062383e+04
4.061810515484937059e+04
2.347251491911499761e+04
8.329176895645136028e+03
5.978302567530146007e+03
1.078064452393548527e+04
1.191689008673440185e+04
9.344634140618200036e+03
2.723345864583373259e+04
8.388505076157892472e+04
5.870767048077711661e+04
2.258103097701377555e+04
1.707994219620300646e+04
8.943380670104541423e+03
6.690070704750928599e+03
1.116516630270783571e+04
2.453640828673683063e+04
1.924788168959762334e+04
1.505053084642384420e+03
4.873505027530359803e+04
3.479812023221259733e+04
3.919537579073886718e+03
3.631334231020706648e+04
1.186900139465161556e+04
-2.136253390292542349e+02
1.654945985596712489e+04
2.024817003523594758e+04
1.277466168582373029e+04
1.062455538993188748e+04
3.732026844202713619e+03
1.269770240746091622e+04
3.123745310499848347e+04
1.213861255013945083e+03
3.383162644340156112e+04
1.180002568466200864e+04
2.694196895543266874e+04
1.043576047221547196e+04
1.116539249165865658e+04
3.267909926476172404e+04
2.899289880330803135e+04
3.052168372266879305e+04
3.811258200145799947e+03
1.407498855578878647e+04
6.589528147628404440e+03
2.115925145704745592e+04
2.246171047031764829e+04
1.401764115997358749e+04
1.830258542304504590e+04
6.527484220507438295e+03
1.413438786040904415e+04
1.024995305394650859e+04
3.054011325499202576e+04
1.967816444433385550e+04
9.690009484449152296e+03
8.823769135607803037e+03
5.139239433591634224e+03
2.580044046438778605e+04
2.391968983144979575e+04
5.220441809812085012e+03
5.160643262799368131e+03
2.003989235600723623e+04
1.474155882550365277e+04
5.726549571674834624e+03
3.234765793102117641e+03
2.671500229383294027e+03
3.669481323987024371e+04
1.293326042779416457e+04
8.160530926917084798e+03
6.207193382815339646e+03
2.304645799898633413e+04
5.705474903057063784e+03
3.789705779116085614e+04
1.780827605544424296e+04
1.462749339969652647e+04
2.091339076198767361e+04
3.418301992660433825e+03
4.189044305801090377e+04
8.121024718379894693e+03
4.513505644717813993e+04
1.273978436655500263e+04
2.174528908558219700e+04
5.869365004206492813e+03
2.084599779988823502e+04
