8.483109136545014335e+05
9.925789593119225465e+05
8.921035904241548851e+05
8.671578246152622160e+05
9.069179861340537900e+05
9.585318037772062235e+05
1.023422862205508980e+06
8.502631620824565180e+05
8.292956594266062602e+05
8.092839412277990486e+05
8.364969200395939406e+05
8.368783279594290070e+05
7.925231741119090002e+05
7.652081484328410588e+05
7.732323047861960949e+05
7.451944729583348380e+05
7.067691911021179985e+05
7.734876801286938135e+05
7.761830643617294263e+05
9.308744006648500217e+05
7.731428345614103600e+05
6.464624299810082885e+05
8.097526789911938831e+05
7.209143301216744585e+05
7.970255653808407951e+05
8.110328803185921861e+05
7.832520118596438551e+05
8.201913752964026062e+05
9.015862061205193168e+05
8.418432336442044470e+05
