6.385473632812500000e+03
8.691973632812500000e+03
1.206591796875000000e+04
1.136199023437500000e+04
1.474289355468750000e+04
1.536999804687500000e+04
1.815215234375000000e+04
1.534597265625000000e+04
2.257250000000000000e+04
2.018648632812500000e+04
1.693981640625000000e+04
2.022202343750000000e+04
1.966697070312500000e+04
1.888289453125000000e+04
2.037287890625000000e+04
2.013957421875000000e+04
1.686406054687500000e+04
2.135257617187500000e+04
1.858900585937500000e+04
1.836381640625000000e+04
2.382492578125000000e+04
2.238080468750000000e+04
2.110363281250000000e+04
2.170973437500000000e+04
2.485934960937500000e+04
2.267501171875000000e+04
1.994011132812500000e+04
2.034835546875000000e+04
2.068525000000000000e+04
2.076170312500000000e+04
2.213819726562500000e+04
2.118526562500000000e+04
2.368353906250000000e+04
2.303644140625000000e+04
2.237511328125000000e+04
1.819256445312500000e+04
2.052178906250000000e+04
2.254706640625000000e+04
1.760715234375000000e+04
1.998700781250000000e+04
2.144165234375000000e+04
1.883295703125000000e+04
1.861714453125000000e+04
2.224307421875000000e+04
2.029450390625000000e+04
2.098484570312500000e+04
1.730672460937500000e+04
2.215952148437500000e+04
2.350556640625000000e+04
1.804926562500000000e+04
2.230513671875000000e+04
2.945026562500000000e+04
2.138654882812500000e+04
2.291701367187500000e+04
2.002017382812500000e+04
1.744238476562500000e+04
2.389571093750000000e+04
2.203211523437500000e+04
2.539376171875000000e+04
2.326306250000000000e+04
2.644691796875000000e+04
2.334022851562500000e+04
2.231561718750000000e+04
2.191315429687500000e+04
2.610570703125000000e+04
2.068221093750000000e+04
2.234430664062500000e+04
2.466219726562500000e+04
2.337240429687500000e+04
2.178976953125000000e+04
2.121311718750000000e+04
2.610150781250000000e+04
2.597155078125000000e+04
2.164374218750000000e+04
2.407753515625000000e+04
1.990807617187500000e+04
2.281535937500000000e+04
2.642388281250000000e+04
2.363917773437500000e+04
2.543578320312500000e+04
2.237610937500000000e+04
2.322125781250000000e+04
2.376726953125000000e+04
2.439841406250000000e+04
3.128637500000000000e+04
2.124573437500000000e+04
2.393502929687500000e+04
2.856065039062500000e+04
2.526894335937500000e+04
2.545135351562500000e+04
2.311616601562500000e+04
2.450603515625000000e+04
2.472450781250000000e+04
2.399808593750000000e+04
2.358496875000000000e+04
2.284497656250000000e+04
2.189254296875000000e+04
2.341634960937500000e+04
2.125739453125000000e+04
2.070357421875000000e+04
1.903684765625000000e+04
2.340226171875000000e+04
2.775587500000000000e+04
2.459365625000000000e+04
2.768383789062500000e+04
2.307104492187500000e+04
2.407251171875000000e+04
2.914683007812500000e+04
2.478109375000000000e+04
2.120358398437500000e+04
2.802515429687500000e+04
2.571481250000000000e+04
2.516222656250000000e+04
1.985859375000000000e+04
2.997451171875000000e+04
2.938326171875000000e+04
2.667932031250000000e+04
2.383099023437500000e+04
2.331099218750000000e+04
2.354356054687500000e+04
2.307631835937500000e+04
2.338000390625000000e+04
2.403748437500000000e+04
2.075892578125000000e+04
2.651182421875000000e+04
2.713362304687500000e+04
3.000706054687500000e+04
2.911318750000000000e+04
2.541438281250000000e+04
2.029908398437500000e+04
2.162759570312500000e+04
2.168280273437500000e+04
2.455095703125000000e+04
2.445416210937500000e+04
2.365934179687500000e+04
2.561237109375000000e+04
2.580442773437500000e+04
2.744913085937500000e+04
2.807876953125000000e+04
2.802135546875000000e+04
2.714046484375000000e+04
2.296440039062500000e+04
2.681681250000000000e+04
2.555628710937500000e+04
2.129106445312500000e+04
2.260757812500000000e+04
2.261938867187500000e+04
2.276530859375000000e+04
2.809309960937500000e+04
2.661078125000000000e+04
2.548682617187500000e+04
2.234452148437500000e+04
2.638902343750000000e+04
2.688771093750000000e+04
2.134443164062500000e+04
2.436035937500000000e+04
2.327180078125000000e+04
2.444414453125000000e+04
2.726351953125000000e+04
2.230675781250000000e+04
2.275717773437500000e+04
2.782213281250000000e+04
2.243826953125000000e+04
2.578678320312500000e+04
2.071375390625000000e+04
2.630679492187500000e+04
2.414305859375000000e+04
2.434868945312500000e+04
1.892133203125000000e+04
2.170009765625000000e+04
2.632325390625000000e+04
2.362052734375000000e+04
2.407771875000000000e+04
2.634895898437500000e+04
2.518925195312500000e+04
2.729125585937500000e+04
2.363497265625000000e+04
2.833185937500000000e+04
2.248492578125000000e+04
2.363329687500000000e+04
2.732711328125000000e+04
2.629583593750000000e+04
2.623011914062500000e+04
2.257643750000000000e+04
2.668389648437500000e+04
2.537616015625000000e+04
2.216829687500000000e+04
2.400167578125000000e+04
2.307655273437500000e+04
2.553784960937500000e+04
2.689292578125000000e+04
2.492464843750000000e+04
2.372944140625000000e+04
2.677808203125000000e+04
2.477977734375000000e+04
2.431258007812500000e+04
2.499650195312500000e+04
2.330328125000000000e+04
2.982179687500000000e+04
2.688781250000000000e+04
2.597419531250000000e+04
2.654746875000000000e+04
2.189883984375000000e+04
2.534932812500000000e+04
2.377486523437500000e+04
2.164118554687500000e+04
2.619486718750000000e+04
2.337410351562500000e+04
2.534904687500000000e+04
2.436462109375000000e+04
2.305749218750000000e+04
2.196049023437500000e+04
2.715234375000000000e+04
1.946311328125000000e+04
2.725813867187500000e+04
2.300172070312500000e+04
2.400395703125000000e+04
2.324762695312500000e+04
2.990334960937500000e+04
2.205729687500000000e+04
2.489747851562500000e+04
2.746351171875000000e+04
2.336088671875000000e+04
2.394990234375000000e+04
2.613995703125000000e+04
2.646852539062500000e+04
2.628535156250000000e+04
2.813831640625000000e+04
2.680717968750000000e+04
2.743623632812500000e+04
2.231568750000000000e+04
2.512961718750000000e+04
1.862603710937500000e+04
2.651312304687500000e+04
2.239214843750000000e+04
2.259909765625000000e+04
3.056544921875000000e+04
2.687133984375000000e+04
2.545432421875000000e+04
2.230625781250000000e+04
2.283026171875000000e+04
2.614639843750000000e+04
2.318460546875000000e+04
2.232732812500000000e+04
2.278759960937500000e+04
2.821139648437500000e+04
2.365800000000000000e+04
2.618606640625000000e+04
2.838400781250000000e+04
2.743747070312500000e+04
2.819328125000000000e+04
2.448540625000000000e+04
2.432647070312500000e+04
2.505160937500000000e+04
2.813498046875000000e+04
2.479680468750000000e+04
2.545882031250000000e+04
2.323283203125000000e+04
2.668479687500000000e+04
2.380041406250000000e+04
2.716691796875000000e+04
2.329140039062500000e+04
2.271714648437500000e+04
2.522350390625000000e+04
2.438008398437500000e+04
2.665800585937500000e+04
2.211456250000000000e+04
2.437069531250000000e+04
2.717413281250000000e+04
2.217912109375000000e+04
2.195168750000000000e+04
2.410640039062500000e+04
2.534344921875000000e+04
2.311489062500000000e+04
2.707519140625000000e+04
2.482268359375000000e+04
2.464681054687500000e+04
2.377264453125000000e+04
2.790129296875000000e+04
2.995725195312500000e+04
2.297837500000000000e+04
2.823548046875000000e+04
2.610629687500000000e+04
2.289178906250000000e+04
2.608709179687500000e+04
2.456613867187500000e+04
2.864785351562500000e+04
2.696360937500000000e+04
3.030629101562500000e+04
2.286568945312500000e+04
2.470054296875000000e+04
2.936614257812500000e+04
2.208601562500000000e+04
2.391823046875000000e+04
3.092791796875000000e+04
3.273355468750000000e+04
2.118428710937500000e+04
2.550259570312500000e+04
2.214190625000000000e+04
2.635508789062500000e+04
2.343634570312500000e+04
2.550925390625000000e+04
2.942655468750000000e+04
2.777013671875000000e+04
2.429475000000000000e+04
2.519815039062500000e+04
2.571366015625000000e+04
2.349923046875000000e+04
2.781449804687500000e+04
2.890702148437500000e+04
3.178165820312500000e+04
2.938306054687500000e+04
2.589002148437500000e+04
2.599889843750000000e+04
2.373666796875000000e+04
2.567687890625000000e+04
2.559296484375000000e+04
2.489438281250000000e+04
3.233482031250000000e+04
2.559239453125000000e+04
3.461735937500000000e+04
2.572543750000000000e+04
2.518933984375000000e+04
2.350555859375000000e+04
2.294950000000000000e+04
2.357000000000000000e+04
2.563107812500000000e+04
2.181440625000000000e+04
2.524578515625000000e+04
2.068483984375000000e+04
1.891095117187500000e+04
2.322017968750000000e+04
2.212247460937500000e+04
2.069353320312500000e+04
2.333314453125000000e+04
2.557307617187500000e+04
2.415200781250000000e+04
2.068411132812500000e+04
2.264729492187500000e+04
2.643926953125000000e+04
2.941143359375000000e+04
2.805847265625000000e+04
2.577583593750000000e+04
2.429392187500000000e+04
2.326660156250000000e+04
2.206265625000000000e+04
2.389369140625000000e+04
2.496932421875000000e+04
2.344085546875000000e+04
2.405234179687500000e+04
2.397803710937500000e+04
2.603428125000000000e+04
3.213998046875000000e+04
2.601551953125000000e+04
2.942452734375000000e+04
2.408954492187500000e+04
2.595983203125000000e+04
2.674732617187500000e+04
2.839008593750000000e+04
2.585858789062500000e+04
2.519960937500000000e+04
2.656246484375000000e+04
2.617912695312500000e+04
2.844902929687500000e+04
2.048000195312500000e+04
2.199651171875000000e+04
2.794239257812500000e+04
2.370046289062500000e+04
2.432388671875000000e+04
2.462596093750000000e+04
2.713632617187500000e+04
1.971055273437500000e+04
2.511388671875000000e+04
3.031371484375000000e+04
2.301589843750000000e+04
2.503231445312500000e+04
2.693440234375000000e+04
2.403512890625000000e+04
2.828427734375000000e+04
1.996685546875000000e+04
2.101688281250000000e+04
3.228746484375000000e+04
2.770203710937500000e+04
2.182372460937500000e+04
2.362916015625000000e+04
2.445458789062500000e+04
2.548121484375000000e+04
2.434656835937500000e+04
2.197527343750000000e+04
2.281875585937500000e+04
2.778190039062500000e+04
2.357527734375000000e+04
2.638542382812500000e+04
2.447440039062500000e+04
2.938435156250000000e+04
2.577963281250000000e+04
2.500268750000000000e+04
2.314511328125000000e+04
2.318476953125000000e+04
2.409187500000000000e+04
2.501992968750000000e+04
2.587285351562500000e+04
2.327132421875000000e+04
1.681462890625000000e+04
2.489706250000000000e+04
2.229604296875000000e+04
2.407394921875000000e+04
2.214207421875000000e+04
2.430185546875000000e+04
2.638973046875000000e+04
2.684597851562500000e+04
2.239102734375000000e+04
2.278806250000000000e+04
2.414078320312500000e+04
2.303977539062500000e+04
2.159195117187500000e+04
2.593008984375000000e+04
2.970663281250000000e+04
2.340136718750000000e+04
2.326896875000000000e+04
2.390342187500000000e+04
2.080621484375000000e+04
2.613848242187500000e+04
2.232680078125000000e+04
2.661261523437500000e+04
2.507196484375000000e+04
2.750097656250000000e+04
2.400254882812500000e+04
2.892250781250000000e+04
2.820763867187500000e+04
2.332794531250000000e+04
2.426745703125000000e+04
2.566667187500000000e+04
2.252660351562500000e+04
2.693373046875000000e+04
2.018067382812500000e+04
3.029946289062500000e+04
2.445924609375000000e+04
2.163922265625000000e+04
2.503185546875000000e+04
2.670657617187500000e+04
2.451004296875000000e+04
2.262049804687500000e+04
2.745687304687500000e+04
2.594559570312500000e+04
2.653995507812500000e+04
2.531044531250000000e+04
2.431717578125000000e+04
2.250384765625000000e+04
2.390181445312500000e+04
2.081922265625000000e+04
2.801322070312500000e+04
2.368463281250000000e+04
2.701222460937500000e+04
2.226495898437500000e+04
2.735029687500000000e+04
2.381053515625000000e+04
2.258174804687500000e+04
2.345910156250000000e+04
2.595453515625000000e+04
2.935446289062500000e+04
2.139549218750000000e+04
2.538090820312500000e+04
2.373514453125000000e+04
2.443014648437500000e+04
2.415232031250000000e+04
2.074489843750000000e+04
2.647164453125000000e+04
2.453668554687500000e+04
2.863065625000000000e+04
2.531127929687500000e+04
2.522650390625000000e+04
2.849030078125000000e+04
3.080681445312500000e+04
2.504842968750000000e+04
2.695199414062500000e+04
2.389508203125000000e+04
2.267107031250000000e+04
2.343991796875000000e+04
2.906597851562500000e+04
2.396350976562500000e+04
2.220696484375000000e+04
2.434404296875000000e+04
2.288485937500000000e+04
2.342925000000000000e+04
2.185564843750000000e+04
3.027451171875000000e+04
2.627573046875000000e+04
2.487642382812500000e+04
2.591014257812500000e+04
2.406036328125000000e+04
2.653396289062500000e+04
2.475232031250000000e+04
2.524617187500000000e+04
2.486855468750000000e+04
2.299175390625000000e+04
2.226927734375000000e+04
2.321296679687500000e+04
2.304108007812500000e+04
3.328181250000000000e+04
2.576414257812500000e+04
2.167744335937500000e+04
2.557113671875000000e+04
2.116845117187500000e+04
2.258017578125000000e+04
2.714133984375000000e+04
2.684689257812500000e+04
2.556461328125000000e+04
2.496189453125000000e+04
2.104668164062500000e+04
2.394337109375000000e+04
2.302197460937500000e+04
2.428033203125000000e+04
3.064255078125000000e+04
2.547708593750000000e+04
2.594684375000000000e+04
2.700054882812500000e+04
2.549759375000000000e+04
2.441877343750000000e+04
2.617419726562500000e+04
2.107351171875000000e+04
2.345240234375000000e+04
2.110793750000000000e+04
2.613245703125000000e+04
2.281946484375000000e+04
2.342912695312500000e+04
2.864568359375000000e+04
2.323326757812500000e+04
2.233843359375000000e+04
2.190702343750000000e+04
2.715715429687500000e+04
2.288530468750000000e+04
2.553732031250000000e+04
2.586141015625000000e+04
2.043692187500000000e+04
2.666621484375000000e+04
2.601102929687500000e+04
2.747116406250000000e+04
3.142689062500000000e+04
2.124092187500000000e+04
2.551434765625000000e+04
2.849158593750000000e+04
2.756314843750000000e+04
2.571357031250000000e+04
2.661978125000000000e+04
2.367546484375000000e+04
2.193213281250000000e+04
2.630386132812500000e+04
2.441336523437500000e+04
2.800726367187500000e+04
2.568498828125000000e+04
2.533997265625000000e+04
3.416377734375000000e+04
2.411842968750000000e+04
2.433339843750000000e+04
2.260973437500000000e+04
2.228715625000000000e+04
2.441758789062500000e+04
2.730308593750000000e+04
2.094882031250000000e+04
2.611148437500000000e+04
2.724544921875000000e+04
2.577382812500000000e+04
2.572550781250000000e+04
2.446641601562500000e+04
2.321337304687500000e+04
2.377311328125000000e+04
2.549194921875000000e+04
2.593477539062500000e+04
2.246643750000000000e+04
2.708298046875000000e+04
2.103131250000000000e+04
2.290805078125000000e+04
2.581387890625000000e+04
2.629871484375000000e+04
2.615089062500000000e+04
2.225874023437500000e+04
2.505507617187500000e+04
2.571215625000000000e+04
2.448957031250000000e+04
2.744549218750000000e+04
2.593981054687500000e+04
2.210615234375000000e+04
2.628100976562500000e+04
2.524314257812500000e+04
2.225016796875000000e+04
2.400605664062500000e+04
2.583810546875000000e+04
2.428862890625000000e+04
2.336784179687500000e+04
2.306726953125000000e+04
2.468320703125000000e+04
2.503506640625000000e+04
2.552232812500000000e+04
2.500301562500000000e+04
2.417859960937500000e+04
2.758414062500000000e+04
2.263616015625000000e+04
2.895170117187500000e+04
2.360999609375000000e+04
2.548713085937500000e+04
2.610599414062500000e+04
2.594581445312500000e+04
3.155334375000000000e+04
2.411603125000000000e+04
2.697440820312500000e+04
2.471111718750000000e+04
2.527311328125000000e+04
2.384097851562500000e+04
2.666207226562500000e+04
2.669956640625000000e+04
2.516707226562500000e+04
3.014835351562500000e+04
2.358224218750000000e+04
2.456643750000000000e+04
2.318579296875000000e+04
2.275328710937500000e+04
2.418449218750000000e+04
2.665514843750000000e+04
2.123067382812500000e+04
3.008053906250000000e+04
2.730955273437500000e+04
2.678130468750000000e+04
2.763432812500000000e+04
2.507737890625000000e+04
2.928626367187500000e+04
2.506693750000000000e+04
2.675316015625000000e+04
2.414758398437500000e+04
2.207932812500000000e+04
2.363795117187500000e+04
2.187294921875000000e+04
2.287247265625000000e+04
2.437943554687500000e+04
2.406805078125000000e+04
2.387589062500000000e+04
2.061618945312500000e+04
2.737235937500000000e+04
2.564346093750000000e+04
2.831578906250000000e+04
2.560033203125000000e+04
2.332728320312500000e+04
2.186921875000000000e+04
2.490287109375000000e+04
2.387398828125000000e+04
2.790758203125000000e+04
2.250900000000000000e+04
2.093172656250000000e+04
2.389038867187500000e+04
2.392713085937500000e+04
2.839356640625000000e+04
2.565508593750000000e+04
2.562351171875000000e+04
2.433398632812500000e+04
2.393429101562500000e+04
2.799506640625000000e+04
2.382899218750000000e+04
2.782623828125000000e+04
2.603046484375000000e+04
2.435836328125000000e+04
2.607730859375000000e+04
3.064903906250000000e+04
3.441220312500000000e+04
2.652395703125000000e+04
2.078688867187500000e+04
2.124481640625000000e+04
2.555185937500000000e+04
2.668279687500000000e+04
2.785874609375000000e+04
2.609838867187500000e+04
2.526486914062500000e+04
2.796749609375000000e+04
2.831042382812500000e+04
2.895266015625000000e+04
2.591263671875000000e+04
2.461418945312500000e+04
2.469526367187500000e+04
2.934457031250000000e+04
2.850692968750000000e+04
2.770560937500000000e+04
2.555051562500000000e+04
2.690197460937500000e+04
2.534826171875000000e+04
3.011964843750000000e+04
2.878906640625000000e+04
3.072573437500000000e+04
3.075237890625000000e+04
2.651343945312500000e+04
2.572355078125000000e+04
3.087486132812500000e+04
3.005020898437500000e+04
2.865234765625000000e+04
2.865381250000000000e+04
3.476594921875000000e+04
2.895828906250000000e+04
2.939453710937500000e+04
3.358635546875000000e+04
3.003636132812500000e+04
3.423373046875000000e+04
3.438512890625000000e+04
2.761071484375000000e+04
3.597191406250000000e+04
3.444489062500000000e+04
3.434983203125000000e+04
3.208912890625000000e+04
3.017513476562500000e+04
3.341798437500000000e+04
3.224258203125000000e+04
3.073082812500000000e+04
3.316136718750000000e+04
3.230044531250000000e+04
3.387267968750000000e+04
3.508438671875000000e+04
3.012050390625000000e+04
3.181310546875000000e+04
3.295032421875000000e+04
3.351935937500000000e+04
3.401483593750000000e+04
3.245150000000000000e+04
3.302781250000000000e+04
3.973985546875000000e+04
3.430677343750000000e+04
3.788164843750000000e+04
3.021981445312500000e+04
3.020759765625000000e+04
3.325366015625000000e+04
3.527273046875000000e+04
3.523858593750000000e+04
3.526099609375000000e+04
3.519894140625000000e+04
3.181037890625000000e+04
3.485938281250000000e+04
3.239050390625000000e+04
3.202818359375000000e+04
4.026774218750000000e+04
4.117847265625000000e+04
3.592423828125000000e+04
3.464905468750000000e+04
3.918830468750000000e+04
3.177821093750000000e+04
3.852282421875000000e+04
3.621063281250000000e+04
3.628800000000000000e+04
3.751282812500000000e+04
3.619268359375000000e+04
3.705514062500000000e+04
3.463188671875000000e+04
3.907044140625000000e+04
3.422821875000000000e+04
3.517150390625000000e+04
3.923118359375000000e+04
3.919582812500000000e+04
3.738364843750000000e+04
3.554178125000000000e+04
3.386844140625000000e+04
4.301885156250000000e+04
3.866214843750000000e+04
3.432150781250000000e+04
3.674142968750000000e+04
3.525987500000000000e+04
3.895095703125000000e+04
3.589308203125000000e+04
4.033139843750000000e+04
3.708530468750000000e+04
4.438520703125000000e+04
3.501159375000000000e+04
3.479512500000000000e+04
3.815708593750000000e+04
3.766530468750000000e+04
4.213309375000000000e+04
3.799647656250000000e+04
3.519689843750000000e+04
3.431518750000000000e+04
3.794666406250000000e+04
3.710960937500000000e+04
4.045316406250000000e+04
3.663550390625000000e+04
3.954489843750000000e+04
3.390429687500000000e+04
4.113252343750000000e+04
3.807196093750000000e+04
3.556719531250000000e+04
4.090092968750000000e+04
3.757470312500000000e+04
3.774339843750000000e+04
3.899269531250000000e+04
4.023486328125000000e+04
3.996946484375000000e+04
3.987760546875000000e+04
3.433510546875000000e+04
3.839058203125000000e+04
4.045277343750000000e+04
3.739391406250000000e+04
3.857824609375000000e+04
3.679262500000000000e+04
3.989804687500000000e+04
4.367847265625000000e+04
4.119509375000000000e+04
3.939003125000000000e+04
3.683293750000000000e+04
3.906517968750000000e+04
3.794202343750000000e+04
3.875603515625000000e+04
3.898175000000000000e+04
4.375317187500000000e+04
3.876825781250000000e+04
3.856717187500000000e+04
3.744402343750000000e+04
4.261093359375000000e+04
4.178782812500000000e+04
3.984711718750000000e+04
3.594036718750000000e+04
4.050208593750000000e+04
3.718009765625000000e+04
3.714284375000000000e+04
3.967829687500000000e+04
3.586115625000000000e+04
3.433827343750000000e+04
3.997033593750000000e+04
3.670314062500000000e+04
3.777329687500000000e+04
3.803711718750000000e+04
3.902947656250000000e+04
3.551667578125000000e+04
3.640551562500000000e+04
3.774828515625000000e+04
3.883962500000000000e+04
3.603723437500000000e+04
3.920413281250000000e+04
3.270869921875000000e+04
3.766416406250000000e+04
3.446777343750000000e+04
3.719139843750000000e+04
3.995878125000000000e+04
3.652390625000000000e+04
3.671696484375000000e+04
3.705155859375000000e+04
3.857015625000000000e+04
3.454921875000000000e+04
3.930888281250000000e+04
3.849825781250000000e+04
3.764413671875000000e+04
3.624417578125000000e+04
3.816216015625000000e+04
3.892707421875000000e+04
3.984141015625000000e+04
3.860382812500000000e+04
4.114876562500000000e+04
3.707895312500000000e+04
3.821452343750000000e+04
3.982117187500000000e+04
3.894518359375000000e+04
4.226102343750000000e+04
3.834640625000000000e+04
3.999690234375000000e+04
3.951626171875000000e+04
4.025403125000000000e+04
3.919035937500000000e+04
3.698354687500000000e+04
3.979816406250000000e+04
3.794399218750000000e+04
4.265658203125000000e+04
4.107623046875000000e+04
3.972068750000000000e+04
3.947462109375000000e+04
3.802946875000000000e+04
3.529092968750000000e+04
4.010508593750000000e+04
3.853645312500000000e+04
4.124683593750000000e+04
3.643924218750000000e+04
3.697686718750000000e+04
3.735879687500000000e+04
3.637050781250000000e+04
3.855591406250000000e+04
4.077289062500000000e+04
3.870726562500000000e+04
3.687906250000000000e+04
3.723800000000000000e+04
3.836351171875000000e+04
3.636795312500000000e+04
3.777613281250000000e+04
4.245626953125000000e+04
3.665398437500000000e+04
3.754382812500000000e+04
3.676303906250000000e+04
3.575439062500000000e+04
3.715613671875000000e+04
4.030152343750000000e+04
3.909742968750000000e+04
3.714277734375000000e+04
4.277060937500000000e+04
3.828685546875000000e+04
4.024018750000000000e+04
3.844611718750000000e+04
4.108728125000000000e+04
4.094871484375000000e+04
4.223866406250000000e+04
3.806850781250000000e+04
3.982885156250000000e+04
3.422978125000000000e+04
3.931639843750000000e+04
4.042144921875000000e+04
4.081592187500000000e+04
4.183043750000000000e+04
3.794302343750000000e+04
4.280923437500000000e+04
4.100132421875000000e+04
3.632632421875000000e+04
3.600509375000000000e+04
4.155462500000000000e+04
3.890366796875000000e+04
4.250623437500000000e+04
4.188926953125000000e+04
3.813844921875000000e+04
4.307810156250000000e+04
3.735886718750000000e+04
3.641655078125000000e+04
3.781580859375000000e+04
3.746754687500000000e+04
3.737927343750000000e+04
3.375246484375000000e+04
4.008889453125000000e+04
3.699116406250000000e+04
3.990104687500000000e+04
3.996567968750000000e+04
4.231753906250000000e+04
4.348566796875000000e+04
4.037275781250000000e+04
3.848492187500000000e+04
4.059735546875000000e+04
3.796942578125000000e+04
4.676474218750000000e+04
4.001993750000000000e+04
3.816918359375000000e+04
3.935947265625000000e+04
3.625283593750000000e+04
3.593630468750000000e+04
3.677178906250000000e+04
4.576957421875000000e+04
3.568777343750000000e+04
3.776372656250000000e+04
3.834117187500000000e+04
3.971451562500000000e+04
4.488157421875000000e+04
3.630914453125000000e+04
3.714758203125000000e+04
3.808516015625000000e+04
3.989543750000000000e+04
4.377702343750000000e+04
3.878574218750000000e+04
3.774163281250000000e+04
3.888714062500000000e+04
3.714436718750000000e+04
4.117839843750000000e+04
3.834982421875000000e+04
4.494325781250000000e+04
3.565907812500000000e+04
4.233083203125000000e+04
3.913107421875000000e+04
3.466818359375000000e+04
4.129835937500000000e+04
4.441045312500000000e+04
3.639837500000000000e+04
4.167169531250000000e+04
3.889860156250000000e+04
4.205859765625000000e+04
4.032074218750000000e+04
4.409161718750000000e+04
3.863613281250000000e+04
4.175942187500000000e+04
4.092060546875000000e+04
4.196428906250000000e+04
3.914287500000000000e+04
4.118863671875000000e+04
3.948599218750000000e+04
3.742571093750000000e+04
3.786576171875000000e+04
3.928420312500000000e+04
3.627180859375000000e+04
4.069741796875000000e+04
4.161248437500000000e+04
3.583881250000000000e+04
4.481535937500000000e+04
4.188759375000000000e+04
3.897696093750000000e+04
3.534446875000000000e+04
4.091344140625000000e+04
3.840716406250000000e+04
3.702092968750000000e+04
4.278619140625000000e+04
3.825485156250000000e+04
3.825508203125000000e+04
4.425223046875000000e+04
3.988196484375000000e+04
3.722209375000000000e+04
3.958709375000000000e+04
4.263557812500000000e+04
3.604300781250000000e+04
4.008610156250000000e+04
4.574709375000000000e+04
3.763142187500000000e+04
3.895282031250000000e+04
3.663162109375000000e+04
3.896545703125000000e+04
3.350759765625000000e+04
3.347255078125000000e+04
3.903371875000000000e+04
4.304709765625000000e+04
4.005644921875000000e+04
3.627991406250000000e+04
4.478615234375000000e+04
3.808722656250000000e+04
3.915296093750000000e+04
3.872842578125000000e+04
4.283421484375000000e+04
3.696585937500000000e+04
3.988336718750000000e+04
3.966282031250000000e+04
3.586226171875000000e+04
3.625198828125000000e+04
4.049504687500000000e+04
4.031016406250000000e+04
3.838638281250000000e+04
3.899101171875000000e+04
3.964535937500000000e+04
3.742572656250000000e+04
3.676223828125000000e+04
3.298719531250000000e+04
3.440561718750000000e+04
4.225002343750000000e+04
3.794261718750000000e+04
4.153753515625000000e+04
3.732127343750000000e+04
3.918428906250000000e+04
3.750992968750000000e+04
4.103144531250000000e+04
3.805984765625000000e+04
3.935949218750000000e+04
3.712454687500000000e+04
3.823891015625000000e+04
4.033113671875000000e+04
4.162675781250000000e+04
3.660455078125000000e+04
4.226275000000000000e+04
3.407978125000000000e+04
4.159367578125000000e+04
3.974081250000000000e+04
3.775689453125000000e+04
3.873818750000000000e+04
3.842341796875000000e+04
3.386263671875000000e+04
4.094982031250000000e+04
3.729950781250000000e+04
3.506455078125000000e+04
3.701022656250000000e+04
4.106067187500000000e+04
3.642611718750000000e+04
3.744005078125000000e+04
3.971525000000000000e+04
3.841820312500000000e+04
3.828588671875000000e+04
3.799576953125000000e+04
3.482108984375000000e+04
3.732425000000000000e+04
3.614245312500000000e+04
3.640319531250000000e+04
4.437753125000000000e+04
3.873517187500000000e+04
3.696793359375000000e+04
4.153015625000000000e+04
3.628506640625000000e+04
3.767818750000000000e+04
4.010353515625000000e+04
3.968405078125000000e+04
3.835122656250000000e+04
4.115807031250000000e+04
3.810425000000000000e+04
3.604074218750000000e+04
4.005121484375000000e+04
4.397158203125000000e+04
3.829985156250000000e+04
4.237941796875000000e+04
3.954414843750000000e+04
4.332799218750000000e+04
4.195114453125000000e+04
3.733250781250000000e+04
4.024992968750000000e+04
3.462483593750000000e+04
4.042053906250000000e+04
3.991774609375000000e+04
3.666631640625000000e+04
3.738580078125000000e+04
3.386178906250000000e+04
4.208953515625000000e+04
3.727315234375000000e+04
4.422376562500000000e+04
3.954839843750000000e+04
3.785382031250000000e+04
4.347263281250000000e+04
3.961544531250000000e+04
3.855971875000000000e+04
3.867842968750000000e+04
4.418628125000000000e+04
4.252675000000000000e+04
3.950377343750000000e+04
3.861337890625000000e+04
3.981885937500000000e+04
3.213691992187500000e+04
3.686066796875000000e+04
3.739250390625000000e+04
4.169493359375000000e+04
4.180138281250000000e+04
3.655616015625000000e+04
4.149450781250000000e+04
4.216060156250000000e+04
3.780904296875000000e+04
3.552220312500000000e+04
3.553142968750000000e+04
4.644415234375000000e+04
3.908714453125000000e+04
4.345717578125000000e+04
4.177449609375000000e+04
4.457900390625000000e+04
3.787005078125000000e+04
4.004056250000000000e+04
4.316026562500000000e+04
3.660524218750000000e+04
4.215935937500000000e+04
4.058613671875000000e+04
3.896143750000000000e+04
3.763047656250000000e+04
3.465051171875000000e+04
4.249125781250000000e+04
4.290445312500000000e+04
3.887750000000000000e+04
4.270524218750000000e+04
4.167635156250000000e+04
3.937646484375000000e+04
4.334486718750000000e+04
3.697325000000000000e+04
4.372883984375000000e+04
3.902953906250000000e+04
3.619658593750000000e+04
3.766194921875000000e+04
4.140264843750000000e+04
3.941818750000000000e+04
3.676455078125000000e+04
3.490003125000000000e+04
3.889756250000000000e+04
3.773365234375000000e+04
3.405769531250000000e+04
4.218995312500000000e+04
4.122112109375000000e+04
4.170772265625000000e+04
4.279898046875000000e+04
4.195164453125000000e+04
4.209482031250000000e+04
3.825772265625000000e+04
3.723273828125000000e+04
3.756803515625000000e+04
4.126944140625000000e+04
3.693279296875000000e+04
3.833682031250000000e+04
3.826136718750000000e+04
4.163874218750000000e+04
3.843526953125000000e+04
3.555383984375000000e+04
3.821232421875000000e+04
3.939163281250000000e+04
3.879449218750000000e+04
4.082576562500000000e+04
3.968409375000000000e+04
3.757783593750000000e+04
4.065483203125000000e+04
3.787696484375000000e+04
4.196440625000000000e+04
3.879142187500000000e+04
3.845137109375000000e+04
3.605820703125000000e+04
4.486595312500000000e+04
3.817667968750000000e+04
3.653624218750000000e+04
3.874474218750000000e+04
4.437896093750000000e+04
4.287107812500000000e+04
3.690875000000000000e+04
3.691016796875000000e+04
3.959360546875000000e+04
3.961553515625000000e+04
4.250599218750000000e+04
4.445939453125000000e+04
3.854760546875000000e+04
4.314348437500000000e+04
4.140248828125000000e+04
3.907228906250000000e+04
3.984024218750000000e+04
3.862870312500000000e+04
4.217846484375000000e+04
3.664175781250000000e+04
4.084253906250000000e+04
3.975808593750000000e+04
3.587610937500000000e+04
3.946898046875000000e+04
3.488957031250000000e+04
4.017624218750000000e+04
3.736931250000000000e+04
3.882477343750000000e+04
3.955585937500000000e+04
3.568503125000000000e+04
3.925725000000000000e+04
3.474269140625000000e+04
3.850710156250000000e+04
3.619641015625000000e+04
4.334348046875000000e+04
3.920180468750000000e+04
4.236025781250000000e+04
3.986375000000000000e+04
4.240797656250000000e+04
3.719040234375000000e+04
3.644895312500000000e+04
3.593931250000000000e+04
3.953727343750000000e+04
3.283076953125000000e+04
3.929988671875000000e+04
4.516550781250000000e+04
3.835148437500000000e+04
3.881530078125000000e+04
4.415386718750000000e+04
4.023919921875000000e+04
4.263274218750000000e+04
4.245346093750000000e+04
3.740548437500000000e+04
3.920145703125000000e+04
4.177177343750000000e+04
4.056391406250000000e+04
3.589300390625000000e+04
3.867255468750000000e+04
4.218192578125000000e+04
4.014293750000000000e+04
4.149757031250000000e+04
4.291515625000000000e+04
4.119239062500000000e+04
4.074409375000000000e+04
3.905283593750000000e+04
3.771831250000000000e+04
4.146930468750000000e+04
3.883215625000000000e+04
4.252777343750000000e+04
3.934199218750000000e+04
3.486636718750000000e+04
3.907587500000000000e+04
3.686667968750000000e+04
3.855959765625000000e+04
3.712641015625000000e+04
3.949260156250000000e+04
4.135476953125000000e+04
4.001821875000000000e+04
4.045036718750000000e+04
3.401775781250000000e+04
3.823902343750000000e+04
4.229038281250000000e+04
4.195256640625000000e+04
4.152789062500000000e+04
3.746433984375000000e+04
3.652727343750000000e+04
4.089723437500000000e+04
3.948007031250000000e+04
3.910812109375000000e+04
4.168117187500000000e+04
4.039091406250000000e+04
4.312805078125000000e+04
4.007525390625000000e+04
3.855246093750000000e+04
3.873616406250000000e+04
3.800235937500000000e+04
3.924658593750000000e+04
3.896940625000000000e+04
3.785588281250000000e+04
3.884511718750000000e+04
3.776471875000000000e+04
3.691111718750000000e+04
3.801834375000000000e+04
3.499466406250000000e+04
4.164542968750000000e+04
4.218671093750000000e+04
3.903323437500000000e+04
4.069363281250000000e+04
3.539000000000000000e+04
4.258272656250000000e+04
3.558185937500000000e+04
3.936401562500000000e+04
4.211491406250000000e+04
3.970650000000000000e+04
4.036779687500000000e+04
3.810738281250000000e+04
4.173938281250000000e+04
3.726942187500000000e+04
3.902398828125000000e+04
3.943603906250000000e+04
3.562530468750000000e+04
3.244181445312500000e+04
4.041139843750000000e+04
4.347614062500000000e+04
4.087067578125000000e+04
3.355675000000000000e+04
3.521401953125000000e+04
3.462075000000000000e+04
4.203806640625000000e+04
3.832050781250000000e+04
3.663939843750000000e+04
4.066663671875000000e+04
3.739832812500000000e+04
3.810967968750000000e+04
4.090417968750000000e+04
3.899375390625000000e+04
3.794764062500000000e+04
3.802692968750000000e+04
3.976012890625000000e+04
4.257577343750000000e+04
3.968504687500000000e+04
4.335694921875000000e+04
3.853710156250000000e+04
3.783696875000000000e+04
3.780884375000000000e+04
4.461092187500000000e+04
3.901789062500000000e+04
4.157454687500000000e+04
3.883694531250000000e+04
3.747743359375000000e+04
4.111952734375000000e+04
3.571910937500000000e+04
3.789646875000000000e+04
3.752016015625000000e+04
4.018581250000000000e+04
4.873715234375000000e+04
3.903090234375000000e+04
4.457283203125000000e+04
3.477668750000000000e+04
4.215980468750000000e+04
3.676738281250000000e+04
4.203835546875000000e+04
4.035908984375000000e+04
3.719809375000000000e+04
3.621084375000000000e+04
3.993904687500000000e+04
3.904120312500000000e+04
3.871447265625000000e+04
3.746673437500000000e+04
3.870588671875000000e+04
3.758739062500000000e+04
3.942361718750000000e+04
3.909620703125000000e+04
4.299510937500000000e+04
3.734625781250000000e+04
3.798433984375000000e+04
3.854521875000000000e+04
3.604524218750000000e+04
3.798225781250000000e+04
3.602881640625000000e+04
4.310267968750000000e+04
4.368486718750000000e+04
3.585273437500000000e+04
4.000470312500000000e+04
4.082265234375000000e+04
3.830886718750000000e+04
3.337527734375000000e+04
3.674100000000000000e+04
3.410079687500000000e+04
3.981421875000000000e+04
3.560741015625000000e+04
4.492532812500000000e+04
3.731824218750000000e+04
4.095427343750000000e+04
3.571673437500000000e+04
3.501068750000000000e+04
4.034435156250000000e+04
3.844959375000000000e+04
4.005839062500000000e+04
4.011017578125000000e+04
3.652659375000000000e+04
3.798093359375000000e+04
3.647727343750000000e+04
3.709364453125000000e+04
3.566823828125000000e+04
4.118604687500000000e+04
3.498247265625000000e+04
4.014022265625000000e+04
3.730079296875000000e+04
3.878020312500000000e+04
3.584884375000000000e+04
3.837392968750000000e+04
3.372859765625000000e+04
3.388582031250000000e+04
3.649592968750000000e+04
3.743482031250000000e+04
3.496790234375000000e+04
3.457082421875000000e+04
3.435907421875000000e+04
3.913262109375000000e+04
3.271242968750000000e+04
3.612086328125000000e+04
4.012247265625000000e+04
3.396892187500000000e+04
3.629463671875000000e+04
4.025530468750000000e+04
3.680105468750000000e+04
3.449022656250000000e+04
3.732966015625000000e+04
3.739150000000000000e+04
3.686204296875000000e+04
3.337536718750000000e+04
3.749605468750000000e+04
3.319591796875000000e+04
3.640767578125000000e+04
3.343131640625000000e+04
3.712422265625000000e+04
3.350497656250000000e+04
3.483250390625000000e+04
3.801474218750000000e+04
4.018549218750000000e+04
3.741330078125000000e+04
3.255976367187500000e+04
4.063969140625000000e+04
3.523229687500000000e+04
3.400095703125000000e+04
4.027017968750000000e+04
3.575440625000000000e+04
3.674929687500000000e+04
3.414263281250000000e+04
3.996114843750000000e+04
3.723890625000000000e+04
3.777325000000000000e+04
3.407608593750000000e+04
3.499086328125000000e+04
3.791733984375000000e+04
3.718863671875000000e+04
3.982353125000000000e+04
3.739019531250000000e+04
3.413257031250000000e+04
4.110776171875000000e+04
3.373290234375000000e+04
3.812642968750000000e+04
3.972950781250000000e+04
3.932117578125000000e+04
3.626237500000000000e+04
3.722287109375000000e+04
3.942125781250000000e+04
4.260618750000000000e+04
3.452378125000000000e+04
3.883483593750000000e+04
4.083985156250000000e+04
4.045990625000000000e+04
3.345106250000000000e+04
3.695425000000000000e+04
4.046181250000000000e+04
4.255277734375000000e+04
3.749155078125000000e+04
3.629138281250000000e+04
3.550869921875000000e+04
3.457640625000000000e+04
3.906847656250000000e+04
3.563771875000000000e+04
4.306946484375000000e+04
3.750001562500000000e+04
3.650162109375000000e+04
3.525832031250000000e+04
4.617702343750000000e+04
3.651455468750000000e+04
3.642705078125000000e+04
4.204598437500000000e+04
3.619787500000000000e+04
4.065614843750000000e+04
3.263213085937500000e+04
4.039611718750000000e+04
3.934175781250000000e+04
3.374217968750000000e+04
3.800943750000000000e+04
3.715685156250000000e+04
3.867934765625000000e+04
3.687286718750000000e+04
3.886082812500000000e+04
3.362466406250000000e+04
3.689090234375000000e+04
3.766161718750000000e+04
3.683869140625000000e+04
3.685546093750000000e+04
3.275055078125000000e+04
3.638963671875000000e+04
3.573083593750000000e+04
4.324778906250000000e+04
3.857511718750000000e+04
3.620016796875000000e+04
3.770556640625000000e+04
4.026138671875000000e+04
3.768212500000000000e+04
3.855002343750000000e+04
3.752048046875000000e+04
4.141506250000000000e+04
4.459195312500000000e+04
