7.271995258048530559e+03
7.297023692967743955e+03
5.216128153678661874e+03
5.326248913890083713e+03
7.553693028373764719e+03
1.254498924662100944e+04
7.379561328666082773e+03
5.018791285956673164e+03
4.283821407493843253e+03
4.986652144482452059e+03
4.863139471231575953e+03
6.020383259270459348e+03
5.744508384716703404e+03
7.642974640805349736e+03
5.599652105971688798e+03
7.016966944927531586e+03
5.133817487775340851e+03
5.636097774215055324e+03
8.367228181797010620e+03
1.350098214053065385e+04
4.810285442962083835e+03
6.504425729245625917e+03
5.410400411230582904e+03
8.143852330859388530e+03
7.726233947693328446e+03
7.173932920490786273e+03
6.428187629092565658e+03
6.373941368432555464e+03
7.210258781921125774e+03
4.319651907749077509e+03
