-9.920000000000000000e+02
-1.510613370160206159e+03
1.164721774736996394e+03
9.165853464855556467e+02
1.582634804676082422e+04
2.030759837708837722e+03
4.643287502059865801e+03
1.822801455912523670e+04
1.554782395000388078e+03
2.466509482323017437e+03
-1.046493586805935138e+03
2.652005165436136849e+03
1.145269902461865513e+03
2.435738412229477399e+04
1.573899093890415315e+04
-2.577097352939107395e+02
2.336653119602453444e+04
2.608351301654728104e+03
9.573743449243997020e+03
6.513454581454348045e+03
9.711078723729515332e+03
-2.631115476316973059e+02
2.665844073101563481e+03
2.316147993008553385e+01
1.031229583036308213e+03
6.828486753710903031e+03
1.243854754752800000e+04
2.572710227456337088e+04
1.526273529397499544e+02
5.877793370078384214e+02
1.665950737247723737e+03
5.195845512679679814e+03
7.195000739382267966e+03
1.800644361238757847e+04
2.335076000220875358e+03
3.163095284374445782e+03
1.267769700822122786e+03
2.777444072217483699e+04
3.047097052969984361e+03
8.157453988430129357e+02
1.595770476566387515e+03
1.763295017586967879e+04
-5.839536025320492172e+02
9.050009814255303354e+03
5.911485155153325650e+03
6.458229492568130809e+03
2.790079799866813119e+04
-5.792484479813958842e+02
2.638493809659324143e+03
2.695417708258482890e+03
3.280324910657797318e+03
1.181790888298351547e+03
5.579901589955176860e+03
1.033903519558935295e+04
7.188858091669486384e+03
2.406096664968979439e+03
2.631075830523340755e+03
2.803655847356982122e+03
1.167952398119374084e+04
5.280610745193791809e+04
3.713237270088099194e+03
7.600316881191856737e+02
1.328760184798527916e+04
2.187131715987551615e+03
9.403312020504483371e+03
6.123180679110588244e+03
6.630310976045289863e+03
1.140761203126672990e+04
5.694764371148619830e+03
2.792422029156697135e+03
1.900249127717289957e+04
-6.390889164927569936e+02
2.464411120380728448e+02
1.308607656083991969e+03
6.976768054438433865e+03
2.461183614202397621e+03
1.112801930313898265e+04
9.060734100455289081e+03
5.216011949345699395e+04
6.798720691184470525e+03
2.850049058936407164e+04
2.512266782689112915e+03
1.639399498968270109e+03
7.997949120886871242e+03
2.531080157708870684e+04
6.099024706260189305e+03
8.022502942503404483e+03
6.968928823287226805e+03
3.091293536665965803e+03
1.449520164802192994e+02
4.913475437782380141e+03
4.095332561648939645e+03
-5.750337339435685635e+01
-3.252038382272427270e+02
3.788214949382987470e+03
4.590844804240751728e+03
2.550572935602200232e+04
5.772362925165887191e+02
1.229595066504918941e+04
1.758616007465621078e+04
6.207427362322366662e+02
8.750659028281612336e+03
-8.419222297731104163e+02
2.857141801615880468e+03
1.397105033235613155e+04
6.989273352355996394e+03
3.491078985060913510e+03
1.632599293412083898e+04
6.774382302182681997e+03
-4.666927236604033169e+01
2.692877360392867558e+03
7.695093603948727832e+03
5.512309502118650016e+03
2.813379277678603466e+04
2.023925794965078239e+04
1.732376914827171277e+04
5.011945968734426970e+03
-1.105016401867236254e+03
5.505322918360025142e+03
-2.339606439650659922e+03
3.160568508244821714e+03
7.322815320231122314e+03
8.936539537689444842e+03
3.643145775530777428e+03
2.877354899710941936e+03
1.750846171524629244e+04
-9.319573537770315852e+02
1.584080642553383041e+04
8.918642276456226909e+02
3.542352153307572007e+04
2.689402048095405917e+03
-8.180262882711693919e+02
6.442119406693964265e+03
5.459359401215180696e+03
6.027867446552526417e+03
3.246044386083624886e+03
1.881271078636436869e+04
-8.866470784405867107e+02
2.762283893013965553e+03
3.288046007803237103e+02
9.594930960244335438e+03
5.483881538188221612e+02
1.052243591974573064e+04
2.236471925721526532e+03
2.708333207587153083e+03
1.065518328294659796e+03
2.720377611384272768e+03
4.869048691866256377e+03
1.410352159995835063e+04
3.792255138165516200e+03
1.925107372456729081e+03
1.328219825082651005e+04
5.055615541518818645e+03
4.006270465691329719e+03
7.292474274656467969e+03
1.057156756173808753e+04
1.327228216171899476e+04
2.090370688160334339e+03
6.967587598488595177e+03
1.156942658090435179e+04
4.073261885043770690e+03
5.937968139499502058e+02
8.599366023862343127e+02
4.414286933652353582e+03
3.176219098915645134e+01
1.167563176145794569e+04
3.717211250033912165e+03
-9.172866321945639356e+01
4.657783164702595968e+03
8.766055527124044602e+03
4.341177492423642434e+03
1.543856777063445043e+04
4.746996864431479480e+03
1.582441906417218161e+04
4.250012536940806967e+03
1.127874141075674561e+04
1.986725467484477849e+04
2.426974421686315509e+03
1.993196403228890404e+03
2.461147020915144822e+03
1.291524419587912689e+03
6.861412817310419996e+03
-1.809952172847293468e+03
2.852706650337522660e+03
-6.263683087736762900e+02
3.961591693237516665e+03
5.392679573757659455e+03
5.617384609539680241e+03
8.601024136794019796e+03
4.067438254353199909e+02
6.665965812185459072e+03
8.410932448495823337e+03
2.258610155127320013e+03
3.413203537873832829e+03
2.868301524762837744e+03
1.380127490316356489e+04
8.626384741011552251e+03
3.900630552348160109e+03
1.015982454068652146e+03
2.301203009863623720e+03
1.196354939725404438e+04
1.098856914425136529e+04
9.052452599856846064e+03
4.061503691835369409e+03
7.048443165664282333e+02
6.054257731159839750e+03
-6.902979753660702045e+01
5.933214155205569114e+03
5.576475552018052440e+03
2.208828850204906848e+04
2.559107933096487250e+04
8.211602095526584890e+03
3.117570121705307429e+03
4.273470821918246656e+03
2.050625131476856041e+03
-4.437186478248326011e+02
3.717995847371541913e+03
1.644042496366458727e+04
3.618612478114532678e+03
4.966930185978316331e+03
2.391639076768375162e+04
1.248805099345989220e+04
-7.923337882581834037e+02
2.159413096601856239e+02
1.141121855782201055e+04
8.303858983098099998e+03
3.749747445336223791e+03
3.679949961465540582e+03
9.283025400323524082e+03
6.613524775624288850e+03
3.008163149020853325e+03
1.471255254075244011e+03
1.431965095537817660e+03
4.933936862351258242e+03
9.573553299753507417e+02
1.442953178384286548e+04
1.431730569569720865e+04
8.884103058412247265e+03
9.305952113175058912e+03
9.347077415263507646e+03
2.349970051696035171e+03
8.220502163662829844e+03
6.410467602842093584e+03
8.978450486233747142e+03
-2.086206915228783600e+03
5.371122778342170932e+03
1.153925669546546305e+04
7.586316188243815304e+03
2.104141451895162027e+04
6.125636713528653672e+03
7.485375969538888057e+03
-5.710405652316946998e+02
8.674803699477790360e+03
3.612438858714062007e+03
2.214630696118986634e+03
1.870675666359506067e+04
1.174737819369530371e+03
7.912657142828946235e+03
7.604996299947647458e+03
2.820103956661833763e+03
1.446285446390538527e+04
1.406066264923505514e+04
1.492082217104077017e+03
5.343256328861448310e+02
8.753367843123958664e+03
7.195174048774165385e+03
-1.789707702326240337e+02
4.432990039422347763e+03
-9.269812204553219317e+02
2.463004514452145031e+03
2.531137462157288610e+04
1.575098906643090777e+04
6.488325479984415324e+03
1.266561357493736978e+04
2.482192199425347098e+03
1.011390550956555126e+04
9.375102973206881870e+03
1.226166839726601029e+04
1.158097506127346037e+02
-6.211778230895833985e+01
7.617427585129563340e+03
1.352636429672900886e+04
-1.466864277639882857e+03
6.673015051317813231e+03
6.640522390924897627e+04
1.133341558710205391e+03
2.503230339143868150e+03
4.418698968506828351e+02
2.160043671714337279e+02
1.649252503976236085e+03
-1.294103476939183793e+03
8.557434786483203425e+03
5.607653664133737038e+04
5.222632646360982108e+03
2.002944710800859184e+03
8.378384530121751595e+03
-7.797965643036604888e+01
2.592743776998785052e+03
1.804296151667397498e+04
2.594833699080273072e+04
2.708251149247188096e+03
4.947367524011243404e+03
2.968026239306068419e+03
5.441767380502464221e+03
4.884415474935771044e+02
1.470163666703361378e+04
5.329743558155344545e+03
2.219664098346447645e+03
1.542561690242645454e+04
2.851965206648099411e+03
1.281975240362143086e+04
3.603088908213268496e+03
2.578106445241464371e+03
3.253357428323863132e+03
5.327406556887216311e+02
1.061987922498711669e+04
-4.365829386467839868e+01
5.566723718958379322e+03
1.696190224433910771e+04
3.420084010380790460e+03
1.906173595451577967e+03
1.640378562936650997e+04
2.473869020930468469e+04
1.274154715378521905e+04
1.275241341807315621e+04
4.488596201813167681e+03
2.467799029330530175e+03
7.021793805415745737e+03
1.426711665015949984e+04
4.492900187369961714e+03
8.155203214922097686e+03
8.473639629017834523e+03
4.871945688953308490e+03
5.787336117726697012e+03
-1.813368763915412501e+03
-2.612682922729199618e+03
1.146643184773438406e+01
2.742664125320762469e+04
1.605667923694622186e+04
2.261285045697718942e+03
8.182738142195045839e+03
4.777841293738239074e+03
9.748872580231825395e+02
8.005299729484440832e+03
1.487505785139618092e+04
-2.576244236711253279e+02
2.181852011926372597e+03
9.433102428373782459e+03
1.844704586271611333e+03
2.377775440892309052e+04
7.100036455163781284e+03
-2.717765305082286886e+02
1.573301649891584020e+03
2.745632435538709615e+03
1.305552824255712949e+03
9.021063060523627428e+03
1.009159267987536987e+04
8.784484700318833347e+03
1.328926410693602065e+03
2.747762537134995000e+03
9.104837955338801976e+02
1.214269892538987915e+04
1.204690884564529551e+04
-1.261095246536097648e+03
5.913256082777453230e+03
1.090508061797541131e+03
3.380496775910228280e+03
2.131019902955096313e+03
-2.348403804924305405e+01
4.174336488906162231e+03
1.440084120066730429e+04
1.897206738536792909e+04
1.923783421363568777e+04
6.411926426143418212e+03
6.188839649681763149e+03
1.037148270186549780e+04
8.091018485545746444e+02
-1.890328221433265526e+03
-9.456438532421150285e+02
1.023709193494124156e+04
5.632072620035403361e+02
5.259384134841512605e+03
9.795275948470858566e+03
3.774429241829865532e+03
2.862424493858635469e+04
1.349921117591205802e+04
7.523986731794030675e+03
2.213166203136138392e+03
1.077213717504506349e+04
5.987938467359048445e+03
8.428321595900859393e+03
5.147122525213859262e+03
5.519345454488037831e+03
5.780264479544363894e+03
-1.660353623852266082e+03
2.809510802139086536e+03
1.061248189485716830e+04
1.679109967336736872e+03
1.113610761587139132e+04
7.360021480674877239e+02
1.051616806863244710e+04
7.973694409236930369e+03
1.815847466096583958e+02
4.278129647163912887e+04
5.251986834753790390e+03
1.668318871271623948e+03
2.097198602095287242e+03
2.935222406933834009e+03
5.614397587380619370e+03
1.838749611110418527e+03
1.647639676411962864e+04
1.462424376867778847e+03
-5.355677708128712311e+02
3.067853548287500871e+03
1.052776006917090399e+02
1.523195390781985168e+02
2.734388134917932803e+03
5.694790347701493829e+02
1.438445916603551268e+03
-1.506258855776978862e+02
1.878674991771446366e+04
4.537325222034007311e+03
1.770449490293971758e+04
8.935783343614809837e+02
4.429263059369187431e+03
4.943060760606338590e+03
8.876474422178560417e+03
1.115327202979771209e+04
2.608850205569231548e+03
9.056692490474550141e+03
1.642058935175929946e+04
-1.755541919701065581e+02
1.722381169345003582e+04
1.327948093213915126e+04
7.162046389109870688e+03
2.326589757427254881e+03
4.739885600096120470e+03
1.990304013959397344e+04
1.946004886972974418e+03
1.165918801539449487e+04
1.574106181582415957e+04
-6.991729807706893780e+02
-2.117296713507836330e+02
-6.540708044446466829e+02
-3.971875680210641804e+02
8.247617734956140339e+03
1.272631150270143053e+03
4.148390695318412327e+02
1.344388317908658610e+04
5.680342149856744982e+03
3.128985775824477241e+04
6.327174403631424866e+03
-6.509411259177454667e+02
9.581739667275422107e+03
2.150637643983346834e+02
1.683631047192613551e+04
3.979550521121920156e+03
7.578198658487470311e+03
2.784148058173256572e+02
1.026532084248894171e+04
2.220415536258295469e+04
4.349790858741133889e+03
2.815909501636214372e+03
-1.019103444320176663e+02
1.349552654183430968e+04
2.081238076397320583e+03
3.469874859096630826e+04
4.830120024089803337e+03
-6.437467292876679039e+02
5.049766733585757720e+03
8.691775943478762201e+03
-4.861519507005770038e+02
6.512521080997062199e+03
1.279101547190638485e+04
3.281508907121209631e+03
8.062955126264704631e+03
3.734293752562321606e+04
1.428288991212917267e+02
9.622370951011293073e+03
4.473756617278784688e+03
3.443337200053512106e+02
7.549867737510470761e+03
6.412065177158596271e+03
8.083293909604270993e+03
4.363505743017252098e+04
2.539793898159915898e+03
-1.116447979603096428e+03
3.818750884921454372e+02
-5.470702302734434852e+01
3.895676557767175836e+03
2.926333857649614220e+04
-2.757811005028290310e+03
1.163183944921768216e+03
1.671491624893251355e+02
5.991097019060532148e+03
1.100843469439550972e+03
-7.547133079075157411e+02
-8.123306589734455656e+02
1.166701326165747014e+04
4.838750982668984761e+03
3.899778020177187500e+03
-1.197113583097332139e+03
1.757098959624057170e+04
1.196131206911828485e+03
1.120556783089208875e+04
4.127532383782990109e+03
7.813050087817506210e+03
-8.488547672508233291e+02
1.724007768727225084e+03
2.230447820797292479e+03
4.772654508353998608e+03
1.402877645376313740e+04
7.867244888996858208e+03
2.023540413994043047e+04
7.637425504886507042e+03
3.937227292916977149e+03
7.074002722325529248e+03
6.263285361973821637e+03
1.636006528725624048e+04
2.776318105771509636e+03
1.497823253498833401e+04
-1.016822129611790842e+03
1.374648153495344195e+04
-1.402588553614772309e+02
4.260999194479472862e+03
8.700561665753204579e+03
4.610314700646629717e+03
2.116265831240961688e+03
4.773475080395091936e+03
2.816341569168724527e+04
5.104989095727200038e+03
2.551906736135665597e+02
-7.868265649349837076e+00
4.189001269828229852e+03
2.957596408338346919e+03
9.018329960702600147e+03
5.077965716302167493e+03
1.269236239722069513e+04
6.164340736596149327e+03
6.933548283396148690e+02
-9.921835282652364185e+01
9.830810548995301588e+02
2.899939026707883841e+03
1.645289825908718922e+04
-1.511180962163449806e+02
1.594228247956646010e+04
1.081337322764845567e+03
8.238060007515121470e+03
1.731998433608964888e+03
1.552134577208636529e+03
1.066655355034324930e+04
5.523386461340195638e+03
7.466014405181822440e+03
1.589834388905361266e+03
-6.275267446417753945e+02
1.255596113954118664e+04
2.807763614909532407e+03
5.467475224270627223e+03
1.535785834339956273e+04
9.351026316181238144e+03
-1.268223036756315196e+03
2.271462110926373043e+03
1.352207372235312505e+03
8.099880820253041747e+03
1.229437436755524323e+04
7.284686363856055323e+03
3.420436718196379843e+03
7.782868862577717664e+03
-6.595816211872315762e+02
1.460667461954827922e+04
4.897577193256667670e+03
9.846114145632476720e+03
4.317232167640439911e+03
5.534131156673717669e+03
-3.576276049420448544e+02
-1.076513452521103773e+03
1.148274513075963841e+04
5.161747972074658719e+03
4.745438601539211049e+03
4.568234296215501672e+03
1.747371813408094749e+04
1.450400255634088808e+03
6.662458661557120649e+03
2.060347755763822875e+02
1.404020501110307487e+04
4.815703741291990809e+03
4.328227533315575783e+03
6.165057553843387268e+02
1.989325982566215680e+04
9.866387044498605974e+02
1.177232683078029913e+04
3.511018520546167565e+03
1.403105137922185168e+04
1.329271751487429356e+03
2.321364161747256003e+04
-2.195048955929897829e+02
2.025155833161090868e+02
-1.385675764457181913e+03
1.220675784828759788e+03
6.528511785101591158e+03
3.196001735804812597e+03
1.140451158873687973e+03
1.578640620243294734e+03
8.872748154559949398e+03
2.913565265894580534e+03
1.581508671385535126e+04
1.995345016261026103e+04
1.065465671990318515e+04
4.343224140572054239e+03
4.790766529304250071e+03
4.465225593062982625e+03
3.146352100551077456e+03
7.964714276635410215e+02
2.420011405118758375e+03
2.620093316658673757e+03
1.114816331595441261e+04
1.036567777119586026e+04
6.623689536990558736e+03
-6.861696848382248390e+02
2.906603257046488125e+02
4.099001052923513271e+03
3.695994359168849041e+04
-2.922083516944819053e+02
-9.897911877755035448e+02
9.086767745384648151e+03
-1.654787983443285611e+03
1.236374602192366547e+04
8.195110741073456211e+02
4.362819037132589074e+03
3.799128965909204908e+03
5.967478907364205952e+03
4.092637039263211591e+03
3.582807652709119429e+04
6.628825457955626916e+03
2.842340254105006807e+03
2.136377571684695795e+03
5.812955412860929755e+03
4.211160752744892307e+03
1.492603870481780723e+04
1.941446428132998335e+04
-1.557768540572022857e+03
-5.787367797192682701e+02
1.227024148007559234e+04
6.406168907562464483e+03
4.518572904890165773e+03
1.935787667033237085e+04
5.988432252071728726e+03
1.199259858622360844e+04
8.541682208062928794e+01
-1.037718455778232055e+03
1.852604978987528739e+03
1.334666593344435387e+04
-1.316738739438601158e+02
1.035296931958610367e+04
1.535144739693753945e+04
9.191000278213212368e+03
1.615822099363121197e+03
5.189362335218183034e+03
1.005339542658775463e+04
2.795227675337971050e+03
1.057871362812856660e+03
4.475089844947780762e+02
1.015851901532241209e+04
6.098729452444435992e+03
1.871621320282389206e+03
1.210472913588574102e+03
7.144191090997474930e+03
6.923032276084077239e+03
5.624066539404395371e+03
2.682940906232066936e+03
5.539855338965392548e+03
3.157011782772316292e+04
-7.265821016248753494e+02
9.653433759624027516e+03
-1.403673897522350217e+03
7.164568640169234641e+03
5.396324324506998892e+03
4.637010429175725221e+03
1.098083204992054380e+04
1.033008715195802688e+04
6.142626096703056646e+02
1.455442197896535163e+03
4.923125406014631153e+03
1.081520932586550407e+04
1.422501035683864302e+03
1.038304808274151947e+04
6.814593718583540976e+03
2.275397413310424599e+04
5.331175886490855191e+03
1.323842578282097929e+04
2.473074287296949024e+03
-5.974542076725501829e+02
4.217264389137765647e+03
2.469911185663953802e+03
4.281754177339982562e+04
6.025094049969342450e+03
2.953249027776018920e+01
1.752731459615228960e+04
-1.792883936683100501e+02
1.646756237496469112e+03
2.887811467652778083e+04
1.092587970667915897e+03
-8.289626132466635227e+02
-2.573483049487159064e+02
7.361358049463025964e+03
-5.388421555365869153e+01
9.721196186528819453e+03
7.654262541401176350e+03
4.099326454341237877e+03
2.850450310939767587e+04
2.062903821611247986e+04
-4.358367155792200833e+02
3.095761974871255370e+04
5.454495590133075893e+03
7.702002415876750092e+02
3.842755483848535732e+03
1.258832241496165807e+04
5.427284604667380336e+03
1.012334484525494918e+04
5.811605965663297866e+02
3.028227910091725062e+04
2.809660656597479101e+04
6.941693810447523902e+03
2.817702454068634324e+03
4.835420173326074291e+03
8.372379236253067575e+03
-1.134996497320741582e+03
1.406844041966544864e+04
3.475043348527387479e+03
9.479457875317679054e+02
1.225894684724277977e+04
2.011379721669841729e+03
2.995611254829193058e+03
1.760919713438990584e+04
-1.178709840447705119e+03
2.519356435197283645e+03
1.230418536993578527e+03
4.477788520025909520e+02
1.448078697401761929e+04
2.746281105242336707e+03
6.298085310305621533e+03
3.669751516467587408e+03
5.486191656187612352e+03
1.382946564696718269e+03
1.155099348542595908e+04
1.226321275567451994e+04
6.586288289601358201e+02
1.172051673290276813e+04
1.682069386312103234e+03
1.284124822783856416e+03
9.477399595113738542e+03
1.872968095068806861e+03
2.676325715836540439e+03
8.294402538396880118e+02
1.884977621452526364e+03
5.776457082527155762e+03
1.686542217971003538e+03
4.730738193431815489e+03
4.896390792263373442e+03
1.072198751302668143e+03
2.007091126693971455e+04
-1.130170250633016167e+03
1.619502598252515236e+04
-6.997130050003954693e+02
4.597251169989963273e+03
3.280546896465238660e+03
3.787935456769062966e+03
1.132070999465263640e+03
6.051722421677917737e+03
3.505286210722111264e+03
1.053453111929390798e+04
2.076299308876274154e+03
5.349178422329796376e+02
5.400522333913795592e+03
6.470148461627878532e+03
2.580361244150418315e+03
5.206146480576395561e+02
1.652845113710972146e+04
1.514149704377202761e+04
2.807048478276959031e+03
1.740052296591376580e+04
1.993887197177917415e+03
6.021528586877651833e+03
1.011819709492830407e+04
1.872314455138414633e+04
5.102654291188416209e+03
3.041542743342320591e+03
2.115221662001636105e+02
3.091057434941026077e+04
3.283174356421053744e+03
2.281239308786095353e+04
-1.722617684660467603e+03
1.026617678491464540e+04
-2.316910011148586818e+03
2.557716593687296336e+04
3.538911519887988561e+03
3.975417254291855897e+03
4.731204646777666312e+03
2.450241342396912387e+03
8.576865720813825646e+02
-4.465415403586048342e+02
7.613958865010965383e+03
1.323487138575157132e+03
9.414137690005441982e+03
6.902429056957908870e+03
9.704059903022649451e+03
7.501123917659128892e+01
1.396476345115383992e+03
1.331588873749313461e+04
4.293694416806228219e+03
6.338219025509399216e+03
3.496649021286307288e+03
4.047805241754709641e+03
7.006786398017498868e+03
2.454137790069234143e+03
1.664090292147151922e+04
1.852578600697934962e+04
3.825661403589136626e+03
5.067663388219119952e+03
-2.052051768200778042e+03
-1.081916248053445770e+03
5.732719414501669917e+02
4.960460423542647732e+03
1.619292872171285308e+04
-6.412854114699521233e+02
4.883478343744460290e+03
1.057765255019850338e+04
5.724810616821774602e+03
1.595344987142339050e+03
7.766281006619597974e+03
1.452549568188528792e+04
-1.343098420208735888e+03
-1.346032766220407439e+03
8.930173205489820248e+03
1.743085770900986290e+03
8.453498721198775456e+01
4.818546239095378041e+03
9.947016752059656937e+03
2.398766449417847980e+03
6.593451739974858356e+03
5.512848697870075739e+03
4.751063394862620044e+03
1.529808867625941275e+03
2.571055376787198838e+03
8.753310355436078680e+03
6.326629820729607673e+03
9.760754805807257071e+03
4.126114671900011217e+02
3.457027043791082178e+03
8.263065047653548390e+03
-8.680119598428725567e+02
6.264437751685770309e+03
2.085844539142804933e+03
5.317709069869698624e+02
2.680679273011620808e+03
1.085182335655631141e+04
1.975633576373533288e+04
2.450631591208064492e+03
2.814772538372853887e+03
6.758200396000558612e+03
8.848104334502768324e+03
3.423583510818687046e+03
3.810944327508834249e+03
6.382326518036312336e+03
5.710426523657546568e+03
3.972770381836334082e+02
3.803165879463021611e+03
2.348916270683552284e+03
-1.367036899811966805e+03
1.830663726915631196e+04
4.796936157929724686e+03
1.582999155473257633e+04
1.528690196221782207e+04
-7.076750810050128848e+01
5.447845820776430628e+03
1.634519520290145920e+03
1.856590572820545731e+03
1.454392649624562910e+04
2.664676432907649541e+03
4.088988737471857803e+03
4.976894314791734359e+03
1.496731411208857025e+04
1.559173212330554452e+04
-4.976466692577064919e+02
1.102789750116078176e+04
2.401458883408841757e+03
-1.444324814566566374e+03
1.191667512176322271e+04
3.092839079399151956e+02
9.491912511352222282e+03
1.934012664594454236e+03
3.141893346644827943e+03
1.730815770406511831e+02
6.295186867510710726e+03
-1.124562496924861989e+03
2.326122841811334365e+04
5.502462555979856916e+03
8.681480247109939228e+03
1.815918334914591696e+03
6.680276227167036268e+03
2.491332369083079357e+03
2.193764686909451484e+04
-1.556676450376472758e+02
4.324809867683748962e+03
1.232635360103653147e+04
5.556118355227645225e+03
2.752908319051625222e+04
-1.451469824159931250e+03
7.339638144024819439e+02
9.711902236142737820e+03
-1.015747083034133084e+03
3.611695495695713362e+03
6.476197423141496984e+03
1.526385967062003601e+02
9.521224681875986789e+03
4.031588247655239684e+04
5.680310294330810393e+03
8.254685531035784152e+03
6.272071267059578759e+02
8.155759410554655915e+03
9.228588212735432990e+02
3.757078427282297071e+02
8.073367956433905420e+03
1.310834577785020429e+03
4.892625690457755809e+03
1.977294234623799866e+03
-1.050668910480621207e+03
1.287337335484448886e+04
5.053308572492822350e+03
2.873452954626513019e+03
1.894947793462856134e+04
2.636870852630556328e+03
7.745409746938379612e+03
2.336044626205323766e+03
7.239844004229360053e+02
2.728071234752549572e+03
6.069994635313611070e+03
7.467179125203667354e+03
6.221615753272341863e+03
9.856559435044766360e+03
1.591903308344263678e+03
7.300949321722169771e+03
1.310938062300859201e+04
1.059893145369054582e+04
2.155732436461011901e+02
2.341171668714469342e+04
5.533500082585514065e+03
2.305745915060996595e+03
5.986186707529633168e+03
1.361839447523759554e+04
1.666713838541005316e+03
-8.226966534857396027e+02
4.288522050518053220e+03
2.372671182785956262e+03
2.162420937234671783e+03
1.766495380301103751e+03
2.138677634611590838e+04
1.527761502784897516e+02
4.066154901776777479e+03
-4.889991033045192808e+02
-2.370641173639421595e+03
6.943093554927778314e+03
-2.171690908592399012e+02
-9.421489905564363880e+02
2.705494842594233432e+03
6.030644141770649185e+03
5.324588857548552596e+02
2.947223958063085593e+04
7.239143691146802666e+03
4.503546397852550399e+03
1.760073007919092333e+03
1.569573896214326669e+04
1.598078244830505582e+03
8.108118335183390627e+03
6.533678528475007852e+02
5.937913036350990296e+03
4.286008748545278650e+03
1.277011266526351756e+04
2.310248172916807380e+04
2.738330762030680944e+03
4.578067041896775663e+03
6.262839786171214655e+03
7.915755664775551850e+03
5.104150356919199112e+03
1.257485818369387380e+04
1.503131130280172511e+04
-1.099117991450860018e+03
7.945165704133401050e+03
-1.110968555330175832e+03
1.566299642020612737e+02
4.945503338368689583e+04
1.502690849882028033e+03
8.667990334274689985e+02
1.384309897676305991e+04
2.782708238249158512e+03
8.913822620156277480e+03
1.455262098552843599e+04
2.725209879333927802e+03
5.350550609280486242e+03
3.501728682899881824e+04
5.295647903690500243e+03
1.208764136158225665e+04
8.790759472947247559e+03
2.270837106849937300e+03
1.096197662510732698e+03
1.249000958578739846e+04
5.500582718000888235e+03
1.707355692040236136e+03
-1.433677732057424464e+03
2.983313542311251513e+04
9.015983149501404114e+03
-1.600491050287828330e+03
-2.383373899886752497e+03
3.801566722103389111e+02
4.707194740029579407e+03
5.116216799150485713e+03
4.163599674788770244e+03
1.409337502200985682e+03
3.016457989722717230e+03
-1.426828459765472871e+03
2.147016422573059117e+03
9.490263920732255656e+02
7.753393728248590833e+01
7.660644287924931177e+02
5.315107643046667363e+03
8.983974794621371984e+03
4.689965280080865568e+02
3.311326078727855929e+03
2.774375142884298839e+04
3.464251954275569733e+04
1.088988771879700607e+03
6.085510337293279008e+03
3.347867014697884315e+03
6.711098958949505686e+03
1.320565186357767016e+04
3.779358124065549418e+03
3.424677326279552744e+03
8.885184126746386255e+02
6.248406432875262908e+03
2.103950786546963354e+04
2.806372321047815603e+03
2.703589797577652462e+03
1.211888047155786444e+04
2.126628962108893575e+03
1.122822813738472723e+04
7.512309598464939882e+03
4.864136881534591339e+03
9.018135588052009552e+02
3.225036963252262467e+03
6.158577378868918686e+02
2.112234819557093488e+03
5.650990979877435620e+02
-1.084603704410642422e+01
5.269191968049861316e+03
3.143118211618012083e+03
1.554254089848435251e+04
9.691151078670879997e+02
-3.511633649469445118e+02
5.713239605457662037e+03
1.114511396404644438e+04
2.822041006959375409e+03
6.948073060986575001e+03
8.140249281994836110e+02
3.198111815240627948e+03
1.239568695028578986e+03
-1.557746319692972747e+03
2.422423859582372643e+03
-1.066890811739685432e+03
-9.717918744656867602e+01
3.697799310981483814e+02
8.544636821410001630e+02
9.997496731859762804e+03
2.458246563401756794e+04
3.418793769216154942e+03
5.881545428103049744e+03
4.011162160487828260e+03
1.578373597601994788e+03
4.415151335133307839e+03
7.581525581041559235e+03
-1.422024914706503523e+03
4.564842372814615373e+03
6.911473597408868955e+03
2.209187904822971905e+04
2.794325180646329045e+03
-6.332270125234970237e+02
1.042512679933340769e+04
1.998352361238957747e+04
1.018673132337045899e+04
1.155550467770935484e+03
-8.116774165267465833e+02
1.372795386481296737e+04
-2.241656900095904916e+02
1.636429329215019152e+03
7.804518745113265140e+03
1.479294594850106296e+04
7.989919176486564538e+03
8.699054987420660837e+03
6.678367801378000877e+03
-3.310781661347128875e+02
4.270311295673027416e+03
2.576091403512564648e+04
1.590797633371310894e+03
1.098780454630900749e+04
9.995622240632956164e+02
2.597244902011964882e+02
2.829774988729289362e+03
6.772047928315241734e+03
6.848365341333113975e+03
3.169121669083732741e+03
1.523285348267545714e+03
7.265382321271205910e+03
4.280790772374874905e+03
1.117234438112370844e+04
3.309101160823859573e+03
1.719195944729601615e+04
1.127660754059027386e+04
9.539283540939619343e+03
-1.091723451584416807e+03
2.008891995622719332e+04
-5.438279867634960283e+02
1.797202785036631030e+04
4.681457143369654659e+03
1.100618473831746269e+04
-7.124856310678810587e+02
2.865155577937262933e+03
6.803296981452524960e+03
6.556067356788772713e+02
9.554623647267972046e+03
1.929883090192631789e+04
1.686815351280895356e+03
9.009659195076212200e+03
-7.370942752379423837e+02
1.110689646418733446e+03
1.275510498068957986e+03
2.554247270813784417e+04
9.832371608861378263e+03
8.380668761521736087e+03
1.327349150407538582e+04
7.303398437900454155e+03
8.422396918400232607e+03
9.561634404951579199e+03
3.636778555091579619e+03
4.098952332728953252e+02
2.112517341289366868e+03
-2.898181297366688796e+02
-9.472693000361163058e+02
-1.671443756452789557e+02
3.585152646221009491e+03
2.964541107088196441e+04
6.556846666015493611e+03
4.334338953007118107e+03
2.059042512267995335e+03
3.000477894661043683e+04
4.009461177781250854e+02
5.592395005989946185e+03
-9.237902073846483972e+02
-4.748185938856917687e+02
-1.299590774314566715e+03
9.456680801805086958e+03
5.788498923305504832e+03
8.023541123100894765e+03
5.348008249867443737e+03
-3.955880428324229570e+02
5.053105540805987403e+03
9.107904456051461239e+03
3.771192669902908165e+03
1.015601482666163633e+03
2.892809166140552043e+04
-5.207739838264046739e+00
2.810337270212095973e+03
1.085735858188680595e+03
3.013482472437958222e+03
9.982446065305402954e+03
-5.825345314240282732e+02
-8.122361283193074541e+02
7.742838012681802866e+03
1.823828381680075836e+04
2.666840235160120756e+03
1.741583251769231993e+03
4.486486040722047619e+02
2.962171065633822764e+03
2.370382320222361523e+04
9.234653949415505849e+03
1.201654989838785878e+04
3.558234385374257727e+03
8.495721007221389300e+03
1.081072433744388036e+04
2.536792055630846335e+03
2.360236713634276839e+03
1.914850073131147838e+03
1.442608037976110427e+04
2.187171156381221863e+03
2.493427359469658040e+04
6.629521528954082896e+03
4.297621281327911674e+03
7.980281816799588341e+03
5.189453900133232310e+03
1.366138746502535105e+04
1.886983311811441354e+03
2.457488737033613688e+02
6.648874735999963377e+03
7.719187184785879253e+03
6.576344608822962982e+03
5.417656026223914523e+03
1.522476863453623309e+03
9.899135118456119926e+02
3.778348309371751384e+04
1.381533138810852142e+04
1.165904286163612824e+03
6.755732388322268207e+02
3.193840442952860940e+03
1.450759914977033623e+04
-1.048993503990583577e+03
1.094965176000806059e+04
2.436849992644702070e+03
2.681887829061562570e+03
3.973302419062846639e+03
1.097445233226244090e+04
2.312635915767346432e+03
6.749095334005610312e+03
5.903973318077983095e+02
1.091433290846947239e+04
-1.010899893460340593e+02
2.757043919746061420e+03
-1.928081819342786730e+03
1.544343992440578586e+04
-1.191698840981769536e+03
-7.554826349072845915e+01
4.207782124796080097e+03
3.214733505108265035e+03
1.583342898350287760e+04
8.122890050690616590e+03
3.615803207676992770e+03
1.272813101556650327e+04
-1.402836697213515663e+03
1.475975840196425224e+03
2.816444522680095815e+03
1.996274640735485036e+03
1.040558363706993259e+04
6.137733498140041775e+03
9.345885334415570469e+03
-1.563006191491306481e+03
1.538020566988583232e+04
2.070709176823380403e+03
2.512118386283782456e+02
2.805943989458492979e+03
1.752971002538971879e+04
4.472497219953939975e+02
1.989464918057521209e+04
1.109978073125260926e+04
1.548918353557799128e+04
2.069243000389284134e+04
3.552461014294613960e+03
1.069976634412777275e+04
4.060776176894918990e+03
-1.266216735126013617e+02
8.286217892483942705e+03
1.367417243210859851e+04
9.489057469329272863e+03
9.996985143589380414e+02
2.184558928007142640e+03
1.440565530610851738e+03
1.321824800696982311e+04
1.059716147395816506e+03
3.059393383945790106e+02
1.494129913853542178e+02
1.628688764120982160e+04
1.592681573637842666e+04
1.652260179039927243e+04
1.734272647095739376e+04
2.975286588860739698e+02
2.035965235716086681e+04
3.631813554314964676e+03
1.161079585160844363e+04
1.993552698359313581e+04
5.559018795501755449e+03
1.257759740117244064e+03
9.509156596534579876e+03
5.473085340976739644e+03
1.310148649904931517e+04
2.954309874878896153e+03
1.275591286626508736e+04
2.715035710410645333e+04
1.849605861028395884e+04
2.814102834534739031e+03
1.483490131827782898e+04
1.275334225397679620e+04
-8.863790683175437835e+01
8.425955386404157252e+02
7.054460028179720211e+03
1.127124404979065912e+04
1.428427249230938105e+04
-1.864935314828130970e+02
4.387281202896613195e+02
1.809907394363358435e+03
1.619075309677014047e+03
4.819084082943763860e+03
8.760802695087630127e+03
2.792112936236117457e+04
1.001579229568035885e+03
1.049430703728482513e+03
4.237063841260992376e+02
7.057886544616420906e+03
4.991038660081407215e+03
1.851472148077134261e+04
2.466227904187394597e+04
1.703622640535276150e+04
8.537724567569042847e+03
1.144813245497485332e+04
-1.433000825607510023e+03
1.286777296991893854e+04
1.469065867249635744e+02
8.203831541474481128e+03
1.122102373471095461e+03
6.105392470573899118e+03
1.833151573502517749e+03
5.134069629098224141e+03
1.660098919970279530e+04
9.104986947260067609e+03
1.534603559927737479e+04
-1.623292419974209679e+03
1.934517012138695918e+03
2.841680321795633063e+04
-1.990511109271955775e+03
7.388329531496136042e+03
-1.225445534093262268e+03
5.762772510059662636e+02
2.040103432095851758e+03
3.389920737280078356e+03
1.938101878704696901e+03
9.752647377617469829e+03
6.595167405885031258e+02
9.948698357499099075e+03
1.587899506690917224e+04
2.797624838735624053e+03
1.979423611959601203e+03
2.449282993789934153e+03
5.467024778125035027e+02
-1.650340207506273771e+02
7.591630724066783841e+03
8.415484767586937096e+02
2.223226203055567385e+04
3.243276339301931330e+03
3.250607507873063696e+03
3.458517516033189622e+03
1.420200252461122363e+04
1.941532419670988929e+03
3.196084843042853208e+03
1.389483789386194076e+03
1.052656084369184100e+04
4.483230039311063592e+03
6.349832844058606725e+02
6.040135107624109878e+03
1.162975805117497293e+04
1.103670630047440864e+04
6.057921267502853880e+03
1.049064105939147339e+04
2.434275279206070627e+04
2.086517927967908236e+03
-4.635108658848605501e+01
6.472269903057558622e+03
-3.150262587921230306e+01
1.284182682820459377e+04
3.117361216424753366e+03
-4.917805031261164572e+02
1.674891587143248762e+04
2.446417688901856673e+04
1.063912123715271809e+04
5.378157927218991063e+03
2.710961572529855766e+04
2.511447939413186305e+03
3.696537882226759393e+03
1.683807191331650301e+02
3.584493398689642163e+03
8.611701170565989742e+03
2.323081327750958371e+04
2.457015710104180835e+04
2.015461480889070344e+03
-8.235485697223596162e+02
-1.089936687120144597e+03
1.622899067543053434e+03
5.262213296184238970e+03
1.806054369745596705e+04
1.318793310856708558e+03
4.800091598403365424e+03
4.371699519977325508e+03
7.134728108961781800e+03
6.397448831095483911e+03
1.370615418522735922e+02
8.945572687611396759e+03
-8.625591994670079430e+02
1.691966411386891559e+04
6.478334948578703916e+03
4.016283947845411149e+03
6.968049194786087355e+03
-9.097996265584245066e+02
8.171881516686013128e+03
4.575611102426215439e+03
1.312280907321664199e+04
5.259138612943002954e+03
1.114605803008493967e+04
7.505883728626939956e+03
6.794514729340100985e+02
1.167194324789679376e+04
3.123891237640704276e+03
7.081453094965037053e+03
6.892278843831836639e+03
5.806347531019884627e+03
1.127581335218117601e+04
8.643941134092834545e+03
2.046230736686881937e+04
7.855982572232411258e+03
5.670530548250982974e+03
2.238399349207151317e+03
5.707300629264835152e+03
4.331190878986573807e+03
1.180834344561613034e+04
1.301519427487979738e+04
3.849514392175319244e+03
2.135274411163775221e+04
6.598228204699214984e+03
2.362974503638875831e+04
3.393008895151635897e+02
1.220377785790724829e+03
8.089571022403923962e+03
-6.703853010279112823e+01
2.046469265399402957e+03
3.473230081818946474e+03
1.155878670387547390e+04
1.462376876186219079e+03
7.827912199297217740e+03
1.145987612033937330e+04
1.241646647498205084e+03
2.378106791045874706e+04
4.550117314119821458e+03
2.391688260130628805e+03
6.270999609644481097e+03
2.508588634303425806e+02
1.959091912705333380e+04
2.961045699076005349e+03
4.810249547802956840e+03
4.284689668081746277e+02
1.908645457295386586e+04
2.175949005074415254e+03
-1.725344511877151035e+03
1.181583722989842272e+03
3.103584915185000864e+04
1.378888939280604973e+04
-6.214118001001209990e+01
1.382629150813115530e+03
1.475933076227671336e+03
-1.761111980938511579e+02
-1.391650478533212436e+03
2.780169222011157217e+03
2.317271194973467937e+04
2.851379926451955271e+03
7.677969485600127655e+02
3.997628163477269482e+03
3.142210135317937784e+03
7.042234024897998097e+03
5.066958604550324708e+03
1.241075677205504462e+03
3.576099491197796397e+03
3.003434563032373262e+03
-9.920205212151199703e+02
8.662253502440646116e+03
4.357032437270793707e+03
1.931485688646877679e+04
3.850107869597816716e+03
2.191985029068781841e+03
4.900554583984505371e+03
-3.171365807765004092e+02
2.325531242437462879e+03
9.524131398009486702e+02
2.576672389505233696e+02
1.440927937735054002e+03
-1.104676879120278500e+03
2.227555624194394568e+03
-1.017974365850312097e+03
8.692896635830682499e+03
1.413120557947543966e+04
1.459439733222229552e+04
2.824047212914505508e+03
3.169507158987494222e+03
-1.270469398318534218e+02
1.793154906979011139e+04
1.164358257239672821e+04
1.050556555428598949e+04
4.519281730101027279e+03
1.211173196177164209e+04
1.518870986280483521e+03
1.317105269757421593e+04
1.003786354051844137e+04
3.796375551528310098e+03
4.871499800543540005e+03
-7.614758631577725509e+02
1.769682526735518422e+03
2.531320016397005475e+03
-8.979459126053551188e+01
6.351124412331560961e+03
