6.529995502236321045e+03
1.431265091683929768e+03
1.998721217804073149e+03
5.579500272763702924e+03
6.504325575568880595e+03
5.775213180885825750e+03
4.989234114710238828e+03
4.597165014274550231e+03
6.280474646788095924e+03
4.417476264212586102e+03
3.457558216878504936e+03
6.564763907002272390e+03
5.504512062190567121e+03
5.630592348284464606e+03
4.079338852077788033e+03
7.498456167564650059e+03
8.819183670238227933e+03
8.060967562745207033e+03
3.474275570117119969e+03
2.602544360132457768e+03
6.231190628537357043e+03
3.726688684766291317e+03
2.473362511264144359e+03
8.781385270928320097e+03
6.273335342108855002e+03
4.010526003905154994e+03
7.012851973563045249e+03
4.081710115871097514e+03
1.450059497699702888e+03
3.743448136543115652e+03
