1.899485954929128056e+05
1.535139110436983174e+05
3.107667634503075969e+05
2.830141289088758058e+05
2.242557076351394644e+05
3.323472716876707855e+05
2.624457755957780755e+05
1.945111630076979054e+05
2.409309825424253650e+05
2.302762753652226529e+05
2.415656749755694473e+05
2.880723763733024243e+05
2.213826302807009197e+05
2.020385417547845864e+05
2.242899115012072725e+05
2.606607155435525056e+05
3.539697244003691594e+05
2.918589856339312973e+05
2.169007394268124772e+05
3.146190465030257474e+05
2.855085041873247828e+05
2.554952148955493467e+05
2.236005115044795384e+05
2.710716589924359578e+05
2.497666027473475842e+05
2.324893041046878789e+05
2.743690828764521866e+05
1.604640177840674005e+05
1.997546720452891605e+05
1.461790136552713229e+05
