4.027721679687500000e+03
1.919775195312500000e+04
8.103538574218750000e+03
9.821066406250000000e+03
9.649386718750000000e+03
1.068354687500000000e+04
1.065884765625000000e+04
1.038154882812500000e+04
1.234811816406250000e+04
1.288181835937500000e+04
1.240999609375000000e+04
1.312900878906250000e+04
1.382208593750000000e+04
1.421644531250000000e+04
1.551224511718750000e+04
1.558765917968750000e+04
1.267359765625000000e+04
1.341741406250000000e+04
1.473322265625000000e+04
1.675148046875000000e+04
1.528652050781250000e+04
1.418478808593750000e+04
1.569200585937500000e+04
1.437197460937500000e+04
1.765844726562500000e+04
1.608939550781250000e+04
1.883182031250000000e+04
1.741121484375000000e+04
1.530010351562500000e+04
1.699329492187500000e+04
1.531719921875000000e+04
1.575699609375000000e+04
1.631951464843750000e+04
1.632035742187500000e+04
1.556126171875000000e+04
1.678783203125000000e+04
1.892570898437500000e+04
1.665743164062500000e+04
1.925735156250000000e+04
1.893862890625000000e+04
1.807695703125000000e+04
1.684813085937500000e+04
1.767055273437500000e+04
1.867173242187500000e+04
1.959537695312500000e+04
1.747474609375000000e+04
1.831655664062500000e+04
1.976923828125000000e+04
2.006823046875000000e+04
2.153066210937500000e+04
2.079348828125000000e+04
1.846594531250000000e+04
2.270323437500000000e+04
2.294546289062500000e+04
2.075285351562500000e+04
2.049364648437500000e+04
2.092752539062500000e+04
1.856175390625000000e+04
2.056479101562500000e+04
2.030074414062500000e+04
1.943749609375000000e+04
1.979714062500000000e+04
1.862223242187500000e+04
1.914192773437500000e+04
1.955234375000000000e+04
2.043173828125000000e+04
2.041248242187500000e+04
1.994894921875000000e+04
2.074094531250000000e+04
1.888533007812500000e+04
2.213197265625000000e+04
2.067808203125000000e+04
2.197920507812500000e+04
2.137969140625000000e+04
2.185264062500000000e+04
2.028990234375000000e+04
2.394017187500000000e+04
2.281541992187500000e+04
2.171513085937500000e+04
2.164601171875000000e+04
2.077947265625000000e+04
1.838914062500000000e+04
2.234479296875000000e+04
2.043626367187500000e+04
2.245868750000000000e+04
2.007614257812500000e+04
2.109920312500000000e+04
2.397501953125000000e+04
2.366040429687500000e+04
2.179626367187500000e+04
2.280037890625000000e+04
2.143863476562500000e+04
2.063998828125000000e+04
1.962492578125000000e+04
2.108495703125000000e+04
2.281628906250000000e+04
1.965214648437500000e+04
2.133619726562500000e+04
2.075495117187500000e+04
1.979864453125000000e+04
2.046039843750000000e+04
2.136286328125000000e+04
2.269982421875000000e+04
2.277705664062500000e+04
2.145645703125000000e+04
2.259827929687500000e+04
2.434012890625000000e+04
2.293320312500000000e+04
2.408344531250000000e+04
2.128197460937500000e+04
2.443773437500000000e+04
2.193352539062500000e+04
2.167133593750000000e+04
2.381380859375000000e+04
2.183111914062500000e+04
2.156830078125000000e+04
2.447342187500000000e+04
2.344995117187500000e+04
2.311449609375000000e+04
2.511880078125000000e+04
2.109616210937500000e+04
2.041823437500000000e+04
2.348649023437500000e+04
2.199189062500000000e+04
2.209902539062500000e+04
2.220658203125000000e+04
2.275421093750000000e+04
2.492712695312500000e+04
2.411941015625000000e+04
2.421400390625000000e+04
2.327847265625000000e+04
2.677092968750000000e+04
2.580432421875000000e+04
2.250374414062500000e+04
2.349383593750000000e+04
2.751989062500000000e+04
2.501395312500000000e+04
2.243662109375000000e+04
2.243619140625000000e+04
2.430329492187500000e+04
2.581107812500000000e+04
2.198741601562500000e+04
2.457003906250000000e+04
2.594753515625000000e+04
2.751580078125000000e+04
2.791990039062500000e+04
2.494693750000000000e+04
2.328786328125000000e+04
2.573697070312500000e+04
2.248352734375000000e+04
2.362863867187500000e+04
2.741368750000000000e+04
2.376296093750000000e+04
2.220690820312500000e+04
2.486093750000000000e+04
2.442519140625000000e+04
2.314083007812500000e+04
2.374797656250000000e+04
2.603918554687500000e+04
2.384194531250000000e+04
2.402392578125000000e+04
2.324280664062500000e+04
2.329418164062500000e+04
2.562925195312500000e+04
2.671738867187500000e+04
2.852086328125000000e+04
2.707592187500000000e+04
2.570507812500000000e+04
2.408434179687500000e+04
2.464704687500000000e+04
2.310474218750000000e+04
2.449843750000000000e+04
2.670179492187500000e+04
2.748467187500000000e+04
2.620657421875000000e+04
2.693554492187500000e+04
2.674140039062500000e+04
2.806401367187500000e+04
2.534190820312500000e+04
2.250576757812500000e+04
2.374100585937500000e+04
2.674216992187500000e+04
2.461693750000000000e+04
2.376588671875000000e+04
2.518220117187500000e+04
2.505165820312500000e+04
2.354020312500000000e+04
2.603650390625000000e+04
2.119399414062500000e+04
2.728706835937500000e+04
2.761629882812500000e+04
2.602285937500000000e+04
2.472147070312500000e+04
2.367432031250000000e+04
2.404622265625000000e+04
2.438827734375000000e+04
2.560415039062500000e+04
2.261297851562500000e+04
2.602761718750000000e+04
2.746326562500000000e+04
2.366687109375000000e+04
2.469481250000000000e+04
2.441343359375000000e+04
2.628403515625000000e+04
2.268101562500000000e+04
2.519418750000000000e+04
2.342756250000000000e+04
2.602009570312500000e+04
2.391252734375000000e+04
2.554392968750000000e+04
2.604429296875000000e+04
2.372384765625000000e+04
2.540709570312500000e+04
2.413715625000000000e+04
2.367463476562500000e+04
2.489234375000000000e+04
2.528323242187500000e+04
2.412764257812500000e+04
2.426232031250000000e+04
2.168138085937500000e+04
2.686188671875000000e+04
2.117581250000000000e+04
2.378009765625000000e+04
2.455822070312500000e+04
2.373571679687500000e+04
2.560534375000000000e+04
2.389212695312500000e+04
2.632714843750000000e+04
2.537735156250000000e+04
2.507823046875000000e+04
2.469085156250000000e+04
2.585172460937500000e+04
3.020046484375000000e+04
2.321790429687500000e+04
2.373002734375000000e+04
2.342599609375000000e+04
2.255593750000000000e+04
2.344127929687500000e+04
2.454496484375000000e+04
2.654500976562500000e+04
2.255533593750000000e+04
2.688704687500000000e+04
2.498004882812500000e+04
2.396330468750000000e+04
2.306137304687500000e+04
2.402489843750000000e+04
2.297623437500000000e+04
2.255702734375000000e+04
2.460566406250000000e+04
3.008103320312500000e+04
2.252774609375000000e+04
2.195402539062500000e+04
2.498422070312500000e+04
2.581122656250000000e+04
2.742349804687500000e+04
2.602394726562500000e+04
2.606817773437500000e+04
2.781252734375000000e+04
2.320098046875000000e+04
2.621096875000000000e+04
2.391803906250000000e+04
2.671966601562500000e+04
2.261047265625000000e+04
2.524336328125000000e+04
2.237453906250000000e+04
2.216301171875000000e+04
2.548622851562500000e+04
2.509760742187500000e+04
2.740267968750000000e+04
2.210749609375000000e+04
2.319383398437500000e+04
2.379396093750000000e+04
2.275094921875000000e+04
2.532326171875000000e+04
2.300897851562500000e+04
2.226125781250000000e+04
2.298591992187500000e+04
2.338629687500000000e+04
2.438579882812500000e+04
2.328551953125000000e+04
2.315314453125000000e+04
2.377456250000000000e+04
2.268517578125000000e+04
2.391375390625000000e+04
2.617613281250000000e+04
2.294999804687500000e+04
2.475710351562500000e+04
2.462952539062500000e+04
2.488117578125000000e+04
2.352658007812500000e+04
2.556470507812500000e+04
2.209251562500000000e+04
2.311896875000000000e+04
2.473898242187500000e+04
2.212434960937500000e+04
2.274147656250000000e+04
2.344039843750000000e+04
2.312464062500000000e+04
2.353168359375000000e+04
2.423227343750000000e+04
2.587957812500000000e+04
2.412919531250000000e+04
2.438886328125000000e+04
2.343915820312500000e+04
2.510407421875000000e+04
2.494864843750000000e+04
2.697564453125000000e+04
2.712367187500000000e+04
2.580621484375000000e+04
2.294210156250000000e+04
2.602522656250000000e+04
2.313294140625000000e+04
2.451446484375000000e+04
2.514550195312500000e+04
2.619462890625000000e+04
2.837145117187500000e+04
2.620262695312500000e+04
2.258947070312500000e+04
2.566653515625000000e+04
2.241179296875000000e+04
2.405875195312500000e+04
2.858736914062500000e+04
2.825071289062500000e+04
2.623263671875000000e+04
2.760906445312500000e+04
2.473372070312500000e+04
2.565684570312500000e+04
2.434824023437500000e+04
2.523974804687500000e+04
2.502603125000000000e+04
2.256832421875000000e+04
2.173350390625000000e+04
2.383670703125000000e+04
2.467855859375000000e+04
2.592825000000000000e+04
2.703190820312500000e+04
2.321451367187500000e+04
2.389506445312500000e+04
2.348449023437500000e+04
2.141242968750000000e+04
2.601924218750000000e+04
2.396027539062500000e+04
2.771720117187500000e+04
2.653935156250000000e+04
2.760042968750000000e+04
2.608491601562500000e+04
2.593095703125000000e+04
2.471609765625000000e+04
2.567962890625000000e+04
2.615529101562500000e+04
2.415777929687500000e+04
2.607292187500000000e+04
2.697705078125000000e+04
2.385003125000000000e+04
2.574282812500000000e+04
2.949987109375000000e+04
2.753585742187500000e+04
2.459091406250000000e+04
2.601450195312500000e+04
2.241422656250000000e+04
2.226450390625000000e+04
2.551006835937500000e+04
2.639456640625000000e+04
2.416438671875000000e+04
2.646772460937500000e+04
2.449283398437500000e+04
2.577234960937500000e+04
2.590986914062500000e+04
2.374945117187500000e+04
2.325401562500000000e+04
2.536696289062500000e+04
2.435291796875000000e+04
2.360961132812500000e+04
2.500213867187500000e+04
2.583136328125000000e+04
2.684370703125000000e+04
2.623950390625000000e+04
2.629146484375000000e+04
2.521588671875000000e+04
2.472432031250000000e+04
2.338153906250000000e+04
2.614179882812500000e+04
2.314823632812500000e+04
2.663108203125000000e+04
2.578215039062500000e+04
2.374754492187500000e+04
2.326503320312500000e+04
2.541226367187500000e+04
2.437652343750000000e+04
2.518004882812500000e+04
2.440485546875000000e+04
2.300697265625000000e+04
2.191722265625000000e+04
2.744191992187500000e+04
2.384955078125000000e+04
2.197831640625000000e+04
2.487998046875000000e+04
2.507840820312500000e+04
2.492841015625000000e+04
2.535688281250000000e+04
2.636960937500000000e+04
2.456308007812500000e+04
2.442176171875000000e+04
2.124049414062500000e+04
2.483449414062500000e+04
2.261802343750000000e+04
2.829336718750000000e+04
2.397309570312500000e+04
2.541239843750000000e+04
2.482970703125000000e+04
2.645569921875000000e+04
2.671083789062500000e+04
2.503667578125000000e+04
2.799127734375000000e+04
2.585980078125000000e+04
2.583325000000000000e+04
2.580768750000000000e+04
2.685982421875000000e+04
2.485460351562500000e+04
2.394991015625000000e+04
2.655726953125000000e+04
2.567375781250000000e+04
2.604265820312500000e+04
2.512706835937500000e+04
2.635837500000000000e+04
2.416407421875000000e+04
2.777224804687500000e+04
2.549863671875000000e+04
2.550050390625000000e+04
2.850994726562500000e+04
2.326999414062500000e+04
2.634016210937500000e+04
2.522009375000000000e+04
2.444230468750000000e+04
2.535472656250000000e+04
2.560639062500000000e+04
2.422610351562500000e+04
2.508128515625000000e+04
2.665742968750000000e+04
2.841592968750000000e+04
2.748497460937500000e+04
2.560525390625000000e+04
2.472109375000000000e+04
2.842457617187500000e+04
2.637268164062500000e+04
2.757867187500000000e+04
2.407129882812500000e+04
2.680813867187500000e+04
2.655039062500000000e+04
2.360334765625000000e+04
2.764886718750000000e+04
2.472638281250000000e+04
2.503357226562500000e+04
2.521690234375000000e+04
2.695183203125000000e+04
2.716417187500000000e+04
2.522768945312500000e+04
2.636983984375000000e+04
2.637365625000000000e+04
2.698793359375000000e+04
2.565332617187500000e+04
2.834214843750000000e+04
2.732978515625000000e+04
2.638384375000000000e+04
2.968994140625000000e+04
2.712567968750000000e+04
2.700669531250000000e+04
2.692244921875000000e+04
2.704827148437500000e+04
2.654898437500000000e+04
2.931058593750000000e+04
2.705581640625000000e+04
2.690608984375000000e+04
2.721072460937500000e+04
2.498374804687500000e+04
2.679100000000000000e+04
2.520678125000000000e+04
2.868496289062500000e+04
2.425654492187500000e+04
2.804390625000000000e+04
3.038033984375000000e+04
2.425815625000000000e+04
2.576134765625000000e+04
2.561585351562500000e+04
2.765179687500000000e+04
2.596124023437500000e+04
2.884697265625000000e+04
2.467256640625000000e+04
2.796699023437500000e+04
2.662593750000000000e+04
2.795628710937500000e+04
2.815907617187500000e+04
3.166007812500000000e+04
2.881890234375000000e+04
2.664610546875000000e+04
3.136844531250000000e+04
2.685524218750000000e+04
2.763983984375000000e+04
2.638154492187500000e+04
2.963572656250000000e+04
2.470857031250000000e+04
2.897893164062500000e+04
2.806057812500000000e+04
2.739976953125000000e+04
2.648712695312500000e+04
2.999729101562500000e+04
2.960425585937500000e+04
2.818286914062500000e+04
2.526641601562500000e+04
2.841070898437500000e+04
2.559911328125000000e+04
2.932933593750000000e+04
2.677857031250000000e+04
2.259573828125000000e+04
2.866322851562500000e+04
2.677197265625000000e+04
2.594327343750000000e+04
2.601127539062500000e+04
2.825909765625000000e+04
2.407876562500000000e+04
2.642895898437500000e+04
2.731133984375000000e+04
2.623965234375000000e+04
2.633594140625000000e+04
2.797353906250000000e+04
2.634345117187500000e+04
2.442956250000000000e+04
2.837805273437500000e+04
2.887914453125000000e+04
2.769771875000000000e+04
2.811141406250000000e+04
2.383566406250000000e+04
2.891457812500000000e+04
2.733723242187500000e+04
2.685482617187500000e+04
2.697088476562500000e+04
3.105867773437500000e+04
2.519857812500000000e+04
2.526457421875000000e+04
2.718921679687500000e+04
2.753836523437500000e+04
2.806763671875000000e+04
2.878667187500000000e+04
2.547260156250000000e+04
2.786099414062500000e+04
2.624533007812500000e+04
2.653708007812500000e+04
2.628310546875000000e+04
2.694363281250000000e+04
2.780540429687500000e+04
2.570638671875000000e+04
2.631388476562500000e+04
2.632434375000000000e+04
3.107104296875000000e+04
2.733397460937500000e+04
2.680375000000000000e+04
2.617814843750000000e+04
2.630145117187500000e+04
2.979066992187500000e+04
2.948354882812500000e+04
2.651475585937500000e+04
2.691568164062500000e+04
2.979453125000000000e+04
2.642039843750000000e+04
2.865187304687500000e+04
2.907832226562500000e+04
2.680827539062500000e+04
2.899516601562500000e+04
2.804707226562500000e+04
2.554662890625000000e+04
2.821814843750000000e+04
2.788707421875000000e+04
3.153807812500000000e+04
2.657236328125000000e+04
2.675986914062500000e+04
2.764743554687500000e+04
2.498928710937500000e+04
2.625233593750000000e+04
2.802107031250000000e+04
2.685177734375000000e+04
2.655163281250000000e+04
3.032125976562500000e+04
2.786183398437500000e+04
2.641153515625000000e+04
2.832994335937500000e+04
2.800431250000000000e+04
2.520504296875000000e+04
2.766656054687500000e+04
3.186880078125000000e+04
2.699599609375000000e+04
3.142413867187500000e+04
2.777715625000000000e+04
2.581120312500000000e+04
2.938378906250000000e+04
2.676676757812500000e+04
2.981926171875000000e+04
3.330153906250000000e+04
2.627065625000000000e+04
2.666863867187500000e+04
2.822288281250000000e+04
3.010858593750000000e+04
3.072738671875000000e+04
2.778408593750000000e+04
2.891328125000000000e+04
3.127032812500000000e+04
2.552761914062500000e+04
2.462053906250000000e+04
2.982306445312500000e+04
2.884515234375000000e+04
2.858982226562500000e+04
2.653545507812500000e+04
2.601169335937500000e+04
2.566747460937500000e+04
2.989671484375000000e+04
2.611085546875000000e+04
3.294463281250000000e+04
3.065719140625000000e+04
3.082737109375000000e+04
2.928157812500000000e+04
2.796146093750000000e+04
2.809998242187500000e+04
3.106987500000000000e+04
2.500136718750000000e+04
2.766122656250000000e+04
2.706412109375000000e+04
2.555325390625000000e+04
2.790581250000000000e+04
2.605863281250000000e+04
2.793984375000000000e+04
2.861086914062500000e+04
2.852950976562500000e+04
2.452827539062500000e+04
2.630457421875000000e+04
2.935162109375000000e+04
2.730952148437500000e+04
2.646927343750000000e+04
2.727389843750000000e+04
2.936702343750000000e+04
2.466168750000000000e+04
2.709155078125000000e+04
2.468203906250000000e+04
2.665534375000000000e+04
2.807705078125000000e+04
2.777566601562500000e+04
2.833292968750000000e+04
2.803298828125000000e+04
2.484206640625000000e+04
2.802781445312500000e+04
2.495079492187500000e+04
2.702574023437500000e+04
2.576032226562500000e+04
2.432246875000000000e+04
2.645758007812500000e+04
2.624743554687500000e+04
2.695326367187500000e+04
2.744577343750000000e+04
2.641010351562500000e+04
2.840768945312500000e+04
2.441684960937500000e+04
2.961680078125000000e+04
2.699175390625000000e+04
2.931573046875000000e+04
2.874023632812500000e+04
2.955547070312500000e+04
2.765792187500000000e+04
2.603771679687500000e+04
2.782581445312500000e+04
2.637052539062500000e+04
2.790877148437500000e+04
2.788483203125000000e+04
2.959941796875000000e+04
2.680996289062500000e+04
2.728893750000000000e+04
2.664272070312500000e+04
2.815693554687500000e+04
2.618786718750000000e+04
2.688373437500000000e+04
2.608510156250000000e+04
2.756138281250000000e+04
2.802158593750000000e+04
2.651777343750000000e+04
2.751113085937500000e+04
2.600662109375000000e+04
2.582576953125000000e+04
2.892447656250000000e+04
2.586436132812500000e+04
2.970987500000000000e+04
3.015140429687500000e+04
2.699324804687500000e+04
2.580352343750000000e+04
2.754735546875000000e+04
2.594959765625000000e+04
2.729088281250000000e+04
2.633404882812500000e+04
2.945048046875000000e+04
2.786969140625000000e+04
2.777435351562500000e+04
2.902719140625000000e+04
2.628403906250000000e+04
2.628563281250000000e+04
2.340800781250000000e+04
2.608641015625000000e+04
2.608220703125000000e+04
2.547528515625000000e+04
2.809047070312500000e+04
2.680626562500000000e+04
2.611393554687500000e+04
2.844964062500000000e+04
2.701105078125000000e+04
2.926926367187500000e+04
2.763299218750000000e+04
2.651625390625000000e+04
2.866760351562500000e+04
2.710579296875000000e+04
2.718682812500000000e+04
2.721946484375000000e+04
2.513917187500000000e+04
2.858339648437500000e+04
2.783839843750000000e+04
2.684087890625000000e+04
2.662246679687500000e+04
2.654893164062500000e+04
2.919207812500000000e+04
2.709377148437500000e+04
2.973813085937500000e+04
2.775326171875000000e+04
2.846081250000000000e+04
3.140546875000000000e+04
2.904421875000000000e+04
2.657323437500000000e+04
3.186120703125000000e+04
2.995042968750000000e+04
2.746298437500000000e+04
2.632616796875000000e+04
2.773615234375000000e+04
2.657126367187500000e+04
3.120333593750000000e+04
2.569042968750000000e+04
2.686595117187500000e+04
2.614685937500000000e+04
2.391356835937500000e+04
2.673775781250000000e+04
2.630508203125000000e+04
2.889021875000000000e+04
2.582651757812500000e+04
2.972170703125000000e+04
2.568186523437500000e+04
3.008025585937500000e+04
2.510825390625000000e+04
3.061776171875000000e+04
2.788111914062500000e+04
2.864545312500000000e+04
2.582510937500000000e+04
2.677477539062500000e+04
2.543896875000000000e+04
2.830996289062500000e+04
2.674710546875000000e+04
2.951629882812500000e+04
2.877687304687500000e+04
2.613834765625000000e+04
2.767055468750000000e+04
2.491057226562500000e+04
2.699869921875000000e+04
2.895968945312500000e+04
2.706956445312500000e+04
2.972632812500000000e+04
2.488717773437500000e+04
2.631232617187500000e+04
2.704849414062500000e+04
2.494217382812500000e+04
2.695135546875000000e+04
2.733172265625000000e+04
2.830646093750000000e+04
2.712289257812500000e+04
2.783167773437500000e+04
2.776106250000000000e+04
2.897977929687500000e+04
2.644660156250000000e+04
2.486827539062500000e+04
2.625823632812500000e+04
2.857875976562500000e+04
2.580930859375000000e+04
2.615598242187500000e+04
2.704819921875000000e+04
2.918489648437500000e+04
2.598281835937500000e+04
2.917303515625000000e+04
2.897220312500000000e+04
2.829101562500000000e+04
3.092686718750000000e+04
2.816472851562500000e+04
2.480933789062500000e+04
2.995543750000000000e+04
2.874250390625000000e+04
2.579730468750000000e+04
2.691408203125000000e+04
2.935570117187500000e+04
2.920816015625000000e+04
2.968666406250000000e+04
2.831131835937500000e+04
2.829204492187500000e+04
2.675981054687500000e+04
2.576075976562500000e+04
2.703868945312500000e+04
2.820838281250000000e+04
2.832112500000000000e+04
2.779202539062500000e+04
2.613891796875000000e+04
2.604023437500000000e+04
2.833092578125000000e+04
2.597477343750000000e+04
2.923285742187500000e+04
2.709243554687500000e+04
2.675689648437500000e+04
2.805540039062500000e+04
2.599972265625000000e+04
2.823015820312500000e+04
2.843073242187500000e+04
2.619297070312500000e+04
2.710927343750000000e+04
2.739448828125000000e+04
2.945609375000000000e+04
3.083656250000000000e+04
2.775847460937500000e+04
3.186146484375000000e+04
2.472362304687500000e+04
2.915700000000000000e+04
2.601042578125000000e+04
2.814983007812500000e+04
2.818741796875000000e+04
2.793650781250000000e+04
2.820587500000000000e+04
2.633023242187500000e+04
2.689555273437500000e+04
2.786765820312500000e+04
2.634059960937500000e+04
2.608662500000000000e+04
2.806530078125000000e+04
2.313540429687500000e+04
2.519196875000000000e+04
2.747554296875000000e+04
2.916833593750000000e+04
2.916711718750000000e+04
2.813326953125000000e+04
2.817115039062500000e+04
2.538046093750000000e+04
2.790987500000000000e+04
2.811850195312500000e+04
2.922426757812500000e+04
2.951134570312500000e+04
2.702185156250000000e+04
2.692298242187500000e+04
3.216322656250000000e+04
2.756836328125000000e+04
3.001329296875000000e+04
2.930425390625000000e+04
2.783393164062500000e+04
2.832669921875000000e+04
2.660496093750000000e+04
2.828147265625000000e+04
2.831970898437500000e+04
2.563447851562500000e+04
3.127724414062500000e+04
2.521059570312500000e+04
3.167787500000000000e+04
2.744325195312500000e+04
2.818235156250000000e+04
2.763720312500000000e+04
2.785663085937500000e+04
2.950201953125000000e+04
2.583345507812500000e+04
3.019182031250000000e+04
2.760016796875000000e+04
2.904127539062500000e+04
2.974359375000000000e+04
3.012346484375000000e+04
3.154126562500000000e+04
3.144794921875000000e+04
2.834045117187500000e+04
2.840602734375000000e+04
2.767622265625000000e+04
3.035791015625000000e+04
2.610244726562500000e+04
2.906139062500000000e+04
2.729346679687500000e+04
2.633631835937500000e+04
2.966521875000000000e+04
2.717577734375000000e+04
2.965878320312500000e+04
3.087600781250000000e+04
3.070184179687500000e+04
2.687578906250000000e+04
2.824305078125000000e+04
2.985806640625000000e+04
2.968699218750000000e+04
2.834743359375000000e+04
3.452964843750000000e+04
2.960374804687500000e+04
3.067123828125000000e+04
2.668839062500000000e+04
2.834172656250000000e+04
2.667923632812500000e+04
3.169240039062500000e+04
3.039563476562500000e+04
2.846548242187500000e+04
2.887067968750000000e+04
2.863951562500000000e+04
3.194356640625000000e+04
2.670210156250000000e+04
3.062945312500000000e+04
2.915357031250000000e+04
2.811030078125000000e+04
2.860705078125000000e+04
2.670365429687500000e+04
3.327758984375000000e+04
2.643182617187500000e+04
3.097692968750000000e+04
2.931278515625000000e+04
2.678672656250000000e+04
2.940518750000000000e+04
2.706958593750000000e+04
2.828242773437500000e+04
2.772273242187500000e+04
3.183613281250000000e+04
2.977629101562500000e+04
2.945142578125000000e+04
2.801784179687500000e+04
3.046847265625000000e+04
3.129081640625000000e+04
2.869828320312500000e+04
2.920219140625000000e+04
3.000679296875000000e+04
2.619267968750000000e+04
2.701491406250000000e+04
3.186148242187500000e+04
2.801041406250000000e+04
2.648496875000000000e+04
2.600617773437500000e+04
3.132636523437500000e+04
2.682839257812500000e+04
2.938250976562500000e+04
2.782887890625000000e+04
2.817721289062500000e+04
3.134329296875000000e+04
2.618720703125000000e+04
2.893065625000000000e+04
2.795070117187500000e+04
2.901775585937500000e+04
2.802414062500000000e+04
2.558035546875000000e+04
2.818286328125000000e+04
2.854627148437500000e+04
2.860587109375000000e+04
2.911940429687500000e+04
3.040278515625000000e+04
2.622344140625000000e+04
2.471907226562500000e+04
3.004637890625000000e+04
2.722809765625000000e+04
2.655742382812500000e+04
2.930687500000000000e+04
2.666975781250000000e+04
3.129182421875000000e+04
2.548852343750000000e+04
2.993637695312500000e+04
2.958984375000000000e+04
2.893499609375000000e+04
2.739923437500000000e+04
3.196096484375000000e+04
2.658701367187500000e+04
3.131822851562500000e+04
2.878443750000000000e+04
3.121702734375000000e+04
2.803897460937500000e+04
2.828266015625000000e+04
2.804325585937500000e+04
2.910995312500000000e+04
2.715572460937500000e+04
2.830030468750000000e+04
2.902998828125000000e+04
2.701151757812500000e+04
2.996990234375000000e+04
3.019556054687500000e+04
2.892379687500000000e+04
2.381262500000000000e+04
2.919977343750000000e+04
2.903948632812500000e+04
2.923463476562500000e+04
2.765569531250000000e+04
2.917079492187500000e+04
2.784891406250000000e+04
2.831092773437500000e+04
2.891436132812500000e+04
2.919536328125000000e+04
3.031179296875000000e+04
2.446064453125000000e+04
2.906043945312500000e+04
2.897968554687500000e+04
2.801295703125000000e+04
2.621997070312500000e+04
2.780277734375000000e+04
2.673325000000000000e+04
2.877951757812500000e+04
2.957106835937500000e+04
2.730768554687500000e+04
2.903535156250000000e+04
3.157200781250000000e+04
2.797505859375000000e+04
2.725329101562500000e+04
3.204085937500000000e+04
2.895649609375000000e+04
3.189521679687500000e+04
2.880728125000000000e+04
2.904457031250000000e+04
2.896563476562500000e+04
2.990807421875000000e+04
2.970302929687500000e+04
2.790469921875000000e+04
2.762076562500000000e+04
3.378292968750000000e+04
2.783821484375000000e+04
2.884505273437500000e+04
2.875097070312500000e+04
2.939873632812500000e+04
2.890989453125000000e+04
3.321913281250000000e+04
2.889943750000000000e+04
2.717076757812500000e+04
2.701155664062500000e+04
2.859235546875000000e+04
3.102083593750000000e+04
2.951443945312500000e+04
3.228815625000000000e+04
3.278119921875000000e+04
3.014078515625000000e+04
2.879570312500000000e+04
2.867864257812500000e+04
2.900969335937500000e+04
2.976855078125000000e+04
3.209048437500000000e+04
3.050394921875000000e+04
2.936198632812500000e+04
3.278989062500000000e+04
3.061747460937500000e+04
2.859386718750000000e+04
3.047350585937500000e+04
2.914489257812500000e+04
2.799704101562500000e+04
3.118338671875000000e+04
2.957292187500000000e+04
2.892434179687500000e+04
2.950160156250000000e+04
3.167804296875000000e+04
2.689180468750000000e+04
3.029550781250000000e+04
3.017492968750000000e+04
3.066837304687500000e+04
3.199948242187500000e+04
3.116425195312500000e+04
2.894204296875000000e+04
3.024982812500000000e+04
2.988179687500000000e+04
2.961550390625000000e+04
2.876613671875000000e+04
3.032014062500000000e+04
3.005760546875000000e+04
2.923108203125000000e+04
2.896626953125000000e+04
2.784404687500000000e+04
2.864361328125000000e+04
2.977492578125000000e+04
3.292992578125000000e+04
3.169008593750000000e+04
2.898107421875000000e+04
3.132486328125000000e+04
3.008182812500000000e+04
2.860602343750000000e+04
2.769249804687500000e+04
2.847554492187500000e+04
2.949028906250000000e+04
2.874089843750000000e+04
2.932320117187500000e+04
3.026019140625000000e+04
2.827002539062500000e+04
3.003085351562500000e+04
2.873387500000000000e+04
2.962975000000000000e+04
2.752497070312500000e+04
2.823944726562500000e+04
2.620686132812500000e+04
2.792001757812500000e+04
3.069277343750000000e+04
3.142326757812500000e+04
2.808847460937500000e+04
2.780683789062500000e+04
2.874680273437500000e+04
3.290487500000000000e+04
2.700699218750000000e+04
3.101530078125000000e+04
2.867426757812500000e+04
2.881488867187500000e+04
3.199680468750000000e+04
3.035515820312500000e+04
2.936558398437500000e+04
2.843034375000000000e+04
3.299219531250000000e+04
2.813818554687500000e+04
2.999573632812500000e+04
2.955373242187500000e+04
3.247355468750000000e+04
3.106644531250000000e+04
2.888773828125000000e+04
2.824391992187500000e+04
3.180900585937500000e+04
2.986339453125000000e+04
2.838498828125000000e+04
2.974910937500000000e+04
3.078036523437500000e+04
3.197858007812500000e+04
2.774908007812500000e+04
3.005873828125000000e+04
2.995882812500000000e+04
2.791245117187500000e+04
3.088917187500000000e+04
2.982364257812500000e+04
3.252766992187500000e+04
3.059601367187500000e+04
3.435316406250000000e+04
2.818374023437500000e+04
2.945458593750000000e+04
3.049124023437500000e+04
2.946305468750000000e+04
3.169401562500000000e+04
2.990219531250000000e+04
2.877839648437500000e+04
2.941664062500000000e+04
3.024764843750000000e+04
2.866306054687500000e+04
2.940694726562500000e+04
2.809571484375000000e+04
2.826091210937500000e+04
2.865438671875000000e+04
3.086717968750000000e+04
3.141350781250000000e+04
2.803049609375000000e+04
2.747236718750000000e+04
3.097542187500000000e+04
2.884373632812500000e+04
2.984309375000000000e+04
2.784409570312500000e+04
3.041403515625000000e+04
2.794350390625000000e+04
2.834885156250000000e+04
2.798821289062500000e+04
2.987106250000000000e+04
2.936362695312500000e+04
2.805541992187500000e+04
3.083943945312500000e+04
3.088562500000000000e+04
2.618674414062500000e+04
2.812080078125000000e+04
2.826264453125000000e+04
3.255054296875000000e+04
3.085514453125000000e+04
2.965478515625000000e+04
2.976210937500000000e+04
2.948141015625000000e+04
2.928266992187500000e+04
2.801559960937500000e+04
3.019307617187500000e+04
2.700556835937500000e+04
3.135368945312500000e+04
2.947344531250000000e+04
2.820653710937500000e+04
3.063433203125000000e+04
2.841188085937500000e+04
3.047751953125000000e+04
2.602783789062500000e+04
3.183703906250000000e+04
3.173500781250000000e+04
3.132906250000000000e+04
2.930288867187500000e+04
2.753793554687500000e+04
2.854871289062500000e+04
2.910998828125000000e+04
3.080306445312500000e+04
2.853166601562500000e+04
2.910848242187500000e+04
3.037151562500000000e+04
2.695573046875000000e+04
2.714899609375000000e+04
3.027816992187500000e+04
3.155541796875000000e+04
2.966795117187500000e+04
3.096857812500000000e+04
2.939349414062500000e+04
2.823571289062500000e+04
2.979190429687500000e+04
2.601383398437500000e+04
3.034325000000000000e+04
3.095357226562500000e+04
2.895194531250000000e+04
3.032141601562500000e+04
2.938958593750000000e+04
2.928737304687500000e+04
2.942236718750000000e+04
2.790990429687500000e+04
2.993159179687500000e+04
2.832225000000000000e+04
2.906708398437500000e+04
2.822384179687500000e+04
3.041661132812500000e+04
2.859618359375000000e+04
3.074435351562500000e+04
3.087519531250000000e+04
2.799571289062500000e+04
2.929788476562500000e+04
2.915208984375000000e+04
2.782961328125000000e+04
3.092766601562500000e+04
2.968873437500000000e+04
2.873521875000000000e+04
3.150033203125000000e+04
3.098637304687500000e+04
2.836775781250000000e+04
3.035231640625000000e+04
3.034815039062500000e+04
2.980837304687500000e+04
3.265209375000000000e+04
2.801618164062500000e+04
2.803120703125000000e+04
3.281541796875000000e+04
2.986793945312500000e+04
3.038467968750000000e+04
2.687359765625000000e+04
2.828080273437500000e+04
2.983337304687500000e+04
2.964075390625000000e+04
2.621245507812500000e+04
3.115553515625000000e+04
3.042273828125000000e+04
2.786067968750000000e+04
3.190865625000000000e+04
2.974649804687500000e+04
2.638967968750000000e+04
3.133013476562500000e+04
2.621330078125000000e+04
3.101410156250000000e+04
2.991194335937500000e+04
2.908690234375000000e+04
2.855268945312500000e+04
3.224774804687500000e+04
2.994876562500000000e+04
2.984809960937500000e+04
2.950145312500000000e+04
3.016453906250000000e+04
3.100021875000000000e+04
2.993073828125000000e+04
2.987950390625000000e+04
3.299622656250000000e+04
3.014674609375000000e+04
3.024893554687500000e+04
2.874616992187500000e+04
2.671402929687500000e+04
3.105418554687500000e+04
3.210139257812500000e+04
2.847683203125000000e+04
3.026345703125000000e+04
2.950301953125000000e+04
2.756718359375000000e+04
3.227382226562500000e+04
2.986525781250000000e+04
2.881287109375000000e+04
2.849731640625000000e+04
3.004248046875000000e+04
2.642933007812500000e+04
3.373159765625000000e+04
2.834040820312500000e+04
2.969942187500000000e+04
2.939906054687500000e+04
3.116277539062500000e+04
2.992610937500000000e+04
3.218409765625000000e+04
2.883438281250000000e+04
3.093671093750000000e+04
2.933764453125000000e+04
2.868368554687500000e+04
2.882796875000000000e+04
3.067196875000000000e+04
3.286398437500000000e+04
2.894040625000000000e+04
3.027209179687500000e+04
2.744289843750000000e+04
3.136653906250000000e+04
3.516211718750000000e+04
3.287352734375000000e+04
3.098683203125000000e+04
2.876669921875000000e+04
2.941104296875000000e+04
3.160349023437500000e+04
3.236509375000000000e+04
2.935370898437500000e+04
3.362806250000000000e+04
2.991489453125000000e+04
2.965029296875000000e+04
3.214301562500000000e+04
3.185395898437500000e+04
3.076393359375000000e+04
3.304912109375000000e+04
3.001393750000000000e+04
3.217811718750000000e+04
2.917678515625000000e+04
2.991311523437500000e+04
3.091974804687500000e+04
3.171216406250000000e+04
3.106942578125000000e+04
3.040346289062500000e+04
3.084394335937500000e+04
3.080175390625000000e+04
3.227857812500000000e+04
3.110715625000000000e+04
2.753576953125000000e+04
2.853004687500000000e+04
3.245974414062500000e+04
3.091976953125000000e+04
2.980990625000000000e+04
3.081891601562500000e+04
2.962294531250000000e+04
3.277398828125000000e+04
3.128936328125000000e+04
3.095294921875000000e+04
3.063967773437500000e+04
3.046194335937500000e+04
3.272761132812500000e+04
2.905268359375000000e+04
3.188530078125000000e+04
3.481385937500000000e+04
3.158233203125000000e+04
3.320961718750000000e+04
3.153551953125000000e+04
3.427231250000000000e+04
3.036504882812500000e+04
3.095382031250000000e+04
3.231076562500000000e+04
2.892545312500000000e+04
3.042807031250000000e+04
2.750358984375000000e+04
3.416909375000000000e+04
3.400924218750000000e+04
3.257947656250000000e+04
3.150557031250000000e+04
3.136069140625000000e+04
3.223511132812500000e+04
3.298922656250000000e+04
3.333946093750000000e+04
3.423357031250000000e+04
3.324296484375000000e+04
3.297045703125000000e+04
3.470723046875000000e+04
3.418972265625000000e+04
3.462313281250000000e+04
3.184913671875000000e+04
3.246627929687500000e+04
3.398133593750000000e+04
3.455787500000000000e+04
3.485391015625000000e+04
3.447440625000000000e+04
3.496706250000000000e+04
3.785532812500000000e+04
3.887368750000000000e+04
3.583941406250000000e+04
3.508205859375000000e+04
3.709376953125000000e+04
3.652228515625000000e+04
3.672957812500000000e+04
3.391394921875000000e+04
3.671972656250000000e+04
3.665671875000000000e+04
3.644238281250000000e+04
3.894058593750000000e+04
3.476220703125000000e+04
3.856258593750000000e+04
4.069670703125000000e+04
3.930400781250000000e+04
4.166649218750000000e+04
3.680894531250000000e+04
3.958319921875000000e+04
4.343422265625000000e+04
3.950431640625000000e+04
4.112984765625000000e+04
4.345404687500000000e+04
4.254161328125000000e+04
3.755443359375000000e+04
3.955817187500000000e+04
4.408790234375000000e+04
4.281895312500000000e+04
4.353332812500000000e+04
4.178003906250000000e+04
4.409819531250000000e+04
4.699820312500000000e+04
4.733328906250000000e+04
4.706122656250000000e+04
4.746419140625000000e+04
5.136775390625000000e+04
4.686942968750000000e+04
4.446683593750000000e+04
5.101327343750000000e+04
4.933568750000000000e+04
4.987569531250000000e+04
4.826858203125000000e+04
5.188503515625000000e+04
5.192567968750000000e+04
4.972625781250000000e+04
5.259957812500000000e+04
5.024633593750000000e+04
5.092017187500000000e+04
5.383272656250000000e+04
5.373350781250000000e+04
5.426028906250000000e+04
5.269252343750000000e+04
5.509887109375000000e+04
5.234155468750000000e+04
5.227837890625000000e+04
5.417597265625000000e+04
5.774507031250000000e+04
5.439844531250000000e+04
5.287167187500000000e+04
5.399035937500000000e+04
5.383723046875000000e+04
5.857535156250000000e+04
5.704348437500000000e+04
5.798106250000000000e+04
5.623099218750000000e+04
5.479240234375000000e+04
5.411466406250000000e+04
5.617206640625000000e+04
5.702275000000000000e+04
6.367525000000000000e+04
5.816157421875000000e+04
5.752703906250000000e+04
5.943042578125000000e+04
5.930222265625000000e+04
6.091864843750000000e+04
6.336772656250000000e+04
5.758353515625000000e+04
5.952041406250000000e+04
6.177279296875000000e+04
6.249639062500000000e+04
6.635978125000000000e+04
6.850365625000000000e+04
6.283207031250000000e+04
6.757062500000000000e+04
6.234449218750000000e+04
6.305227734375000000e+04
6.653621875000000000e+04
6.357350000000000000e+04
6.517585937500000000e+04
6.114810546875000000e+04
6.438933593750000000e+04
6.509670703125000000e+04
6.193273437500000000e+04
6.587814062500000000e+04
6.633846875000000000e+04
6.687801562500000000e+04
6.927257812500000000e+04
6.631036718750000000e+04
6.588024218750000000e+04
6.511842187500000000e+04
6.584452343750000000e+04
6.226156250000000000e+04
6.480380468750000000e+04
6.582275000000000000e+04
6.600518750000000000e+04
6.674022656250000000e+04
6.890197656250000000e+04
6.661338281250000000e+04
6.126182812500000000e+04
6.914067187500000000e+04
6.668553906250000000e+04
6.958946875000000000e+04
7.174814062500000000e+04
6.772726562500000000e+04
6.843562500000000000e+04
6.921449218750000000e+04
7.143560156250000000e+04
6.907057031250000000e+04
6.527957031250000000e+04
6.773977343750000000e+04
6.832146875000000000e+04
6.612742968750000000e+04
6.563323437500000000e+04
6.994351562500000000e+04
7.049810937500000000e+04
6.963171875000000000e+04
6.885665625000000000e+04
6.993541406250000000e+04
7.210507812500000000e+04
6.959764062500000000e+04
6.449588281250000000e+04
6.930596875000000000e+04
