1.041466217194611789e+06
1.229121690802311525e+06
9.509321397160200868e+05
4.745915944193709875e+05
3.949695170711400569e+05
9.756021426814955194e+05
1.409033385339238215e+06
1.047062529853322660e+06
8.415876746156590525e+05
-1.057369797690717387e+05
-1.724464235577142565e+06
-3.647667892088681459e+06
-3.932655320615659468e+06
-2.526048988116725814e+06
-1.256564376379528549e+06
-2.920610657298717706e+04
9.187079783604047261e+05
1.228665378296691488e+05
-8.919700037282928824e+05
-2.247689335072464775e+06
-3.626053919534572866e+06
-8.448773573171048192e+05
-1.250824297381336568e+06
-1.246265736318634590e+06
-8.742782154835463734e+05
7.869414217593366629e+04
-1.738027056226560962e+05
-1.211500734501480591e+06
-8.390039984976541018e+05
9.252287718839216977e+05
