3.413989013671875000e+03
5.394436035156250000e+03
9.142532226562500000e+03
9.364542968750000000e+03
1.089460937500000000e+04
1.182831054687500000e+04
1.661922460937500000e+04
1.763150390625000000e+04
2.183328906250000000e+04
1.801774218750000000e+04
2.622489257812500000e+04
2.348859375000000000e+04
2.501850390625000000e+04
2.755638085937500000e+04
3.103726367187500000e+04
2.982506640625000000e+04
2.762246484375000000e+04
2.585964843750000000e+04
2.887041796875000000e+04
3.361414062500000000e+04
2.633683984375000000e+04
3.043247265625000000e+04
3.185427148437500000e+04
2.776399609375000000e+04
2.687848046875000000e+04
3.793634375000000000e+04
3.323864062500000000e+04
2.926521289062500000e+04
3.093320898437500000e+04
3.164221289062500000e+04
2.921600390625000000e+04
3.295316406250000000e+04
3.489595312500000000e+04
2.986625781250000000e+04
3.827058203125000000e+04
2.818185546875000000e+04
2.931200390625000000e+04
3.011565625000000000e+04
3.116115820312500000e+04
3.793575781250000000e+04
3.007914453125000000e+04
2.774201953125000000e+04
3.337889843750000000e+04
3.354562500000000000e+04
2.966969726562500000e+04
3.424667578125000000e+04
3.009194921875000000e+04
3.383580078125000000e+04
3.262195312500000000e+04
3.272772070312500000e+04
3.305488281250000000e+04
3.249223437500000000e+04
3.241372656250000000e+04
3.199639062500000000e+04
3.497277734375000000e+04
3.557173828125000000e+04
3.117600781250000000e+04
2.955288671875000000e+04
3.469943750000000000e+04
3.083117578125000000e+04
3.267790820312500000e+04
3.464262500000000000e+04
3.451769531250000000e+04
3.299363671875000000e+04
3.416999218750000000e+04
3.310374218750000000e+04
2.676100976562500000e+04
3.523070312500000000e+04
2.987058203125000000e+04
3.319894921875000000e+04
3.672507031250000000e+04
3.320655468750000000e+04
3.253533203125000000e+04
3.561305078125000000e+04
3.156826171875000000e+04
3.625078125000000000e+04
3.260357421875000000e+04
3.147959570312500000e+04
3.091712500000000000e+04
3.475732812500000000e+04
3.691900781250000000e+04
3.484614843750000000e+04
3.147681640625000000e+04
3.278315625000000000e+04
3.049375781250000000e+04
3.130632031250000000e+04
3.387192187500000000e+04
2.833105859375000000e+04
3.627278125000000000e+04
2.930133789062500000e+04
3.416260156250000000e+04
3.074064453125000000e+04
3.173042187500000000e+04
3.238748437500000000e+04
3.286005859375000000e+04
3.388972656250000000e+04
3.303098437500000000e+04
3.353052343750000000e+04
2.916801953125000000e+04
3.552984375000000000e+04
2.963656250000000000e+04
3.480054296875000000e+04
3.362918359375000000e+04
3.674387500000000000e+04
3.270622656250000000e+04
3.122710156250000000e+04
3.574891796875000000e+04
3.724295312500000000e+04
3.727503515625000000e+04
4.228599218750000000e+04
3.469494140625000000e+04
3.129708984375000000e+04
3.833629687500000000e+04
3.443272265625000000e+04
3.285662109375000000e+04
3.549336718750000000e+04
3.817358984375000000e+04
3.690409375000000000e+04
3.552541406250000000e+04
3.791803906250000000e+04
3.351281250000000000e+04
3.429521093750000000e+04
3.339551562500000000e+04
3.152586328125000000e+04
3.224893164062500000e+04
3.844232812500000000e+04
3.186573632812500000e+04
3.801061328125000000e+04
3.346546875000000000e+04
3.835391796875000000e+04
3.054862500000000000e+04
3.594269140625000000e+04
3.597878515625000000e+04
3.453492187500000000e+04
3.110163085937500000e+04
3.403605078125000000e+04
3.401281250000000000e+04
3.591905859375000000e+04
3.230885156250000000e+04
3.058320507812500000e+04
3.302870312500000000e+04
3.510628125000000000e+04
3.286923437500000000e+04
3.489107421875000000e+04
3.880342187500000000e+04
3.179806640625000000e+04
3.425618750000000000e+04
3.234340820312500000e+04
3.614841406250000000e+04
3.034303906250000000e+04
3.299285546875000000e+04
3.170530078125000000e+04
3.402651562500000000e+04
3.396183984375000000e+04
3.509094140625000000e+04
3.205341015625000000e+04
3.373346093750000000e+04
3.452576562500000000e+04
3.941788281250000000e+04
3.100992578125000000e+04
3.739528906250000000e+04
3.342190234375000000e+04
4.050039843750000000e+04
3.504878515625000000e+04
3.347424218750000000e+04
3.783266796875000000e+04
3.263046875000000000e+04
3.904144140625000000e+04
3.410269531250000000e+04
3.802856250000000000e+04
3.285432812500000000e+04
3.579012500000000000e+04
3.870535546875000000e+04
3.115676953125000000e+04
3.640778125000000000e+04
3.488402343750000000e+04
3.494778906250000000e+04
3.545946875000000000e+04
4.076758203125000000e+04
3.436953125000000000e+04
3.540681640625000000e+04
3.880023437500000000e+04
3.763064062500000000e+04
3.439282812500000000e+04
3.804304296875000000e+04
3.400535937500000000e+04
3.396843359375000000e+04
3.361176171875000000e+04
3.712303515625000000e+04
3.667944921875000000e+04
3.965037890625000000e+04
3.412642968750000000e+04
3.522128906250000000e+04
3.213585546875000000e+04
3.355328906250000000e+04
3.410246093750000000e+04
3.492503906250000000e+04
3.655767968750000000e+04
3.558200390625000000e+04
4.052684375000000000e+04
3.483717578125000000e+04
3.525435937500000000e+04
3.283040234375000000e+04
3.545807031250000000e+04
3.585872656250000000e+04
3.953871875000000000e+04
3.890498046875000000e+04
3.504765625000000000e+04
3.139980078125000000e+04
4.198025390625000000e+04
3.438585156250000000e+04
3.750213281250000000e+04
3.784172656250000000e+04
3.758096875000000000e+04
3.271896679687500000e+04
3.362340625000000000e+04
3.618079687500000000e+04
3.681774609375000000e+04
3.390530468750000000e+04
3.614332421875000000e+04
3.561722265625000000e+04
3.819756250000000000e+04
4.100996875000000000e+04
4.110576562500000000e+04
4.269364843750000000e+04
4.043067968750000000e+04
3.570757421875000000e+04
3.961108984375000000e+04
3.716444531250000000e+04
4.069059375000000000e+04
3.985745312500000000e+04
3.935749218750000000e+04
3.565899609375000000e+04
3.661460546875000000e+04
3.897370312500000000e+04
3.660708984375000000e+04
3.812760937500000000e+04
3.568132031250000000e+04
4.277656250000000000e+04
3.686770312500000000e+04
3.745155078125000000e+04
3.200650781250000000e+04
3.967982421875000000e+04
3.689480078125000000e+04
3.913521093750000000e+04
3.724405468750000000e+04
3.594445703125000000e+04
3.976064843750000000e+04
4.090083593750000000e+04
4.170957031250000000e+04
3.575289062500000000e+04
3.587492187500000000e+04
3.532042578125000000e+04
4.019035937500000000e+04
4.047036718750000000e+04
3.795614453125000000e+04
4.049039062500000000e+04
3.683032421875000000e+04
3.762324218750000000e+04
4.076346484375000000e+04
4.061709375000000000e+04
3.212230664062500000e+04
3.957793750000000000e+04
3.514812500000000000e+04
4.365063281250000000e+04
3.737530078125000000e+04
3.807357031250000000e+04
4.012464843750000000e+04
3.729830078125000000e+04
3.993025390625000000e+04
3.928651562500000000e+04
3.829819531250000000e+04
3.764094140625000000e+04
3.642605468750000000e+04
3.992561718750000000e+04
3.653137890625000000e+04
3.365942968750000000e+04
4.118030468750000000e+04
3.894872656250000000e+04
3.938026562500000000e+04
4.666519531250000000e+04
3.663847265625000000e+04
4.110204296875000000e+04
3.872657031250000000e+04
4.171296875000000000e+04
4.087858593750000000e+04
3.970073828125000000e+04
4.213408593750000000e+04
3.807464062500000000e+04
3.703774218750000000e+04
4.019064062500000000e+04
4.012370703125000000e+04
4.297371875000000000e+04
3.576708984375000000e+04
3.913998828125000000e+04
3.461855859375000000e+04
4.168536718750000000e+04
3.884730468750000000e+04
3.675406250000000000e+04
4.065329687500000000e+04
3.675798437500000000e+04
3.561274218750000000e+04
4.164166406250000000e+04
3.761658203125000000e+04
4.191515625000000000e+04
4.045086328125000000e+04
4.339712890625000000e+04
3.686150000000000000e+04
3.873943750000000000e+04
3.666436718750000000e+04
4.425164843750000000e+04
4.095860546875000000e+04
3.869544921875000000e+04
3.979010156250000000e+04
3.750297656250000000e+04
4.194294531250000000e+04
3.774683984375000000e+04
4.292114062500000000e+04
3.472627734375000000e+04
4.381887890625000000e+04
3.932328125000000000e+04
3.910066015625000000e+04
4.022522656250000000e+04
3.418675781250000000e+04
3.941968359375000000e+04
3.901852734375000000e+04
4.477683984375000000e+04
4.105246875000000000e+04
3.771617187500000000e+04
3.477343750000000000e+04
3.859085156250000000e+04
3.613960937500000000e+04
3.954855078125000000e+04
3.873190625000000000e+04
3.865263281250000000e+04
3.753600781250000000e+04
3.964717968750000000e+04
3.900963671875000000e+04
3.414808203125000000e+04
3.880552343750000000e+04
3.878213281250000000e+04
3.573771093750000000e+04
3.995212109375000000e+04
3.738277734375000000e+04
4.406820703125000000e+04
3.678895312500000000e+04
3.576288671875000000e+04
3.718384375000000000e+04
4.098905859375000000e+04
3.544416406250000000e+04
3.708768750000000000e+04
3.797383984375000000e+04
3.701857031250000000e+04
3.855639453125000000e+04
3.879547656250000000e+04
3.284498437500000000e+04
4.108772656250000000e+04
3.742901171875000000e+04
3.943704687500000000e+04
4.063412890625000000e+04
4.080704296875000000e+04
3.688557812500000000e+04
4.072197656250000000e+04
3.442522656250000000e+04
3.790884375000000000e+04
3.909019531250000000e+04
3.900071484375000000e+04
3.850042187500000000e+04
3.975782031250000000e+04
4.045555468750000000e+04
4.144333593750000000e+04
3.813111328125000000e+04
3.882439843750000000e+04
3.675961328125000000e+04
3.840746093750000000e+04
4.010520312500000000e+04
3.549564843750000000e+04
4.054100390625000000e+04
3.486372656250000000e+04
3.919116406250000000e+04
3.775022265625000000e+04
3.699259375000000000e+04
3.611043750000000000e+04
3.417672656250000000e+04
3.860889843750000000e+04
4.035539453125000000e+04
4.068857421875000000e+04
3.554413281250000000e+04
4.173937109375000000e+04
3.835564843750000000e+04
3.330941015625000000e+04
4.082601953125000000e+04
3.538411328125000000e+04
3.850580468750000000e+04
4.075702343750000000e+04
3.371761328125000000e+04
3.714740234375000000e+04
3.878578125000000000e+04
4.070498046875000000e+04
3.148007031250000000e+04
4.247992187500000000e+04
3.630840234375000000e+04
3.816850000000000000e+04
4.169732421875000000e+04
3.729697265625000000e+04
3.834223437500000000e+04
3.512733203125000000e+04
3.332372265625000000e+04
3.483151953125000000e+04
3.847474609375000000e+04
4.016032031250000000e+04
3.271671093750000000e+04
4.322931250000000000e+04
3.834275000000000000e+04
3.792641406250000000e+04
4.143295703125000000e+04
3.792389843750000000e+04
4.413019921875000000e+04
3.417364453125000000e+04
4.173000781250000000e+04
3.546188281250000000e+04
4.062985937500000000e+04
3.689431250000000000e+04
3.781955078125000000e+04
4.334653515625000000e+04
3.696553125000000000e+04
3.942907031250000000e+04
3.728298828125000000e+04
4.058912500000000000e+04
3.746213281250000000e+04
3.967214843750000000e+04
3.392636328125000000e+04
3.516319531250000000e+04
3.819154296875000000e+04
4.197403125000000000e+04
3.884669531250000000e+04
3.521992968750000000e+04
3.961700781250000000e+04
4.024195703125000000e+04
3.647997656250000000e+04
3.791122265625000000e+04
3.676955859375000000e+04
4.012727343750000000e+04
4.022822656250000000e+04
3.857821484375000000e+04
4.332937109375000000e+04
3.811971093750000000e+04
3.692287500000000000e+04
3.645711718750000000e+04
3.911242968750000000e+04
3.827623046875000000e+04
3.972221875000000000e+04
3.825044531250000000e+04
3.714039062500000000e+04
3.919330468750000000e+04
3.819791796875000000e+04
3.409973828125000000e+04
3.606562500000000000e+04
3.727532812500000000e+04
4.247809375000000000e+04
4.193684765625000000e+04
4.272187109375000000e+04
3.686145312500000000e+04
3.883839062500000000e+04
3.899680859375000000e+04
4.041275000000000000e+04
3.916082031250000000e+04
3.676769531250000000e+04
3.435780859375000000e+04
3.644300390625000000e+04
3.617710156250000000e+04
3.863438281250000000e+04
4.057988281250000000e+04
4.334389453125000000e+04
3.934217968750000000e+04
3.819372656250000000e+04
4.319825390625000000e+04
4.026143750000000000e+04
3.751300000000000000e+04
3.637436718750000000e+04
3.506080468750000000e+04
4.278316015625000000e+04
4.334319140625000000e+04
3.821040625000000000e+04
4.035292187500000000e+04
4.105423437500000000e+04
4.030439453125000000e+04
4.171092578125000000e+04
4.459838281250000000e+04
4.180278906250000000e+04
4.179236718750000000e+04
4.354150390625000000e+04
3.799369140625000000e+04
4.140644531250000000e+04
4.102332031250000000e+04
3.821327734375000000e+04
4.732970312500000000e+04
3.723278515625000000e+04
4.453759375000000000e+04
3.951773046875000000e+04
4.253869921875000000e+04
4.100455468750000000e+04
4.306311718750000000e+04
4.050772265625000000e+04
3.905322265625000000e+04
4.629226562500000000e+04
4.413175000000000000e+04
4.557244531250000000e+04
4.722071875000000000e+04
3.876875000000000000e+04
4.304619140625000000e+04
3.822211718750000000e+04
4.532501562500000000e+04
4.397817968750000000e+04
4.612247656250000000e+04
4.627135156250000000e+04
4.080938281250000000e+04
4.624448828125000000e+04
4.671131250000000000e+04
4.786933203125000000e+04
4.360257031250000000e+04
4.205819531250000000e+04
4.190491015625000000e+04
4.106789843750000000e+04
4.271496093750000000e+04
3.878726562500000000e+04
4.230834375000000000e+04
4.059976562500000000e+04
4.605978125000000000e+04
4.241542187500000000e+04
5.446321093750000000e+04
4.436354687500000000e+04
4.500449218750000000e+04
4.215740234375000000e+04
4.228616406250000000e+04
5.005907031250000000e+04
4.193998828125000000e+04
4.330933984375000000e+04
4.247208984375000000e+04
4.699648437500000000e+04
4.611789062500000000e+04
4.472925390625000000e+04
4.441601562500000000e+04
4.233232031250000000e+04
4.142751562500000000e+04
4.814324609375000000e+04
4.477306250000000000e+04
4.849407812500000000e+04
4.632462500000000000e+04
4.809883593750000000e+04
4.526585156250000000e+04
4.977520703125000000e+04
4.512011718750000000e+04
4.596398046875000000e+04
4.737830859375000000e+04
4.382966796875000000e+04
4.932228125000000000e+04
4.790421093750000000e+04
4.406200000000000000e+04
4.924443359375000000e+04
4.922000000000000000e+04
5.013942578125000000e+04
4.926075781250000000e+04
4.403640234375000000e+04
4.667839843750000000e+04
4.997662500000000000e+04
4.971728515625000000e+04
5.414885937500000000e+04
5.268792187500000000e+04
5.125047656250000000e+04
4.519467578125000000e+04
4.756220312500000000e+04
4.827971093750000000e+04
4.830468359375000000e+04
4.681344921875000000e+04
4.822937109375000000e+04
4.578684375000000000e+04
4.462348828125000000e+04
5.319517187500000000e+04
4.412827343750000000e+04
5.114530078125000000e+04
5.555355859375000000e+04
4.439993359375000000e+04
4.986489062500000000e+04
4.933269531250000000e+04
5.106884765625000000e+04
5.791595312500000000e+04
4.881885546875000000e+04
4.726498437500000000e+04
6.035551953125000000e+04
5.700311718750000000e+04
5.081649218750000000e+04
4.473957812500000000e+04
5.285836328125000000e+04
5.095711718750000000e+04
5.874429687500000000e+04
5.335340625000000000e+04
4.993342578125000000e+04
4.370812109375000000e+04
5.459751562500000000e+04
5.297533593750000000e+04
5.538668750000000000e+04
5.042050000000000000e+04
5.604893750000000000e+04
5.067676562500000000e+04
5.921163281250000000e+04
5.802311328125000000e+04
5.583616406250000000e+04
5.755567968750000000e+04
4.854835937500000000e+04
5.744827343750000000e+04
5.015978125000000000e+04
6.008533593750000000e+04
5.772533593750000000e+04
5.277560156250000000e+04
6.039349218750000000e+04
5.871731250000000000e+04
6.237556640625000000e+04
6.143643359375000000e+04
5.642654296875000000e+04
5.222080468750000000e+04
5.313899218750000000e+04
5.444681640625000000e+04
5.541400390625000000e+04
5.701310937500000000e+04
5.516866406250000000e+04
6.235104296875000000e+04
5.761748046875000000e+04
5.463945703125000000e+04
5.326587500000000000e+04
5.447964843750000000e+04
5.520992578125000000e+04
5.550204687500000000e+04
5.648590625000000000e+04
5.595510937500000000e+04
5.967491796875000000e+04
5.923686328125000000e+04
5.871854687500000000e+04
5.897487500000000000e+04
5.582283984375000000e+04
5.957145312500000000e+04
5.298533593750000000e+04
5.960706250000000000e+04
5.413157421875000000e+04
6.046542968750000000e+04
5.843105078125000000e+04
5.605278906250000000e+04
6.423528906250000000e+04
5.709622265625000000e+04
6.685903125000000000e+04
5.413657812500000000e+04
6.647220312500000000e+04
5.844416015625000000e+04
5.828214062500000000e+04
6.440939843750000000e+04
6.137103125000000000e+04
6.397821875000000000e+04
6.409165234375000000e+04
6.259064062500000000e+04
6.798847656250000000e+04
6.015906640625000000e+04
5.717509765625000000e+04
6.616496875000000000e+04
5.914294140625000000e+04
6.064846093750000000e+04
5.792225781250000000e+04
5.744702343750000000e+04
7.024625000000000000e+04
6.257113281250000000e+04
6.806615625000000000e+04
6.551607421875000000e+04
5.973382812500000000e+04
6.060329687500000000e+04
6.222326953125000000e+04
6.741567968750000000e+04
6.326401562500000000e+04
6.022187890625000000e+04
6.349175390625000000e+04
6.265177734375000000e+04
5.956281250000000000e+04
5.385510937500000000e+04
6.150522265625000000e+04
6.913991406250000000e+04
6.300647656250000000e+04
4.889952343750000000e+04
6.453067578125000000e+04
5.144837890625000000e+04
5.482515234375000000e+04
6.487461718750000000e+04
6.424768750000000000e+04
6.052853515625000000e+04
6.238461328125000000e+04
6.645696875000000000e+04
7.312079687500000000e+04
6.380004687500000000e+04
6.582046093750000000e+04
6.080505078125000000e+04
6.106763281250000000e+04
5.946015625000000000e+04
5.247028125000000000e+04
6.473790234375000000e+04
5.833175781250000000e+04
6.647989062500000000e+04
5.469573437500000000e+04
6.109834765625000000e+04
6.034275781250000000e+04
6.481769531250000000e+04
6.075771875000000000e+04
6.059795703125000000e+04
6.696653906250000000e+04
6.531055468750000000e+04
6.881423437500000000e+04
6.004505078125000000e+04
7.256523437500000000e+04
6.234776562500000000e+04
6.143700390625000000e+04
6.148214062500000000e+04
6.031092578125000000e+04
6.213378906250000000e+04
6.822275781250000000e+04
6.023688281250000000e+04
5.829705468750000000e+04
6.342262109375000000e+04
5.761077343750000000e+04
6.457039843750000000e+04
6.374474218750000000e+04
6.499322656250000000e+04
6.563463281250000000e+04
6.073217578125000000e+04
6.385488281250000000e+04
6.562698437500000000e+04
6.644222656250000000e+04
6.449382421875000000e+04
5.955557812500000000e+04
6.296872265625000000e+04
6.038063671875000000e+04
6.814742968750000000e+04
6.210603906250000000e+04
6.751362500000000000e+04
6.349885156250000000e+04
5.625490234375000000e+04
6.663832812500000000e+04
6.024291015625000000e+04
6.577536718750000000e+04
7.073980468750000000e+04
7.187389843750000000e+04
6.080108593750000000e+04
6.442591796875000000e+04
5.858393750000000000e+04
6.783292187500000000e+04
6.726676562500000000e+04
6.644292187500000000e+04
6.478890625000000000e+04
6.551023437500000000e+04
5.845554687500000000e+04
6.455708984375000000e+04
6.185264062500000000e+04
6.367674218750000000e+04
6.672736718750000000e+04
6.418132421875000000e+04
5.714739453125000000e+04
6.168858984375000000e+04
6.545642187500000000e+04
6.538566015625000000e+04
6.839751562500000000e+04
5.686052343750000000e+04
6.055275781250000000e+04
6.052762500000000000e+04
6.287913281250000000e+04
6.315523828125000000e+04
6.141438671875000000e+04
7.556388281250000000e+04
5.736010156250000000e+04
6.272058203125000000e+04
6.842560156250000000e+04
7.477492968750000000e+04
6.450435156250000000e+04
5.825654296875000000e+04
5.931468750000000000e+04
6.254882031250000000e+04
6.447211328125000000e+04
5.727372265625000000e+04
6.709267187500000000e+04
5.974826953125000000e+04
5.759556250000000000e+04
7.396277343750000000e+04
6.088377343750000000e+04
6.266667578125000000e+04
6.638890625000000000e+04
6.773318750000000000e+04
5.990514062500000000e+04
7.410958593750000000e+04
6.774761718750000000e+04
7.020784375000000000e+04
6.261273046875000000e+04
5.622913671875000000e+04
6.609724218750000000e+04
6.816122656250000000e+04
6.811825781250000000e+04
6.230978906250000000e+04
6.453007421875000000e+04
6.814627343750000000e+04
6.610275781250000000e+04
6.104778906250000000e+04
5.901350781250000000e+04
6.649519531250000000e+04
6.420199218750000000e+04
5.984984375000000000e+04
6.865875000000000000e+04
6.117841015625000000e+04
6.633147656250000000e+04
6.022840625000000000e+04
5.936386718750000000e+04
6.011158984375000000e+04
6.537648046875000000e+04
6.086273046875000000e+04
6.772064062500000000e+04
6.528527734375000000e+04
6.972980468750000000e+04
5.605632812500000000e+04
6.135017968750000000e+04
6.273937500000000000e+04
6.223550781250000000e+04
6.488684765625000000e+04
7.021883593750000000e+04
6.871546093750000000e+04
6.548235937500000000e+04
6.622644531250000000e+04
6.771896875000000000e+04
7.273160937500000000e+04
6.256934765625000000e+04
6.835324218750000000e+04
6.445304296875000000e+04
5.792480859375000000e+04
7.020750000000000000e+04
5.642990625000000000e+04
6.690369531250000000e+04
6.685064843750000000e+04
6.400310156250000000e+04
6.635536718750000000e+04
7.747586718750000000e+04
6.167255468750000000e+04
6.559415625000000000e+04
5.452364843750000000e+04
5.937966796875000000e+04
5.872826562500000000e+04
6.558696875000000000e+04
6.340081640625000000e+04
5.912351171875000000e+04
6.301059375000000000e+04
6.704303906250000000e+04
5.983750000000000000e+04
5.849938281250000000e+04
6.468250781250000000e+04
5.816838671875000000e+04
5.906707812500000000e+04
6.901544531250000000e+04
6.322603515625000000e+04
6.289127343750000000e+04
5.771409375000000000e+04
6.439931250000000000e+04
6.796450000000000000e+04
6.483843359375000000e+04
6.712850781250000000e+04
6.359136328125000000e+04
6.262300781250000000e+04
6.192828906250000000e+04
5.892626171875000000e+04
6.160681250000000000e+04
6.499029687500000000e+04
5.976907421875000000e+04
6.562100000000000000e+04
5.757202734375000000e+04
5.646958593750000000e+04
6.263528906250000000e+04
6.322876953125000000e+04
6.718850781250000000e+04
6.457557031250000000e+04
5.687523437500000000e+04
6.572448437500000000e+04
6.446434765625000000e+04
6.769843750000000000e+04
5.964316015625000000e+04
6.683753125000000000e+04
6.060928125000000000e+04
5.364819140625000000e+04
6.733102343750000000e+04
6.725127343750000000e+04
6.189636718750000000e+04
6.162752734375000000e+04
5.658638671875000000e+04
6.394874218750000000e+04
6.028271093750000000e+04
6.100387500000000000e+04
6.269041406250000000e+04
6.146767968750000000e+04
6.347467578125000000e+04
6.304708593750000000e+04
5.839428906250000000e+04
6.580205468750000000e+04
5.824160546875000000e+04
6.637771875000000000e+04
5.700692968750000000e+04
6.250044531250000000e+04
6.662832812500000000e+04
6.650233593750000000e+04
6.605478906250000000e+04
6.890689062500000000e+04
5.805120703125000000e+04
5.897842187500000000e+04
6.352091406250000000e+04
6.018527734375000000e+04
5.695765625000000000e+04
7.015875781250000000e+04
5.644910937500000000e+04
5.976422265625000000e+04
6.340145312500000000e+04
6.991193750000000000e+04
6.493600000000000000e+04
6.735140625000000000e+04
6.378640234375000000e+04
6.004785156250000000e+04
6.037309765625000000e+04
6.450677343750000000e+04
5.930478906250000000e+04
6.120339453125000000e+04
6.264030859375000000e+04
7.610010937500000000e+04
7.039149218750000000e+04
6.654186718750000000e+04
6.096214843750000000e+04
6.134627734375000000e+04
6.882567968750000000e+04
6.893758593750000000e+04
6.228484375000000000e+04
5.856614843750000000e+04
6.409721875000000000e+04
6.553754687500000000e+04
6.046374218750000000e+04
5.742496484375000000e+04
6.346174218750000000e+04
6.978165625000000000e+04
7.383925781250000000e+04
5.979617968750000000e+04
5.776696875000000000e+04
5.793265625000000000e+04
5.841786718750000000e+04
5.582712500000000000e+04
6.526150390625000000e+04
6.975928125000000000e+04
6.826221093750000000e+04
6.007564062500000000e+04
6.246190234375000000e+04
6.215495312500000000e+04
6.498009375000000000e+04
5.855804687500000000e+04
5.834510546875000000e+04
5.888141796875000000e+04
5.774408984375000000e+04
6.076180078125000000e+04
6.191766406250000000e+04
5.937749609375000000e+04
6.232385546875000000e+04
5.844279687500000000e+04
5.907675390625000000e+04
6.709856250000000000e+04
6.481493359375000000e+04
6.264401953125000000e+04
6.541323437500000000e+04
7.153935937500000000e+04
6.494961718750000000e+04
7.261802343750000000e+04
6.519030859375000000e+04
6.608901562500000000e+04
6.364907812500000000e+04
7.089889062500000000e+04
6.451517968750000000e+04
6.344471093750000000e+04
6.660503906250000000e+04
6.430937109375000000e+04
7.500249218750000000e+04
5.702859375000000000e+04
6.479430078125000000e+04
6.661476562500000000e+04
7.143309375000000000e+04
6.172025000000000000e+04
6.545999218750000000e+04
6.408912890625000000e+04
6.781270312500000000e+04
6.111711328125000000e+04
7.005583593750000000e+04
6.859804687500000000e+04
6.724176562500000000e+04
6.387692187500000000e+04
7.311183593750000000e+04
6.541932031250000000e+04
5.837551562500000000e+04
6.709068750000000000e+04
6.598062500000000000e+04
6.255878906250000000e+04
6.287808984375000000e+04
5.949671093750000000e+04
7.270686718750000000e+04
7.771017187500000000e+04
6.963761718750000000e+04
6.813060156250000000e+04
7.019277343750000000e+04
6.487086718750000000e+04
6.618689062500000000e+04
7.211535156250000000e+04
6.614162500000000000e+04
6.627983593750000000e+04
6.672937500000000000e+04
6.736339843750000000e+04
6.005583593750000000e+04
6.899267187500000000e+04
6.571596093750000000e+04
6.861081250000000000e+04
7.153443750000000000e+04
6.811233593750000000e+04
6.026214843750000000e+04
6.833066406250000000e+04
6.620001562500000000e+04
7.239060937500000000e+04
6.022598437500000000e+04
7.355861718750000000e+04
6.636393750000000000e+04
6.943962500000000000e+04
7.239809375000000000e+04
7.327451562500000000e+04
7.590169531250000000e+04
6.766245312500000000e+04
7.337306250000000000e+04
7.301665625000000000e+04
6.368642968750000000e+04
6.680899218750000000e+04
6.399101562500000000e+04
7.143559375000000000e+04
7.244764062500000000e+04
7.077910156250000000e+04
7.161076562500000000e+04
7.456182812500000000e+04
7.917781250000000000e+04
6.871467187500000000e+04
7.014988281250000000e+04
6.491747656250000000e+04
7.247816406250000000e+04
6.335031250000000000e+04
6.273850390625000000e+04
7.021093750000000000e+04
6.670225000000000000e+04
6.210180859375000000e+04
6.636576562500000000e+04
6.193052343750000000e+04
6.625913281250000000e+04
6.452796875000000000e+04
7.496625000000000000e+04
6.079396093750000000e+04
7.363660937500000000e+04
6.984814062500000000e+04
7.700490625000000000e+04
7.008503125000000000e+04
6.848932031250000000e+04
6.523713281250000000e+04
7.282864843750000000e+04
6.634805468750000000e+04
7.241867187500000000e+04
7.326125000000000000e+04
7.902946093750000000e+04
6.195538671875000000e+04
6.606825000000000000e+04
6.983153906250000000e+04
7.290869531250000000e+04
7.304785937500000000e+04
7.684798437500000000e+04
7.251722656250000000e+04
7.393839062500000000e+04
6.530498437500000000e+04
5.772222265625000000e+04
7.951293750000000000e+04
7.037807812500000000e+04
6.937810937500000000e+04
6.359360937500000000e+04
6.663726562500000000e+04
7.205285937500000000e+04
7.537796875000000000e+04
6.810628125000000000e+04
6.863749218750000000e+04
6.066029687500000000e+04
7.515895312500000000e+04
7.221171875000000000e+04
7.343472656250000000e+04
7.711491406250000000e+04
6.928821093750000000e+04
6.118689453125000000e+04
7.490777343750000000e+04
6.256972656250000000e+04
6.860239843750000000e+04
6.805592187500000000e+04
6.873321875000000000e+04
6.908850000000000000e+04
6.776259375000000000e+04
7.109642187500000000e+04
6.854198437500000000e+04
7.016491406250000000e+04
6.375786328125000000e+04
5.942922656250000000e+04
5.879007031250000000e+04
7.437286718750000000e+04
7.233437500000000000e+04
7.295821875000000000e+04
8.526229687500000000e+04
6.673425000000000000e+04
6.703534375000000000e+04
5.971396875000000000e+04
6.626952343750000000e+04
7.163907812500000000e+04
7.016109375000000000e+04
7.282903125000000000e+04
8.032228906250000000e+04
6.719771093750000000e+04
6.339107031250000000e+04
6.413375781250000000e+04
7.206770312500000000e+04
6.933623437500000000e+04
6.852234375000000000e+04
6.972917187500000000e+04
7.053371093750000000e+04
6.371825390625000000e+04
7.029851562500000000e+04
6.333784765625000000e+04
7.227355468750000000e+04
6.924571093750000000e+04
7.160921875000000000e+04
7.164730468750000000e+04
8.609499218750000000e+04
5.961098046875000000e+04
7.064526562500000000e+04
6.754799218750000000e+04
6.560206250000000000e+04
7.506848437500000000e+04
7.130910937500000000e+04
6.676275000000000000e+04
6.532666406250000000e+04
6.734251562500000000e+04
6.633219531250000000e+04
7.205920312500000000e+04
7.463025000000000000e+04
6.609840625000000000e+04
6.325220703125000000e+04
6.390474218750000000e+04
7.757645312500000000e+04
7.544059375000000000e+04
6.812133593750000000e+04
7.331471093750000000e+04
7.201737500000000000e+04
7.405692968750000000e+04
7.621804687500000000e+04
7.335947656250000000e+04
7.209362500000000000e+04
7.577533593750000000e+04
7.580187500000000000e+04
6.487567578125000000e+04
7.063362500000000000e+04
7.046887500000000000e+04
6.381911718750000000e+04
6.909500000000000000e+04
7.422731250000000000e+04
7.333413281250000000e+04
6.759624218750000000e+04
7.693066406250000000e+04
6.324511328125000000e+04
6.967193750000000000e+04
7.187501562500000000e+04
7.021873437500000000e+04
5.956857421875000000e+04
7.946892968750000000e+04
6.823574218750000000e+04
7.149101562500000000e+04
7.066469531250000000e+04
7.642325781250000000e+04
6.465271875000000000e+04
7.494335156250000000e+04
5.600547656250000000e+04
6.854842968750000000e+04
6.748381250000000000e+04
7.253878906250000000e+04
7.019621875000000000e+04
7.122692187500000000e+04
6.604608593750000000e+04
6.681489843750000000e+04
6.940502343750000000e+04
6.188625781250000000e+04
6.939163281250000000e+04
7.648137500000000000e+04
6.758639843750000000e+04
7.904121875000000000e+04
7.415682812500000000e+04
7.509825000000000000e+04
6.654445312500000000e+04
6.845961718750000000e+04
7.115235156250000000e+04
7.081343750000000000e+04
6.348942187500000000e+04
6.776902343750000000e+04
7.117307812500000000e+04
7.712596875000000000e+04
6.828426562500000000e+04
7.093849218750000000e+04
6.407454296875000000e+04
6.650174218750000000e+04
6.894334375000000000e+04
6.825561718750000000e+04
7.228850781250000000e+04
6.481515234375000000e+04
7.795043750000000000e+04
6.465227734375000000e+04
6.709071093750000000e+04
7.017066406250000000e+04
7.452364062500000000e+04
7.103975781250000000e+04
7.129010156250000000e+04
7.741342187500000000e+04
6.971698437500000000e+04
7.337343750000000000e+04
6.854141406250000000e+04
7.547581250000000000e+04
6.863192968750000000e+04
6.886109375000000000e+04
7.150278125000000000e+04
6.742392187500000000e+04
7.470165625000000000e+04
6.637340625000000000e+04
8.423565625000000000e+04
6.969738281250000000e+04
7.157809375000000000e+04
6.911783593750000000e+04
7.458589843750000000e+04
7.051275000000000000e+04
6.808830468750000000e+04
6.268378515625000000e+04
8.025676562500000000e+04
7.350414062500000000e+04
6.763706250000000000e+04
7.291125000000000000e+04
7.091831250000000000e+04
6.467454687500000000e+04
6.750340625000000000e+04
6.962039062500000000e+04
5.858420703125000000e+04
7.619438281250000000e+04
6.036452343750000000e+04
7.972603125000000000e+04
7.365287500000000000e+04
6.486728125000000000e+04
7.548133593750000000e+04
7.404375781250000000e+04
7.370196875000000000e+04
6.159862500000000000e+04
6.696530468750000000e+04
6.912367968750000000e+04
6.582946093750000000e+04
8.027675781250000000e+04
6.989428125000000000e+04
7.588399218750000000e+04
7.567649218750000000e+04
7.044846875000000000e+04
7.169211718750000000e+04
6.438664843750000000e+04
7.180932812500000000e+04
6.844614062500000000e+04
7.626874218750000000e+04
6.412625000000000000e+04
6.991748437500000000e+04
6.614473437500000000e+04
7.542678125000000000e+04
6.736914062500000000e+04
6.816273437500000000e+04
7.121669531250000000e+04
7.460550000000000000e+04
6.712918750000000000e+04
6.526048828125000000e+04
7.049471875000000000e+04
7.176856250000000000e+04
7.556935156250000000e+04
7.247175000000000000e+04
6.848321875000000000e+04
7.147346875000000000e+04
6.486648046875000000e+04
7.095357031250000000e+04
7.792852343750000000e+04
6.626717968750000000e+04
7.102153125000000000e+04
6.445192968750000000e+04
6.785077343750000000e+04
6.956135156250000000e+04
7.654089062500000000e+04
6.392503125000000000e+04
6.412402734375000000e+04
7.590021093750000000e+04
7.134582031250000000e+04
7.812105468750000000e+04
7.008512500000000000e+04
7.072646875000000000e+04
6.352923046875000000e+04
7.395829687500000000e+04
7.004680468750000000e+04
7.200225781250000000e+04
6.623854687500000000e+04
6.148183984375000000e+04
7.189112500000000000e+04
8.357702343750000000e+04
6.972051562500000000e+04
7.235500000000000000e+04
8.161199218750000000e+04
6.950693750000000000e+04
7.677723437500000000e+04
7.356527343750000000e+04
7.208737500000000000e+04
6.778046875000000000e+04
7.600319531250000000e+04
7.560952343750000000e+04
6.729900000000000000e+04
7.271923437500000000e+04
6.843410156250000000e+04
7.839075781250000000e+04
7.081826562500000000e+04
7.233577343750000000e+04
7.092932031250000000e+04
7.067897656250000000e+04
6.629199218750000000e+04
6.689055468750000000e+04
7.451289062500000000e+04
7.038269531250000000e+04
6.652668750000000000e+04
6.590937500000000000e+04
6.805847656250000000e+04
7.151434375000000000e+04
6.929155468750000000e+04
7.148833593750000000e+04
7.404415625000000000e+04
6.929929687500000000e+04
7.125100000000000000e+04
7.018853906250000000e+04
6.837805468750000000e+04
7.678320312500000000e+04
6.725376562500000000e+04
6.372547656250000000e+04
7.893650000000000000e+04
6.509491796875000000e+04
7.503983593750000000e+04
6.290116796875000000e+04
7.124581250000000000e+04
6.713350000000000000e+04
6.680198437500000000e+04
6.854280468750000000e+04
6.679055468750000000e+04
8.450460937500000000e+04
7.697402343750000000e+04
6.935578906250000000e+04
7.663462500000000000e+04
7.653292968750000000e+04
8.125692187500000000e+04
7.090714843750000000e+04
6.929764062500000000e+04
6.366762109375000000e+04
7.189017187500000000e+04
7.194987500000000000e+04
5.767260937500000000e+04
6.848532812500000000e+04
6.862689062500000000e+04
7.810796875000000000e+04
7.297159375000000000e+04
6.591689062500000000e+04
6.663706250000000000e+04
7.033188281250000000e+04
6.496410156250000000e+04
7.042595312500000000e+04
7.639438281250000000e+04
7.449870312500000000e+04
6.537331640625000000e+04
7.496914062500000000e+04
7.075742187500000000e+04
6.760475781250000000e+04
7.043175781250000000e+04
7.578522656250000000e+04
6.996724218750000000e+04
6.751654687500000000e+04
6.998543750000000000e+04
6.755503125000000000e+04
7.448084375000000000e+04
6.896703906250000000e+04
7.171919531250000000e+04
7.448076562500000000e+04
7.689112500000000000e+04
7.571535156250000000e+04
6.900267187500000000e+04
7.715647656250000000e+04
6.595491406250000000e+04
7.486381250000000000e+04
7.902293750000000000e+04
7.291131250000000000e+04
6.061354296875000000e+04
5.523536328125000000e+04
7.558085937500000000e+04
6.591204687500000000e+04
7.460364843750000000e+04
8.080705468750000000e+04
7.334631250000000000e+04
6.892051562500000000e+04
7.497065625000000000e+04
7.045864843750000000e+04
7.276897656250000000e+04
8.170623437500000000e+04
7.441913281250000000e+04
7.328903125000000000e+04
7.329786718750000000e+04
6.634428125000000000e+04
7.347659375000000000e+04
7.436496875000000000e+04
6.346265625000000000e+04
6.670157031250000000e+04
6.806900000000000000e+04
7.434683593750000000e+04
7.671231250000000000e+04
7.362075000000000000e+04
6.961560937500000000e+04
7.652387500000000000e+04
7.174082031250000000e+04
7.182126562500000000e+04
7.442827343750000000e+04
6.349082031250000000e+04
6.604941406250000000e+04
7.235375781250000000e+04
7.003303125000000000e+04
6.871186718750000000e+04
5.859153125000000000e+04
7.023898437500000000e+04
7.206057812500000000e+04
6.644899218750000000e+04
6.094028906250000000e+04
7.901242187500000000e+04
7.521767187500000000e+04
7.783998437500000000e+04
6.767981250000000000e+04
6.374033984375000000e+04
7.211192187500000000e+04
7.482029687500000000e+04
6.740285937500000000e+04
6.913961718750000000e+04
7.642495312500000000e+04
7.307806250000000000e+04
7.451526562500000000e+04
6.951317187500000000e+04
8.463102343750000000e+04
7.895891406250000000e+04
7.993118750000000000e+04
7.251301562500000000e+04
7.969953125000000000e+04
7.112740625000000000e+04
6.600951562500000000e+04
6.847561718750000000e+04
7.748514062500000000e+04
7.223464843750000000e+04
6.857875000000000000e+04
7.766059375000000000e+04
7.668497656250000000e+04
5.910763671875000000e+04
7.242174218750000000e+04
6.667733593750000000e+04
6.188915625000000000e+04
7.110381250000000000e+04
7.207223437500000000e+04
7.062036718750000000e+04
7.030129687500000000e+04
6.854758593750000000e+04
7.505478125000000000e+04
7.088981250000000000e+04
6.921423437500000000e+04
7.272571875000000000e+04
7.490442187500000000e+04
6.849670312500000000e+04
6.710661718750000000e+04
6.694264843750000000e+04
6.785986718750000000e+04
6.676296875000000000e+04
7.876009375000000000e+04
7.503739843750000000e+04
6.751864062500000000e+04
7.169789843750000000e+04
6.803333593750000000e+04
7.025475000000000000e+04
6.951695312500000000e+04
7.341878125000000000e+04
7.200127343750000000e+04
7.288988281250000000e+04
7.690517187500000000e+04
7.344550000000000000e+04
6.970682812500000000e+04
6.910608593750000000e+04
