1.126657290849518904e+04
1.523722775328988246e+04
1.998651473454870938e+04
1.066150592729048185e+04
1.060591214400264653e+04
1.678506981427007122e+04
1.523018200295522183e+04
1.630902291111534942e+04
1.344528474223511512e+04
9.488354804297032388e+03
8.529893142794549931e+03
1.539436071897981128e+04
1.429580640993477391e+04
2.245743473159241694e+04
1.376829246211393911e+04
1.616364976328549710e+04
1.807289776341708057e+04
1.406468775436460601e+04
2.220456814618206408e+04
1.569472575904860059e+04
1.346834408121857814e+04
2.473320566095998947e+04
1.601563064760652742e+04
1.092005419626707226e+04
1.641449008070376294e+04
1.561175791819669030e+04
1.342118790922350672e+04
1.497589052502726190e+04
1.080824755817476216e+04
1.139570323698396533e+04
