5.988896441110189771e+05
7.947807370021190727e+05
8.493269474607523298e+05
7.881034336057874607e+05
6.940996972805624828e+05
7.178934094159660162e+05
7.326789916745289229e+05
6.991396943153350148e+05
6.612598626084127463e+05
7.761618468612257857e+05
6.382068315980645129e+05
6.273327345912182936e+05
6.546865978573897155e+05
7.396128453212134773e+05
6.417296737676277990e+05
7.539991627052651020e+05
6.781503874240727164e+05
6.911936481760159368e+05
7.395447072601214750e+05
6.323968844744001981e+05
6.770114296123632230e+05
7.025932257171155652e+05
7.950073312632404268e+05
7.018973058802338783e+05
7.035872183187115006e+05
6.689713661339951213e+05
6.541898998070370872e+05
7.677485344847739907e+05
6.932165918793579331e+05
7.834132134147062898e+05
