2.792580810546875000e+03
1.034606347656250000e+04
1.111899023437500000e+04
1.131985742187500000e+04
1.155226660156250000e+04
1.200543652343750000e+04
1.257006250000000000e+04
1.541033984375000000e+04
1.363575781250000000e+04
1.944607421875000000e+04
2.091881835937500000e+04
1.806090429687500000e+04
1.998473828125000000e+04
2.166501171875000000e+04
1.892089062500000000e+04
1.913525390625000000e+04
1.994265039062500000e+04
1.742817578125000000e+04
1.649845117187500000e+04
1.922529492187500000e+04
1.852075000000000000e+04
1.838620898437500000e+04
1.801520703125000000e+04
2.126817578125000000e+04
2.042956054687500000e+04
2.341514453125000000e+04
1.750257226562500000e+04
2.128530273437500000e+04
2.123191015625000000e+04
2.620440625000000000e+04
2.424563671875000000e+04
2.529633789062500000e+04
2.888669140625000000e+04
2.271739257812500000e+04
2.519955664062500000e+04
2.234798046875000000e+04
3.109278710937500000e+04
2.596955664062500000e+04
2.595757031250000000e+04
2.977783984375000000e+04
2.512375390625000000e+04
2.862421484375000000e+04
3.348852343750000000e+04
2.672019921875000000e+04
3.397628125000000000e+04
2.835402734375000000e+04
2.809944726562500000e+04
2.825533789062500000e+04
3.181017773437500000e+04
3.498458593750000000e+04
3.370766406250000000e+04
3.412119140625000000e+04
3.135273632812500000e+04
3.740525781250000000e+04
3.199965625000000000e+04
3.895618750000000000e+04
3.413660156250000000e+04
4.042556250000000000e+04
4.743834375000000000e+04
4.094557031250000000e+04
3.416853125000000000e+04
4.044221484375000000e+04
4.278433593750000000e+04
3.760321875000000000e+04
4.250476953125000000e+04
4.117048046875000000e+04
4.339938281250000000e+04
5.055962890625000000e+04
3.973627343750000000e+04
4.181914062500000000e+04
4.088183593750000000e+04
3.727048437500000000e+04
4.633212109375000000e+04
4.244662500000000000e+04
6.359403906250000000e+04
5.263062500000000000e+04
5.723819140625000000e+04
6.135052343750000000e+04
5.162017968750000000e+04
5.203862890625000000e+04
5.720769531250000000e+04
6.614213281250000000e+04
5.758651562500000000e+04
6.325622265625000000e+04
5.736921093750000000e+04
6.049943750000000000e+04
6.127257031250000000e+04
5.830082031250000000e+04
5.390762500000000000e+04
5.936124609375000000e+04
5.570112890625000000e+04
8.064279687500000000e+04
6.780835156250000000e+04
6.434607812500000000e+04
6.854428906250000000e+04
6.939018750000000000e+04
9.115609375000000000e+04
6.515910156250000000e+04
8.996009375000000000e+04
5.196946093750000000e+04
7.459829687500000000e+04
6.886853125000000000e+04
7.362632031250000000e+04
6.180218750000000000e+04
7.407530468750000000e+04
8.890909375000000000e+04
7.243618750000000000e+04
1.056568750000000000e+05
8.252752343750000000e+04
6.019165234375000000e+04
8.237293750000000000e+04
8.401676562500000000e+04
8.382160937500000000e+04
1.015873281250000000e+05
7.608475000000000000e+04
1.160036250000000000e+05
1.338175468750000000e+05
8.409697656250000000e+04
7.689696093750000000e+04
1.175203906250000000e+05
1.016478203125000000e+05
9.680165625000000000e+04
1.048310312500000000e+05
1.258349765625000000e+05
8.543943750000000000e+04
9.844743750000000000e+04
1.052900000000000000e+05
6.990526562500000000e+04
1.075362109375000000e+05
1.425455625000000000e+05
9.953156250000000000e+04
1.184805078125000000e+05
1.117360859375000000e+05
1.159633359375000000e+05
1.183632500000000000e+05
1.200984843750000000e+05
1.091232343750000000e+05
1.613930156250000000e+05
1.238330468750000000e+05
1.554580468750000000e+05
1.075187343750000000e+05
1.573417656250000000e+05
1.179684531250000000e+05
1.733423437500000000e+05
1.749904062500000000e+05
1.009373125000000000e+05
1.179202734375000000e+05
1.296816875000000000e+05
1.689915468750000000e+05
1.301915000000000000e+05
1.611430312500000000e+05
1.230215312500000000e+05
1.252815312500000000e+05
1.463432656250000000e+05
1.448857812500000000e+05
1.299498593750000000e+05
1.273881406250000000e+05
1.300023515625000000e+05
2.289618750000000000e+05
1.671291562500000000e+05
1.104406093750000000e+05
1.797283750000000000e+05
1.211663906250000000e+05
7.749510156250000000e+04
1.280641406250000000e+05
1.007080625000000000e+05
1.242600078125000000e+05
1.325856093750000000e+05
1.398675781250000000e+05
1.244271875000000000e+05
1.342236406250000000e+05
1.052515625000000000e+05
1.621786250000000000e+05
1.147670312500000000e+05
1.044254218750000000e+05
7.348429687500000000e+04
1.001300625000000000e+05
9.562301562500000000e+04
1.097060937500000000e+05
1.363581250000000000e+05
9.415007031250000000e+04
9.808389062500000000e+04
1.020884531250000000e+05
1.260781406250000000e+05
8.299157031250000000e+04
9.986676562500000000e+04
1.046521015625000000e+05
1.198825156250000000e+05
9.424178125000000000e+04
9.799048437500000000e+04
6.228209375000000000e+04
9.006593750000000000e+04
5.671520703125000000e+04
7.606071093750000000e+04
8.256784375000000000e+04
6.940191406250000000e+04
1.202462812500000000e+05
8.904132812500000000e+04
7.396951562500000000e+04
9.007458593750000000e+04
7.396238281250000000e+04
1.342308906250000000e+05
7.770042968750000000e+04
7.262105468750000000e+04
1.088610625000000000e+05
6.411035156250000000e+04
4.595593750000000000e+04
5.711677343750000000e+04
5.720694531250000000e+04
7.448284375000000000e+04
6.114945312500000000e+04
1.044555312500000000e+05
5.204480468750000000e+04
5.217424218750000000e+04
5.950180468750000000e+04
8.365110937500000000e+04
5.631731250000000000e+04
5.669487109375000000e+04
8.405446093750000000e+04
5.918078906250000000e+04
7.184112500000000000e+04
6.719317968750000000e+04
5.137142187500000000e+04
4.070276171875000000e+04
6.419295312500000000e+04
6.950243750000000000e+04
7.682275781250000000e+04
9.780970312500000000e+04
5.540137500000000000e+04
5.109732421875000000e+04
6.257923046875000000e+04
6.248978515625000000e+04
4.254296093750000000e+04
9.154700781250000000e+04
4.682384765625000000e+04
4.487318359375000000e+04
3.941119531250000000e+04
4.032559375000000000e+04
4.528536718750000000e+04
6.032512500000000000e+04
4.430524609375000000e+04
5.124483203125000000e+04
6.271327734375000000e+04
4.407157031250000000e+04
4.448703515625000000e+04
3.048803125000000000e+04
5.075206250000000000e+04
5.079137109375000000e+04
3.402565625000000000e+04
3.469301953125000000e+04
5.317903906250000000e+04
3.689650000000000000e+04
3.340610937500000000e+04
3.266360742187500000e+04
3.977148828125000000e+04
3.056004687500000000e+04
4.805353125000000000e+04
3.681985937500000000e+04
2.700192773437500000e+04
4.331092187500000000e+04
2.831320507812500000e+04
3.015410742187500000e+04
4.104576953125000000e+04
2.648769921875000000e+04
3.519357812500000000e+04
2.960161328125000000e+04
2.034599609375000000e+04
2.657805859375000000e+04
2.165013671875000000e+04
3.905965234375000000e+04
2.069039257812500000e+04
2.968451953125000000e+04
2.001856250000000000e+04
1.865978125000000000e+04
1.909716406250000000e+04
1.731344921875000000e+04
1.777388671875000000e+04
2.283001562500000000e+04
2.188260937500000000e+04
2.314071289062500000e+04
3.013084765625000000e+04
3.229938085937500000e+04
1.822889062500000000e+04
3.126820312500000000e+04
1.763688671875000000e+04
1.469252734375000000e+04
1.735354687500000000e+04
2.263830468750000000e+04
1.436072070312500000e+04
2.648634375000000000e+04
2.526499609375000000e+04
2.115117968750000000e+04
2.768803515625000000e+04
1.385128515625000000e+04
1.294967968750000000e+04
2.110064453125000000e+04
1.940105468750000000e+04
1.168211718750000000e+04
1.348376269531250000e+04
1.237700292968750000e+04
1.678214843750000000e+04
1.978893359375000000e+04
1.547721582031250000e+04
1.011755957031250000e+04
1.273107617187500000e+04
1.639505468750000000e+04
1.527749414062500000e+04
1.625704785156250000e+04
1.335945898437500000e+04
1.395848828125000000e+04
1.419815820312500000e+04
1.081878613281250000e+04
1.044405664062500000e+04
9.987408203125000000e+03
1.287556250000000000e+04
1.476428027343750000e+04
9.654619140625000000e+03
1.185555078125000000e+04
1.123708007812500000e+04
1.338178222656250000e+04
1.412681152343750000e+04
1.191469824218750000e+04
1.281977441406250000e+04
1.196158691406250000e+04
1.098411132812500000e+04
9.212193359375000000e+03
9.490717773437500000e+03
8.725683593750000000e+03
1.316752441406250000e+04
9.112603515625000000e+03
8.997945312500000000e+03
1.103981250000000000e+04
1.012268750000000000e+04
8.562158203125000000e+03
9.227972656250000000e+03
9.082909179687500000e+03
1.065021289062500000e+04
1.030644042968750000e+04
1.116246093750000000e+04
1.060893554687500000e+04
1.232329589843750000e+04
1.271727343750000000e+04
1.460516601562500000e+04
1.372391406250000000e+04
1.369575000000000000e+04
1.086552539062500000e+04
1.028214453125000000e+04
1.025620117187500000e+04
8.066833984375000000e+03
9.619556640625000000e+03
1.110944726562500000e+04
1.168816601562500000e+04
8.429724609375000000e+03
1.211620605468750000e+04
1.234456347656250000e+04
1.103661621093750000e+04
1.101185156250000000e+04
9.452988281250000000e+03
1.133895312500000000e+04
1.093988281250000000e+04
1.231215234375000000e+04
9.502103515625000000e+03
1.135273730468750000e+04
1.213677343750000000e+04
8.382941406250000000e+03
1.019452832031250000e+04
8.621769531250000000e+03
7.484672851562500000e+03
6.212729492187500000e+03
7.339711425781250000e+03
8.324380859375000000e+03
8.435946289062500000e+03
8.483287109375000000e+03
1.073496875000000000e+04
7.528548828125000000e+03
8.296800781250000000e+03
8.402441406250000000e+03
8.788402343750000000e+03
7.471623535156250000e+03
6.545010742187500000e+03
6.200547851562500000e+03
6.420212890625000000e+03
7.650084960937500000e+03
7.395243164062500000e+03
7.682525878906250000e+03
8.488337890625000000e+03
6.228889648437500000e+03
8.491644531250000000e+03
9.426586914062500000e+03
8.384194335937500000e+03
7.724411132812500000e+03
7.450434082031250000e+03
7.217313476562500000e+03
8.434451171875000000e+03
6.757695800781250000e+03
6.418196289062500000e+03
9.010106445312500000e+03
8.061159179687500000e+03
7.751353027343750000e+03
6.494387207031250000e+03
5.821325195312500000e+03
6.728540039062500000e+03
6.006498535156250000e+03
7.114791015625000000e+03
6.332874511718750000e+03
6.509197753906250000e+03
7.769480957031250000e+03
5.641947753906250000e+03
6.032133789062500000e+03
5.265005859375000000e+03
9.042369140625000000e+03
5.979090332031250000e+03
9.136918945312500000e+03
8.969000976562500000e+03
7.553804687500000000e+03
9.853094726562500000e+03
5.316771484375000000e+03
6.748901855468750000e+03
9.229079101562500000e+03
6.110482910156250000e+03
9.103023437500000000e+03
6.966242187500000000e+03
8.267271484375000000e+03
5.758210449218750000e+03
9.465921875000000000e+03
7.239483398437500000e+03
7.825280273437500000e+03
7.048145996093750000e+03
6.696784667968750000e+03
6.545380371093750000e+03
6.040457519531250000e+03
5.217566894531250000e+03
6.756918945312500000e+03
6.766714355468750000e+03
6.651509277343750000e+03
5.848944824218750000e+03
6.588914062500000000e+03
8.247093750000000000e+03
6.237144531250000000e+03
6.537975097656250000e+03
6.646692871093750000e+03
7.812003906250000000e+03
7.178354003906250000e+03
8.520546875000000000e+03
7.849002929687500000e+03
6.637343261718750000e+03
6.335385253906250000e+03
6.581832031250000000e+03
5.313880859375000000e+03
6.587989257812500000e+03
8.305406250000000000e+03
6.873699218750000000e+03
5.596676269531250000e+03
7.736079589843750000e+03
6.226316894531250000e+03
8.219710937500000000e+03
7.666471679687500000e+03
6.066323242187500000e+03
5.678601074218750000e+03
4.825227050781250000e+03
7.177303710937500000e+03
7.163312988281250000e+03
8.222394531250000000e+03
7.074053710937500000e+03
6.147759277343750000e+03
6.471939941406250000e+03
7.324507812500000000e+03
6.607723632812500000e+03
7.274622558593750000e+03
6.003831054687500000e+03
5.604237304687500000e+03
5.819606933593750000e+03
6.935559570312500000e+03
6.810981445312500000e+03
5.451345214843750000e+03
6.783777343750000000e+03
5.563072265625000000e+03
6.605315429687500000e+03
5.946355468750000000e+03
5.564156738281250000e+03
7.505817382812500000e+03
6.231485351562500000e+03
6.299442382812500000e+03
6.845226074218750000e+03
5.531083984375000000e+03
7.717275390625000000e+03
6.266406250000000000e+03
6.928102050781250000e+03
5.644472656250000000e+03
6.940631835937500000e+03
5.687287109375000000e+03
5.209182617187500000e+03
3.937446289062500000e+03
6.283425292968750000e+03
5.648225585937500000e+03
4.967603515625000000e+03
4.720694824218750000e+03
4.855361328125000000e+03
4.348994140625000000e+03
5.471595703125000000e+03
4.130669921875000000e+03
5.041521972656250000e+03
4.787141113281250000e+03
5.377811035156250000e+03
4.845990234375000000e+03
5.858032714843750000e+03
4.002595703125000000e+03
5.581227539062500000e+03
6.975087402343750000e+03
5.469431640625000000e+03
5.187261718750000000e+03
4.433568359375000000e+03
5.096461914062500000e+03
5.150011718750000000e+03
6.840662109375000000e+03
5.993381347656250000e+03
4.806134765625000000e+03
3.483675537109375000e+03
4.720543945312500000e+03
5.277560058593750000e+03
3.724043701171875000e+03
3.948813232421875000e+03
6.415750000000000000e+03
4.599700683593750000e+03
4.743542968750000000e+03
5.349040039062500000e+03
5.169526367187500000e+03
4.884417480468750000e+03
7.324860351562500000e+03
5.299345703125000000e+03
7.311516601562500000e+03
6.163489257812500000e+03
6.570857910156250000e+03
6.418772460937500000e+03
6.316710937500000000e+03
5.444716796875000000e+03
3.918908935546875000e+03
5.074982421875000000e+03
5.315746093750000000e+03
5.636001953125000000e+03
8.081464843750000000e+03
7.195931640625000000e+03
6.622522460937500000e+03
5.443582031250000000e+03
7.244004394531250000e+03
7.034510253906250000e+03
6.868847656250000000e+03
6.242951171875000000e+03
7.318891601562500000e+03
6.280933593750000000e+03
5.053184570312500000e+03
5.898324218750000000e+03
4.694875976562500000e+03
6.865088867187500000e+03
5.587020996093750000e+03
5.217834960937500000e+03
5.181491699218750000e+03
4.954219726562500000e+03
5.377503906250000000e+03
5.279080566406250000e+03
4.415538085937500000e+03
4.070574462890625000e+03
5.239419921875000000e+03
5.159746582031250000e+03
5.769459960937500000e+03
6.099394531250000000e+03
5.662597656250000000e+03
4.610015625000000000e+03
5.194229492187500000e+03
4.845161132812500000e+03
5.386338867187500000e+03
4.890423828125000000e+03
5.122881347656250000e+03
4.568832031250000000e+03
4.363572753906250000e+03
4.016837158203125000e+03
5.252999023437500000e+03
4.076703613281250000e+03
4.075902343750000000e+03
4.756377929687500000e+03
3.807675292968750000e+03
4.338686523437500000e+03
4.244428710937500000e+03
4.517196289062500000e+03
5.931436035156250000e+03
4.499071289062500000e+03
3.725845214843750000e+03
4.865755371093750000e+03
4.127864746093750000e+03
4.537775390625000000e+03
4.353427734375000000e+03
3.944196533203125000e+03
4.954273437500000000e+03
3.688696777343750000e+03
4.122508789062500000e+03
3.867823486328125000e+03
5.101237792968750000e+03
3.935645996093750000e+03
3.985561523437500000e+03
4.349101074218750000e+03
4.057330566406250000e+03
6.041971191406250000e+03
5.576090332031250000e+03
5.338013671875000000e+03
4.979265136718750000e+03
5.544275390625000000e+03
4.311222167968750000e+03
5.071563476562500000e+03
3.999691406250000000e+03
4.291200683593750000e+03
3.986198730468750000e+03
3.094468261718750000e+03
4.407489746093750000e+03
5.593863281250000000e+03
3.158569824218750000e+03
3.566181152343750000e+03
5.491075195312500000e+03
4.424420898437500000e+03
3.713345947265625000e+03
4.426442382812500000e+03
4.884038085937500000e+03
3.792583740234375000e+03
3.825587158203125000e+03
4.182869140625000000e+03
5.697842773437500000e+03
6.869689453125000000e+03
5.241715332031250000e+03
4.022975585937500000e+03
4.044797119140625000e+03
3.294941894531250000e+03
4.115660156250000000e+03
5.208503417968750000e+03
3.650398925781250000e+03
4.872328125000000000e+03
6.199023437500000000e+03
5.332943847656250000e+03
5.516541992187500000e+03
5.443636230468750000e+03
5.562955078125000000e+03
6.201051269531250000e+03
4.347750000000000000e+03
5.591929687500000000e+03
5.127321289062500000e+03
3.826439453125000000e+03
5.019912109375000000e+03
5.640026855468750000e+03
3.213928222656250000e+03
3.774913330078125000e+03
5.654033203125000000e+03
4.682463867187500000e+03
5.089591308593750000e+03
6.728553710937500000e+03
4.158873046875000000e+03
5.657743164062500000e+03
2.780848632812500000e+03
4.390484375000000000e+03
4.842046875000000000e+03
3.680653320312500000e+03
4.798752441406250000e+03
5.575671386718750000e+03
4.514053710937500000e+03
4.143337402343750000e+03
4.712088867187500000e+03
4.046835937500000000e+03
4.201857421875000000e+03
4.882553222656250000e+03
5.355784179687500000e+03
4.623854003906250000e+03
4.473396972656250000e+03
3.509706787109375000e+03
4.842448242187500000e+03
4.484104003906250000e+03
4.169250000000000000e+03
3.922316894531250000e+03
3.588764648437500000e+03
4.728566894531250000e+03
3.320011718750000000e+03
4.624875976562500000e+03
3.380758789062500000e+03
3.284329589843750000e+03
4.046423828125000000e+03
4.129234863281250000e+03
3.606830566406250000e+03
4.168238769531250000e+03
4.126556152343750000e+03
4.871888183593750000e+03
4.366396484375000000e+03
3.062605712890625000e+03
5.578073242187500000e+03
4.552147460937500000e+03
4.832905273437500000e+03
4.170277343750000000e+03
3.638785644531250000e+03
3.645397949218750000e+03
3.227791992187500000e+03
4.106682617187500000e+03
3.281739257812500000e+03
4.219621093750000000e+03
2.764591308593750000e+03
3.254839355468750000e+03
5.477511718750000000e+03
4.628102539062500000e+03
2.793994384765625000e+03
3.349823242187500000e+03
2.782813964843750000e+03
2.996994140625000000e+03
3.869418701171875000e+03
3.712318115234375000e+03
3.327566406250000000e+03
3.576718505859375000e+03
2.715061523437500000e+03
2.926340576171875000e+03
4.068900146484375000e+03
3.768891113281250000e+03
4.134517578125000000e+03
6.680516113281250000e+03
3.550174804687500000e+03
2.535679687500000000e+03
3.883249023437500000e+03
3.076447753906250000e+03
3.100942871093750000e+03
5.238398437500000000e+03
4.484436035156250000e+03
4.012414306640625000e+03
3.899109375000000000e+03
3.996373779296875000e+03
4.520765625000000000e+03
4.697500000000000000e+03
3.653000976562500000e+03
3.684083007812500000e+03
3.996268554687500000e+03
4.573497558593750000e+03
5.634125000000000000e+03
6.649490234375000000e+03
3.570126953125000000e+03
4.880582031250000000e+03
3.626282714843750000e+03
7.238129882812500000e+03
3.969635253906250000e+03
5.464468750000000000e+03
5.397209472656250000e+03
5.824172851562500000e+03
4.630731933593750000e+03
3.921146484375000000e+03
4.507616210937500000e+03
4.781102539062500000e+03
4.590186523437500000e+03
5.310566406250000000e+03
3.894410156250000000e+03
4.549354980468750000e+03
3.393263916015625000e+03
2.838059326171875000e+03
5.162280761718750000e+03
5.699401367187500000e+03
4.372097656250000000e+03
3.199292480468750000e+03
4.264219726562500000e+03
4.643845214843750000e+03
3.299508300781250000e+03
4.506581054687500000e+03
4.851337890625000000e+03
3.058951416015625000e+03
4.641845703125000000e+03
3.508187255859375000e+03
3.209061523437500000e+03
3.650415039062500000e+03
4.368550292968750000e+03
5.354830078125000000e+03
5.497439453125000000e+03
4.135583007812500000e+03
3.786507324218750000e+03
3.648496093750000000e+03
3.417884277343750000e+03
3.268979248046875000e+03
5.246859375000000000e+03
3.537091796875000000e+03
3.472069335937500000e+03
3.420015136718750000e+03
2.725149414062500000e+03
4.045515869140625000e+03
3.324389404296875000e+03
4.014829101562500000e+03
3.250609863281250000e+03
3.787522705078125000e+03
2.806114746093750000e+03
3.130902832031250000e+03
3.003008789062500000e+03
2.712921142578125000e+03
4.761956542968750000e+03
3.671881835937500000e+03
4.437592773437500000e+03
3.022960449218750000e+03
3.766187988281250000e+03
3.489759521484375000e+03
3.715392333984375000e+03
2.944833740234375000e+03
5.341102050781250000e+03
3.221457275390625000e+03
2.556917236328125000e+03
4.106706542968750000e+03
2.863520507812500000e+03
3.006025878906250000e+03
5.155305664062500000e+03
5.564072753906250000e+03
4.470099609375000000e+03
5.573287109375000000e+03
4.932306640625000000e+03
3.374405029296875000e+03
4.824834472656250000e+03
2.644511718750000000e+03
3.047646972656250000e+03
4.496218261718750000e+03
3.463503662109375000e+03
2.571019775390625000e+03
2.277131103515625000e+03
2.820860351562500000e+03
3.711778320312500000e+03
4.842732421875000000e+03
3.879928466796875000e+03
5.231586914062500000e+03
4.265697265625000000e+03
3.366763916015625000e+03
5.203447265625000000e+03
4.483617187500000000e+03
2.843198242187500000e+03
2.626698486328125000e+03
3.289673095703125000e+03
5.873579101562500000e+03
2.732720214843750000e+03
3.206729980468750000e+03
5.607624023437500000e+03
3.427651123046875000e+03
3.375400634765625000e+03
2.211102539062500000e+03
3.158307617187500000e+03
2.644613037109375000e+03
3.442083007812500000e+03
2.773628906250000000e+03
4.326208496093750000e+03
5.115522460937500000e+03
5.782402343750000000e+03
3.939232421875000000e+03
5.409541015625000000e+03
3.978536621093750000e+03
2.646051025390625000e+03
4.309755859375000000e+03
3.968210937500000000e+03
3.882470703125000000e+03
2.890337890625000000e+03
3.402274414062500000e+03
3.880269042968750000e+03
3.486176269531250000e+03
5.504597656250000000e+03
2.639974121093750000e+03
3.714406738281250000e+03
3.324974609375000000e+03
7.678327148437500000e+03
6.001613769531250000e+03
4.333838867187500000e+03
5.004631347656250000e+03
3.480625732421875000e+03
5.314219726562500000e+03
3.851299560546875000e+03
4.235406250000000000e+03
4.081500488281250000e+03
2.847678955078125000e+03
3.514572753906250000e+03
4.544330566406250000e+03
3.200425292968750000e+03
5.980902343750000000e+03
5.523459960937500000e+03
3.755674316406250000e+03
5.461832031250000000e+03
4.968112304687500000e+03
4.855513183593750000e+03
6.446913574218750000e+03
8.427297851562500000e+03
6.501718750000000000e+03
9.115525390625000000e+03
5.419833007812500000e+03
5.254934570312500000e+03
5.369141113281250000e+03
3.577535156250000000e+03
3.699329589843750000e+03
5.509208496093750000e+03
6.370458496093750000e+03
9.797521484375000000e+03
5.817945312500000000e+03
4.056408935546875000e+03
3.781460937500000000e+03
4.698606445312500000e+03
4.998361816406250000e+03
8.608613281250000000e+03
5.558542968750000000e+03
6.571569335937500000e+03
6.553102539062500000e+03
7.873728515625000000e+03
5.996892578125000000e+03
8.415401367187500000e+03
9.772834960937500000e+03
5.548582031250000000e+03
3.483786376953125000e+03
5.726953125000000000e+03
4.407958496093750000e+03
7.187938476562500000e+03
1.021658789062500000e+04
1.139200976562500000e+04
1.066548437500000000e+04
1.066234570312500000e+04
5.846640625000000000e+03
8.919800781250000000e+03
7.694555664062500000e+03
1.147311035156250000e+04
7.904197753906250000e+03
1.024988281250000000e+04
7.848202148437500000e+03
4.637489257812500000e+03
5.894911132812500000e+03
6.728501953125000000e+03
7.406343261718750000e+03
5.471558593750000000e+03
7.333193359375000000e+03
8.119749511718750000e+03
6.878625976562500000e+03
5.974987304687500000e+03
6.636533203125000000e+03
8.514527343750000000e+03
1.191542089843750000e+04
1.058536132812500000e+04
6.727321777343750000e+03
6.909668945312500000e+03
8.478624023437500000e+03
6.743345703125000000e+03
6.345324707031250000e+03
5.166322265625000000e+03
5.188128417968750000e+03
6.616985351562500000e+03
5.782477050781250000e+03
4.346734375000000000e+03
5.957491699218750000e+03
6.555612304687500000e+03
6.426029785156250000e+03
6.660151367187500000e+03
7.207049316406250000e+03
4.783743164062500000e+03
4.556907714843750000e+03
5.260279296875000000e+03
5.039393554687500000e+03
7.267752929687500000e+03
7.367123046875000000e+03
6.080165527343750000e+03
5.874359375000000000e+03
6.498454589843750000e+03
5.566677246093750000e+03
4.543852539062500000e+03
4.414270507812500000e+03
5.800063476562500000e+03
4.999976074218750000e+03
4.166281738281250000e+03
4.663000000000000000e+03
3.737631835937500000e+03
4.658899414062500000e+03
4.965827148437500000e+03
3.874276855468750000e+03
3.558272705078125000e+03
5.040724609375000000e+03
3.867958007812500000e+03
3.589267822265625000e+03
4.224977050781250000e+03
4.744481933593750000e+03
4.673029296875000000e+03
4.503489746093750000e+03
4.299740722656250000e+03
3.879371826171875000e+03
6.261309570312500000e+03
4.128172363281250000e+03
4.309769042968750000e+03
5.453555175781250000e+03
4.851113281250000000e+03
4.487025878906250000e+03
4.574548828125000000e+03
3.284527343750000000e+03
2.966924072265625000e+03
3.322404785156250000e+03
3.573978515625000000e+03
5.836350585937500000e+03
4.933581054687500000e+03
5.343461425781250000e+03
3.838305419921875000e+03
5.715541015625000000e+03
5.002908691406250000e+03
4.826216308593750000e+03
4.454663574218750000e+03
5.942279785156250000e+03
6.975328125000000000e+03
5.136552734375000000e+03
6.277709472656250000e+03
7.439788574218750000e+03
5.790279785156250000e+03
5.464018554687500000e+03
4.893556640625000000e+03
4.722544921875000000e+03
4.839174316406250000e+03
5.843912597656250000e+03
4.603385253906250000e+03
4.431574218750000000e+03
6.440349121093750000e+03
4.182234375000000000e+03
5.559967773437500000e+03
3.824220214843750000e+03
4.454811523437500000e+03
5.473701171875000000e+03
5.358696289062500000e+03
6.465901855468750000e+03
5.662492187500000000e+03
5.958799804687500000e+03
6.085302734375000000e+03
7.881328613281250000e+03
8.412748046875000000e+03
5.789793945312500000e+03
6.222759277343750000e+03
5.779947265625000000e+03
5.513093750000000000e+03
4.943512695312500000e+03
5.114562011718750000e+03
5.973692871093750000e+03
5.104743652343750000e+03
4.656458984375000000e+03
4.959601074218750000e+03
5.159429687500000000e+03
5.097416992187500000e+03
5.742511718750000000e+03
5.177683593750000000e+03
6.517000488281250000e+03
6.056189453125000000e+03
3.802747802734375000e+03
3.731770019531250000e+03
3.219861328125000000e+03
6.015678710937500000e+03
6.387151855468750000e+03
6.880541015625000000e+03
3.676571044921875000e+03
4.846191894531250000e+03
4.932020996093750000e+03
5.855489257812500000e+03
4.398333496093750000e+03
7.041218261718750000e+03
1.031342968750000000e+04
5.408275390625000000e+03
7.200112792968750000e+03
5.654220703125000000e+03
4.746179687500000000e+03
8.391935546875000000e+03
5.284742187500000000e+03
4.662754882812500000e+03
4.840173828125000000e+03
5.671880371093750000e+03
5.834721679687500000e+03
7.726162109375000000e+03
8.061781738281250000e+03
5.855597656250000000e+03
5.776397460937500000e+03
5.937183593750000000e+03
6.507964843750000000e+03
7.977187500000000000e+03
6.689420410156250000e+03
1.080224121093750000e+04
4.363779296875000000e+03
3.521562255859375000e+03
2.841754150390625000e+03
4.409689941406250000e+03
4.712002441406250000e+03
6.234222656250000000e+03
6.699082031250000000e+03
4.885250000000000000e+03
5.163564941406250000e+03
4.462753906250000000e+03
5.269289062500000000e+03
4.770063476562500000e+03
5.208616210937500000e+03
5.252941894531250000e+03
3.925666503906250000e+03
4.105218261718750000e+03
4.726409179687500000e+03
5.594290039062500000e+03
4.052731933593750000e+03
5.417524902343750000e+03
5.259260742187500000e+03
5.375771972656250000e+03
3.834696533203125000e+03
3.531480468750000000e+03
4.485856445312500000e+03
4.804372070312500000e+03
3.586722900390625000e+03
3.750101806640625000e+03
3.820590332031250000e+03
5.472460449218750000e+03
6.327964843750000000e+03
4.295971679687500000e+03
5.646131835937500000e+03
4.612786132812500000e+03
5.537564453125000000e+03
3.800889160156250000e+03
4.221180175781250000e+03
3.433211181640625000e+03
3.433034667968750000e+03
4.425895019531250000e+03
4.370580078125000000e+03
5.460867187500000000e+03
3.705684570312500000e+03
4.523460937500000000e+03
5.045402343750000000e+03
5.698570312500000000e+03
5.028013671875000000e+03
6.090953125000000000e+03
3.624593261718750000e+03
3.329971679687500000e+03
4.449806640625000000e+03
3.671997802734375000e+03
4.850990722656250000e+03
4.778202148437500000e+03
3.558352783203125000e+03
3.740955078125000000e+03
3.676813476562500000e+03
3.891307617187500000e+03
4.927255859375000000e+03
4.093817871093750000e+03
3.846520751953125000e+03
3.449360351562500000e+03
3.361649902343750000e+03
3.203528808593750000e+03
4.279390136718750000e+03
3.217221679687500000e+03
3.105907714843750000e+03
5.009682128906250000e+03
3.571439941406250000e+03
5.108456542968750000e+03
7.860060058593750000e+03
4.452125976562500000e+03
6.945031738281250000e+03
4.288710449218750000e+03
5.145090332031250000e+03
3.650075439453125000e+03
3.715266113281250000e+03
4.365822265625000000e+03
3.546876953125000000e+03
4.353591308593750000e+03
2.891275390625000000e+03
4.111396484375000000e+03
5.089954589843750000e+03
3.434600830078125000e+03
3.767586181640625000e+03
3.991572998046875000e+03
5.624858398437500000e+03
3.071586669921875000e+03
3.673220703125000000e+03
3.174173339843750000e+03
3.512654785156250000e+03
3.705879394531250000e+03
2.665260986328125000e+03
2.036885742187500000e+03
3.401213378906250000e+03
2.440287597656250000e+03
3.744798339843750000e+03
3.159605468750000000e+03
3.142797363281250000e+03
3.475567138671875000e+03
2.728173583984375000e+03
3.545789794921875000e+03
4.115481445312500000e+03
4.244679687500000000e+03
3.215282470703125000e+03
3.528322021484375000e+03
3.130076171875000000e+03
3.867771728515625000e+03
3.507387207031250000e+03
5.617496582031250000e+03
5.476560546875000000e+03
3.466185302734375000e+03
3.973572753906250000e+03
3.945604980468750000e+03
2.110260986328125000e+03
4.538343750000000000e+03
3.579535644531250000e+03
3.755302490234375000e+03
3.119336425781250000e+03
2.622481689453125000e+03
2.689726562500000000e+03
3.489312500000000000e+03
3.770156005859375000e+03
2.091240966796875000e+03
2.576802734375000000e+03
3.562585449218750000e+03
3.169318359375000000e+03
2.632739257812500000e+03
2.360186523437500000e+03
3.161791748046875000e+03
3.173886718750000000e+03
3.202258789062500000e+03
3.675283691406250000e+03
3.079208496093750000e+03
2.290083496093750000e+03
4.408254882812500000e+03
3.018739257812500000e+03
5.236347656250000000e+03
3.628622070312500000e+03
4.359743652343750000e+03
4.235941406250000000e+03
4.482963378906250000e+03
4.248437500000000000e+03
4.091474609375000000e+03
3.144437500000000000e+03
4.082783691406250000e+03
2.877298339843750000e+03
4.516068847656250000e+03
3.689083496093750000e+03
4.628625488281250000e+03
4.040734130859375000e+03
3.288493164062500000e+03
4.210387695312500000e+03
5.723659179687500000e+03
5.717336914062500000e+03
7.752431640625000000e+03
5.820380859375000000e+03
4.936010742187500000e+03
6.379166503906250000e+03
7.031821289062500000e+03
4.573904296875000000e+03
3.624694824218750000e+03
5.026582031250000000e+03
3.084947265625000000e+03
3.304354003906250000e+03
3.690988769531250000e+03
2.988615722656250000e+03
4.376250976562500000e+03
4.146817871093750000e+03
4.141930664062500000e+03
3.922186523437500000e+03
3.978791992187500000e+03
5.336094238281250000e+03
4.020351806640625000e+03
4.495374023437500000e+03
4.148801269531250000e+03
4.406366210937500000e+03
6.985808593750000000e+03
6.466913574218750000e+03
5.915013671875000000e+03
5.502024902343750000e+03
5.018019531250000000e+03
4.628614257812500000e+03
4.459684570312500000e+03
5.136310546875000000e+03
3.548246826171875000e+03
3.532280761718750000e+03
3.995878417968750000e+03
5.719574707031250000e+03
3.206360839843750000e+03
3.437714843750000000e+03
3.327070312500000000e+03
2.704240234375000000e+03
3.149500244140625000e+03
3.748570800781250000e+03
3.572744628906250000e+03
4.925997070312500000e+03
4.603609863281250000e+03
6.148943359375000000e+03
4.526874511718750000e+03
3.238240478515625000e+03
3.759423583984375000e+03
2.679020507812500000e+03
2.918080810546875000e+03
2.540188232421875000e+03
2.352256835937500000e+03
3.212355224609375000e+03
2.878684082031250000e+03
3.088364501953125000e+03
2.509059082031250000e+03
3.469699462890625000e+03
3.067549804687500000e+03
3.405587890625000000e+03
3.071664062500000000e+03
2.968673095703125000e+03
3.124815673828125000e+03
3.255738525390625000e+03
2.801498046875000000e+03
2.650536865234375000e+03
3.824909667968750000e+03
3.991120361328125000e+03
3.806830322265625000e+03
3.783143554687500000e+03
3.683094726562500000e+03
3.608675292968750000e+03
3.957656250000000000e+03
3.099988769531250000e+03
5.008683105468750000e+03
3.594775146484375000e+03
5.234039550781250000e+03
3.486440917968750000e+03
3.259964843750000000e+03
4.598308105468750000e+03
3.257312255859375000e+03
3.280875976562500000e+03
3.297682617187500000e+03
3.651097900390625000e+03
3.313887207031250000e+03
3.343519531250000000e+03
3.078937255859375000e+03
3.162188720703125000e+03
4.278189941406250000e+03
2.978185791015625000e+03
2.353802246093750000e+03
3.918776123046875000e+03
4.942848632812500000e+03
3.875261230468750000e+03
4.319893554687500000e+03
3.290289062500000000e+03
3.551560546875000000e+03
4.393839355468750000e+03
3.448249511718750000e+03
3.201470458984375000e+03
4.191934570312500000e+03
3.585830322265625000e+03
3.659688232421875000e+03
3.336080566406250000e+03
3.140989013671875000e+03
2.940315185546875000e+03
3.525358642578125000e+03
3.816142578125000000e+03
3.523926757812500000e+03
3.718606689453125000e+03
3.030815917968750000e+03
5.393820312500000000e+03
3.624954589843750000e+03
3.142940917968750000e+03
2.805662841796875000e+03
2.842525878906250000e+03
3.715651367187500000e+03
3.300283691406250000e+03
3.696947265625000000e+03
3.745136962890625000e+03
2.662627685546875000e+03
2.809503906250000000e+03
3.477020019531250000e+03
4.305937500000000000e+03
3.533724609375000000e+03
3.562391113281250000e+03
2.930630615234375000e+03
6.411446289062500000e+03
5.769344726562500000e+03
5.615446777343750000e+03
4.763607421875000000e+03
6.216981445312500000e+03
3.964479003906250000e+03
4.051589599609375000e+03
5.006762695312500000e+03
4.113244628906250000e+03
2.995105468750000000e+03
3.272213378906250000e+03
2.856860595703125000e+03
4.119110839843750000e+03
2.876982910156250000e+03
4.451503906250000000e+03
3.433060791015625000e+03
4.489924316406250000e+03
3.028070068359375000e+03
2.508931152343750000e+03
3.084579833984375000e+03
2.766198730468750000e+03
3.035808593750000000e+03
2.932190673828125000e+03
4.791872558593750000e+03
3.847271240234375000e+03
2.548463867187500000e+03
5.245489746093750000e+03
4.033724609375000000e+03
5.151965820312500000e+03
3.430506591796875000e+03
3.783666259765625000e+03
4.412237792968750000e+03
2.881955322265625000e+03
3.680613525390625000e+03
3.655571289062500000e+03
3.408410644531250000e+03
4.458314941406250000e+03
3.959013183593750000e+03
3.526672363281250000e+03
2.498084228515625000e+03
3.142270507812500000e+03
3.894739501953125000e+03
2.806860595703125000e+03
3.253215332031250000e+03
4.005114013671875000e+03
3.529296630859375000e+03
3.444060058593750000e+03
3.518776855468750000e+03
2.945211669921875000e+03
4.445421386718750000e+03
3.071385986328125000e+03
3.618780761718750000e+03
4.342987304687500000e+03
3.312039062500000000e+03
3.001584472656250000e+03
3.105852539062500000e+03
4.082641845703125000e+03
4.003146484375000000e+03
3.629326416015625000e+03
3.182939941406250000e+03
2.945219238281250000e+03
4.259498046875000000e+03
3.376194824218750000e+03
3.482347656250000000e+03
3.608328857421875000e+03
3.679657226562500000e+03
3.465782958984375000e+03
4.486887207031250000e+03
2.908375000000000000e+03
3.008907714843750000e+03
4.489097167968750000e+03
3.527653320312500000e+03
4.443664062500000000e+03
3.330457275390625000e+03
3.351179931640625000e+03
3.749963867187500000e+03
4.451892578125000000e+03
3.653325927734375000e+03
4.197396484375000000e+03
4.404144531250000000e+03
3.859398193359375000e+03
3.224092041015625000e+03
3.104735351562500000e+03
3.582545898437500000e+03
3.877495605468750000e+03
3.417416503906250000e+03
4.195774902343750000e+03
5.201807617187500000e+03
4.887513671875000000e+03
4.150922363281250000e+03
6.201437500000000000e+03
5.132820312500000000e+03
4.449411621093750000e+03
3.078791259765625000e+03
2.872928222656250000e+03
4.026340332031250000e+03
5.264983398437500000e+03
7.363314453125000000e+03
3.399603759765625000e+03
3.690870849609375000e+03
3.696630859375000000e+03
4.349514648437500000e+03
2.408600097656250000e+03
3.684432617187500000e+03
3.516436035156250000e+03
3.241432128906250000e+03
4.122718750000000000e+03
3.863963867187500000e+03
4.772056152343750000e+03
3.323056396484375000e+03
3.699457519531250000e+03
3.033971435546875000e+03
2.982422851562500000e+03
2.682129394531250000e+03
4.052476318359375000e+03
3.315815917968750000e+03
2.835763916015625000e+03
3.175708007812500000e+03
3.719427246093750000e+03
3.106548095703125000e+03
2.706559814453125000e+03
3.245210937500000000e+03
3.649925292968750000e+03
3.863181884765625000e+03
2.925568115234375000e+03
3.603866699218750000e+03
4.838166015625000000e+03
3.754996337890625000e+03
3.851996093750000000e+03
4.296024902343750000e+03
4.474209472656250000e+03
4.120532226562500000e+03
3.074871093750000000e+03
2.502661621093750000e+03
3.409593994140625000e+03
2.946928466796875000e+03
5.074076171875000000e+03
6.441454101562500000e+03
3.763810546875000000e+03
3.444781738281250000e+03
3.232502441406250000e+03
4.341576660156250000e+03
4.320795410156250000e+03
3.584049560546875000e+03
5.355290527343750000e+03
3.202017578125000000e+03
3.106445800781250000e+03
3.505384033203125000e+03
4.278866699218750000e+03
3.871630371093750000e+03
4.239286132812500000e+03
3.737116210937500000e+03
2.902868164062500000e+03
