2.537240977934710827e+04
1.733304649739104207e+04
2.567180411426164937e+04
2.164384358110827452e+04
1.622942413948566900e+04
1.802102964800925110e+04
1.717139745261183270e+04
1.143081375420266340e+04
2.059360036753502209e+04
1.660417688052331141e+04
9.710716676827834817e+03
1.830622664127668395e+04
2.575854531776565636e+04
1.793527479411690729e+04
1.438368392812164711e+04
2.347284521923638385e+04
1.792504129992396338e+04
2.282511858674876567e+04
2.368884386444786651e+04
1.743424551891769079e+04
1.891685967115160747e+04
2.241146919743565741e+04
2.068747332983598244e+04
1.951114405207738673e+04
2.039954326918175138e+04
1.705401637320442751e+04
2.670500918681591793e+04
2.707577891529740373e+04
1.697969387555723370e+04
2.412773048090868906e+04
1.674089710651091809e+04
2.417275472633429308e+04
3.857599246593528369e+04
1.909870984091133505e+04
2.579917883031924794e+04
2.814176487344316047e+04
2.280468457144504646e+04
2.315258176543335867e+04
2.007175235599455118e+04
2.753090743271795145e+04
-3.133603548656801649e+04
3.129564304064044336e+04
2.375529894891798540e+04
-2.506086655703475844e+04
2.771652124065371390e+04
2.310184260007776538e+04
2.301477973692442902e+04
2.242668986345339363e+04
2.106361730545303362e+04
2.693539206747626304e+04
2.068638513962729121e+04
1.740974107598097908e+04
2.499546421202880083e+04
3.682943603972723940e+04
3.552961084967791248e+04
1.259446790174910893e+04
-1.988313767282910339e+04
2.430014022305675826e+04
1.795747061856461369e+04
2.886109735958950478e+04
