1.284300292968750000e+04
2.109515039062500000e+04
1.551070117187500000e+04
1.425403710937500000e+04
2.181360742187500000e+04
2.088044726562500000e+04
2.104132226562500000e+04
2.440949023437500000e+04
1.811041210937500000e+04
1.983982421875000000e+04
2.233757226562500000e+04
2.490947851562500000e+04
2.568411132812500000e+04
2.798739648437500000e+04
2.186439257812500000e+04
3.075505859375000000e+04
2.940746484375000000e+04
2.714877343750000000e+04
2.986710546875000000e+04
2.788460937500000000e+04
3.452502734375000000e+04
3.352832812500000000e+04
3.275083203125000000e+04
2.918160546875000000e+04
2.820516796875000000e+04
2.790177929687500000e+04
2.821625000000000000e+04
3.169940234375000000e+04
3.444646093750000000e+04
3.122185937500000000e+04
3.392905078125000000e+04
2.988709765625000000e+04
3.659578515625000000e+04
3.285420312500000000e+04
3.381136718750000000e+04
3.522536718750000000e+04
3.156063671875000000e+04
2.698709765625000000e+04
2.928459570312500000e+04
3.273818359375000000e+04
3.561819921875000000e+04
3.179158593750000000e+04
3.635849218750000000e+04
3.048572656250000000e+04
3.239073046875000000e+04
3.377300000000000000e+04
3.228387109375000000e+04
3.644365625000000000e+04
3.803411718750000000e+04
2.895105468750000000e+04
2.757434960937500000e+04
2.913860546875000000e+04
3.591387500000000000e+04
3.585414843750000000e+04
3.166157421875000000e+04
3.297203906250000000e+04
3.320557812500000000e+04
3.308724609375000000e+04
3.220387109375000000e+04
3.242502929687500000e+04
3.537661328125000000e+04
3.434425000000000000e+04
3.820137500000000000e+04
3.393075390625000000e+04
3.325597265625000000e+04
3.580328906250000000e+04
3.858624218750000000e+04
3.542656640625000000e+04
3.296652343750000000e+04
2.856075000000000000e+04
3.185916796875000000e+04
3.506035546875000000e+04
3.628111718750000000e+04
3.134569531250000000e+04
3.646318359375000000e+04
3.789967187500000000e+04
3.276967968750000000e+04
3.570108203125000000e+04
3.363294921875000000e+04
3.369085937500000000e+04
3.886772656250000000e+04
3.732289843750000000e+04
3.390939843750000000e+04
3.289611328125000000e+04
4.061753125000000000e+04
3.616217187500000000e+04
3.531696875000000000e+04
3.750532812500000000e+04
3.716108984375000000e+04
3.163289257812500000e+04
3.600641406250000000e+04
3.368563281250000000e+04
3.610464062500000000e+04
3.268623632812500000e+04
3.881330859375000000e+04
3.986870312500000000e+04
3.730576562500000000e+04
3.745746093750000000e+04
3.564049218750000000e+04
3.466482031250000000e+04
3.817130468750000000e+04
4.111400781250000000e+04
3.763835937500000000e+04
3.469793750000000000e+04
3.732910546875000000e+04
3.786442968750000000e+04
3.709650000000000000e+04
3.857219531250000000e+04
3.940877343750000000e+04
3.744950781250000000e+04
3.621878125000000000e+04
3.690512890625000000e+04
3.836778515625000000e+04
4.073520312500000000e+04
3.453537890625000000e+04
3.584943750000000000e+04
3.916257031250000000e+04
3.738259375000000000e+04
3.735732031250000000e+04
3.592079296875000000e+04
3.709460156250000000e+04
3.710473046875000000e+04
3.956743750000000000e+04
4.217117968750000000e+04
3.743975000000000000e+04
3.921044531250000000e+04
4.242068750000000000e+04
3.998843750000000000e+04
4.056932812500000000e+04
4.023872656250000000e+04
4.135601953125000000e+04
4.490220703125000000e+04
3.786124609375000000e+04
3.725600390625000000e+04
3.820408593750000000e+04
4.119063281250000000e+04
4.104130078125000000e+04
4.066035937500000000e+04
3.469319531250000000e+04
4.369959375000000000e+04
4.728692187500000000e+04
3.659267187500000000e+04
3.900503906250000000e+04
3.813068750000000000e+04
3.692119531250000000e+04
4.089115625000000000e+04
3.838588281250000000e+04
3.839582812500000000e+04
4.178174609375000000e+04
4.372954687500000000e+04
4.216137890625000000e+04
4.191235546875000000e+04
3.934733203125000000e+04
3.973564062500000000e+04
4.325235156250000000e+04
3.709139843750000000e+04
4.400732421875000000e+04
4.301885546875000000e+04
3.944029296875000000e+04
3.793668359375000000e+04
4.245858593750000000e+04
3.935453515625000000e+04
4.283989453125000000e+04
3.929848828125000000e+04
3.973489062500000000e+04
4.247621875000000000e+04
4.169546875000000000e+04
4.245380859375000000e+04
4.815369531250000000e+04
4.382153125000000000e+04
4.375717968750000000e+04
4.669852343750000000e+04
4.100992578125000000e+04
4.398617187500000000e+04
4.004696093750000000e+04
4.167565625000000000e+04
3.948580468750000000e+04
3.687182421875000000e+04
4.035477734375000000e+04
3.433605468750000000e+04
4.607455859375000000e+04
4.380489062500000000e+04
3.874351171875000000e+04
4.132645312500000000e+04
4.075485937500000000e+04
4.403627343750000000e+04
4.814581640625000000e+04
3.989492187500000000e+04
4.080489062500000000e+04
4.404173046875000000e+04
4.210471875000000000e+04
4.388717578125000000e+04
4.207909375000000000e+04
4.754507421875000000e+04
4.451364062500000000e+04
4.464137500000000000e+04
4.286284765625000000e+04
4.619617187500000000e+04
4.645349218750000000e+04
4.400233593750000000e+04
4.268332031250000000e+04
4.434507812500000000e+04
4.562796484375000000e+04
4.551762109375000000e+04
4.514082031250000000e+04
4.526753906250000000e+04
4.987582031250000000e+04
4.255702343750000000e+04
4.608688281250000000e+04
4.447970703125000000e+04
4.155878906250000000e+04
4.335080859375000000e+04
4.796761328125000000e+04
4.192768750000000000e+04
4.773533593750000000e+04
4.482683203125000000e+04
4.353667968750000000e+04
4.598974218750000000e+04
4.648806640625000000e+04
4.101000781250000000e+04
4.574969921875000000e+04
5.009617968750000000e+04
4.699757812500000000e+04
4.604071093750000000e+04
4.845294531250000000e+04
4.371920312500000000e+04
4.543681250000000000e+04
4.498886328125000000e+04
4.755709375000000000e+04
4.394639453125000000e+04
4.980959765625000000e+04
4.978329687500000000e+04
5.491531250000000000e+04
5.106237500000000000e+04
4.710797656250000000e+04
4.367329687500000000e+04
4.730133593750000000e+04
5.007481250000000000e+04
4.561760937500000000e+04
5.077656640625000000e+04
5.335960156250000000e+04
5.032953906250000000e+04
4.453720312500000000e+04
4.608505859375000000e+04
4.565415625000000000e+04
5.194264062500000000e+04
4.640257031250000000e+04
5.247429687500000000e+04
5.273679687500000000e+04
4.769891406250000000e+04
4.901501562500000000e+04
4.336318750000000000e+04
5.031627734375000000e+04
5.099383593750000000e+04
5.378366796875000000e+04
4.917277343750000000e+04
4.476928515625000000e+04
4.310657031250000000e+04
4.807849218750000000e+04
4.672975000000000000e+04
5.100988281250000000e+04
4.366026562500000000e+04
5.042558203125000000e+04
5.162710937500000000e+04
4.903006250000000000e+04
4.764043359375000000e+04
5.069124609375000000e+04
5.087227343750000000e+04
5.174539843750000000e+04
5.236967578125000000e+04
4.473696875000000000e+04
5.271317187500000000e+04
5.128746093750000000e+04
4.206996875000000000e+04
4.788141406250000000e+04
5.119592578125000000e+04
4.933157031250000000e+04
5.393219531250000000e+04
4.683507031250000000e+04
5.373298437500000000e+04
4.467075000000000000e+04
4.806109375000000000e+04
5.275343359375000000e+04
4.937939062500000000e+04
4.874193359375000000e+04
5.222097656250000000e+04
5.083452734375000000e+04
4.778850781250000000e+04
4.486158984375000000e+04
4.815503515625000000e+04
4.668833593750000000e+04
4.321833593750000000e+04
5.208819531250000000e+04
4.563177343750000000e+04
5.103557031250000000e+04
4.407292187500000000e+04
5.114554687500000000e+04
4.904073828125000000e+04
5.153849609375000000e+04
4.457450000000000000e+04
4.763962500000000000e+04
4.848960156250000000e+04
4.751142187500000000e+04
4.568334765625000000e+04
4.362119140625000000e+04
4.523359375000000000e+04
4.765548437500000000e+04
4.871296875000000000e+04
4.739605078125000000e+04
4.726228906250000000e+04
5.041175000000000000e+04
4.318503906250000000e+04
4.882904687500000000e+04
4.823034765625000000e+04
5.151118359375000000e+04
5.135064843750000000e+04
5.024129687500000000e+04
5.451497656250000000e+04
4.831296093750000000e+04
5.342820312500000000e+04
4.255639062500000000e+04
4.355628906250000000e+04
4.237351562500000000e+04
4.739634375000000000e+04
4.587088281250000000e+04
4.675372656250000000e+04
4.757546484375000000e+04
5.119814453125000000e+04
4.545736718750000000e+04
4.571146093750000000e+04
5.030731250000000000e+04
4.940361718750000000e+04
4.728894921875000000e+04
4.697301171875000000e+04
4.735304296875000000e+04
5.116318359375000000e+04
4.856668359375000000e+04
4.841385937500000000e+04
4.846213671875000000e+04
4.864753125000000000e+04
4.585192578125000000e+04
4.939447656250000000e+04
5.339825781250000000e+04
4.578712500000000000e+04
4.495597265625000000e+04
4.496653906250000000e+04
5.050444921875000000e+04
4.802203125000000000e+04
5.014560546875000000e+04
4.980179687500000000e+04
4.482903906250000000e+04
5.194041406250000000e+04
5.252042578125000000e+04
5.056539453125000000e+04
5.059046875000000000e+04
4.977592578125000000e+04
4.848611718750000000e+04
4.835285546875000000e+04
4.992660937500000000e+04
4.791517578125000000e+04
4.700420703125000000e+04
4.435573046875000000e+04
5.068928125000000000e+04
4.960088281250000000e+04
5.465650000000000000e+04
4.985401171875000000e+04
4.818413281250000000e+04
4.938523437500000000e+04
4.650239843750000000e+04
4.603721093750000000e+04
4.943259765625000000e+04
5.103747656250000000e+04
5.178428125000000000e+04
5.141221093750000000e+04
5.094912109375000000e+04
4.695620312500000000e+04
5.088405078125000000e+04
4.851560156250000000e+04
5.332592187500000000e+04
4.899567968750000000e+04
5.045900000000000000e+04
5.231467578125000000e+04
4.912293750000000000e+04
4.664519140625000000e+04
4.749933593750000000e+04
5.393439843750000000e+04
4.333964062500000000e+04
5.322609375000000000e+04
4.792867187500000000e+04
4.866207812500000000e+04
4.888743359375000000e+04
4.889644140625000000e+04
4.636680859375000000e+04
5.356703125000000000e+04
5.264575781250000000e+04
5.369835937500000000e+04
4.980068750000000000e+04
5.089198437500000000e+04
4.654937109375000000e+04
4.886729687500000000e+04
5.258328125000000000e+04
4.542755859375000000e+04
5.165433203125000000e+04
4.931064843750000000e+04
4.822990234375000000e+04
4.608379687500000000e+04
5.287185156250000000e+04
4.916541406250000000e+04
5.471888281250000000e+04
5.058008593750000000e+04
4.872802734375000000e+04
4.647171093750000000e+04
4.414382812500000000e+04
4.971931640625000000e+04
5.204315625000000000e+04
5.378719531250000000e+04
5.298874609375000000e+04
4.661289062500000000e+04
5.327455859375000000e+04
5.045312500000000000e+04
5.070029296875000000e+04
4.573824609375000000e+04
5.020401953125000000e+04
4.696887500000000000e+04
5.270976953125000000e+04
4.783868750000000000e+04
4.848541406250000000e+04
4.799629687500000000e+04
4.741897265625000000e+04
4.931950781250000000e+04
4.918589062500000000e+04
4.746747656250000000e+04
4.859922656250000000e+04
4.565467187500000000e+04
5.393307812500000000e+04
5.001180859375000000e+04
4.790097265625000000e+04
5.289159375000000000e+04
4.907691015625000000e+04
5.532602343750000000e+04
5.163499218750000000e+04
5.429882421875000000e+04
5.553606640625000000e+04
4.934236718750000000e+04
5.178596093750000000e+04
4.777278125000000000e+04
5.413305468750000000e+04
4.733280468750000000e+04
4.653964453125000000e+04
4.926450000000000000e+04
4.764398046875000000e+04
4.754681640625000000e+04
5.471422656250000000e+04
5.220544531250000000e+04
4.584346093750000000e+04
4.789139062500000000e+04
5.057302343750000000e+04
5.008125390625000000e+04
5.057096875000000000e+04
4.832845703125000000e+04
4.788228515625000000e+04
5.343666406250000000e+04
5.213369531250000000e+04
4.800547656250000000e+04
4.765487890625000000e+04
5.157378906250000000e+04
5.010224609375000000e+04
5.479192968750000000e+04
4.834289062500000000e+04
4.989442968750000000e+04
4.859604687500000000e+04
5.084294531250000000e+04
4.674033593750000000e+04
4.739942968750000000e+04
4.393753125000000000e+04
4.843884765625000000e+04
4.062551953125000000e+04
4.907908593750000000e+04
4.664395312500000000e+04
4.473195703125000000e+04
4.788986328125000000e+04
4.340437109375000000e+04
4.824794140625000000e+04
4.591197265625000000e+04
4.854710937500000000e+04
4.464513281250000000e+04
5.278901562500000000e+04
5.187691796875000000e+04
4.890244921875000000e+04
5.157189453125000000e+04
4.600133593750000000e+04
4.789720312500000000e+04
4.704699609375000000e+04
4.916175390625000000e+04
4.746841796875000000e+04
4.484835546875000000e+04
4.225707031250000000e+04
4.994214062500000000e+04
4.955217578125000000e+04
5.387913281250000000e+04
5.100471875000000000e+04
4.847095312500000000e+04
4.873995312500000000e+04
4.023992187500000000e+04
4.397736718750000000e+04
5.156690234375000000e+04
4.805096093750000000e+04
5.066746875000000000e+04
4.547875781250000000e+04
4.767044531250000000e+04
5.191033593750000000e+04
4.620610937500000000e+04
4.841153125000000000e+04
5.353510546875000000e+04
5.065197265625000000e+04
5.010832812500000000e+04
4.896277343750000000e+04
4.756260937500000000e+04
4.674765625000000000e+04
5.117398437500000000e+04
5.003814453125000000e+04
4.577528125000000000e+04
5.270189062500000000e+04
4.622140625000000000e+04
4.462825000000000000e+04
5.735864453125000000e+04
4.368642578125000000e+04
5.365574218750000000e+04
4.903042968750000000e+04
5.147738671875000000e+04
4.285540625000000000e+04
5.108983593750000000e+04
5.280145703125000000e+04
4.910720312500000000e+04
4.622043359375000000e+04
5.226637500000000000e+04
4.668588671875000000e+04
4.894116015625000000e+04
4.663062500000000000e+04
5.100439062500000000e+04
4.958098437500000000e+04
4.330347656250000000e+04
4.488410156250000000e+04
5.372588281250000000e+04
5.427874609375000000e+04
4.990530468750000000e+04
4.934201562500000000e+04
4.893903125000000000e+04
4.576231250000000000e+04
4.876020703125000000e+04
4.641728125000000000e+04
5.210566015625000000e+04
5.304190625000000000e+04
4.401343359375000000e+04
5.396655859375000000e+04
5.136019531250000000e+04
4.702102343750000000e+04
5.081748046875000000e+04
4.801221093750000000e+04
4.927792187500000000e+04
4.864800781250000000e+04
5.588754687500000000e+04
5.272369531250000000e+04
4.776402734375000000e+04
5.076604687500000000e+04
5.414784765625000000e+04
4.448283203125000000e+04
4.814581250000000000e+04
4.855073046875000000e+04
4.449382812500000000e+04
5.020022656250000000e+04
4.911671875000000000e+04
4.813360546875000000e+04
5.228780468750000000e+04
4.484137500000000000e+04
4.743167968750000000e+04
5.241162890625000000e+04
4.874576562500000000e+04
4.749186328125000000e+04
4.962875390625000000e+04
5.342339843750000000e+04
4.748339062500000000e+04
4.915446093750000000e+04
5.032373046875000000e+04
4.709562109375000000e+04
4.563391796875000000e+04
4.694358984375000000e+04
5.128441796875000000e+04
5.213115625000000000e+04
5.192725781250000000e+04
4.780612109375000000e+04
4.797954687500000000e+04
4.835603125000000000e+04
4.506237500000000000e+04
4.626919531250000000e+04
5.088814843750000000e+04
4.869487890625000000e+04
4.439542968750000000e+04
4.543243359375000000e+04
5.573611718750000000e+04
4.881936718750000000e+04
4.607490625000000000e+04
4.645594531250000000e+04
4.880545312500000000e+04
5.365250000000000000e+04
4.822607031250000000e+04
5.430262500000000000e+04
4.811331250000000000e+04
5.153861328125000000e+04
4.498921093750000000e+04
4.986122656250000000e+04
5.238564062500000000e+04
4.804781250000000000e+04
5.335135546875000000e+04
4.825662890625000000e+04
5.280301562500000000e+04
5.262510937500000000e+04
4.682151562500000000e+04
4.589113671875000000e+04
5.277613281250000000e+04
4.719935937500000000e+04
4.775578125000000000e+04
4.966280078125000000e+04
5.017663281250000000e+04
4.479815234375000000e+04
5.698704687500000000e+04
4.853726562500000000e+04
4.890473437500000000e+04
5.340051562500000000e+04
5.678510546875000000e+04
4.809788281250000000e+04
5.160729687500000000e+04
5.143539062500000000e+04
5.270982812500000000e+04
5.135732031250000000e+04
5.346816796875000000e+04
4.730078515625000000e+04
4.673260546875000000e+04
5.309639843750000000e+04
5.287716015625000000e+04
5.375536718750000000e+04
5.130871484375000000e+04
4.835859375000000000e+04
4.865139843750000000e+04
4.414621875000000000e+04
4.814351562500000000e+04
4.926409375000000000e+04
5.108331640625000000e+04
5.286676562500000000e+04
5.258901562500000000e+04
5.291021484375000000e+04
5.152930468750000000e+04
4.503292187500000000e+04
5.559114453125000000e+04
4.514483593750000000e+04
5.126025000000000000e+04
4.414082812500000000e+04
4.395427734375000000e+04
4.722509375000000000e+04
4.738332031250000000e+04
5.080860156250000000e+04
4.622010937500000000e+04
5.169219140625000000e+04
4.598902734375000000e+04
5.226445312500000000e+04
4.537666406250000000e+04
4.918426562500000000e+04
5.391223437500000000e+04
4.369526953125000000e+04
5.957775000000000000e+04
5.304181640625000000e+04
5.190922656250000000e+04
4.891982812500000000e+04
5.470494921875000000e+04
5.141168359375000000e+04
5.112319531250000000e+04
4.945798437500000000e+04
4.751853125000000000e+04
4.810401562500000000e+04
5.109318750000000000e+04
4.996750781250000000e+04
5.288253125000000000e+04
5.002446875000000000e+04
5.057090234375000000e+04
5.044780078125000000e+04
5.288016015625000000e+04
5.548774218750000000e+04
5.637983593750000000e+04
5.537574609375000000e+04
4.770204296875000000e+04
5.497132812500000000e+04
4.717934375000000000e+04
5.149137500000000000e+04
4.797159375000000000e+04
5.509965625000000000e+04
5.631858593750000000e+04
4.999047656250000000e+04
5.010386328125000000e+04
5.173668359375000000e+04
5.309815625000000000e+04
5.013458984375000000e+04
5.150632031250000000e+04
4.832017968750000000e+04
4.805228125000000000e+04
5.124415625000000000e+04
4.782446484375000000e+04
4.401660156250000000e+04
5.391251562500000000e+04
4.704200781250000000e+04
5.140086718750000000e+04
4.899907421875000000e+04
5.321225781250000000e+04
5.613650781250000000e+04
4.440279296875000000e+04
4.971123046875000000e+04
5.636865625000000000e+04
5.093416015625000000e+04
5.098184375000000000e+04
5.856700000000000000e+04
4.894255468750000000e+04
4.760987500000000000e+04
5.259123828125000000e+04
4.445643750000000000e+04
4.524001953125000000e+04
4.923032031250000000e+04
5.582976562500000000e+04
4.988376171875000000e+04
5.439824218750000000e+04
5.108982812500000000e+04
4.912932031250000000e+04
5.318649218750000000e+04
5.324092578125000000e+04
4.853096875000000000e+04
5.533082031250000000e+04
5.139361328125000000e+04
5.658492968750000000e+04
5.692931640625000000e+04
5.530347656250000000e+04
4.994066796875000000e+04
5.033360937500000000e+04
5.308261328125000000e+04
5.804038281250000000e+04
5.273650390625000000e+04
5.335965625000000000e+04
4.857989843750000000e+04
4.958503906250000000e+04
4.939777734375000000e+04
4.924474218750000000e+04
5.637601953125000000e+04
5.267279296875000000e+04
5.232310937500000000e+04
5.364650000000000000e+04
5.108473046875000000e+04
5.377248437500000000e+04
5.240566406250000000e+04
5.367650000000000000e+04
5.173656640625000000e+04
5.368313281250000000e+04
5.453417187500000000e+04
5.570566406250000000e+04
5.064772656250000000e+04
5.393339843750000000e+04
5.186880468750000000e+04
4.952918359375000000e+04
5.175153515625000000e+04
5.322781640625000000e+04
5.015760156250000000e+04
5.181331250000000000e+04
5.813889062500000000e+04
5.275650781250000000e+04
5.559109765625000000e+04
4.837453125000000000e+04
5.195798046875000000e+04
5.802343750000000000e+04
5.459607812500000000e+04
5.190681250000000000e+04
5.153832421875000000e+04
5.632985546875000000e+04
5.258663671875000000e+04
4.672495312500000000e+04
5.604082031250000000e+04
5.763210546875000000e+04
5.012010156250000000e+04
5.336719531250000000e+04
4.878586718750000000e+04
5.179950000000000000e+04
5.160947656250000000e+04
5.066701171875000000e+04
5.753986328125000000e+04
5.283717187500000000e+04
5.533432812500000000e+04
5.481700781250000000e+04
5.474117968750000000e+04
5.306397656250000000e+04
4.945469140625000000e+04
5.229587890625000000e+04
5.840386328125000000e+04
5.813676562500000000e+04
5.159764062500000000e+04
5.586652734375000000e+04
5.747285937500000000e+04
5.540138281250000000e+04
5.459785546875000000e+04
5.926812109375000000e+04
5.231375781250000000e+04
4.844873828125000000e+04
5.438887109375000000e+04
5.324361718750000000e+04
5.049162500000000000e+04
5.259933593750000000e+04
5.054159375000000000e+04
5.895968359375000000e+04
5.090702734375000000e+04
5.280592187500000000e+04
5.031293750000000000e+04
5.891885156250000000e+04
5.471741406250000000e+04
5.254337500000000000e+04
5.436236328125000000e+04
5.647626171875000000e+04
5.414560546875000000e+04
4.878944921875000000e+04
4.644912500000000000e+04
4.881533593750000000e+04
5.359785546875000000e+04
5.351346093750000000e+04
5.261016796875000000e+04
5.128675390625000000e+04
5.469605468750000000e+04
5.086318359375000000e+04
5.855551171875000000e+04
4.527896093750000000e+04
5.358578906250000000e+04
4.936907421875000000e+04
5.467677734375000000e+04
5.575510937500000000e+04
5.218658593750000000e+04
5.485583593750000000e+04
5.532373046875000000e+04
5.138491015625000000e+04
5.454216015625000000e+04
4.991780468750000000e+04
5.411644140625000000e+04
5.888439062500000000e+04
5.665564453125000000e+04
5.134101953125000000e+04
4.790657812500000000e+04
5.154821875000000000e+04
5.435376171875000000e+04
5.370181250000000000e+04
5.175891796875000000e+04
5.329244140625000000e+04
5.174364453125000000e+04
5.101978906250000000e+04
5.066009765625000000e+04
5.005892187500000000e+04
5.477277343750000000e+04
5.488307812500000000e+04
5.025040625000000000e+04
5.538732812500000000e+04
5.417517187500000000e+04
5.348142968750000000e+04
5.107214843750000000e+04
5.497841015625000000e+04
5.187346484375000000e+04
5.080195312500000000e+04
5.350711718750000000e+04
5.068724218750000000e+04
5.107954687500000000e+04
5.644387890625000000e+04
5.666044140625000000e+04
5.459549218750000000e+04
6.144885937500000000e+04
5.769423437500000000e+04
5.409359375000000000e+04
5.552062109375000000e+04
5.054166796875000000e+04
5.031065625000000000e+04
5.166104687500000000e+04
5.669192968750000000e+04
5.146349218750000000e+04
5.148448046875000000e+04
5.829810546875000000e+04
5.319751953125000000e+04
4.951583984375000000e+04
5.243814062500000000e+04
5.787164062500000000e+04
5.179822656250000000e+04
5.332551562500000000e+04
5.603728906250000000e+04
5.739448437500000000e+04
5.915565625000000000e+04
4.968549218750000000e+04
5.272653906250000000e+04
5.641575000000000000e+04
5.650462500000000000e+04
5.341658593750000000e+04
5.689924609375000000e+04
5.958235937500000000e+04
5.380617187500000000e+04
5.969983203125000000e+04
5.103919531250000000e+04
5.524201562500000000e+04
4.830688671875000000e+04
5.058048828125000000e+04
5.232717968750000000e+04
5.822584765625000000e+04
6.056788671875000000e+04
5.261014062500000000e+04
5.774208984375000000e+04
5.539385546875000000e+04
5.111656640625000000e+04
5.581923828125000000e+04
5.551407031250000000e+04
5.429611718750000000e+04
5.901266406250000000e+04
5.921791406250000000e+04
5.534812500000000000e+04
5.090105078125000000e+04
5.700455078125000000e+04
6.232328125000000000e+04
5.411052343750000000e+04
5.417492968750000000e+04
5.346618359375000000e+04
5.546019140625000000e+04
5.423862500000000000e+04
6.418719531250000000e+04
5.617371484375000000e+04
5.828277343750000000e+04
5.300979296875000000e+04
5.901325000000000000e+04
5.794237500000000000e+04
5.078339843750000000e+04
5.498103515625000000e+04
5.897945312500000000e+04
6.281897656250000000e+04
5.146487500000000000e+04
5.551481250000000000e+04
6.470635156250000000e+04
5.754096875000000000e+04
5.594510937500000000e+04
5.630119531250000000e+04
5.706394531250000000e+04
5.141911328125000000e+04
6.143440625000000000e+04
5.207003906250000000e+04
5.251796093750000000e+04
5.872585937500000000e+04
6.262456640625000000e+04
6.207991406250000000e+04
6.053498437500000000e+04
5.579862500000000000e+04
5.904488281250000000e+04
5.896670312500000000e+04
5.355190625000000000e+04
6.137778906250000000e+04
6.461155078125000000e+04
5.045498437500000000e+04
5.759903906250000000e+04
5.951552343750000000e+04
5.729032031250000000e+04
5.652019140625000000e+04
5.690072265625000000e+04
5.991331250000000000e+04
6.201230468750000000e+04
5.094567968750000000e+04
5.903414843750000000e+04
5.455621093750000000e+04
5.573241406250000000e+04
6.145529687500000000e+04
5.861638281250000000e+04
5.889861718750000000e+04
5.584987109375000000e+04
5.762963281250000000e+04
5.877335937500000000e+04
5.258623046875000000e+04
5.292039843750000000e+04
5.563220703125000000e+04
5.893058593750000000e+04
5.031880859375000000e+04
5.797687500000000000e+04
5.376276953125000000e+04
5.445863671875000000e+04
5.662935937500000000e+04
5.257553906250000000e+04
6.158110156250000000e+04
6.113620703125000000e+04
6.304212500000000000e+04
5.713194140625000000e+04
6.036896875000000000e+04
6.089716406250000000e+04
5.841730078125000000e+04
5.429357812500000000e+04
5.432664062500000000e+04
5.229720312500000000e+04
5.539508593750000000e+04
5.662529296875000000e+04
6.027514843750000000e+04
5.897801562500000000e+04
5.636142968750000000e+04
5.787189843750000000e+04
5.630721875000000000e+04
5.214551953125000000e+04
5.736579687500000000e+04
5.632038671875000000e+04
5.593817187500000000e+04
5.669560156250000000e+04
5.387960156250000000e+04
5.450647265625000000e+04
5.105466406250000000e+04
5.424060937500000000e+04
5.333715234375000000e+04
5.411355468750000000e+04
5.711931640625000000e+04
5.141282031250000000e+04
5.415080859375000000e+04
5.386604687500000000e+04
5.963022656250000000e+04
5.477832031250000000e+04
5.623868359375000000e+04
6.014569531250000000e+04
5.571299218750000000e+04
5.264329296875000000e+04
5.514608984375000000e+04
5.877940625000000000e+04
5.615785937500000000e+04
5.461607812500000000e+04
5.329164062500000000e+04
5.386925000000000000e+04
5.925789843750000000e+04
5.667039843750000000e+04
5.515749218750000000e+04
5.648317578125000000e+04
5.544941015625000000e+04
5.538794921875000000e+04
5.752299218750000000e+04
5.784729687500000000e+04
5.448883593750000000e+04
6.123325781250000000e+04
6.317341796875000000e+04
6.709765625000000000e+04
5.715422656250000000e+04
5.309966796875000000e+04
5.534642187500000000e+04
5.585150781250000000e+04
5.597108984375000000e+04
5.103216796875000000e+04
5.861021093750000000e+04
5.805827343750000000e+04
5.242031250000000000e+04
6.161939843750000000e+04
6.266138281250000000e+04
6.682221875000000000e+04
5.642228906250000000e+04
5.970287500000000000e+04
5.835050390625000000e+04
6.115988671875000000e+04
5.173820312500000000e+04
5.671642968750000000e+04
5.911805078125000000e+04
5.739820312500000000e+04
5.909030078125000000e+04
5.956269140625000000e+04
5.674185937500000000e+04
5.781905078125000000e+04
5.694722656250000000e+04
5.689090625000000000e+04
5.933703515625000000e+04
5.726310156250000000e+04
5.899370703125000000e+04
6.258724218750000000e+04
5.460696484375000000e+04
5.700191015625000000e+04
5.904682421875000000e+04
6.093691406250000000e+04
6.734323437500000000e+04
5.541689843750000000e+04
5.952057812500000000e+04
6.091707421875000000e+04
5.832373046875000000e+04
5.746164843750000000e+04
5.772810937500000000e+04
5.442538281250000000e+04
5.827698437500000000e+04
5.677971875000000000e+04
5.471904296875000000e+04
6.105414843750000000e+04
5.747778906250000000e+04
5.603128125000000000e+04
5.685730468750000000e+04
6.315435156250000000e+04
5.600182031250000000e+04
5.709062890625000000e+04
6.004032031250000000e+04
5.521269531250000000e+04
6.095884765625000000e+04
6.252888671875000000e+04
5.835087500000000000e+04
5.830967968750000000e+04
5.512796093750000000e+04
5.843225390625000000e+04
5.928912500000000000e+04
5.365532031250000000e+04
5.604742578125000000e+04
5.822829296875000000e+04
5.574856640625000000e+04
5.710913281250000000e+04
5.534621093750000000e+04
5.863238281250000000e+04
5.383285937500000000e+04
5.645079687500000000e+04
5.688430078125000000e+04
6.296226171875000000e+04
5.728493359375000000e+04
6.137502734375000000e+04
6.142817968750000000e+04
6.251333984375000000e+04
5.914247265625000000e+04
6.439784765625000000e+04
6.056775390625000000e+04
5.693869921875000000e+04
5.565010156250000000e+04
6.583336718750000000e+04
6.565932812500000000e+04
5.652750390625000000e+04
5.975042187500000000e+04
6.150994140625000000e+04
6.432661718750000000e+04
6.671305468750000000e+04
5.983052343750000000e+04
7.285018750000000000e+04
6.826661718750000000e+04
6.842000000000000000e+04
6.746314843750000000e+04
7.088971875000000000e+04
7.340082812500000000e+04
7.512230468750000000e+04
7.977977343750000000e+04
8.471876562500000000e+04
8.611241406250000000e+04
7.736483593750000000e+04
7.660724218750000000e+04
8.467173437500000000e+04
8.922707812500000000e+04
9.069932031250000000e+04
9.003702343750000000e+04
8.850196875000000000e+04
9.381066406250000000e+04
9.089492968750000000e+04
9.651669531250000000e+04
1.012707187500000000e+05
1.051685156250000000e+05
1.082225390625000000e+05
1.044046718750000000e+05
1.054393906250000000e+05
1.155101640625000000e+05
1.080924687500000000e+05
1.128895078125000000e+05
1.127260859375000000e+05
1.230573906250000000e+05
1.289068281250000000e+05
1.234850078125000000e+05
1.225906250000000000e+05
1.324909687500000000e+05
1.375579062500000000e+05
1.311549375000000000e+05
1.418310937500000000e+05
1.395788125000000000e+05
1.496735781250000000e+05
1.370482812500000000e+05
1.475512500000000000e+05
1.525554062500000000e+05
1.572765156250000000e+05
1.563617812500000000e+05
1.581904375000000000e+05
1.539688750000000000e+05
1.585779687500000000e+05
1.641918125000000000e+05
1.550491562500000000e+05
1.721861875000000000e+05
1.634484218750000000e+05
1.630646093750000000e+05
1.679784531250000000e+05
1.783125937500000000e+05
1.738648437500000000e+05
1.878458750000000000e+05
1.760596562500000000e+05
1.778410625000000000e+05
1.812944375000000000e+05
1.751003125000000000e+05
1.678493437500000000e+05
1.736398750000000000e+05
1.835100000000000000e+05
2.003386562500000000e+05
2.001276875000000000e+05
1.916157031250000000e+05
1.929471875000000000e+05
2.081105937500000000e+05
1.878503437500000000e+05
1.980387812500000000e+05
2.059221562500000000e+05
2.114360781250000000e+05
2.011279843750000000e+05
2.144924062500000000e+05
2.250683750000000000e+05
2.094096875000000000e+05
2.110571562500000000e+05
1.934240781250000000e+05
2.140928125000000000e+05
2.241045000000000000e+05
2.012305312500000000e+05
2.138211250000000000e+05
2.134946875000000000e+05
1.956691875000000000e+05
2.061004687500000000e+05
2.139470937500000000e+05
2.161227656250000000e+05
2.203522187500000000e+05
2.204765781250000000e+05
2.081168125000000000e+05
2.080486093750000000e+05
2.027241718750000000e+05
2.116577187500000000e+05
1.888853593750000000e+05
1.950709375000000000e+05
2.078459687500000000e+05
1.831231875000000000e+05
1.974931250000000000e+05
1.953068437500000000e+05
2.113009687500000000e+05
1.915106718750000000e+05
1.967912968750000000e+05
1.849761875000000000e+05
1.997427500000000000e+05
1.936388125000000000e+05
1.916881875000000000e+05
1.870797812500000000e+05
2.033995937500000000e+05
2.038215312500000000e+05
1.852407187500000000e+05
2.033633125000000000e+05
2.176974687500000000e+05
2.030190000000000000e+05
2.117686250000000000e+05
2.141083906250000000e+05
2.214716875000000000e+05
2.175826875000000000e+05
2.365228125000000000e+05
2.087067500000000000e+05
2.221314062500000000e+05
2.116519531250000000e+05
2.202491250000000000e+05
2.268385625000000000e+05
2.508422968750000000e+05
2.471213125000000000e+05
2.427471250000000000e+05
2.218898750000000000e+05
2.475113281250000000e+05
2.592724687500000000e+05
2.544197343750000000e+05
2.893360937500000000e+05
2.721064062500000000e+05
2.773021250000000000e+05
3.024570625000000000e+05
3.428205625000000000e+05
3.145875312500000000e+05
3.136091250000000000e+05
3.417791875000000000e+05
3.623601562500000000e+05
3.604666250000000000e+05
3.826125000000000000e+05
3.745627812500000000e+05
4.019684062500000000e+05
4.461156250000000000e+05
4.456982812500000000e+05
4.322848125000000000e+05
4.652921250000000000e+05
4.845765625000000000e+05
5.156160000000000000e+05
5.174855000000000000e+05
5.309062500000000000e+05
4.657835000000000000e+05
4.891494687500000000e+05
5.368643125000000000e+05
6.045452500000000000e+05
5.685944375000000000e+05
5.983881250000000000e+05
6.158183125000000000e+05
6.195803750000000000e+05
6.012525000000000000e+05
6.272180000000000000e+05
5.564537500000000000e+05
6.200158750000000000e+05
5.829958750000000000e+05
6.007833750000000000e+05
6.061827500000000000e+05
6.346006875000000000e+05
6.184147500000000000e+05
5.588075000000000000e+05
6.030083750000000000e+05
5.476334375000000000e+05
6.036505000000000000e+05
6.144738125000000000e+05
5.663260000000000000e+05
6.000988125000000000e+05
5.437343750000000000e+05
5.478561250000000000e+05
5.473796875000000000e+05
5.145490000000000000e+05
5.097513125000000000e+05
4.703961875000000000e+05
4.698048125000000000e+05
4.536950000000000000e+05
4.646190937500000000e+05
5.226357812500000000e+05
4.507518750000000000e+05
4.763095312500000000e+05
4.547608750000000000e+05
4.978342812500000000e+05
5.081717187500000000e+05
5.640208750000000000e+05
4.675925937500000000e+05
5.808031250000000000e+05
4.805752500000000000e+05
5.051040937500000000e+05
4.780154375000000000e+05
5.709417500000000000e+05
5.028975000000000000e+05
5.210936562500000000e+05
5.681579375000000000e+05
4.779348750000000000e+05
4.899411875000000000e+05
5.553516250000000000e+05
5.007307812500000000e+05
4.879377187500000000e+05
4.870486875000000000e+05
4.665278750000000000e+05
5.583101250000000000e+05
5.592226250000000000e+05
4.692175000000000000e+05
6.397498125000000000e+05
5.021923750000000000e+05
4.744777500000000000e+05
5.041605000000000000e+05
6.119528125000000000e+05
4.740355000000000000e+05
5.674119375000000000e+05
5.886711875000000000e+05
5.758123750000000000e+05
5.860503125000000000e+05
5.972770625000000000e+05
6.050975000000000000e+05
5.907399375000000000e+05
6.267326250000000000e+05
6.474775000000000000e+05
6.780365625000000000e+05
6.441136875000000000e+05
6.772286250000000000e+05
6.103056875000000000e+05
7.485338750000000000e+05
7.093227500000000000e+05
7.134751250000000000e+05
7.764063750000000000e+05
8.001132500000000000e+05
8.269590000000000000e+05
9.449628750000000000e+05
9.296253750000000000e+05
9.949397500000000000e+05
9.878273750000000000e+05
9.682536875000000000e+05
9.489228750000000000e+05
1.033745000000000000e+06
9.981921875000000000e+05
1.038734937500000000e+06
9.921218750000000000e+05
1.137128750000000000e+06
1.089077750000000000e+06
1.054328750000000000e+06
9.621571250000000000e+05
1.023207875000000000e+06
1.135330500000000000e+06
1.149730750000000000e+06
1.110382250000000000e+06
1.176357500000000000e+06
1.318000875000000000e+06
1.329134500000000000e+06
1.306983000000000000e+06
1.340392000000000000e+06
1.184800750000000000e+06
1.273441625000000000e+06
1.437943875000000000e+06
1.536114000000000000e+06
1.362541750000000000e+06
1.410031500000000000e+06
1.362514750000000000e+06
1.306956500000000000e+06
1.284516250000000000e+06
1.479783875000000000e+06
1.344659250000000000e+06
1.621068625000000000e+06
1.372756125000000000e+06
1.414916875000000000e+06
1.443529750000000000e+06
1.528974250000000000e+06
1.444924500000000000e+06
1.437387875000000000e+06
1.487022250000000000e+06
1.761768250000000000e+06
1.538887250000000000e+06
1.418752500000000000e+06
1.248091250000000000e+06
1.575396875000000000e+06
1.356383500000000000e+06
1.536913000000000000e+06
1.293171000000000000e+06
1.192536000000000000e+06
1.301112500000000000e+06
1.175963625000000000e+06
1.119490250000000000e+06
1.159600750000000000e+06
1.166647250000000000e+06
9.918473750000000000e+05
1.029797375000000000e+06
1.259914500000000000e+06
1.198507875000000000e+06
1.044662187500000000e+06
1.238632750000000000e+06
1.202184875000000000e+06
1.318105500000000000e+06
1.329272625000000000e+06
1.218391625000000000e+06
1.255918125000000000e+06
1.306206625000000000e+06
1.202474000000000000e+06
1.296391375000000000e+06
1.325667750000000000e+06
1.141929125000000000e+06
1.352774875000000000e+06
1.265268375000000000e+06
1.326092250000000000e+06
1.295075125000000000e+06
1.487490375000000000e+06
1.231135750000000000e+06
1.365497000000000000e+06
1.232208500000000000e+06
1.568199875000000000e+06
1.402630500000000000e+06
1.226979500000000000e+06
1.367101750000000000e+06
1.414450250000000000e+06
1.451347000000000000e+06
1.597124375000000000e+06
1.483341375000000000e+06
1.469757125000000000e+06
1.409553500000000000e+06
1.511485250000000000e+06
1.334056625000000000e+06
1.332743750000000000e+06
1.239651000000000000e+06
1.405268000000000000e+06
1.429548625000000000e+06
1.504326250000000000e+06
1.221016250000000000e+06
1.560910375000000000e+06
1.214821250000000000e+06
1.271028750000000000e+06
1.146572750000000000e+06
1.227288625000000000e+06
1.161755125000000000e+06
1.098936875000000000e+06
1.170899750000000000e+06
1.310407875000000000e+06
1.229990750000000000e+06
1.309973125000000000e+06
1.404058625000000000e+06
1.287937500000000000e+06
1.364088500000000000e+06
1.280377875000000000e+06
1.377906000000000000e+06
1.238347250000000000e+06
1.245258500000000000e+06
1.427651250000000000e+06
1.376355375000000000e+06
1.566036750000000000e+06
1.399609750000000000e+06
1.199891375000000000e+06
1.377692750000000000e+06
1.373828250000000000e+06
1.456466000000000000e+06
1.337981750000000000e+06
1.357491375000000000e+06
1.384346125000000000e+06
1.284846750000000000e+06
1.298246500000000000e+06
1.351798125000000000e+06
1.454413375000000000e+06
1.164253125000000000e+06
1.406753000000000000e+06
1.478025000000000000e+06
1.286344375000000000e+06
1.364678500000000000e+06
1.338473625000000000e+06
1.285443125000000000e+06
1.364485750000000000e+06
1.324678000000000000e+06
1.205258375000000000e+06
1.277736250000000000e+06
1.286706125000000000e+06
1.355964000000000000e+06
1.310320875000000000e+06
1.485033750000000000e+06
1.416468750000000000e+06
1.486321375000000000e+06
1.376082750000000000e+06
1.363822000000000000e+06
1.208593000000000000e+06
1.221124000000000000e+06
1.200697250000000000e+06
1.158796125000000000e+06
1.135143875000000000e+06
1.117291500000000000e+06
1.103719000000000000e+06
1.248479375000000000e+06
1.089343750000000000e+06
1.097338500000000000e+06
1.094148000000000000e+06
1.207047750000000000e+06
1.177796250000000000e+06
1.245681500000000000e+06
1.097766000000000000e+06
1.149605875000000000e+06
1.157725375000000000e+06
1.198395250000000000e+06
1.171189750000000000e+06
1.159048125000000000e+06
1.261908125000000000e+06
1.209928375000000000e+06
1.178048625000000000e+06
1.207052750000000000e+06
1.076976375000000000e+06
1.220913625000000000e+06
1.173157250000000000e+06
1.127458500000000000e+06
1.285174375000000000e+06
1.196605250000000000e+06
1.192181500000000000e+06
1.181928250000000000e+06
1.166641750000000000e+06
1.142001375000000000e+06
1.090134750000000000e+06
1.134440250000000000e+06
1.161614125000000000e+06
1.168993625000000000e+06
1.090753375000000000e+06
1.035934687500000000e+06
1.161192000000000000e+06
1.212970875000000000e+06
1.223511875000000000e+06
1.148965500000000000e+06
1.208917750000000000e+06
1.120328250000000000e+06
1.048693625000000000e+06
1.115169750000000000e+06
1.126345750000000000e+06
1.128660875000000000e+06
1.168756750000000000e+06
1.098367625000000000e+06
1.001525500000000000e+06
1.040548187500000000e+06
1.090429750000000000e+06
9.627880625000000000e+05
9.932846875000000000e+05
9.538101875000000000e+05
9.835101875000000000e+05
9.697227500000000000e+05
1.087118750000000000e+06
1.032781625000000000e+06
1.034348750000000000e+06
1.019529375000000000e+06
1.097346000000000000e+06
1.045761687500000000e+06
9.909946250000000000e+05
1.080072875000000000e+06
1.161807375000000000e+06
1.058797750000000000e+06
1.078063250000000000e+06
9.949646875000000000e+05
1.030647625000000000e+06
8.732727500000000000e+05
9.019585000000000000e+05
9.571736875000000000e+05
8.630069375000000000e+05
9.395050000000000000e+05
9.782938750000000000e+05
1.053769375000000000e+06
1.086260125000000000e+06
1.040230375000000000e+06
1.029667875000000000e+06
1.061799750000000000e+06
1.045730562500000000e+06
1.048815875000000000e+06
9.546660625000000000e+05
1.012693750000000000e+06
8.981890625000000000e+05
1.013062375000000000e+06
1.001454625000000000e+06
1.027246187500000000e+06
1.039101187500000000e+06
1.056583500000000000e+06
1.056773500000000000e+06
1.057919500000000000e+06
1.105022000000000000e+06
1.046503312500000000e+06
1.025301312500000000e+06
9.751553750000000000e+05
9.672716250000000000e+05
9.586532500000000000e+05
9.479796250000000000e+05
1.038939062500000000e+06
1.022275000000000000e+06
9.481904375000000000e+05
9.005888125000000000e+05
1.008571125000000000e+06
9.280125000000000000e+05
9.961564375000000000e+05
9.209843125000000000e+05
9.026723750000000000e+05
9.317038125000000000e+05
9.510562500000000000e+05
8.997101250000000000e+05
9.397945000000000000e+05
8.232534375000000000e+05
9.719862500000000000e+05
9.746884375000000000e+05
9.529851250000000000e+05
8.472650625000000000e+05
8.750536250000000000e+05
8.998468750000000000e+05
8.657084375000000000e+05
7.722541875000000000e+05
8.217568750000000000e+05
7.915364375000000000e+05
6.915045625000000000e+05
7.373133125000000000e+05
7.029110625000000000e+05
6.898293750000000000e+05
6.795868125000000000e+05
6.507546875000000000e+05
6.555114375000000000e+05
6.497733125000000000e+05
7.037801250000000000e+05
6.953172500000000000e+05
7.360873750000000000e+05
7.796645000000000000e+05
7.222822500000000000e+05
8.185077500000000000e+05
8.068186250000000000e+05
8.181730625000000000e+05
7.376192500000000000e+05
7.917815000000000000e+05
8.044198750000000000e+05
7.656182500000000000e+05
7.338323750000000000e+05
8.374580625000000000e+05
8.275242500000000000e+05
8.106085000000000000e+05
7.894580000000000000e+05
8.517340625000000000e+05
7.932501250000000000e+05
7.742015000000000000e+05
8.044136250000000000e+05
7.974853125000000000e+05
7.967877500000000000e+05
8.224088750000000000e+05
7.438560000000000000e+05
7.387225000000000000e+05
7.518835000000000000e+05
7.445568750000000000e+05
7.262865000000000000e+05
6.749708750000000000e+05
6.551490000000000000e+05
6.161455000000000000e+05
6.521114375000000000e+05
6.747833750000000000e+05
6.980111250000000000e+05
6.884023125000000000e+05
6.681676250000000000e+05
6.291726250000000000e+05
6.480813125000000000e+05
6.379114375000000000e+05
6.730252500000000000e+05
6.686686250000000000e+05
6.505968125000000000e+05
6.084146250000000000e+05
6.038527500000000000e+05
5.902773750000000000e+05
6.396698750000000000e+05
6.746526250000000000e+05
6.481518125000000000e+05
6.786816875000000000e+05
6.535130000000000000e+05
6.538717500000000000e+05
6.749725625000000000e+05
6.390331250000000000e+05
6.235757500000000000e+05
6.291749375000000000e+05
6.050398125000000000e+05
6.406501250000000000e+05
6.392175625000000000e+05
6.216993125000000000e+05
6.257068125000000000e+05
6.344801875000000000e+05
6.745488750000000000e+05
6.580511250000000000e+05
6.697695000000000000e+05
6.680588750000000000e+05
6.181116875000000000e+05
6.215099375000000000e+05
6.678076875000000000e+05
6.201402500000000000e+05
6.485475000000000000e+05
6.587923750000000000e+05
6.745059375000000000e+05
6.447578125000000000e+05
6.172737500000000000e+05
6.307176875000000000e+05
6.745214375000000000e+05
6.552883750000000000e+05
6.925489375000000000e+05
7.233156875000000000e+05
6.873895000000000000e+05
6.728802500000000000e+05
6.470540000000000000e+05
6.746157500000000000e+05
6.900415625000000000e+05
6.509193750000000000e+05
6.333655625000000000e+05
6.748525000000000000e+05
6.610161250000000000e+05
6.139541250000000000e+05
6.358323750000000000e+05
6.366751250000000000e+05
6.419577500000000000e+05
6.881507500000000000e+05
7.116729375000000000e+05
7.173458750000000000e+05
6.936052500000000000e+05
6.559897500000000000e+05
6.657071875000000000e+05
6.649936875000000000e+05
6.214710625000000000e+05
6.028207500000000000e+05
5.580428750000000000e+05
6.025140625000000000e+05
5.936140000000000000e+05
6.506131250000000000e+05
6.686006250000000000e+05
6.553746875000000000e+05
6.249488750000000000e+05
6.432391250000000000e+05
5.603723125000000000e+05
5.232274375000000000e+05
4.694371875000000000e+05
4.650005625000000000e+05
4.055169062500000000e+05
3.423734062500000000e+05
3.387194375000000000e+05
3.634971562500000000e+05
3.997071875000000000e+05
4.249006250000000000e+05
4.612969375000000000e+05
5.500494375000000000e+05
5.005706250000000000e+05
5.378778750000000000e+05
5.624958125000000000e+05
5.529856250000000000e+05
5.797853750000000000e+05
5.859222500000000000e+05
5.762596250000000000e+05
6.286223750000000000e+05
6.263113750000000000e+05
6.325163750000000000e+05
6.294611875000000000e+05
6.337098125000000000e+05
6.718269375000000000e+05
6.718453125000000000e+05
6.026311875000000000e+05
6.983295625000000000e+05
6.678802500000000000e+05
6.528119375000000000e+05
7.154105625000000000e+05
6.258700000000000000e+05
6.241694375000000000e+05
6.694355625000000000e+05
6.095683125000000000e+05
6.094995625000000000e+05
5.586843750000000000e+05
5.762142500000000000e+05
5.762906875000000000e+05
6.030141875000000000e+05
5.962730000000000000e+05
5.262563750000000000e+05
5.345827500000000000e+05
5.312584375000000000e+05
5.435066250000000000e+05
5.109836562500000000e+05
5.148278125000000000e+05
4.817952187500000000e+05
4.668124687500000000e+05
4.834092187500000000e+05
4.994633125000000000e+05
4.679431875000000000e+05
4.798363750000000000e+05
4.600781875000000000e+05
4.579244062500000000e+05
4.454275312500000000e+05
4.102696562500000000e+05
3.750742500000000000e+05
3.732972812500000000e+05
3.717374375000000000e+05
3.935086250000000000e+05
3.814694375000000000e+05
3.448857500000000000e+05
3.407952187500000000e+05
3.752548750000000000e+05
3.456223750000000000e+05
3.146936875000000000e+05
3.531664687500000000e+05
3.110353750000000000e+05
3.382419375000000000e+05
2.787659062500000000e+05
3.090706250000000000e+05
3.028808750000000000e+05
3.056813750000000000e+05
3.200762500000000000e+05
3.412400625000000000e+05
3.453955625000000000e+05
3.545846250000000000e+05
3.936603125000000000e+05
3.829287187500000000e+05
4.103007500000000000e+05
3.826991250000000000e+05
3.896086250000000000e+05
3.678884062500000000e+05
3.456224687500000000e+05
3.738748437500000000e+05
3.669639687500000000e+05
3.556475000000000000e+05
3.591877500000000000e+05
3.659400625000000000e+05
3.503001250000000000e+05
3.816178125000000000e+05
3.719944375000000000e+05
3.724315937500000000e+05
3.795670000000000000e+05
3.903122500000000000e+05
3.872313750000000000e+05
4.016893437500000000e+05
4.305111250000000000e+05
4.050444687500000000e+05
4.446850000000000000e+05
3.964327187500000000e+05
4.131878750000000000e+05
4.029091875000000000e+05
4.086766562500000000e+05
4.559205937500000000e+05
4.328694687500000000e+05
4.265418125000000000e+05
4.314423125000000000e+05
4.728376250000000000e+05
4.689784375000000000e+05
4.709942500000000000e+05
4.445657500000000000e+05
4.765350000000000000e+05
4.717935625000000000e+05
4.822135000000000000e+05
4.461046250000000000e+05
5.424911250000000000e+05
4.909014375000000000e+05
5.152337187500000000e+05
5.221254687500000000e+05
5.373457500000000000e+05
5.117934687500000000e+05
5.321227500000000000e+05
4.787845625000000000e+05
5.078097812500000000e+05
5.183469062500000000e+05
5.125806875000000000e+05
5.096883125000000000e+05
5.228068437500000000e+05
5.543533750000000000e+05
5.243355000000000000e+05
5.183644062500000000e+05
5.010012500000000000e+05
5.198257187500000000e+05
5.141084687500000000e+05
5.439526250000000000e+05
4.913160000000000000e+05
5.290248125000000000e+05
4.973174375000000000e+05
5.308608750000000000e+05
5.197338750000000000e+05
5.976945000000000000e+05
5.679215625000000000e+05
5.349516875000000000e+05
6.035616250000000000e+05
5.347594375000000000e+05
5.857463750000000000e+05
5.673035000000000000e+05
6.082171875000000000e+05
5.754460000000000000e+05
5.373041250000000000e+05
5.980355625000000000e+05
5.208526875000000000e+05
5.327496250000000000e+05
4.717347187500000000e+05
5.552048125000000000e+05
5.771811250000000000e+05
5.441031875000000000e+05
5.549790000000000000e+05
5.970608125000000000e+05
5.599043125000000000e+05
5.607554375000000000e+05
5.311198750000000000e+05
5.463408125000000000e+05
5.719443125000000000e+05
5.468628125000000000e+05
5.592790625000000000e+05
5.131545625000000000e+05
6.067405625000000000e+05
5.243997500000000000e+05
5.590643125000000000e+05
5.875733125000000000e+05
5.402626250000000000e+05
5.110888125000000000e+05
5.999543750000000000e+05
5.398163750000000000e+05
5.288660000000000000e+05
5.261867500000000000e+05
5.405655625000000000e+05
4.872662812500000000e+05
5.036534375000000000e+05
4.852598437500000000e+05
5.025366562500000000e+05
4.432947500000000000e+05
4.431171250000000000e+05
5.197326562500000000e+05
4.456557500000000000e+05
4.169822187500000000e+05
4.351085000000000000e+05
4.130287187500000000e+05
4.721313750000000000e+05
3.828489062500000000e+05
3.636778437500000000e+05
3.829223437500000000e+05
3.681576250000000000e+05
3.741550625000000000e+05
3.874490312500000000e+05
3.818259687500000000e+05
3.524760000000000000e+05
3.681737500000000000e+05
3.554661562500000000e+05
3.456696250000000000e+05
3.296988750000000000e+05
3.350729375000000000e+05
3.605945625000000000e+05
3.335771250000000000e+05
3.610833125000000000e+05
3.442936250000000000e+05
3.395249375000000000e+05
3.372692500000000000e+05
3.223664687500000000e+05
3.239390625000000000e+05
3.108170312500000000e+05
3.307855000000000000e+05
3.400851562500000000e+05
3.544410937500000000e+05
3.165870000000000000e+05
3.347084062500000000e+05
3.024524687500000000e+05
3.216894062500000000e+05
3.281035000000000000e+05
2.823320937500000000e+05
2.947052500000000000e+05
3.138651562500000000e+05
3.124786250000000000e+05
3.053164687500000000e+05
3.430057812500000000e+05
3.240612500000000000e+05
2.931449687500000000e+05
3.126256250000000000e+05
3.060936562500000000e+05
3.147283437500000000e+05
3.162817500000000000e+05
3.133654375000000000e+05
3.067195937500000000e+05
3.197535625000000000e+05
3.050587812500000000e+05
2.992216250000000000e+05
3.116699375000000000e+05
2.878698125000000000e+05
2.890770625000000000e+05
2.928334687500000000e+05
2.642225937500000000e+05
3.021596875000000000e+05
2.533907812500000000e+05
2.960221875000000000e+05
2.668813750000000000e+05
2.562327187500000000e+05
2.615111250000000000e+05
2.526734062500000000e+05
2.484866562500000000e+05
2.510371250000000000e+05
2.463152187500000000e+05
2.283929375000000000e+05
2.208400312500000000e+05
2.537223125000000000e+05
2.581667187500000000e+05
2.449724218750000000e+05
2.631783125000000000e+05
2.662249375000000000e+05
2.893473750000000000e+05
2.913505000000000000e+05
2.998752500000000000e+05
3.019730625000000000e+05
3.174574375000000000e+05
3.294362812500000000e+05
3.595162500000000000e+05
3.186680625000000000e+05
3.533208125000000000e+05
3.418768125000000000e+05
3.398262500000000000e+05
3.825738750000000000e+05
3.926937500000000000e+05
4.180586562500000000e+05
4.043106250000000000e+05
3.917114687500000000e+05
3.955685937500000000e+05
4.158532500000000000e+05
3.917403125000000000e+05
4.006308125000000000e+05
3.881076875000000000e+05
4.149316562500000000e+05
4.034751250000000000e+05
4.231822187500000000e+05
4.544548750000000000e+05
4.396847812500000000e+05
4.257516250000000000e+05
4.222168750000000000e+05
4.032149375000000000e+05
4.218038750000000000e+05
4.495475625000000000e+05
4.624946875000000000e+05
4.180321250000000000e+05
4.139443125000000000e+05
4.349693437500000000e+05
3.969096875000000000e+05
4.033484375000000000e+05
4.080125312500000000e+05
4.291463750000000000e+05
3.981044687500000000e+05
4.346548125000000000e+05
4.085139062500000000e+05
4.428694062500000000e+05
4.755994062500000000e+05
4.683208125000000000e+05
4.505729687500000000e+05
4.560696875000000000e+05
4.754169687500000000e+05
4.743002187500000000e+05
5.054465937500000000e+05
4.574621250000000000e+05
5.061641875000000000e+05
4.914030937500000000e+05
4.488470625000000000e+05
5.088449375000000000e+05
4.914045000000000000e+05
4.914045625000000000e+05
4.811459687500000000e+05
4.613343125000000000e+05
4.297798437500000000e+05
4.700913437500000000e+05
4.206848125000000000e+05
4.920665625000000000e+05
4.643361250000000000e+05
4.466434375000000000e+05
4.442981250000000000e+05
4.485264375000000000e+05
4.282044687500000000e+05
4.141585937500000000e+05
4.357088125000000000e+05
4.584290625000000000e+05
4.624529687500000000e+05
4.581983750000000000e+05
4.438908437500000000e+05
4.082793750000000000e+05
4.363388437500000000e+05
4.749287500000000000e+05
4.733321875000000000e+05
4.761320312500000000e+05
5.240915312500000000e+05
4.774447187500000000e+05
5.383541250000000000e+05
4.822814375000000000e+05
4.495410937500000000e+05
4.892285000000000000e+05
4.987846250000000000e+05
4.915695625000000000e+05
4.520635312500000000e+05
4.512038750000000000e+05
5.023116562500000000e+05
4.326111562500000000e+05
4.310723437500000000e+05
5.036399687500000000e+05
4.751577812500000000e+05
4.768857500000000000e+05
5.416276875000000000e+05
4.721582187500000000e+05
5.055716250000000000e+05
4.916376250000000000e+05
4.778031875000000000e+05
4.176180625000000000e+05
4.432233125000000000e+05
4.250520937500000000e+05
4.452212812500000000e+05
4.407800937500000000e+05
4.181751250000000000e+05
3.943288125000000000e+05
3.668597500000000000e+05
3.926758125000000000e+05
4.128101250000000000e+05
3.899197187500000000e+05
3.838280625000000000e+05
3.626935000000000000e+05
3.918230312500000000e+05
3.506491875000000000e+05
3.653007812500000000e+05
3.277231875000000000e+05
3.396413437500000000e+05
3.355791875000000000e+05
3.204791562500000000e+05
3.012646562500000000e+05
3.202545625000000000e+05
3.132480937500000000e+05
3.065979062500000000e+05
3.110842500000000000e+05
3.343181562500000000e+05
3.489502812500000000e+05
3.378150937500000000e+05
3.592856250000000000e+05
3.687556562500000000e+05
3.850695625000000000e+05
3.850337187500000000e+05
3.944111562500000000e+05
4.191701875000000000e+05
4.122757500000000000e+05
4.146561875000000000e+05
4.743522500000000000e+05
4.641452812500000000e+05
4.541784062500000000e+05
4.560355000000000000e+05
4.551435625000000000e+05
4.889775000000000000e+05
5.031282812500000000e+05
4.897399687500000000e+05
5.056220000000000000e+05
5.295150000000000000e+05
4.791716250000000000e+05
4.799698437500000000e+05
5.098135000000000000e+05
4.964401562500000000e+05
4.590382500000000000e+05
4.730005000000000000e+05
5.411378750000000000e+05
4.790572187500000000e+05
5.344533125000000000e+05
5.694413750000000000e+05
6.000151250000000000e+05
5.754881250000000000e+05
5.645110625000000000e+05
5.787275000000000000e+05
6.425226250000000000e+05
5.555861875000000000e+05
6.294014375000000000e+05
6.292350000000000000e+05
6.615285000000000000e+05
6.212643750000000000e+05
6.867247500000000000e+05
6.122821250000000000e+05
6.204579375000000000e+05
6.727228125000000000e+05
6.785779375000000000e+05
5.738721875000000000e+05
5.884202500000000000e+05
5.824982500000000000e+05
5.795833750000000000e+05
5.729415000000000000e+05
5.867840000000000000e+05
5.331301250000000000e+05
5.593140000000000000e+05
5.519779375000000000e+05
4.674498125000000000e+05
5.119006875000000000e+05
4.975103437500000000e+05
4.788393437500000000e+05
4.265320000000000000e+05
4.124521250000000000e+05
4.953570625000000000e+05
3.981668125000000000e+05
3.724373750000000000e+05
3.911133750000000000e+05
3.498692500000000000e+05
3.408683125000000000e+05
3.481119375000000000e+05
3.148060000000000000e+05
2.821361875000000000e+05
2.951500000000000000e+05
2.811500625000000000e+05
2.835064062500000000e+05
2.579487500000000000e+05
2.531926250000000000e+05
2.538201406250000000e+05
2.374968906250000000e+05
2.433580000000000000e+05
2.389918906250000000e+05
2.355928125000000000e+05
2.625566250000000000e+05
2.659380000000000000e+05
2.726176250000000000e+05
2.827297187500000000e+05
2.849144687500000000e+05
3.194103750000000000e+05
3.188377187500000000e+05
3.171944375000000000e+05
3.486602187500000000e+05
3.450958125000000000e+05
3.430630000000000000e+05
3.920966250000000000e+05
3.725235937500000000e+05
3.773889375000000000e+05
3.745774375000000000e+05
3.784429062500000000e+05
3.991122500000000000e+05
3.783245625000000000e+05
3.871908750000000000e+05
3.996319375000000000e+05
4.231548437500000000e+05
4.186528750000000000e+05
3.727594375000000000e+05
3.764691875000000000e+05
3.692186562500000000e+05
3.707100937500000000e+05
3.716002812500000000e+05
3.866113750000000000e+05
3.748857812500000000e+05
3.816184375000000000e+05
3.849468750000000000e+05
3.864579062500000000e+05
3.612357500000000000e+05
3.898496875000000000e+05
3.818593125000000000e+05
4.013868125000000000e+05
4.154514375000000000e+05
3.668490625000000000e+05
3.787860000000000000e+05
3.961115937500000000e+05
3.444979687500000000e+05
3.556801250000000000e+05
3.982845937500000000e+05
3.999798437500000000e+05
3.791470000000000000e+05
3.633771562500000000e+05
3.857711250000000000e+05
3.760726875000000000e+05
3.753268125000000000e+05
4.172762500000000000e+05
4.213622500000000000e+05
3.779741875000000000e+05
4.074708750000000000e+05
3.893160000000000000e+05
3.682709062500000000e+05
4.294695625000000000e+05
3.945732500000000000e+05
4.335556875000000000e+05
4.108336562500000000e+05
4.524987812500000000e+05
4.373985312500000000e+05
4.300243750000000000e+05
4.226121875000000000e+05
4.479549687500000000e+05
4.035728125000000000e+05
3.942728750000000000e+05
4.272633750000000000e+05
4.161951562500000000e+05
4.126670000000000000e+05
4.655395000000000000e+05
4.074889687500000000e+05
4.985796875000000000e+05
4.415803125000000000e+05
4.676619375000000000e+05
4.861506250000000000e+05
4.496705937500000000e+05
4.325081875000000000e+05
4.476159687500000000e+05
4.903108750000000000e+05
4.399135625000000000e+05
4.428904687500000000e+05
4.395938125000000000e+05
4.164982500000000000e+05
4.549194375000000000e+05
4.595298750000000000e+05
4.464248750000000000e+05
4.243984687500000000e+05
4.186744062500000000e+05
4.605267500000000000e+05
4.404235625000000000e+05
4.208453750000000000e+05
4.578159687500000000e+05
4.860590000000000000e+05
4.046972500000000000e+05
4.043665625000000000e+05
3.991944375000000000e+05
4.220994375000000000e+05
4.403016875000000000e+05
4.190668125000000000e+05
3.978990000000000000e+05
4.013374687500000000e+05
4.151366875000000000e+05
4.546075000000000000e+05
3.882642812500000000e+05
4.221359375000000000e+05
4.282567187500000000e+05
4.557530000000000000e+05
4.485935625000000000e+05
4.445180312500000000e+05
4.673267500000000000e+05
4.519712500000000000e+05
4.750281875000000000e+05
5.236377812500000000e+05
5.033205312500000000e+05
4.817314687500000000e+05
5.780428750000000000e+05
5.738125000000000000e+05
5.194187812500000000e+05
5.545420000000000000e+05
5.866752500000000000e+05
5.874528750000000000e+05
6.646860000000000000e+05
6.192236250000000000e+05
6.438606250000000000e+05
6.138859375000000000e+05
6.628338750000000000e+05
6.032758750000000000e+05
5.987396250000000000e+05
5.972386250000000000e+05
6.027067500000000000e+05
6.209853750000000000e+05
5.452273750000000000e+05
5.537845000000000000e+05
5.728866875000000000e+05
5.399211875000000000e+05
4.539596250000000000e+05
3.863323750000000000e+05
4.148183125000000000e+05
4.014723125000000000e+05
3.642384375000000000e+05
3.289590312500000000e+05
3.309264375000000000e+05
3.087392500000000000e+05
2.848711250000000000e+05
2.635426250000000000e+05
2.230426875000000000e+05
2.484675625000000000e+05
2.228608593750000000e+05
2.163364375000000000e+05
1.977786875000000000e+05
2.001655937500000000e+05
1.672547656250000000e+05
1.630974531250000000e+05
1.516668906250000000e+05
1.607189218750000000e+05
1.447538125000000000e+05
1.620719375000000000e+05
1.814075625000000000e+05
1.630324843750000000e+05
2.133335156250000000e+05
1.922846875000000000e+05
2.124668125000000000e+05
2.174838906250000000e+05
2.266949687500000000e+05
2.475485000000000000e+05
2.575308125000000000e+05
2.621014375000000000e+05
2.576294375000000000e+05
2.557843750000000000e+05
2.892849375000000000e+05
2.735765312500000000e+05
2.818138437500000000e+05
2.792058125000000000e+05
2.767723437500000000e+05
2.752741562500000000e+05
2.808560937500000000e+05
3.051509062500000000e+05
3.088624375000000000e+05
3.016822500000000000e+05
2.696452812500000000e+05
2.850135000000000000e+05
3.036675312500000000e+05
3.179805312500000000e+05
3.033719375000000000e+05
2.966887500000000000e+05
2.940753125000000000e+05
2.628043437500000000e+05
3.049515000000000000e+05
2.910659375000000000e+05
3.682049687500000000e+05
2.815830000000000000e+05
2.972691875000000000e+05
2.834751875000000000e+05
2.670918125000000000e+05
2.858420937500000000e+05
2.466891562500000000e+05
2.946814062500000000e+05
2.846612500000000000e+05
2.702714375000000000e+05
2.510539062500000000e+05
3.060278750000000000e+05
2.721654375000000000e+05
2.935085000000000000e+05
2.539583906250000000e+05
2.738132187500000000e+05
2.709647500000000000e+05
2.624932187500000000e+05
2.802093437500000000e+05
2.919543437500000000e+05
2.657884375000000000e+05
3.220004375000000000e+05
3.017669062500000000e+05
2.827031250000000000e+05
2.774810625000000000e+05
2.936670625000000000e+05
3.046778750000000000e+05
2.869548750000000000e+05
3.174581562500000000e+05
3.084047500000000000e+05
2.707754687500000000e+05
3.042636875000000000e+05
2.823029375000000000e+05
3.153496562500000000e+05
2.977674375000000000e+05
2.864989062500000000e+05
3.054820000000000000e+05
3.038795937500000000e+05
3.318184375000000000e+05
3.404959375000000000e+05
3.142099062500000000e+05
3.016724687500000000e+05
3.001341875000000000e+05
2.920664062500000000e+05
3.171204062500000000e+05
2.986725625000000000e+05
3.250456562500000000e+05
2.772918437500000000e+05
3.067970312500000000e+05
3.076298125000000000e+05
2.990205625000000000e+05
2.874552812500000000e+05
3.096885000000000000e+05
3.048544062500000000e+05
3.096037500000000000e+05
3.220247187500000000e+05
3.291428437500000000e+05
3.122525937500000000e+05
2.852870312500000000e+05
2.841222500000000000e+05
2.981583437500000000e+05
3.006146875000000000e+05
3.150895625000000000e+05
3.013845937500000000e+05
3.042781875000000000e+05
3.016877812500000000e+05
2.892433437500000000e+05
2.941463750000000000e+05
2.947036250000000000e+05
3.275152500000000000e+05
3.052933437500000000e+05
2.816535625000000000e+05
2.741848125000000000e+05
3.248329062500000000e+05
3.049749375000000000e+05
2.738764687500000000e+05
2.843305625000000000e+05
2.905004062500000000e+05
2.638514375000000000e+05
2.725648750000000000e+05
2.928697812500000000e+05
3.154020937500000000e+05
2.820732187500000000e+05
2.904784062500000000e+05
2.757887500000000000e+05
3.039216250000000000e+05
2.958465937500000000e+05
2.966395000000000000e+05
2.871860625000000000e+05
3.128336250000000000e+05
2.880810625000000000e+05
2.838083125000000000e+05
3.121915937500000000e+05
3.205885625000000000e+05
2.810444062500000000e+05
3.180807500000000000e+05
3.094405937500000000e+05
3.043402500000000000e+05
3.233171562500000000e+05
3.346344687500000000e+05
3.630926250000000000e+05
3.598165000000000000e+05
3.569812500000000000e+05
3.672455312500000000e+05
3.506127187500000000e+05
3.866359687500000000e+05
3.627368750000000000e+05
3.896409375000000000e+05
3.471742812500000000e+05
3.876437500000000000e+05
3.832806875000000000e+05
3.978320312500000000e+05
3.923470312500000000e+05
3.985711875000000000e+05
4.120599375000000000e+05
4.320005625000000000e+05
3.938852187500000000e+05
4.226231562500000000e+05
4.047837500000000000e+05
4.414058750000000000e+05
4.166347812500000000e+05
4.103514062500000000e+05
4.176568125000000000e+05
4.294148437500000000e+05
4.105596875000000000e+05
4.225525937500000000e+05
4.199432812500000000e+05
4.324688750000000000e+05
4.035509062500000000e+05
4.476628750000000000e+05
4.511497812500000000e+05
4.377124062500000000e+05
4.674758750000000000e+05
4.790383125000000000e+05
4.339563750000000000e+05
4.617451250000000000e+05
4.990630312500000000e+05
4.909732187500000000e+05
5.293675000000000000e+05
4.390040000000000000e+05
4.400804062500000000e+05
4.711717500000000000e+05
4.314121562500000000e+05
4.463000937500000000e+05
4.668578750000000000e+05
4.736827500000000000e+05
4.608291875000000000e+05
4.448105625000000000e+05
4.406090625000000000e+05
5.151013750000000000e+05
4.730811250000000000e+05
4.723913125000000000e+05
5.105858750000000000e+05
4.731046250000000000e+05
4.646617812500000000e+05
4.685344687500000000e+05
4.835078125000000000e+05
4.658938125000000000e+05
5.006095625000000000e+05
4.470776250000000000e+05
5.163847500000000000e+05
5.027693750000000000e+05
4.704901875000000000e+05
4.698325625000000000e+05
4.967747500000000000e+05
4.616031562500000000e+05
4.950676562500000000e+05
4.857432187500000000e+05
4.742736562500000000e+05
4.861605937500000000e+05
5.000505000000000000e+05
4.993449687500000000e+05
4.746894062500000000e+05
4.862767500000000000e+05
4.582512500000000000e+05
4.552904375000000000e+05
4.522805937500000000e+05
4.760065625000000000e+05
4.897346562500000000e+05
4.931491875000000000e+05
4.403500625000000000e+05
4.989021875000000000e+05
4.670824375000000000e+05
4.860340625000000000e+05
4.933852500000000000e+05
4.769844687500000000e+05
5.030568125000000000e+05
4.835037500000000000e+05
4.920943125000000000e+05
4.958838437500000000e+05
4.832937500000000000e+05
4.844101250000000000e+05
5.008940625000000000e+05
4.780654375000000000e+05
4.987892500000000000e+05
4.760171562500000000e+05
4.570283125000000000e+05
4.756972812500000000e+05
4.886544375000000000e+05
4.936391250000000000e+05
4.752670000000000000e+05
5.304806250000000000e+05
4.621282500000000000e+05
4.777804375000000000e+05
5.279305000000000000e+05
5.345911875000000000e+05
5.485375000000000000e+05
5.739283750000000000e+05
5.475120625000000000e+05
5.191056875000000000e+05
5.564511250000000000e+05
5.540622500000000000e+05
5.790571875000000000e+05
5.873341250000000000e+05
5.870901250000000000e+05
5.644045625000000000e+05
5.494923125000000000e+05
5.176572187500000000e+05
5.602137500000000000e+05
5.892505625000000000e+05
6.403055625000000000e+05
6.038585625000000000e+05
5.794520000000000000e+05
6.328715000000000000e+05
5.380596250000000000e+05
5.691473750000000000e+05
6.932386250000000000e+05
5.923337500000000000e+05
5.894271250000000000e+05
5.672261875000000000e+05
5.702931250000000000e+05
5.608802500000000000e+05
5.656351875000000000e+05
5.668748750000000000e+05
5.334351250000000000e+05
5.120060312500000000e+05
5.471587500000000000e+05
4.844431562500000000e+05
5.444649375000000000e+05
4.673473750000000000e+05
4.572943750000000000e+05
5.009640000000000000e+05
4.261960937500000000e+05
4.340104687500000000e+05
4.255720312500000000e+05
4.118407187500000000e+05
3.887093125000000000e+05
3.859519062500000000e+05
3.692688750000000000e+05
3.560656250000000000e+05
3.451801250000000000e+05
3.583044062500000000e+05
3.120281875000000000e+05
2.993028125000000000e+05
3.020036250000000000e+05
3.062656875000000000e+05
2.998672187500000000e+05
2.829253750000000000e+05
3.101494375000000000e+05
2.784553125000000000e+05
2.793843437500000000e+05
2.565914843750000000e+05
2.530626250000000000e+05
2.443108125000000000e+05
2.586771093750000000e+05
2.615396562500000000e+05
2.551222187500000000e+05
2.847648125000000000e+05
2.588360000000000000e+05
2.724027812500000000e+05
2.641936250000000000e+05
2.519749375000000000e+05
2.838006250000000000e+05
2.619781093750000000e+05
2.924507812500000000e+05
2.866810312500000000e+05
2.899309062500000000e+05
2.845269375000000000e+05
2.870555000000000000e+05
2.948022812500000000e+05
2.970994375000000000e+05
2.875510625000000000e+05
3.144325000000000000e+05
3.022996562500000000e+05
3.000733437500000000e+05
3.280532500000000000e+05
3.426939375000000000e+05
3.072627500000000000e+05
2.803449375000000000e+05
3.247867187500000000e+05
3.111668437500000000e+05
3.224450937500000000e+05
3.545830312500000000e+05
3.313262187500000000e+05
3.061090312500000000e+05
3.443833125000000000e+05
3.195442187500000000e+05
3.424936562500000000e+05
3.422526875000000000e+05
3.279411562500000000e+05
3.380175000000000000e+05
3.487146250000000000e+05
3.090224375000000000e+05
3.735686250000000000e+05
3.597535625000000000e+05
3.430524375000000000e+05
3.549853125000000000e+05
3.618049375000000000e+05
3.435151875000000000e+05
3.601468437500000000e+05
3.984505625000000000e+05
4.220067500000000000e+05
3.820722500000000000e+05
4.185373750000000000e+05
4.513947812500000000e+05
4.395671562500000000e+05
4.097045000000000000e+05
4.745418437500000000e+05
4.790561875000000000e+05
4.244541250000000000e+05
5.064678750000000000e+05
4.784753125000000000e+05
4.521443437500000000e+05
5.279987500000000000e+05
5.200745000000000000e+05
5.036155000000000000e+05
4.550475625000000000e+05
5.101278750000000000e+05
5.344077500000000000e+05
4.457667500000000000e+05
5.813537500000000000e+05
5.385651250000000000e+05
5.689710000000000000e+05
5.426409375000000000e+05
5.834721875000000000e+05
6.037867500000000000e+05
5.451913750000000000e+05
6.052395000000000000e+05
5.817518125000000000e+05
6.128106875000000000e+05
5.605357500000000000e+05
5.064698750000000000e+05
5.891502500000000000e+05
5.578596250000000000e+05
5.691270000000000000e+05
5.900940625000000000e+05
4.899842500000000000e+05
5.319710625000000000e+05
4.506693125000000000e+05
4.291934375000000000e+05
4.191665625000000000e+05
3.844666562500000000e+05
3.634496875000000000e+05
3.230441250000000000e+05
2.983681562500000000e+05
2.765122500000000000e+05
2.411864375000000000e+05
2.287280937500000000e+05
1.969686406250000000e+05
1.957658125000000000e+05
2.161719375000000000e+05
1.989037812500000000e+05
1.910962500000000000e+05
1.763052500000000000e+05
1.752905000000000000e+05
1.681966250000000000e+05
1.630239687500000000e+05
1.602094375000000000e+05
1.662222500000000000e+05
1.513760937500000000e+05
1.704994687500000000e+05
1.735741250000000000e+05
1.536465937500000000e+05
1.779183906250000000e+05
1.742787031250000000e+05
1.736486406250000000e+05
1.778335937500000000e+05
1.877173125000000000e+05
1.796869531250000000e+05
1.708307343750000000e+05
1.751992031250000000e+05
1.882672187500000000e+05
1.969770625000000000e+05
2.029840468750000000e+05
2.099754843750000000e+05
2.033009687500000000e+05
2.126329062500000000e+05
2.117942812500000000e+05
2.377715781250000000e+05
2.399133437500000000e+05
2.307130312500000000e+05
2.324473437500000000e+05
2.399660000000000000e+05
2.539508437500000000e+05
2.535395937500000000e+05
2.639690000000000000e+05
2.415962187500000000e+05
2.627845312500000000e+05
2.779323437500000000e+05
2.849534375000000000e+05
2.793652500000000000e+05
2.751559687500000000e+05
2.793442500000000000e+05
2.917113125000000000e+05
2.911670312500000000e+05
3.173220312500000000e+05
3.413446562500000000e+05
3.187620937500000000e+05
3.281695625000000000e+05
3.218648750000000000e+05
3.232401875000000000e+05
3.030751562500000000e+05
3.218956875000000000e+05
3.315607500000000000e+05
3.453554687500000000e+05
3.270872812500000000e+05
3.325921875000000000e+05
3.311713437500000000e+05
3.263995625000000000e+05
3.422690625000000000e+05
3.212285625000000000e+05
3.293134375000000000e+05
3.318952500000000000e+05
3.131682812500000000e+05
3.295207500000000000e+05
3.362227187500000000e+05
2.883727500000000000e+05
2.929568750000000000e+05
2.992530625000000000e+05
2.924830625000000000e+05
3.298144062500000000e+05
2.985850625000000000e+05
2.754917812500000000e+05
3.045496875000000000e+05
2.888060625000000000e+05
3.062870000000000000e+05
2.856815312500000000e+05
2.951921562500000000e+05
3.167785312500000000e+05
3.009360625000000000e+05
3.199973125000000000e+05
2.738912500000000000e+05
3.231741562500000000e+05
3.050106875000000000e+05
3.189065625000000000e+05
2.937065312500000000e+05
2.888789062500000000e+05
3.177767812500000000e+05
2.997723750000000000e+05
3.006948125000000000e+05
3.202148750000000000e+05
2.841275000000000000e+05
3.073715625000000000e+05
2.888676250000000000e+05
2.898468750000000000e+05
3.193289062500000000e+05
3.121665000000000000e+05
2.816484375000000000e+05
3.081687500000000000e+05
3.320631875000000000e+05
3.101105625000000000e+05
2.971890000000000000e+05
2.830720937500000000e+05
3.052605625000000000e+05
2.793275000000000000e+05
3.014089062500000000e+05
3.336970000000000000e+05
2.940246250000000000e+05
2.761040625000000000e+05
3.044323750000000000e+05
2.978396250000000000e+05
2.708827812500000000e+05
2.851171250000000000e+05
3.172262812500000000e+05
3.157189687500000000e+05
3.293164687500000000e+05
3.206597500000000000e+05
3.332235000000000000e+05
3.247023750000000000e+05
2.799860000000000000e+05
3.177164062500000000e+05
3.041904687500000000e+05
2.864704375000000000e+05
2.921412187500000000e+05
3.104490625000000000e+05
3.307419687500000000e+05
2.969513437500000000e+05
2.805035312500000000e+05
3.031293437500000000e+05
2.814186562500000000e+05
2.773712187500000000e+05
2.856937500000000000e+05
2.686056250000000000e+05
3.000103125000000000e+05
2.797267812500000000e+05
2.974900000000000000e+05
3.017597187500000000e+05
2.884455000000000000e+05
3.017771250000000000e+05
2.929069375000000000e+05
3.200911250000000000e+05
3.137749062500000000e+05
3.166030000000000000e+05
2.761485312500000000e+05
3.103349375000000000e+05
3.041390312500000000e+05
3.064184375000000000e+05
2.899496562500000000e+05
3.023408125000000000e+05
2.825847500000000000e+05
3.026051875000000000e+05
3.013257500000000000e+05
3.035024062500000000e+05
2.942162500000000000e+05
3.150099062500000000e+05
3.053936875000000000e+05
2.940247187500000000e+05
2.930315625000000000e+05
3.205165000000000000e+05
2.840505000000000000e+05
3.338393125000000000e+05
3.074396875000000000e+05
3.089613437500000000e+05
2.765539375000000000e+05
2.864622500000000000e+05
3.134068125000000000e+05
3.000082187500000000e+05
3.140370000000000000e+05
3.280776250000000000e+05
3.223461250000000000e+05
3.038951875000000000e+05
3.391963750000000000e+05
3.079383750000000000e+05
2.945255312500000000e+05
3.418011250000000000e+05
3.282592500000000000e+05
2.974634062500000000e+05
3.215061250000000000e+05
3.133318437500000000e+05
2.958605000000000000e+05
2.963783750000000000e+05
2.884938750000000000e+05
2.980836250000000000e+05
3.300618750000000000e+05
3.058189375000000000e+05
3.066136875000000000e+05
2.983326250000000000e+05
3.096496562500000000e+05
2.799274062500000000e+05
3.366571562500000000e+05
3.351756875000000000e+05
3.131937187500000000e+05
3.087887500000000000e+05
2.888665000000000000e+05
3.109103750000000000e+05
3.076359687500000000e+05
2.928179375000000000e+05
3.067935312500000000e+05
3.419434375000000000e+05
3.149077500000000000e+05
3.063471250000000000e+05
3.311770312500000000e+05
2.807481250000000000e+05
3.010139062500000000e+05
3.255481875000000000e+05
3.057847187500000000e+05
3.129332812500000000e+05
2.982305625000000000e+05
2.957982500000000000e+05
3.033597187500000000e+05
3.265098125000000000e+05
3.302948750000000000e+05
2.760670625000000000e+05
3.158842187500000000e+05
2.884207187500000000e+05
3.012931875000000000e+05
3.204720312500000000e+05
3.105216875000000000e+05
3.169846875000000000e+05
2.888670312500000000e+05
2.999873437500000000e+05
3.170595000000000000e+05
3.283431875000000000e+05
3.149162812500000000e+05
3.099081875000000000e+05
