-8.880000000000000000e+02
5.253642260955629354e+03
7.436735340448138231e+03
3.313692893859314609e+03
1.388234057826809658e+04
6.296111384615749557e+03
1.460941947375063319e+04
1.628192086406898306e+04
-6.260939736918244307e+02
6.374359172798396685e+03
2.632691658632210238e+04
1.292752862007592557e+04
1.796576086948947341e+04
3.260321262672344346e+03
7.474546604528078205e+03
1.898948670882561146e+03
5.437849726122337415e+03
1.934787724692584334e+03
8.201804395799892518e+03
6.795087389012279345e+03
2.382580005222315776e+03
5.256712908138732018e+03
1.191787989484745412e+04
2.397141278663506819e+04
1.674712137427231210e+04
1.467882657299529274e+04
1.593054272406995005e+04
3.108883160946301359e+03
3.768282691340494694e+03
3.885138377453477005e+04
1.923672452461428975e+03
1.247081029244051570e+04
2.348797067173933465e+04
1.394479216790004784e+03
3.077484381127332745e+04
4.001063494777163214e+03
1.836499510572043437e+04
2.085718637070661498e+04
4.605816871390680717e+03
4.189158654502741228e+03
5.910488128964510906e+03
4.727730317564901270e+03
1.905878604237262334e+04
1.679107208351224835e+04
8.080961293719275091e+03
9.542953311674316865e+03
5.094187527054358725e+03
1.101811621806921721e+04
3.839710501166212907e+03
2.306968655154882799e+04
3.905741485375790035e+03
4.779136231499999667e+03
1.277307384957253998e+04
1.503071233844086237e+03
9.573833317985305257e+03
1.815939298813005735e+03
1.470638210104700011e+04
8.374302217861657482e+03
1.141439741934147060e+04
2.963378843997686545e+03
4.877826587117896452e+03
2.742050630189223284e+03
1.217987136141011615e+04
1.325595966615969337e+04
5.178583632610263521e+03
1.808198044533862048e+04
1.177356370208316730e+04
3.233708108587143215e+04
4.515377653604065017e+03
1.410979258426682463e+04
7.227504439777482048e+02
4.019122851552921475e+03
1.768834020800202416e+04
2.347241537727448133e+02
4.766973585167233978e+03
6.703024551471066843e+03
1.903332956510519944e+04
3.323802413320288906e+03
6.447208686946944908e+03
7.600966580710062772e+03
2.341217135119125669e+04
3.134633285734926176e+03
1.259867410352867046e+04
2.338771451567828990e+04
5.176930348287985908e+03
2.426677336815189119e+04
5.316440323462610650e+03
-1.173191441604941474e+02
4.829746275597967178e+04
3.749022916479672858e+03
5.942414571647608682e+03
7.797267272259675337e+03
1.593903147509707196e+04
-5.258459342304979600e+01
6.298469026347776526e+04
1.989462470496829701e+04
1.063115838427129711e+04
9.917781352012341813e+03
3.225951367764269435e+03
1.657050252322952247e+03
9.176347038075116870e+03
1.450419649524604756e+04
-9.615311858610141371e+02
1.921801937447651289e+04
2.373192662300473330e+03
1.122679850463676757e+03
1.359464553956940836e+04
7.161041425270540458e+03
1.011407462976581519e+04
3.928880869276382327e+03
1.810037930930508765e+03
2.008783586831098364e+04
3.902495380400496288e+03
4.314620438613757869e+03
2.153136863865218402e+04
1.189847397453400117e+04
4.571591184676386547e+03
1.836198483195920744e+03
2.370551575634738401e+04
6.862888720658300372e+03
3.847627894123712395e+03
9.173300909661043988e+03
1.044381996487861034e+04
1.456847195483621363e+04
8.481227727099272670e+03
4.282124926782646980e+03
1.696144248157834954e+04
8.163684561813447544e+03
9.044640065686449816e+03
3.799793530053051654e+03
7.214846708893216601e+03
7.323244761061223471e+03
5.304393300063428796e+03
2.793165588151391603e+03
1.880162991311864243e+04
6.294385271254189320e+03
1.769601190767080197e+03
1.176889264155733872e+04
2.368938227862296117e+03
7.630153113757245592e+03
1.262099718451397712e+04
2.556708354965682702e+03
1.123639615315005722e+04
8.764234218256131498e+03
6.924639141691131954e+03
1.705332199035326994e+04
4.646300095009303732e+03
8.253720740256010686e+03
2.219349037579760079e+03
2.370270154204177379e+04
3.259395014467442707e+03
3.549127012022177951e+03
1.256425314953118232e+03
1.595617385557643684e+04
4.268704133260230265e+03
1.013798619596257140e+02
6.428331191058044169e+03
5.225168394008990617e+03
2.151297608505007520e+04
4.350607012520440549e+03
1.162910036739311408e+03
5.632181450838381352e+03
1.486171971156064865e+04
1.801910262154765587e+04
1.676074666292098982e+03
1.960278964309400180e+04
1.254389705142183084e+04
1.385872283963941527e+02
2.903577968554234030e+04
1.435299012442268031e+04
2.522632136014991829e+03
5.606556848865633583e+03
1.438217684525797813e+04
3.269769283698419258e+03
1.206884147681432842e+04
2.365111606884571302e+03
5.667094197017683655e+03
6.919956569093195867e+03
6.945202069545941413e+03
2.630114109426438517e+03
1.064223375521330854e+04
7.276281191327747365e+03
-8.144019053462903912e+02
7.496781931608205923e+03
3.654307821374371770e+02
9.580834481101734127e+03
3.176211508683978172e+04
5.154522787470994444e+03
3.388161292291234986e+03
4.881342727898202611e+03
2.029804158916056394e+03
1.102158329828825481e+04
1.401715161097621967e+04
3.653203209458598621e+02
2.550191515203431845e+04
2.766846096223627319e+04
1.529426545274464843e+03
1.112887857977947169e+04
1.114734288678506528e+04
3.670650413377386030e+03
7.664930662073721578e+03
3.066967815323995637e+03
1.100547910703872913e+04
1.330678392452418484e+04
5.984586841911244846e+03
1.577599660523997272e+03
6.668968919886177900e+03
4.406026911383241895e+03
1.283129628093217980e+04
4.503885669717612473e+03
1.930373105426166148e+03
1.550563783732519369e+04
9.412212111743057903e+03
4.357397319675991639e+03
2.714556349734564265e+03
1.222109765046288339e+04
2.179095366641806686e+04
1.159754580976116631e+04
6.903488398720161058e+03
2.518040973626944469e+04
4.451275067664751987e+03
7.298112098367731960e+03
2.019361812670939253e+04
1.763567777993544269e+03
8.732080563819152985e+02
1.117593445068293295e+04
5.307463072903720786e+03
4.795727404575121909e+03
1.607821132850485810e+03
2.047448707362770074e+04
1.418970651994803575e+03
8.076084041650110521e+03
8.054602607102880029e+03
1.893859610016814258e+04
2.392876500605646584e+02
1.986192770605866099e+04
1.241699728977440100e+04
-6.032763103326915370e+02
1.678478710099390412e+02
1.851522642657982942e+04
4.044587609687240729e+03
5.578965090471812800e+03
1.497404271198340666e+03
4.338127771840949208e+03
6.114925605315257599e+03
2.916337775609103119e+04
4.384501067967545168e+03
7.573212648733710012e+03
5.179805934854349289e+03
8.677254233189387378e+03
8.337902072655213487e+03
1.401489827720815447e+04
-3.371651861489483792e+01
8.592314270746430338e+03
1.371823659032646106e+02
3.220263796741261103e+03
1.038119806859957680e+04
4.676113939469085381e+03
7.967704862652837619e+03
4.688019000607939233e+03
1.016638029633142105e+04
2.906362040817094567e+03
1.664282631024556849e+03
1.945415013147360514e+04
8.587039755017864081e+03
1.489183676605381879e+04
5.604893623850181939e+03
5.755939698587981184e+03
4.772149304724263857e+03
1.238829222950668282e+03
1.019805381324009068e+04
1.758414973980708601e+04
1.448935869622923201e+04
1.252811875153473193e+04
-2.305087604952847187e+02
6.063346110093552852e+03
4.828155794931944911e+03
3.940373950563070593e+03
7.371102950130753015e+03
3.406605310647495935e+04
3.506819965782482996e+03
8.437839027619440458e+03
3.233936187089645500e+03
2.430056029189478068e+03
2.138033764659743156e+03
5.979273089564942893e+03
1.091906040408663830e+04
1.119970060615973489e+04
1.573945525915473081e+04
3.005480972823935190e+03
6.269989601540829426e+03
5.964554714355334909e+03
4.380509590054765795e+03
4.479000444070447884e+03
1.784059601254089648e+04
1.258055824990011388e+04
1.203059406470802242e+04
6.090111916074372857e+03
2.885069858513167128e+04
6.880784578597756990e+03
2.661482975442138923e+03
8.117932747846389248e+03
9.581062880458466680e+02
1.421230670607884167e+04
1.329050754923513296e+03
8.467375086900550741e+03
6.014204548124544090e+03
7.453195140328065463e+03
1.487860087042330269e+04
2.823545371838918072e+04
8.581727240716243614e+03
2.611109170100484789e+03
5.516651948317365168e+03
4.139188024155712355e+02
3.550724665057059610e+03
9.208167278045253624e+03
9.174146356440411182e+03
2.331829105588667517e+03
1.429695291590695888e+04
4.354343312093619716e+03
2.362216802997357809e+04
1.224601404724830900e+04
6.387606101209291410e+03
1.132018073479963641e+04
9.822724017243832350e+03
7.311150394854068509e+03
1.703117323189944727e+04
1.004295435489818010e+04
6.127466683640659539e+01
7.996601455750931109e+02
2.137631607240645098e+04
1.190328629286218711e+04
7.403583883133454037e+03
9.145742708488332937e+03
1.647639006203455210e+04
5.024872721226747672e+04
1.243236054957196575e+04
1.848684932148040843e+03
4.879857983602671993e+03
6.270711381680470367e+03
1.087229895274587761e+03
7.298866598216754028e+03
9.393679831957226725e+02
7.862230434905612128e+03
2.155612555309170421e+04
1.186246408140049971e+04
2.407337766762687181e+02
3.869557294954889130e+03
8.225296369207078897e+03
2.875194830022988754e+03
1.003575877884297006e+04
1.542986747221147743e+04
6.125791533280439580e+03
8.277797415105918844e+03
2.685714061204890095e+04
7.560742952222351960e+03
2.125501466345798235e+03
9.531003890619052981e+03
7.761812506266090850e+02
1.191603630459131455e+04
8.476794880508843562e+03
1.015725688650883285e+03
-3.262813328085178455e+01
6.237520948498400685e+03
2.124109377695291914e+04
6.538770483612581302e+03
1.637906151379880248e+04
1.124114232297158014e+04
-1.025814396974521742e+03
7.023736715136858038e+03
2.064088577625845119e+03
4.139041399734061088e+03
5.217263347022603739e+03
1.614974900127801675e+03
1.646896099096522448e+04
6.378255148559984491e+02
4.997737767966129468e+03
6.766149384933229157e+03
1.010330354920470199e+04
4.174042106724832593e+02
1.324023537289042906e+04
5.513326184133085917e+03
9.845279610500521812e+03
1.385835182634518060e+04
8.140197509632314450e+02
5.631029445874759404e+03
2.620395904361146313e+04
3.337956679651490049e+03
1.363583696265253457e+04
2.990491916037644387e+03
1.369423386008850866e+04
8.838223069707657487e+03
6.453605159645800086e+03
7.775223749880463401e+03
4.218228438486052255e+03
2.432924978576114518e+04
3.460029313105494657e+04
1.172079571355579174e+04
2.853455169196305178e+03
5.597734735577516403e+03
6.366647081776632149e+03
9.721779717487128437e+03
2.236404978427926108e+04
1.865373975550113391e+04
2.228536716236427674e+04
6.133363815482298378e+03
1.044506217472937533e+04
8.485002465863883117e+03
8.931098093104810687e+03
5.909704918747889678e+03
-7.690189463103854450e+02
1.426783684028741118e+04
9.006056998928068424e+03
1.652634293275258824e+04
6.112750318448559028e+02
1.902328961614313812e+03
1.303418497682067027e+04
7.348595047983817494e+03
2.566232680848535892e+03
7.520541747370109988e+03
9.257918510281067938e+03
4.418473050756003431e+03
1.019791965885996433e+03
6.879805403937998562e+03
2.128495829894166673e+04
2.380923885057028747e+04
3.779432635437777208e+03
1.240485985533218991e+04
2.404899947396766038e+03
3.342974054736962717e+04
5.166126562963314427e+03
1.081934045480607529e+04
6.591869216256207437e+03
9.655547320052073701e+03
3.204571179654286971e+04
5.109557583191213780e+03
5.362424816438925518e+03
9.020225095551601044e+03
5.434583310514910409e+03
2.188297373921950202e+04
4.371365210690185449e+03
7.891978911418083953e+03
6.052876748350871821e+03
8.939786935505704605e+03
1.691218052176148194e+04
1.400546999451473766e+02
3.997597885389744079e+03
1.517115298601318500e+04
1.096686090129894001e+04
1.107661428830751902e+04
1.070824611082070305e+03
7.619113656635150619e+03
8.628495153109792227e+03
1.444535910175774006e+04
2.332795812353621386e+03
1.097355639195957701e+04
6.104339138475370419e+03
2.322064908402448964e+02
2.770154211099215900e+03
5.114892574980305653e+03
3.849509344423236143e+03
1.177872458808327065e+04
1.014700036206236177e+03
2.037220706703282849e+04
5.779413585130905631e+03
5.533454147799430757e+03
1.406621397814186093e+04
2.027763881137717362e+03
8.813400435843883315e+03
2.620551483025316429e+03
1.807806426968092273e+04
4.117340991787727944e+03
1.245705574403978062e+03
1.127974201174073096e+04
5.362320686670822397e+03
6.783751330154326752e+03
9.830689875118954660e+03
8.268959095363829874e+02
1.573968221287367851e+04
4.249385814217497682e+03
2.053042606975307081e+03
1.610620932142289712e+04
5.636651692851373809e+03
4.053638589137611234e+03
7.501825936308790915e+03
4.863000862269146637e+03
3.552222124421675107e+04
2.963766914066005938e+03
4.961504019405165309e+03
3.714577307380812272e+03
8.761178699412766946e+03
9.477852856267472816e+03
3.548156439697963833e+03
6.310855845867259859e+02
9.239136842234169308e+03
8.296050398147477608e+03
1.382709145236234144e+04
2.808015150508932493e+03
2.544260277263022545e+03
1.782282542434611241e+04
1.724564490108902464e+04
3.868877733075410106e+03
3.845141909956458221e+03
2.372485869116597769e+03
4.238809080702928441e+03
5.876775977470466387e+03
6.416606315066050593e+04
1.364778377770845327e+04
1.100895917121179991e+04
5.289704354604738910e+03
1.097081400693117814e+02
7.453859158312740874e+03
8.682976984775343226e+03
2.602311676608269408e+03
8.478367212459303119e+03
2.149677785031517487e+03
5.557998549877904225e+03
1.291287877549295627e+04
1.489674029068208256e+03
1.046073754863157592e+04
5.622995911425213308e+03
7.650997099668798910e+03
1.932116319699188898e+04
9.239625430643993241e+03
4.031514056638241891e+04
-3.209030945595247317e+02
1.039978419778928946e+04
6.972844801869403454e+03
3.156572078070458701e+03
1.265109288012422439e+04
1.641563367330824622e+04
7.432253059250821934e+03
2.467753258909072429e+03
1.672875087218478438e+04
4.107044753374313586e+04
3.306658166190027259e+03
9.365190938263771386e+03
1.465820946598721275e+04
1.354613100643405232e+04
5.537242179907979107e+02
9.068499756305787741e+03
9.357273433455628037e+03
9.352949927072075297e+03
2.183902972748009415e+04
5.133741924140053015e+03
9.296218609435634789e+03
1.584004466909011626e+03
2.125930395434161255e+03
1.067548282305850807e+04
1.103165991808029685e+04
5.002727734870562927e+03
6.689842199476313908e+03
6.758567334221210331e+03
2.003205257067415459e+03
1.305696498893352509e+04
1.038640882633414549e+04
9.255989007833300093e+02
4.350939709708603914e+03
4.967922944005171303e+03
1.113959254680954837e+04
1.315129355385012786e+04
1.528327709967887131e+04
4.622220519323477674e+03
4.934006902187002197e+02
6.625723173813345056e+03
7.228083812168870281e+03
2.603378660301259515e+04
5.155306663246985408e+03
6.653975712538318476e+04
1.135419702462876558e+03
1.957517659191045595e+03
1.096834324126408865e+04
1.341217041402844188e+04
1.182324164779239436e+04
6.162598826066174297e+03
3.481574765824677229e+02
1.510187172473797091e+03
2.687991092804299842e+04
1.077243811064557485e+04
7.451529516517749471e+03
2.755141001569476430e+04
1.095150198506310335e+04
2.969311740575563817e+04
3.317620311735989162e+03
1.684218762835112284e+04
8.428871056971889629e+03
1.909426932687910448e+04
3.172165757967491118e+02
1.407972629425600826e+04
1.115159370484972533e+04
-1.160260701053833259e+02
1.352091358903568619e+02
1.258016877913393910e+04
9.180449724843820150e+02
3.316387571447603477e+03
5.871184201707736975e+03
8.806810094096177636e+03
1.289678015846358448e+03
1.874875521863987160e+04
4.661393856614734432e+03
1.791814912051310603e+04
2.163517978494559884e+03
4.826274955072445664e+03
2.051582009482179637e+04
2.037103584360719196e+03
1.011917274848496891e+04
6.563591173936743871e+03
1.643680988004171013e+04
7.113103915928026254e+03
5.836752701427561078e+03
6.982368373508196782e+03
8.602065949927547990e+03
9.747104929912570697e+02
4.763141261476278487e+03
1.047181662009760657e+04
1.706747942315894397e+04
7.253974046002706473e+02
1.657355310724673109e+04
1.674959987162733159e+04
3.088164365568133871e+04
2.488774678900348135e+03
3.031036841325398927e+04
8.317937545194173481e+02
1.254251447124395963e+04
1.391301658585273344e+03
2.358172957850853436e+03
2.713961755490748146e+03
1.519791491310368656e+04
8.375373390827244293e+02
1.362399631845076328e+03
7.690669328432573820e+03
5.891796390730145504e+03
1.121857710808160846e+04
1.475429478306820965e+04
5.832803240943808305e+03
1.555388574180288379e+04
2.824868826441227429e+04
8.275364516673895196e+03
9.134869552491096329e+03
2.250638782119295684e+03
6.387493757243346408e+03
1.031859845446819600e+04
1.504074389202455131e+04
3.086781077319346878e+04
9.395220198411090678e+03
1.441360670122777083e+04
3.945902209659546770e+03
1.460471779990665254e+03
2.939556436998468598e+03
1.575291810346311104e+04
1.707285299619635407e+04
5.390600345367385671e+03
-4.368964312121172497e+02
1.316307715455108337e+04
2.186748920355549672e+03
2.120345822914674864e+04
5.991896589420144664e+03
1.007178254834571817e+04
1.380225755635309724e+04
4.029118824832416976e+03
3.267608456481949815e+03
8.657224491501185184e+03
5.818908171410631439e+03
2.869209084058503777e+03
1.841587209993447323e+04
1.334964730417497321e+03
2.972070626461483243e+03
2.688154844218781363e+03
1.444006257886364801e+04
3.626374061664764668e+03
5.173283721605643950e+04
1.471134614638653329e+04
7.312372896128683806e+02
2.635453205928765965e+04
1.975672731095260679e+04
1.910407607068815560e+04
4.074437434240721359e+03
6.315942270867784828e+03
2.726416480622840754e+04
7.561036775357549232e+03
1.236444128140698922e+03
2.450905559403019652e+03
1.088656810603222766e+03
2.315095735505132325e+04
4.712472910477532423e+03
1.789913495483730003e+03
4.531687430848091026e+03
6.910731391532713133e+03
9.476311492450644437e+03
-7.748949903390914073e+01
5.348920336401200984e+03
8.962095005442665752e+02
7.305524122173132128e+03
7.787790283785247084e+03
2.811523064295465247e+03
4.447021013016481447e+03
2.136917902158465586e+04
8.436432386330716326e+03
2.182953930064141969e+04
-6.012199139735537301e+01
3.510947879210845713e+03
1.155650259437224486e+04
-9.082029270927309881e+02
9.153607338727346360e+03
2.470814040791568550e+04
9.078517849275049230e+03
4.309465691029051868e+02
8.485118176879605016e+03
2.888773598984428463e+04
1.555282281008535938e+04
4.489428097418762263e+03
2.857791627117671851e+03
1.519678692578602931e+04
2.513684357355840984e+04
2.461979858257028809e+03
9.480764040788159036e+03
1.237353746514678642e+04
2.496899724047772906e+04
-4.155520716815982496e+01
1.234171443563198045e+04
1.003840293134723288e+04
4.395079273353316239e+03
1.106327474324577634e+04
9.222286724053992657e+02
1.132906503725835319e+04
1.621318855274498492e+04
1.294446382941642923e+02
3.012542360938792626e+03
6.261756835296655481e+03
6.569942903138532529e+03
8.355464977751968036e+03
1.461402935518447339e+04
4.016478000222451783e+01
9.422410674737839145e+03
4.324517629950863011e+03
5.724548910027492639e+03
9.694698230733682749e+02
8.339051769382367638e+03
4.978114037638310947e+03
1.101651282900257866e+04
1.610641601598251873e+04
3.713600883427471331e+02
5.352500114507292892e+03
2.782872148475856193e+03
1.009466511633827213e+04
7.036998338253911243e+03
1.718340327615136403e+03
1.103043954218335421e+04
4.465866134146969671e+03
5.696349806132332560e+03
7.092228368109502298e+03
9.034150279936940251e+02
8.823218653785943388e+03
2.510690386548928018e+03
1.991714945358974728e+04
-5.722259761155328306e-01
-4.745231047867837333e+02
5.274990688498241980e+03
3.073709593771518939e+03
5.847869861839344594e+03
5.915218607422629248e+03
6.013990225123267010e+03
7.274398417438254000e+03
1.773803441709975596e+04
9.700000010291720173e+03
-1.236644187219705486e+02
4.207985949168123625e+03
2.262392557668205700e+04
4.951139381688757567e+03
9.142281714757993541e+03
4.645096678425581558e+03
8.180546329703384799e+03
3.626436843811175549e+03
8.980844051179695953e+01
9.455094264169558301e+03
1.016185505454788290e+04
9.830659306414685489e+03
8.802443258387069363e+03
2.697109270732081541e+02
1.957280637200955243e+04
1.709501220743701924e+04
2.156437090705161972e+04
1.035865668693113548e+04
5.021283305887654024e+03
1.078744941927937134e+03
3.755392995823956880e+04
8.525459980317755253e+03
5.280821980005272962e+03
5.211197908803725113e+03
6.682216100605778593e+03
1.790224758881788148e+04
8.937558570234634317e+03
1.411361210132070482e+04
8.439036474555423410e+03
-4.318951077357619397e+02
8.434502961602860296e+02
1.845348253447279058e+04
1.445384496285062050e+04
3.680675939635397754e+03
5.552670331886583881e+03
6.764657213057082117e+03
2.831147946761460116e+04
1.021559741824176490e+04
5.748824862065612251e+01
9.670548234140178465e+03
7.692221954858456229e+03
5.040326440780570010e+03
7.312983532004689550e+03
6.194008034186508667e+03
2.610864654771838468e+04
5.456144799847563263e+03
3.728777318694767018e+03
3.176437124770917217e+04
7.150267776420518203e+03
1.310199684265016913e+04
6.934394362664461369e+03
1.874776586425159621e+04
1.826122221364746338e+03
1.840478283661085879e+04
4.040813677189241844e+03
3.139984456915953160e+03
7.495948924977337811e+03
1.881097334343008924e+03
4.288486140539887856e+03
4.030370151159273519e+03
1.480513724270699640e+04
1.156736328276099994e+04
5.171479897863735459e+03
3.567865237698798410e+03
3.110496181794123913e+03
1.926646600134794062e+04
2.209799199278814285e+03
1.070349403179084402e+04
1.354179037148493080e+04
1.507795117474857034e+04
4.490299397923776269e+03
1.698297973180244662e+04
5.517901845938602492e+03
7.109830121183184929e+03
2.796330057284064969e+04
9.280003906663638190e+03
-5.922259283833088830e+02
3.228511468252568375e+04
2.441239695928971196e+04
1.160705033767221266e+03
4.976412202183364570e+03
1.422452790518653637e+04
1.181770196333843705e+04
8.487114980307589576e+03
1.862858532071841910e+04
1.213512086230500790e+04
9.714133437707522489e+01
6.056700696044299548e+03
2.405754946589555038e+04
4.390891942168183959e+03
3.016294599501941320e+02
5.851253974905467658e+03
7.145955374955126899e+03
1.693559786551245998e+04
1.459692007825905966e+04
5.594598935501571759e+03
1.282717442885010314e+04
4.710699716948174682e+03
5.821937456986610414e+03
7.492542458573352633e+03
4.494478318194391250e+03
1.016443008683702465e+04
7.553763725575708122e+03
6.887494499250777153e+03
1.606243551147231483e+04
9.654017303040342085e+03
1.803624728536079056e+04
5.605958009852811301e+03
1.538643698074240638e+04
7.201760969170994031e+03
2.969355557104113905e+04
1.917121885892502178e+04
9.965215262090632677e+03
7.726807073939486145e+03
7.228535089858783977e+03
4.038512259015586551e+03
1.120486791803091910e+04
2.294345508298329150e+03
3.515337872666661497e+03
1.414763465201368672e+04
3.572144277505529317e+03
1.511590292318753654e+03
2.115082884393646964e+03
6.305635710801178902e+03
6.849904256312163852e+03
2.058058531107521776e+04
3.906847486990961443e+03
1.448081526911661422e+04
6.860956397390086750e+03
5.510648424993449225e+03
-9.168911616312221895e+02
1.882623044241632442e+03
6.063322160920330134e+03
6.617624660772248717e+03
1.338056564594238353e+03
1.166336590832234288e+04
8.022075716603065302e+03
2.496360219224221510e+04
1.181933628434708407e+04
1.272070198256154436e+04
1.237938668608658918e+04
2.693180445787102599e+03
7.682663767215235566e+03
8.140282235712288639e+03
8.285513608846180432e+03
2.355210750138471667e+03
8.225426148493943401e+03
4.616950065855210596e+03
5.100407987848760968e+03
8.876542634041700239e+02
1.547261449849212113e+04
1.241760956944464851e+04
6.037633872497784978e+03
1.300937022939485723e+04
1.193210476188918437e+04
3.359067450187707436e+04
9.170577628743723835e+03
8.224596750533926752e+03
1.075402322654485261e+03
7.249583105837178664e+03
4.030103373847318835e+03
1.212091260478066033e+04
6.171723364345313712e+03
5.834826145896698108e+03
7.640907009180257774e+03
2.866741334184367588e+03
1.042625823643997137e+04
1.443401958477332118e+04
1.751261103842500597e+04
1.309095287417739564e+04
5.907934889857285270e+03
8.676726136523937384e+03
-6.861374276254668985e+02
2.078175549548103299e+04
2.946274109947415127e+04
5.426843093167308325e+03
5.966310866808038554e+03
8.950531424313790922e+03
1.436061147509859802e+04
8.166865563395011122e+03
1.779092572041655512e+04
3.761839017963462993e+03
3.947790689743717667e+04
-8.671231564790957691e+02
1.269432637608493678e+04
1.830216065785675482e+03
6.710880963343491203e+03
4.284004406883016600e+03
7.111419533954160215e+03
2.950411588947491691e+04
8.386293238247753834e+03
3.371553491412435051e+03
2.331410637871222207e+04
9.448602235998914693e+03
7.595799344742062203e+03
9.580028914327303937e+03
1.765160224809549391e+03
4.069143382633782949e+03
8.105358600869700240e+03
2.449937927353473697e+02
2.731265828059789055e+04
1.160719976271853375e+04
4.463503487831165330e+03
7.305150831331302470e+03
1.580113300838848318e+03
6.574257757940323245e+03
7.808533374359565641e+03
7.322213519026118774e+03
5.474172745535884133e+03
2.660496540119679412e+04
3.849839245517431209e+03
2.719624279503351318e+03
1.560720069839375356e+04
3.033467658688358597e+02
1.725472718101410919e+03
2.463718270552547619e+04
3.436778339059610516e+03
2.623112486187383183e+03
1.782114820845614304e+04
1.096137669443281266e+04
3.564105912542956958e+03
4.255167281073473714e+04
2.083202102835508049e+04
6.751192797343800521e+03
1.784163985879697793e+04
1.650720480575048214e+03
4.887040116767290101e+02
8.999806992014366188e+03
1.351525087622197316e+04
1.381657633205205821e+04
6.430166139890337945e+03
1.537141696988462900e+04
9.568225439492480291e+03
-5.923743150456175499e+02
-3.466366052006715677e+02
9.258607206394375680e+03
1.241418028648131258e+04
5.514645111651981097e+03
1.383735002474712383e+04
7.971975825308107233e+03
4.779380181248966255e+04
7.999489892737081391e+03
1.126557476046303054e+04
4.838488742802178422e+03
2.970859600488645810e+04
6.765075236034410409e+03
3.270172010699062412e+03
1.642180082514841706e+04
3.598157075938887374e+03
6.318973910291946595e+03
1.902032675832129598e+03
3.186359486913925866e+04
6.341620761938266696e+03
1.427973528163169067e+04
6.325386157832635945e+02
7.698292779900768437e+03
1.624569652848370788e+04
2.445108998181422521e+03
1.457417255308378117e+04
6.555731094904538168e+02
2.228127681193481112e+04
1.210341664107998440e+04
3.137770648549173529e+03
9.792199920480044966e+03
1.680267892025303445e+04
1.490081773450497712e+04
1.127845433318674623e+04
6.372348980320332885e+03
6.790599099680263862e+03
7.487035871338433026e+03
2.011024646982325066e+04
2.408737838262738478e+03
1.257974142070718335e+04
2.053059028296388533e+03
1.240775710410014472e+04
1.150099596953774926e+04
1.429578917395380267e+04
2.801665996376242765e+04
1.178679497463186999e+04
-5.311090017698243173e+02
5.740795875661593527e+03
6.744225309341771208e+03
2.598061406955255734e+04
1.171889045921391698e+04
7.986332912708564436e+03
1.276704896807932710e+04
4.783006283878848080e+03
8.530872974613806946e+03
1.873669257732744882e+04
8.803558483039936618e+03
2.221551849560795745e+03
2.708105471977036359e+03
1.228536178203539066e+03
7.882581016016251851e+03
9.288349353567366052e+03
1.529438430330113260e+04
5.830242293198390144e+03
4.171816229952967842e+04
2.381028696341356863e+03
7.640527402565830926e+03
7.341280860040650623e+03
6.323819757945268066e+03
1.432956360105487511e+04
1.727009105363486242e+03
1.177749495871062936e+04
1.460001470031166537e+04
1.350795547743147836e+04
-4.174129694898418279e+02
2.342346149322168640e+04
-1.013320520621444075e+03
1.462889761929853194e+04
5.624722498966562853e+03
3.644222123808158358e+03
1.028558736619180490e+04
8.072827575587252795e+03
4.148943202380148250e+03
1.719504294375890140e+03
1.430129279515080998e+04
1.103468643783164225e+04
1.233565567605737488e+04
1.143321570459750546e+03
6.359282500243087270e+03
7.211437680643884960e+03
5.605258825917544527e+03
2.881601587465808734e+03
9.626965106978967015e+03
3.111743731523619135e+04
1.059109006587088516e+04
3.733651214787696517e+03
9.159913204368212973e+03
4.433345181711976693e+03
1.103399046281519986e+04
2.861455289653377622e+04
7.754840199528835001e+02
2.349383620793465525e+04
3.148541616336427978e+03
4.730860012352768535e+03
5.561719552898747679e+03
4.231019344513569195e+03
1.937372495121400789e+04
-9.832281825071870571e+02
1.748863922082704221e+03
1.335623718639657454e+03
3.715820878951587474e+03
2.339692803831358106e+04
4.913849273826029275e+03
3.372004212410865875e+04
2.528237191972126311e+03
2.316930572870795004e+04
5.066648472615166611e+03
5.648981118911246085e+03
2.602573285161758031e+04
1.122094621711697982e+04
1.032607590528424771e+04
1.408119363409606558e+04
1.050109238629518040e+04
1.427226343060717045e+04
6.505498041426755663e+03
7.473899188654302634e+03
2.393401872082770205e+04
3.795532314957520157e+03
3.026532209956754286e+03
7.058237494584132037e+03
7.177202416018446456e+03
1.217947489285906340e+04
4.298582174538430991e+04
4.590416454210822849e+03
6.867066498209671408e+03
2.735904344520954965e+03
3.700651748018979561e+03
9.841128475487890682e+03
1.849196629531375584e+04
2.095624248056832221e+04
3.124036292905067057e+03
8.276568387381481443e+03
1.070219988976116656e+04
3.444673408236020623e+04
1.359915433133621627e+04
2.985816328907059506e+04
2.380500368595719556e+04
3.064441510518172436e+03
8.859031401339463628e+03
1.561239554825316009e+04
7.586226469002719568e+03
3.822373637132018303e+03
1.205147311863172945e+04
1.405979081764049442e+04
3.529440680938616879e+03
4.720559320015810044e+03
6.194872999375872496e+03
5.775547162732723336e+02
2.281305805385170061e+03
1.366373879555645544e+03
1.199007720687607252e+04
1.636991324079544029e+03
1.128245638318749116e+04
2.143175523219255047e+04
3.467115564634971179e+03
8.919895600101859600e+03
4.808447609053589986e+03
4.650258925385200200e+03
1.010825702303344951e+04
4.945739837187968988e+03
8.728201510785262144e+03
4.266750588223260820e+03
8.466066376291890265e+03
5.049374328321755456e+03
1.880413068980468233e+04
4.123506053329756469e+03
-1.156449197877264851e+03
1.040643432468655874e+03
2.032192427833186684e+03
1.661162524585752544e+04
8.898364783766564869e+02
6.915800694007584752e+03
6.121758600706308243e+03
5.835035212124271311e+03
1.732015786812356737e+03
1.159921455054012313e+03
1.858081360134833812e+04
7.141458323167898925e+03
1.129009769785584103e+04
3.442630263947632102e+03
6.697453166514226268e+02
1.082851783759835962e+04
2.360564434763552345e+04
1.229510916550139882e+04
3.937912780800944347e+03
1.705787747770928763e+04
3.036745856570803880e+03
2.008748686971324787e+04
2.275130823070473707e+04
1.107396702499988805e+03
7.290782408957141342e+03
2.379369293589623794e+03
1.125190016652303711e+04
4.247288042911243974e+04
1.641312183460224696e+04
7.538388175873680666e+03
6.392226988884786806e+03
8.359597517171707295e+03
1.635690653704962824e+04
1.234051748915644202e+04
3.492717987588097913e+03
5.331163556220576538e+03
2.340309001855289353e+03
8.419159445168266757e+03
5.715107573811049406e+03
1.974531850881300443e+03
9.596180831052564827e+03
6.167745796636101659e+03
4.589160758905584316e+02
3.225393524856544900e+04
7.304977198482280073e+03
9.677083276760669150e+02
6.527434546065212999e+03
-7.507471439150315291e+02
6.710367596688083722e+03
9.629960231145507350e+03
9.781076699624198227e+03
2.625240940542290446e+03
3.896216135678128194e+04
1.177456347015957181e+04
1.967153695977052121e+04
3.893627829114666383e+03
1.186219834402259403e+04
3.539050622510064386e+03
2.695476777603766550e+03
1.714460858704489965e+03
1.657768208208659644e+03
4.152467087373172035e+03
3.496595870997446127e+03
5.303495151402465808e+02
6.846111236865453066e+03
1.773217578170085835e+04
2.291618388371333640e+04
1.817133480824924482e+04
4.004550648169109081e+03
3.869794571873017048e+02
9.163068593899275584e+03
1.113058698668414581e+04
1.915322794591050297e+03
1.001582288437420357e+04
1.884248387170724527e+04
1.178093026863058549e+04
5.856647944619821828e+03
3.383098064347104810e+02
7.070278446635011278e+03
4.356524178677980672e+03
1.390509107233908617e+04
7.305404782057525154e+03
3.098025785051669664e+04
-9.719177290829998128e+02
2.705504341142319390e+03
1.045688219981316934e+03
1.888355389836305903e+03
5.164008446648492827e+04
7.684817532050585214e+03
1.412289644320100888e+04
3.104861490811851581e+03
4.575672037412403370e+03
1.668859851859641276e+04
3.369759846328347339e+04
6.364012755721007579e+02
3.573777624654235296e+03
2.336356627607556220e+03
3.465139544410084000e+03
1.615275610285345465e+04
1.019232024200978412e+04
7.081405920925757528e+03
1.434516959752303228e+04
1.718640053120770062e+03
7.473902826755756905e+03
8.098003972044082730e+03
1.896237264123648856e+03
1.017616058203847388e+04
1.031606501412857506e+04
5.983396595041466935e+04
2.020502823233062827e+03
7.711308522897909825e+03
3.853899300109449996e+03
3.049367894711868303e+03
2.616387305314916603e+02
1.359176519013712459e+04
2.124094129763353976e+03
9.298062708373519854e+03
6.743196486297809315e+03
4.593201596746947871e+03
1.796844582405816709e+03
4.935086487980941456e+03
6.430057211911217564e+03
4.111972441518046253e+03
9.799716717541388789e+03
6.310429654613712955e+03
1.241125244459482565e+04
1.397944661135463684e+04
8.094180264579191316e+03
3.709233668509697281e+02
7.802671094092772819e+02
1.100774363585540414e+04
5.428114538870281649e+03
7.340796478821291203e+03
9.716021658109255441e+03
2.475892005669662922e+03
1.905614657077378979e+03
2.592749754585571736e+03
1.675368935344658894e+03
1.049486954016127675e+04
3.066839380955156230e+03
1.668124645038135350e+04
1.645436559234636297e+04
1.547218316912813680e+04
3.467666838040365747e+03
-4.512265929177502812e+02
1.644186186693644413e+04
8.207863404665615235e+03
8.721602863518615777e+03
9.411767021859310262e+03
2.746826443336550074e+04
4.894716629326407201e+03
8.245444748249274198e+03
1.458160684049013980e+04
1.708958011460573744e+03
5.416282775357985884e+03
6.184450044773875561e+03
6.605600944967514806e+03
9.539779638298427926e+02
1.153268171792579324e+03
4.319988022299741715e+03
6.123572671122061365e+03
1.053889644595293976e+04
7.367791206927146050e+03
5.161646363841234415e+04
9.582489197720515222e+03
7.603789205357300489e+03
2.967071436728355911e+04
6.054917554049085311e+02
1.903807101429935074e+03
2.223087578393651256e+03
2.774052819175533295e+04
2.313269748578262079e+04
3.992612811144565967e+03
2.215291373234558250e+03
5.024834096941331154e+03
5.992632530398367635e+03
6.769564532966021943e+03
1.614956262075247105e+04
2.526585357600084535e+03
2.906947617296052158e+03
1.444058955036724001e+04
5.956927161160543619e+03
1.226765975134223117e+04
1.940352226893366606e+04
5.637344373127129074e+03
3.285894334411634918e+04
2.229537759007654313e+04
9.253776550308419246e+03
1.221376248586630390e+04
-7.242705926725585641e+01
8.994030290904398498e+03
1.022015015902937375e+04
8.603939241710140777e+03
1.112444319522616206e+04
9.367745993843775068e+03
2.103764234690896046e+04
6.784128988379954535e+03
5.042665369243494752e+03
2.670137064052647474e+03
6.395353760573028921e+03
9.676971088748170587e+03
1.196652236881439785e+04
1.037961917070134405e+03
1.485105379987715423e+04
2.239985674010697949e+03
1.576485119511137100e+03
2.653218456336117470e+03
4.259056912085845397e+03
9.586806233450603031e+03
2.861781688654438040e+04
9.213560556234288015e+03
2.481189214557306570e+02
1.094960973348891093e+04
5.615636229486688535e+03
9.390036581984055374e+03
1.991391648452512163e+04
1.847506134481799791e+03
9.627402045609913330e+03
2.090204191626142347e+03
2.439585018243144077e+03
1.135680810475077305e+04
2.116275795882029797e+03
1.397699848467915035e+04
5.252793001040126910e+03
2.274243897684922194e+04
1.161925677899233233e+04
1.781570911974495175e+04
5.772401693591673393e+03
5.865762407041512233e+03
1.732177980329249749e+03
2.000196169063968773e+04
1.849295051625055930e+04
7.407505951357500180e+02
2.695232183541245831e+03
1.460395587089768014e+04
1.894935498878678482e+04
8.298213871861340522e+03
3.888094471085566965e+03
6.560363820438515177e+03
1.146131088850120432e+04
8.191700394202320240e+03
4.725611183890790926e+03
1.388056354834760350e+04
8.171592921482270867e+03
1.570648145058427872e+04
5.813352353358543041e+03
2.546553722702005871e+03
4.524224207932582431e+03
2.010048248252189660e+04
1.349360333502281037e+03
1.163504782083923419e+04
4.206167742814227495e+03
1.085407478227262072e+04
7.801507505287200729e+03
2.350881152472825306e+03
2.782067830586709988e+03
6.605589536246845455e+03
6.655355658412227058e+03
3.824931691411690736e+03
8.860409711172005700e+03
7.607310932855749343e+03
4.484994482263318787e+03
8.180510164842129598e+03
2.405456666956963090e+03
4.615882324674853407e+03
2.431949572320435436e+03
1.685459066639060620e+04
1.046200178898824015e+04
1.973928374126253402e+04
9.744667187537048449e+03
2.862766428120711134e+04
2.042792889181301143e+04
1.159245949639127139e+04
1.861502262515963230e+04
3.168122849062237037e+03
5.737885302726561349e+03
7.687265296465022402e+03
1.318370984272190435e+04
6.757772882189722168e+02
1.895910897789403862e+03
1.284459863121478975e+03
3.764869745614766725e+04
6.364388225220416643e+03
2.583346041543701176e+03
1.233304011232991343e+03
1.608258122938856832e+04
7.066124864760246055e+03
3.007875218169358413e+04
7.806147896676091477e+03
1.160826484182690911e+04
1.422901322385656931e+04
3.701023089656158390e+03
3.759225183222548822e+03
2.284488009240635074e+04
4.006886554619251910e+03
1.695516867222467044e+04
1.163353754548397410e+04
1.673151276904288170e+04
7.163361023582240250e+02
7.613736369646388084e+03
8.723589883417485908e+03
-6.593134498245657937e+01
4.922808277656982682e+03
1.661851544202517107e+04
7.634440029292886720e+03
2.961590794662397457e+03
2.432282021387709847e+03
4.691462399707947952e+03
1.422600147808291149e+04
1.726363742073251342e+04
4.535103283301998090e+03
2.905600875101583006e+04
1.123132994208843775e+04
9.033180317642889349e+03
6.042515880655080764e+03
1.443109538027756389e+04
5.959676527492372770e+03
5.987151615091843269e+03
1.893614585532002366e+03
5.735230807019331223e+03
1.147878854079283519e+04
5.401538703168196662e+03
1.536746073375759079e+04
5.843389744228252312e+03
4.221297406073293132e+03
1.160760686580331458e+04
