2.446138210217484084e+04
3.596716366397221282e+04
1.419008875799801535e+04
8.285938015896554134e+03
1.207083933595858616e+04
2.395280954158610984e+04
2.529476919658960105e+04
1.891870749929380690e+04
7.631602830036016712e+03
-8.035341006258978268e+03
-5.603853549949338048e+04
-9.247856032364163548e+04
-5.632488378137069230e+04
-4.629350365881262405e+04
-1.159678545653884248e+04
2.355285325860236298e+03
2.105573627037872575e+04
-5.352527546548796636e+03
-2.666037512746744324e+04
-5.283853754201270931e+04
-6.358155074941973726e+04
-7.401227072937188495e+03
-3.370223187224224966e+04
-2.500957791496158825e+04
-2.728161386496966588e+04
1.659879142281944587e+04
-7.030106158587172104e+03
-3.697731584928180382e+04
4.586215931054584871e+03
1.643584353332992396e+04
