-3.414400000000000546e+03
-6.033746191614245618e+03
-2.726139282953556176e+03
1.337188821511576862e+02
-2.745855795788254454e+03
3.041414274538365135e+02
1.846103455717888210e+04
1.182142431349623803e+04
3.881509079390274565e+04
2.100239459120136598e+04
1.520039194442347616e+04
3.195679274951035040e+04
2.646226229143558885e+04
3.979880781153349380e+04
4.385566514012163680e+04
3.629082594870687171e+04
1.224864929751132877e+04
1.688614326545793665e+04
4.367005901717639063e+04
1.353301326723791681e+04
2.701446839031219133e+04
5.606612615413842286e+04
9.991984302462775304e+03
4.605207659976633295e+04
4.460137173450892442e+04
1.588904529642660236e+04
5.369899544354874706e+03
2.659417036626211484e+04
3.248201838548499654e+04
2.009029353475247990e+04
1.279232706875960503e+04
7.132467267980186080e+03
2.422852542078743136e+04
1.742215842811740004e+04
2.853348731473421867e+04
5.561827845825129771e+03
1.663965371729115941e+04
3.097160378357885929e+04
7.799413370572015992e+03
6.099203618604366966e+03
1.048529600733316511e+04
3.729325217762262764e+04
4.017306050596719433e+04
1.655764758434663963e+04
5.183783836307293313e+03
4.405135836372186168e+04
6.443811707813041721e+03
1.363713677188172551e+04
2.376197797310563328e+04
4.702649609364925709e+04
1.715850829508898460e+04
1.781620898432171089e+04
1.814685609024036239e+04
5.289187589646018023e+04
3.606556885768401844e+04
4.569474997468060792e+03
3.654370830985114299e+04
1.849824370216178795e+04
8.894516733798946007e+03
2.093529721651279760e+04
7.931425738348050800e+04
3.862693344699451700e+04
2.445669173332320133e+04
1.645888928386984480e+04
8.664156793344311154e+03
1.046757138192417733e+04
3.637184424988467981e+03
2.730739513922515835e+04
9.166685585581641135e+03
5.985236903758283916e+03
3.407825043053529953e+04
2.845862612605333925e+04
1.191803046343762617e+04
2.338033376518915975e+04
1.625083467291306442e+04
1.973044015616007528e+04
3.186821907849636409e+04
1.528401239092739343e+04
3.455449583114375127e+04
1.621805975203044545e+04
1.155633186524505800e+04
3.177533071570238826e+04
1.139789072879540254e+04
1.083409172522545487e+04
1.859719597084210545e+04
1.429063513175700427e+04
3.138134551306018693e+04
1.935295941752494400e+04
1.113449887983490225e+04
2.178321038763711113e+04
2.065103454739367226e+04
2.323619260538422168e+04
7.600712083821604028e+04
5.215657704080652184e+04
2.633704021997643213e+04
6.027404736766450515e+04
2.545886597072090444e+04
2.740119678743374243e+04
1.709614037711768833e+04
3.105342088500835962e+04
2.135446809612193829e+04
6.372052418324963583e+03
1.192795815875527478e+04
1.242659087611719951e+04
5.142254401744875940e+04
1.968381055566114810e+04
1.669101909060777689e+04
2.809523250597812876e+04
2.167390362489567633e+04
-9.332980290187365426e+02
2.109169888185580203e+04
2.059895375329849776e+04
7.417605242637973788e+03
3.002298090880287782e+04
6.172859765587600850e+04
1.346471055948383764e+04
8.950420299844761757e+03
1.816539602503740753e+04
8.286551111576223775e+03
1.587375374088118951e+04
2.782603100196435116e+04
4.614739381497094655e+03
3.698041833660383418e+04
1.654705711477959994e+04
8.923576952643681580e+03
2.673363415261825139e+04
1.903887755267888133e+04
3.118030375679064673e+04
5.389883814528719086e+03
2.723561458153339117e+04
1.326486947693013462e+04
1.817495548850942578e+04
3.113751312156558561e+04
5.538064910272752059e+03
3.961959774599438242e+04
4.704562100810481934e+04
1.979439963766506480e+04
2.463478049462988565e+04
9.533002545471503254e+03
1.503361567071405261e+03
1.905603546373666541e+04
2.924674432582986628e+04
2.059569248913671618e+04
1.141475998607745350e+04
8.667947607616179084e+03
1.548736288932636671e+04
9.199932461615009743e+03
1.156194974148714391e+04
1.427364903388971288e+04
2.396813581265053926e+03
2.667369284791517566e+04
9.163041890411946952e+03
9.701251730172736643e+03
1.766476644844835391e+04
1.573896162977330823e+04
1.632134819923234318e+03
1.432719002160772470e+04
8.739111938887072029e+01
9.351851902707925547e+03
-7.940136721064956873e+03
2.748664986491356103e+04
1.292672996276723643e+04
3.784774242310298177e+03
2.707045706257127313e+04
1.170144861050573309e+04
-3.620833806924667442e+03
6.157806273924946254e+03
-3.709998190310963309e+03
5.706653868900767520e+03
1.143333150384174587e+04
-6.694607549170328639e+03
2.668455384002107166e+04
2.516347414953057159e+04
4.624621319175129611e+04
1.437948372034820932e+04
2.266106601076614606e+04
1.216837398432677946e+04
-1.042327580797025439e+04
1.174044454689410259e+03
1.501369874766305657e+03
1.176456707061854104e+03
-5.356565107740621897e+03
1.997999703451154346e+04
-8.973552083681595832e+03
1.462505740080733449e+04
3.831033933545671971e+03
2.923114995500716759e+04
-1.356307365738904082e+03
-4.712047240844292901e+03
1.508913007663377721e+04
1.493238501788694339e+04
4.400944335930830675e+03
2.688254362800204035e+03
2.573674268413460595e+03
-1.276264517869749398e+03
2.041699806109726705e+04
1.182972897134283812e+04
4.568456024092169173e+03
2.836964194744365614e+03
1.988823944052721345e+04
-1.102336115935631824e+02
1.118311839480542403e+04
1.307663200454548678e+04
-5.011061708240205007e+03
-7.291624267983858772e+03
2.311938390960124525e+04
-7.654196261544925619e+02
-2.397402277383659566e+03
-4.915116683908174309e+03
-4.111079209978212020e+03
-1.159965868885922828e+04
2.388691251373802879e+04
3.311313157947692525e+04
-1.409331086053189938e+04
1.491553216824969059e+04
2.185537204116534122e+04
-5.581639899519366736e+03
4.264084406013053012e+03
4.649182049367153013e+03
8.187150519529490339e+03
8.832463150608344222e+03
9.399646881400771235e+03
-1.277015684081919062e+03
1.259138009420054550e+04
1.843838789387913266e+03
-5.810295448763760760e+03
5.694487530973678076e+03
1.980654536120137709e+04
3.618323077814830867e+03
2.008859183116182612e+04
7.665555795048376240e+03
-8.776312556308004787e+03
-2.272774699775153749e+03
1.201316827294351424e+04
1.472581454199574910e+04
5.431465277130103641e+04
5.023436667650747040e+03
9.123101052050216822e+03
2.566946672406358630e+03
2.715616857998542400e+03
6.082548977475427819e+03
1.811345909501415008e+04
7.755002864756430426e+03
1.853970039385905693e+04
1.219344303685811428e+04
1.052517986310247397e+04
1.002956804614460452e+04
3.540527749191296607e+04
5.653495501536342090e+03
-3.589281911073688207e+03
-2.813727690361066379e+03
2.544442197809056233e+04
2.318007231467268866e+04
1.719465335581368709e+04
9.279329305113351438e+03
3.379661649032031710e+04
1.417179435554964039e+04
1.567328416688894140e+04
2.342423691689435873e+04
-2.299628813395393081e+02
4.684871304801581573e+02
-2.077449307652547759e+03
2.550521552162396256e+04
1.349330217944548895e+04
2.669245816680145072e+04
5.423145872675225291e+03
2.765566584477045399e+04
3.874135614078701110e+03
1.519878906302035648e+04
3.627098922510942793e+04
3.489970284106412146e+04
4.035864170202165405e+04
9.458507895240123617e+03
1.864984689357232855e+04
2.036937528994187596e+04
9.870855202984677817e+03
2.975020316708607425e+04
5.809458768423314723e+03
8.974937535267781641e+03
4.760935748143625824e+04
2.865959260647938208e+04
1.000120752938642454e+03
1.280878186203311634e+04
3.174739516087560332e+04
1.593593025328799195e+04
1.076096614223448159e+04
1.171560326945051565e+04
3.654275682931167103e+04
4.390742628052466171e+04
5.619129709464650659e+03
6.381752109180982188e+03
6.222761189300513797e+04
1.237025629467556246e+04
3.924497544744902552e+04
3.669481854738776747e+04
2.483267493527912302e+04
8.355751870806470833e+03
5.500087767549237469e+03
1.459402500535376021e+04
2.932614154517404313e+04
2.502134777184443374e+04
3.494891049162779382e+04
6.591565910840895958e+04
3.574036777230225198e+03
4.539920151835221623e+04
5.028160773596524814e+04
3.568155359905579826e+04
1.589692729179474918e+04
9.917768896398076777e+02
7.296876417436424526e+04
5.084621168482352005e+03
4.689179248206064221e+04
2.572579210836597122e+04
5.849941695076370524e+04
9.522776370969617346e+03
1.445081612557944209e+04
5.167204843074951350e+04
3.864539636729164340e+04
1.024793149213510515e+04
3.528199933837199205e+04
3.897917502310773853e+04
5.022985983752911125e+04
2.530700607081186536e+04
3.045681728298215603e+04
3.181543907015922741e+04
3.246396561082166227e+04
2.468220403076799994e+04
1.092971752684543389e+04
2.343723579285276355e+04
2.877641209645836352e+04
3.325501621821034496e+04
2.015188939997022680e+04
1.849304857811169495e+04
4.630703850065175175e+03
1.870369905504103372e+04
3.161638874748406670e+04
1.928859898226800578e+04
5.360056591376050346e+04
1.199907968662252188e+03
1.136566612437916774e+04
1.180240534245174240e+04
4.700443766860650794e+04
4.657245295125000121e+04
3.982500162770185852e+04
2.483106328911650053e+04
1.266064404060149172e+04
1.876619623964709899e+04
2.540063632398553818e+04
8.527257288303466339e+03
1.755759719423181741e+04
3.047591408545192826e+04
2.417588182486593723e+04
1.189250717494371020e+04
1.201247145189708317e+04
3.129324715016135087e+04
1.715388408555774004e+04
1.312809763296063829e+04
2.513444266843813239e+04
1.096074036546107163e+04
3.279602371519208100e+04
4.988256804643422947e+04
7.962058577481768225e+03
1.045284296925530498e+03
2.103697989215283997e+03
1.050839367282173771e+04
2.147073894895713966e+04
6.469333106572382530e+04
1.061047513278155020e+04
2.067487626770841234e+04
4.773746190904246760e+04
2.275256270595920796e+04
2.414565335181255068e+04
8.757597834035059350e+03
3.298131531922762406e+03
4.455847946105062874e+04
6.334571271614602665e+03
7.965353903264855035e+03
1.182530359353218046e+04
1.253893770322609271e+04
6.212037400273221465e+03
2.499317100425270473e+04
2.116407153970004583e+04
2.671002240786932089e+04
3.184106804251055291e+04
1.093417079467561052e+04
3.515536380567865126e+04
1.644453895229079717e+04
5.570678482363351577e+03
2.504180983464389647e+04
6.591983517768686579e+04
2.054874022126424825e+04
1.445147624924333286e+04
1.296065898183875561e+03
1.397420604042117702e+04
2.609816459545463658e+04
2.649410025846059580e+04
3.010246170109775267e+04
6.284254313097983868e+03
2.222555125856334416e+04
2.771205445715114183e+04
2.720321254742070596e+04
3.139527428827293988e+04
9.166030206758769054e+03
1.374667902842291824e+03
1.997900678517302367e+04
9.674497780407849859e+03
2.632437974319147543e+04
3.556024651161470683e+04
1.124649078944432404e+04
1.765194460156956848e+04
7.928444510697934675e+03
1.431604388012419258e+04
7.001667593335403581e+03
1.738683509019314079e+04
7.094150673998914499e+03
2.907232113646528160e+04
6.695580443671497051e+03
2.240863950394255880e+04
2.415771524208323171e+04
4.524506216201469215e+03
3.414158653350679378e+04
4.020054748396704235e+04
5.289386138438423586e+03
3.450016411609594797e+04
2.034855339221038594e+04
6.589063716865559400e+03
1.906048756249672579e+03
-7.612698984811959235e+01
2.059737560945743098e+04
2.973794048042315626e+04
1.956395480361957743e+04
1.760278800766099812e+04
6.212541213577883173e+04
3.229819641530169611e+04
1.419380175865214551e+04
2.284840878030891326e+04
1.019043131630636708e+04
6.402114273648476228e+01
3.050255668057052389e+04
3.248588058958802867e+04
-3.015979084559539842e+02
4.511645745730264935e+03
1.891092369448641693e+04
-8.507126774728032615e+03
5.798883288731259199e+03
1.280499421008383979e+04
1.614510086423893335e+04
1.144338869842076019e+04
6.871930611909296204e+03
8.637885869943378566e+03
-5.604460564782761139e+03
5.805475814475754305e+03
-9.363723588382568778e+03
2.675694079613669601e+03
-5.171252236022563011e+03
4.915515560073470624e+03
2.578736936024480201e+03
1.400160298356862040e+04
-7.389272422524103604e+03
6.732212452341609605e+03
1.661093518269777996e+04
1.005331151627311920e+04
2.230070568136532529e+03
3.655650929039141192e+04
1.421687222458635006e+03
3.713014795964609948e+04
-2.012805156462292507e+04
-9.784294404370968550e+03
-1.094850569972670382e+04
2.956576581123765573e+04
-5.900221394127192070e+03
1.293645687409054881e+04
-2.108507371608414360e+03
1.345270636464514246e+04
-9.924764013919132140e+02
-1.407415250461542018e+04
-8.629003482016325506e+03
-1.387808228362184309e+04
-8.901522185494934092e+03
-3.337487437705162392e+03
-1.657685197845887160e+03
1.542844437029234359e+04
-2.634947747087411699e+04
-2.071879754813519685e+04
-6.509665482466509275e+03
1.038738329473502199e+04
-1.492002438185074061e+04
-1.601685712600736588e+04
-2.594710837168149737e+04
-9.535596867308722722e+03
-2.879995784186871970e+04
1.426065022995468644e+04
-1.615073711163256849e+04
-1.825335545114272827e+04
8.318340243046095566e+03
7.438548825892059540e+03
-2.400959254526230507e+04
-4.981990263765201234e+02
3.206769079979578237e+03
-2.586587646517937537e+04
1.496821729060051985e+04
8.488466817537630050e+03
-2.724050571547885920e+04
-8.907474062211558703e+02
-7.873494909563331021e+03
-8.278410747871565036e+03
-1.149861281970210985e+04
-4.039909826190757303e+04
-1.843702924180187620e+04
-1.493438259180394016e+04
-3.511309021213543747e+04
-3.338146180418548465e+04
-1.117894690807307961e+04
-2.400419950404954943e+04
-1.550117705740965539e+04
-2.789311862503262819e+04
-2.109344393847270840e+04
-1.652404385685618035e+04
-2.642253355850428852e+04
-3.344354261790555029e+04
-3.261299921735276075e+04
-5.168600586976261548e+04
-4.022865479346680513e+04
-3.967227788546872762e+04
-3.095232359022608216e+04
-3.691102450132409285e+04
-4.123728714405452774e+04
-4.358189406546346436e+04
-2.367862455870238773e+04
-4.599900804059291841e+04
-4.850008018832998641e+04
-5.170603359067906422e+04
-4.518385308101505507e+04
-5.118214310277497134e+04
-2.468231713135591417e+04
-4.265901131372363307e+04
-2.179330454549576098e+04
-3.293867463204234082e+04
-5.586764904083753936e+04
-5.235455862070336298e+04
-5.600912154844294128e+04
-6.909310704878294200e+04
-5.470170201233733678e+04
-4.573605888898874400e+04
-6.940755545238193008e+04
-6.371287527768960717e+04
-1.482200406493874652e+04
-7.017184757992901723e+04
-5.639823480518168071e+04
-6.033284831626094820e+04
-6.732142376863773097e+04
-4.347217130867583910e+04
-5.731039181133828970e+04
-7.354409574564624927e+04
-6.291035896436587791e+04
-6.605465587422672252e+04
-7.199521052814129507e+04
-8.098672643066912133e+04
-7.793767011705895129e+04
-8.159167971532075899e+04
-6.727111623485667224e+04
-6.111884922781014029e+04
-3.780785824233453604e+04
-5.997071131634668563e+04
-6.020171358333488752e+04
-6.328240398321795510e+04
-3.533074662259962497e+04
-4.095196919412568968e+04
-6.539922038734029047e+04
-8.468973679113424441e+04
-1.750439491611911581e+04
-7.671153441182275128e+04
-7.407620749466383131e+04
-8.944329889167589135e+04
-6.838833790906597278e+04
-7.078565213492755720e+04
-4.444712499898357783e+04
-7.592982699047656206e+04
-7.949655237448858679e+04
-7.606936221863889659e+04
-8.635494433488247159e+04
-6.231093296633611317e+04
-8.179802604489392252e+04
-8.644668401800391439e+04
-6.677780357114748040e+04
-9.871342960081175261e+04
-5.129835647832563700e+04
-8.977199186201766133e+04
-9.621906974620165420e+04
-7.119004804160031199e+04
-7.932295614290452795e+04
-9.519245593625740730e+04
-8.314593656691952492e+04
-9.275652586874965345e+04
-1.034202141867111786e+05
-9.077482254583651957e+04
-9.273985429429171199e+04
-9.370677756126366148e+04
-1.015264394781136652e+05
-9.219962065536860609e+04
-8.930213248813268729e+04
-1.034412334132655815e+05
-1.077673052114664897e+05
-1.096465112984189036e+05
-8.460092948000731121e+04
-9.416837391422194196e+04
-1.024906035556928400e+05
-1.065890146465634170e+05
-8.188791766551905312e+04
-9.828940696594559995e+04
-9.444836158967451775e+04
-1.073314300896031637e+05
-1.026549781178032572e+05
-1.144901563430338429e+05
-9.935559288931806805e+04
-8.520865861882361060e+04
-8.848001611876484822e+04
-1.034662072423281643e+05
-8.286370276048665983e+04
-7.582491907878947677e+04
-9.504200101583561627e+04
-9.036607687787309987e+04
-5.872205412945898570e+04
-6.956488688382843975e+04
-7.482413422453195381e+04
-8.389117160849957145e+04
-8.991358286469746963e+04
-9.762530911652575014e+04
-2.962505805806754506e+04
-7.953189877380408871e+04
-6.100409265031952236e+04
-8.291101061467306863e+04
-6.556798581840508268e+04
-4.934529351857923757e+04
-8.234348784669478482e+04
-6.376083966882227105e+04
-5.136481018390924146e+04
-7.074303794472823211e+04
-6.872676682878061547e+04
-7.222553268605905760e+04
-7.066894449619107763e+04
-3.693118595526943682e+04
-6.026357761640310491e+04
-3.749443607618305396e+04
-6.115569687368967425e+04
-7.092143242420392926e+04
-4.865296064866774395e+04
-6.576787221069699444e+04
-5.254377865685003053e+04
-5.884895285555186274e+04
-5.232211720534458436e+04
-5.105384350764076225e+04
-7.002861510213665315e+04
-4.270177299107963336e+04
-2.970044124528264001e+04
-4.781554916019950906e+04
-6.670130799081851728e+04
-6.545253721143252915e+04
-7.517863134170704870e+04
-7.493394977376265160e+04
-6.600621328265038028e+04
-4.440947602336372074e+04
-7.285551328284178453e+04
-6.587640197852614801e+04
-3.406195766460661980e+04
-4.609884059245508979e+04
-6.452219235614359059e+04
-6.747883108098809316e+04
-5.200547089647172834e+04
-5.679946486115426524e+04
-5.882211607904963603e+04
-5.052098992468238430e+04
-5.034024196694915736e+04
-2.895197858532515966e+04
-5.871872879660558829e+04
-5.291184152973425807e+04
-4.946457686302247021e+04
-3.830208635106545262e+04
-6.224809056948592479e+04
-4.125045747358584777e+04
-4.922828572678183991e+04
-6.021699330603103590e+04
-4.271718012401048327e+04
-2.978357418730900463e+04
-2.102734438189072898e+04
-5.972880176312077674e+04
-4.015463007595697854e+04
-5.909620030445148586e+04
-4.479215434618264408e+04
-1.883455162475309771e+04
-2.963817918277160788e+04
-5.533251447580214881e+04
-5.471635230457782745e+04
-4.579873531200254365e+04
-4.430735482872494322e+04
-3.793014024802444328e+04
-3.665405116443872248e+04
-5.683304272751842655e+04
-5.884302972812255030e+04
-4.288163661614310695e+04
-5.881370651105965953e+04
-2.902031347457769152e+04
-3.531535393285364989e+04
-5.904220793431351922e+04
-3.987487675195623888e+04
-5.140705618618278822e+04
1.584827340812185867e+03
-4.832003458315858734e+04
-2.193057475876377430e+04
-4.319566608265009563e+04
-3.749347155796272273e+04
-3.343690946186347719e+04
-5.280650743094018981e+04
-4.928265597487093328e+04
-3.433034656316155451e+04
-3.872620013018496684e+04
-4.789034480613010237e+04
-4.186322827937870170e+04
-4.271969733474063833e+04
-4.483400047315513075e+04
-2.905146511422454205e+04
-2.856114807318140811e+04
-1.267268137063543145e+04
-3.903657243547582766e+04
-3.597305397690103564e+04
-1.114211196320159797e+04
-1.012224217196878635e+04
-2.874893677434942219e+04
-3.162045677235512994e+04
-2.848465287363045354e+04
-3.053606528146750497e+04
-8.015668481189859449e+02
-2.558969222478929169e+03
-4.639397304779369733e+03
1.598146803509797792e+04
-4.371912812518203282e+03
-1.595957665184549660e+04
-2.684743559652338081e+04
-2.350734647007575404e+03
-4.380685071482421336e+03
5.611861257089165520e+03
-2.596678505083208802e+04
-1.354889557650013921e+04
-1.593701595666728463e+04
-1.062108861926904137e+04
-1.425654142184459488e+04
2.638067064581136947e+03
-1.484301511882631348e+04
-1.900798116408626083e+04
-1.003645997903299758e+04
-2.554030462767902281e+04
-1.679774370249319691e+04
-1.665007443037284247e+04
-5.350711282404179656e+03
-1.775267561666785696e+04
-5.435151947155257403e+03
-1.411556098510842457e+04
6.919817517375071475e+03
-8.859345804243008388e+03
1.680332319230606663e+04
-2.581616064965212354e+04
-2.401310180850190955e+04
-1.719767502993448215e+04
-1.965630692547837680e+04
-2.765253740940270291e+03
-2.383108977219904773e+04
-5.022754172431265033e+03
-2.882511395967227145e+03
2.015518724069112432e+04
-1.237290202575001240e+04
3.110182855103339170e+04
-1.289062043889427514e+03
-1.420008123519214860e+04
5.134154292296070707e+03
-1.437310202123572344e+04
4.590352162532647526e+03
1.095675737059062340e+04
1.179832413577008083e+03
1.299993498651087066e+04
1.144263344057946233e+04
-2.370606224271830342e+03
5.243375044279384019e+04
-6.655719746397926428e+02
1.556972758793003959e+04
-6.470069796173511349e+03
3.422768166890550492e+04
1.539623173949083321e+04
9.416519610846222349e+03
-6.982096151720898888e+03
-1.067677868494643917e+04
-3.594359912748656825e+03
-1.944480258457447235e+03
1.214881736275493495e+03
1.257164575461806453e+04
3.223384392698697775e+04
-6.056403009956969981e+03
-1.064443050475959171e+04
1.160276492801622953e+04
-5.987642263732165702e+03
-5.842967137639563589e+03
3.174054027969821618e+03
-2.718100302242874022e+03
-8.830783502338148537e+03
3.069932153133220709e+04
-6.218976200709365003e+03
8.765835193307881127e+03
1.723842790571830119e+04
4.412748557481469106e+03
5.547488502278076339e+03
4.442396382995050953e+04
8.156747724913020647e+03
8.748294082258084018e+03
9.299589389060198300e+03
2.611206558709060846e+04
8.540954544629934389e+03
2.755451582680771389e+04
4.328793200127973250e+03
-3.358263827102844516e+03
7.924702056709035242e+04
1.711846585641057391e+04
2.179107366911702047e+04
6.135193169864367519e+03
2.470470662544658990e+04
1.014744460945081119e+04
3.340407273368363803e+03
5.511298437509007636e+04
6.458841866525835940e+02
5.712531892197981506e+03
2.974012964348417154e+04
3.956653762291348357e+03
1.133485203447884851e+04
5.142125890961978257e+03
3.196052380909953354e+04
4.202255288699601078e+04
1.535752580779261007e+04
5.702688128708691511e+04
1.400608621058851531e+04
2.447482563449494774e+04
5.722946698827168439e+04
6.066603405849863520e+03
3.292576982855662936e+04
1.560872624332216947e+04
1.374183947359729791e+04
2.096246702962649579e+04
4.359411796198129741e+04
2.272798369033044946e+04
1.844839736193331555e+04
2.057607391223057493e+04
1.540821584133224133e+04
6.563771360876758081e+03
1.428749832754853014e+04
3.175331341105820684e+03
3.366847896736650728e+04
5.421672198629023114e+03
3.155965508970757946e+04
-6.691455804025470570e+03
2.828110115891970781e+04
2.052841896045549220e+04
-2.456561930286684401e+02
-4.756413366209329979e+03
8.519588713553242997e+03
6.251864847755630763e+03
-5.271728476977604259e+03
-6.887429593703767750e+03
-1.045195058164320017e+03
-1.477998586945500392e+03
1.438363612131124682e+04
-1.207284684210761407e+04
3.213935170993334032e+04
1.556760030977258066e+04
1.234928179056698355e+03
1.296056672731439539e+04
5.621053350100522948e+03
3.172694489610963865e+04
-1.191399149102258161e+04
-1.891168119738984751e+04
-6.391149921962180088e+03
-1.493107629981537684e+04
9.415957176939722558e+03
-7.997760226890550257e+03
-4.142454344476168444e+03
-1.453016641272525158e+04
-1.038930941643143342e+03
-1.759523921988495204e+04
1.481617084232445904e+03
1.458094237738106312e+04
-2.134707083066994528e+04
1.065830383596337197e+04
2.309865602494929408e+04
9.076890704693478256e+03
-1.225256767651403243e+04
-8.780299648960188279e+03
4.305342372924746087e+03
-6.364966057597064719e+03
-1.395567798621213115e+04
-7.965634585547301867e+03
-2.108436652508340194e+04
2.211891680830064797e+04
-1.028443710585873123e+04
7.384149390594848228e+02
-1.811727571359459034e+03
-7.499013710998544411e+03
-4.591374729760247646e+03
2.217526701901425258e+04
-1.925141167472529196e+04
-1.232827539031146807e+04
8.118185433351260144e+03
-5.586428590853704009e+03
2.665866555377310215e+04
-1.502936488721237947e+04
-7.783763693925579901e+03
-1.048872503055690140e+04
-5.722929104209983052e+03
-1.286133411559946035e+04
1.383149627437283925e+04
-2.619537698560094213e+04
1.470635670419999224e+04
-2.189284426375756811e+04
-2.558068573266048406e+04
-2.555259669930291057e+04
-2.466792821614828063e+04
-4.336835307135542826e+04
-3.515815805809208541e+03
-3.031493949149423133e+04
-1.973579119262830500e+04
-1.792931807844366995e+04
-4.400375933651212836e+04
-3.636321856395131181e+04
-1.964799102466423210e+04
1.431101645769564493e+04
-2.457851166740112967e+04
-1.347017528672335538e+04
-4.578995652710526338e+04
-4.015826388033444528e+04
-9.085174209341374080e+03
-3.458205186581153248e+04
-1.939236321056236193e+04
-3.349723765449896746e+04
-3.858620125981414458e+04
-2.430433737259124609e+04
-2.520842378123313392e+04
-3.871411383188598847e+04
-2.371341652196981522e+04
-2.368838939617202777e+04
-4.145466671886763652e+04
-2.349326261383798555e+04
-2.375778841046487287e+04
-7.159251981294197321e+03
-3.766218840082662791e+04
-2.175224961812214315e+04
-4.245111856739003997e+04
-3.833199101623115712e+04
-2.524577103808081301e+04
-4.416987101268487459e+04
-3.228107387215246854e+04
-5.411459365129838261e+04
-5.671908570586534188e+04
-5.240062991453700670e+04
-3.011561923941230634e+04
-3.796478049824912159e+04
-2.873212273623044166e+04
-5.206938330318898807e+04
-5.518831633160167257e+04
-4.634556284075260919e+04
-1.650873032921608319e+04
-6.124027856421178876e+04
-3.329255965179989289e+04
-4.260516573461136431e+04
-6.487087133244563302e+04
-2.290789331455053252e+04
-5.840731411561103596e+04
-5.692535703077809740e+04
-5.502907703913079604e+04
-6.051694452230843308e+04
-5.381708117507234419e+04
-1.458828285154866899e+04
-1.786680546548395432e+04
-4.652299624061666691e+04
1.367425527307541779e+04
-6.027379978310294246e+04
-6.038057879636302823e+04
-2.202934500505759206e+04
-3.916214412778665428e+04
-3.358971323981093883e+04
-5.200371756151843874e+04
-4.238377383927690244e+04
-5.504165831940371572e+04
-6.369810518354966189e+04
-2.945453777684403030e+04
-7.373156419763789745e+04
-3.139612089623232896e+04
-6.066643612783744902e+04
-3.303705935338483687e+04
-5.661457390761231363e+04
-3.117376208228512041e+04
-6.819239235027872201e+04
-5.999993311139348953e+04
-4.872332306427165167e+04
-6.069636086987269664e+04
-7.788541365695842251e+04
-6.731418324513531115e+04
-8.590745659309929761e+04
-2.890541032219093177e+04
-5.181084660977954627e+04
-7.068897882291942369e+04
-7.859311301091991481e+04
-5.275255810212526558e+04
-7.702581763531794422e+04
-8.056556423200361314e+04
-7.268235419122091844e+04
-7.947678517018946877e+04
-9.591967875780869508e+04
-8.620422631827949954e+04
-7.220003986420610454e+04
-6.324025468680724589e+04
-6.384448782884026878e+04
-6.717873305686922686e+04
-8.707155716146170744e+04
-5.796575122124498739e+04
-8.409414612163342827e+04
-7.660870544142286235e+04
-7.512838584375299979e+04
-8.459099836190471251e+04
-9.014840012563666096e+04
-9.002111095202379511e+04
-9.321244004202155338e+04
-7.660286515699040319e+04
-7.759691170970612438e+04
-8.573305137464623840e+04
-9.338635353471514827e+04
-4.070765270063826028e+04
-9.136002706145620323e+04
-8.376160046038571454e+04
-8.620306669618104934e+04
-8.176542423053216771e+04
-5.512897143149533076e+04
-7.097509186171695183e+04
-5.293739490454657789e+04
-9.277087027996005781e+04
-6.815714691858978767e+04
-6.575236973892281821e+04
-9.199432719941383402e+04
-4.484063408365033683e+04
-6.708833495023788419e+04
-4.959457192761106126e+04
-6.012590648305727518e+04
-6.940373167472898785e+04
-7.836368160171396448e+04
-6.255486816341441590e+04
-4.609708167144677282e+04
-3.247047411321888649e+04
-4.213522243735861412e+04
-3.961181095437162730e+04
-3.209886652540934665e+04
-3.010955276046406289e+04
-3.337839104815018072e+04
-2.672588826948407586e+04
-3.506980499098410655e+04
-2.038194524409665974e+04
-2.436365802306194382e+04
-1.327774030227972071e+04
1.607171475793291393e+03
-1.529840307999007018e+04
-2.367773473427433055e+04
-1.611399712298885424e+04
-2.395482008483506434e+04
-1.118066752628999529e+04
-1.798257750550466881e+04
-1.683123230107811105e+04
-1.248359305389684232e+04
2.423356360342650078e+03
-1.990795935806142006e+04
-1.831702895275459014e+04
-2.478088016595282170e+04
-1.927956177849710366e+04
-2.685532164045442187e+04
1.458353429930344646e+03
-1.034395682714081431e+03
-1.160356274642484095e+04
-2.425195779635536383e+04
-2.292099546855172593e+04
-2.502711926384809703e+04
1.318951908465892120e+04
-1.788073692197886339e+04
-2.716266357165256341e+04
-1.763653790932723496e+04
-1.036671772275823059e+04
-2.332753519975420568e+04
-7.601388870926399250e+03
-2.444274381070904565e+04
-1.455315989208031897e+04
-9.169375316889225360e+03
-2.166219195105235849e+04
2.761413655435542751e+04
-2.883343274406967976e+04
-2.660341279960975953e+04
2.568536129577680549e+04
-8.798073996507961056e+03
-5.099595011972749489e+03
-1.259252686732206894e+04
-3.807082863959857787e+04
-1.425006526014804695e+04
-1.831275206843292472e+04
-1.777510750178249873e+04
-1.682878748874070880e+04
-1.459417042597664113e+04
-3.490830795023636892e+04
-2.066829739148087538e+04
-2.621719203698475394e+04
-1.912427137443866377e+04
-2.764969307300360742e+04
-2.659574137783488914e+04
-2.640999812569133428e+04
-4.061501943102346559e+03
-1.795550296219551092e+04
-3.180408020370360464e+04
-1.782416313444017578e+04
-3.251503418858846999e+04
-1.273891649089339262e+04
-3.737573359543594415e+04
-3.039117355965054594e+04
-4.414461387105514586e+04
-3.705947659982388723e+04
-1.807812063509809013e+04
-3.068773589567668387e+04
-2.381476638576681580e+04
6.898614110807317047e+03
-1.738511029980148305e+04
-3.458097853927781398e+04
-4.069817495417640021e+04
-2.128130630854644915e+04
-1.089313453581290014e+04
-3.591965352782972332e+04
-2.924770454559877180e+04
9.488489947629430389e+03
-1.237919171670596188e+04
-4.158997077530348179e+03
-1.844982843822445284e+04
-2.643654826844152558e+04
-3.890242232562423305e+04
-3.089572503115938889e+04
-4.939341042720418773e+04
-3.366386718930643110e+04
-4.627573918026816682e+04
-1.703585252454456349e+04
-2.485058884392092295e+04
-5.707821234079595160e+04
-2.403313501486054520e+04
-2.326350548812858324e+04
-3.053228268223377381e+04
-5.135964023446868669e+04
-3.968249435780753265e+04
-3.255509266726052374e+04
-3.292901760756309523e+04
-3.543071616069914307e+04
-4.364653005865831074e+04
-5.173760941913240822e+04
-4.555207642902933731e+04
-5.015166270038445509e+04
-2.584203129774868285e+04
-2.326479315379063337e+04
-2.266101097838567875e+04
-2.523834352691909589e+04
-4.259404583190544508e+04
-4.265910175363165035e+04
-1.373255761253742821e+04
-2.445923111435504688e+04
-2.136392581684570359e+03
3.890261196438923434e+03
-1.493351017809138830e+04
-3.514433560408477206e+04
-2.420076114511619380e+03
-1.971880368571657527e+04
-1.060533053565971386e+04
-2.465504381639076018e+04
-1.234589951995220508e+04
-1.438096403913803806e+04
3.490485131378982260e+03
-2.160287981904840126e+04
-2.804939263042583843e+04
-2.084821333673767367e+04
-2.791641779518587282e+04
-2.220860706105395730e+04
-1.235368843578035194e+04
-3.688385146821193757e+03
-1.633922978000152216e+04
-1.932119837736793488e+04
-2.512102602889456102e+04
-4.272437312234631827e+04
-2.354098098366624981e+04
-8.994492984696118583e+03
-3.492535071791953669e+04
-3.558348505759043474e+04
-4.124949759279308637e+04
-1.651229680863788599e+04
-4.541688755290415429e+03
-2.979975190667617426e+04
-2.136715733871232442e+04
-3.311742545007104491e+04
-2.400463253722885202e+04
9.705700025610252851e+03
-3.681161104156824149e+04
5.711565247428254224e+03
-3.977381247925334173e+04
-3.396137620524386875e+04
-3.205056237843873532e+04
-2.527932310165352465e+04
-3.059958925884993732e+04
-1.202492126853962691e+04
7.333943501400863170e+03
3.823514819748746959e+03
-3.938714040719809418e+04
1.876907233746597740e+03
-2.452980226113088793e+04
-2.955653153527416725e+04
-3.143915412372522042e+04
-2.240848063270713465e+04
-2.074475344000567202e+04
-2.168469452971551073e+04
-1.368833249992733363e+04
-2.862822974490420165e+04
1.291225388821310844e+04
-3.524852876720889617e+04
7.906481544170400412e+03
1.627991815819252224e+03
-8.367974153934064816e+03
1.333319728154056065e+02
-2.515869515067694010e+04
-6.744654986026693223e+03
4.547262156682772911e+03
-9.608532006655135774e+03
-1.431855790342110777e+04
-3.795364167670794996e+04
-3.783905992889292975e+04
-2.131217986399461552e+03
-9.816946231785859709e+03
-6.347329909207241144e+03
-1.061675108168457882e+04
-3.143486810645177684e+04
2.111404375770263869e+04
-2.028877896811323444e+04
-3.309648750204806129e+04
-2.534667530531916418e+04
-3.479725344519099599e+04
-3.674690281012917694e+04
-4.574691447239460103e+03
-4.041985127710415691e+04
-2.655429958908358822e+04
-1.700491714097414661e+04
-3.398628116449469235e+04
-1.828236809775976508e+04
-2.504328016866027610e+04
-1.694252615694206179e+04
-2.737408517605193629e+04
4.619959676624883286e+03
-3.043836301882990301e+04
-1.267256646811394785e+04
-1.724894968494369095e+04
2.311848884855880897e+04
-2.744172717555406780e+04
9.496488205214074696e+03
7.038008847661130858e+02
-4.834691570544755450e+03
-1.728729830193788075e+04
2.014955148504508543e+04
-2.166762441146127821e+04
-7.666203729005526839e+03
-4.266997836562342854e+03
-1.123596784394918177e+04
-1.872901249365538024e+04
-9.838483058149187855e+03
-6.784587643441112050e+03
-1.721005555175035988e+04
3.542611187664380850e+04
-1.021673036453203531e+04
1.596467560878821496e+04
-3.887369305692456237e+03
-6.798263175446276364e+03
8.532722590863568257e+03
2.941835684517986374e+04
5.634559967059707560e+03
4.183036283766409724e+03
1.745858955730569869e+04
-1.115811325159208081e+03
2.544747635133761651e+04
-6.635705167643873210e+02
1.372758162802728839e+04
3.401308927803090228e+03
-7.494578314853432857e+03
2.056463060051541470e+04
8.683211507016021642e+02
6.579257159018396123e+03
2.853823470736950185e+04
2.410848708382874975e+04
1.112682462451806896e+04
1.029869872554178437e+04
2.353486584473177209e+04
2.537606727051398593e+03
2.109314419545692363e+04
3.730247400997625664e+04
-3.134034129466117520e+03
-3.544847008962956352e+02
2.394262938292496619e+04
2.334682568765769247e+03
1.578199648013241313e+04
1.407390783705513513e+03
2.429793404314761574e+03
-4.418370680704972983e+03
-8.932893711611575782e+03
-1.642353539543102670e+04
4.364001179384807074e+03
1.173981426673630813e+04
-1.087591023566817057e+04
-2.780560121738441921e+03
-7.790621465746678041e+03
2.209469234578588294e+04
-4.367937938079212472e+03
-3.189659636698594568e+03
1.787008129591894976e+04
1.744340081902307065e+04
-4.876382069097833664e+03
-3.594497807136034680e+03
-6.604594499269096559e+03
7.081974568142268254e+02
1.846424003820945654e+04
-1.678498375832571583e+03
-8.383527185577682758e+03
-1.845034138257262384e+03
-1.000093947060885694e+04
-9.261764031280981726e+02
-1.308509463100259381e+04
-2.532365902951125099e+04
-2.610243275713130788e+04
-2.860420504316398365e+02
-1.451131008094121353e+04
-1.375435209375901104e+04
-1.258064084131371601e+04
-1.963871549282219348e+04
-1.424820093042056033e+04
-2.374458186218533228e+03
7.112835487350223957e+03
-2.266787047330786299e+04
-2.035927195338433012e+04
1.366654700904572383e+04
-3.476092581951463217e+03
1.704640372008184204e+04
7.950274230808499851e+03
-1.840101292393869517e+04
-2.278476321707279931e+04
-2.838811088350285354e+04
-2.839745607639928858e+04
-3.171146678500895359e+04
-2.676388276205469083e+03
-6.035451237348113864e+03
-8.998637034790579492e+03
-1.399267441929090091e+04
-3.438762847836266155e+04
-2.499935819644058574e+04
-1.887731055210759951e+04
-3.243204567910699552e+04
-3.839629219217278296e+04
-1.021385291355491790e+04
-3.388077767236497311e+04
-1.935865596088331222e+04
-2.929347351199905097e+04
-3.418332015205271455e+04
-1.839129762103084067e+04
-6.165505406027232311e+03
-2.839109088038688424e+04
-3.794299787508098962e+04
-1.166028540990866168e+04
2.053013787399467037e+04
-1.653375508588235243e+04
-3.637974694792176888e+04
-1.917803777067914052e+04
-4.894705121686683924e+03
5.634424666755485305e+03
-1.852765354761744675e+04
-1.677021570734880515e+04
-2.199777374866584796e+04
-2.891520001793058327e+03
-4.146925781632021244e+04
-1.023856142989607542e+04
-3.654776555228504003e+04
-3.531249967180975364e+04
-2.576541637898258705e+04
-2.624515584013462649e+04
-4.552876150389963004e+04
-2.493776709190258407e+04
-1.428757900206365230e+04
-4.237633338272196852e+04
-3.654308961192928837e+04
-3.733045580848665850e+04
-3.721243876326479221e+04
-4.374276134796992119e+04
-3.539461778123620752e+04
-2.533213823702954687e+04
-4.500080489101554849e+04
-5.408174232251376088e+04
-1.275877634665038204e+04
-4.506785132982962386e+04
1.369979647296132316e+04
-5.332673942629367957e+04
-4.014135016889838880e+04
-5.045555102711965446e+04
-3.413441057069169619e+04
-4.096779851698063430e+04
-4.487150739067383984e+04
-2.655402214608779468e+04
-3.511766387907291937e+04
-4.857626086527792359e+04
-1.010092186543738353e+04
-1.840906140716080336e+04
-4.665328371715772664e+04
-5.047090031328154146e+04
-1.226669351947365067e+04
-4.646386706942395540e+04
-3.591296315536476322e+04
-3.337631104520829831e+04
-3.086229841925096844e+04
1.149477883273963016e+04
-1.782455970592816448e+04
-2.523182097703339969e+04
-3.517721033801674639e+04
-3.483908199178319046e+04
-4.097946560948038496e+03
8.643036525845958749e+03
-2.351209512248636747e+04
2.395900169301435380e+04
-1.544921677312356951e+04
-2.780069223701874944e+04
-1.902509471865023806e+04
-1.193098525367772527e+04
7.066958002048588241e+03
-1.197939300983965950e+04
2.572928206107864753e+03
-1.019664244728042468e+04
2.446263896879765525e+03
-9.960695907887660724e+03
-3.994030561438384211e+03
-1.201166290282495902e+04
-1.136724389811468791e+04
6.379863667502124372e+03
4.281630376374803745e+03
7.707571707990966388e+03
2.525388836853087469e+02
1.570511954192247504e+04
2.534375726846301768e+04
4.446402713939028217e+03
5.124181951607762130e+03
1.297699033152945049e+04
-1.680389118731886811e+02
1.496971431818466772e+04
2.304727295545440211e+04
5.014063365822692504e+03
-4.756115310469335782e+03
7.889373364423217026e+03
-1.066387586720150466e+03
3.015845328937484010e+04
1.358636736356350229e+04
1.436005085989236250e+04
1.993148979004832654e+04
4.544281823503750275e+03
6.929872272859040095e+03
7.911725068925508822e+03
1.506116311295714149e+04
-3.093767573522079147e+03
5.997901610671087838e+02
2.696413104662058322e+04
9.621022744252927623e+02
3.316984814186194126e+04
3.314620451044649963e+04
2.221012405276163190e+04
6.955056542130264279e+04
2.274557238599922584e+03
8.775772844917635666e+03
3.254019248555067315e+04
2.345899121059641766e+04
2.809167484333330503e+04
3.970353083113928733e+04
9.194765507037238422e+03
3.681388616177967924e+04
3.662914799881937506e+04
1.158296044740120124e+04
3.133454052034029883e+04
1.641354341161623233e+04
4.709864177984492562e+04
2.733795577303633763e+04
1.752374744834872399e+04
3.819715390582162945e+04
2.257346554970338912e+04
2.854036955836848574e+04
2.708170413555821870e+04
4.345759764395844832e+04
-3.457855036978421595e+03
1.111353765037270023e+02
7.645338225785671966e+03
5.127845008207148567e+03
2.849801024086550751e+04
4.780824631327086536e+03
