-1.137515436747495551e+05
-6.724456123925880036e+01
-2.220889081619869643e+01
-4.048668687103965169e+01
-3.277338191746765972e+01
-2.622477468328887795e+01
-7.234212693861437060e+01
-4.805344532053587159e+01
-2.713467213910703180e+01
-2.854603119533243216e+01
-5.275476462399943500e+01
-8.453447300138423088e+03
-1.109711539526647641e+02
-1.236890147815896199e+02
-9.302810996693941092e+01
-5.950122493904129897e+02
-3.607182755766307764e+03
-4.044805682228853811e+02
-3.152938945222952869e+06
-9.961670337522050366e+06
-1.661920248867518641e+07
-2.327431232072382048e+07
-2.989695479799057171e+07
-3.667793251674591750e+07
-4.342819511090929806e+07
-5.009742383807498962e+07
-5.668340397045879066e+07
-6.721212094573745131e+07
-3.887668602251283824e+07
-2.366562855369014073e+02
-1.862520378865661712e+02
-2.002899387074712081e+02
-2.151443351229157486e+02
-1.605715383531065754e+02
-1.362720145982439988e+02
-1.406818719789066279e+02
-1.657397566809556224e+02
-9.685388456816197333e+01
-3.241641649504448424e+02
-7.796960028835442813e+01
-5.957977878022305873e+01
-5.425742350130347802e+01
-3.234534588209383088e+01
-4.327250659205499517e+01
-3.464818983174759895e+06
-1.046296513526808284e+07
-1.717910961145367473e+07
-2.384767882061918452e+07
-3.032775671677177027e+07
-3.697024146686470509e+07
-4.369358463914880902e+07
-5.053324337094806880e+07
-5.716274898064162582e+07
-6.386111182335420698e+07
-7.032402026428885758e+07
-7.697653102364151180e+07
-8.403886697458179295e+07
-9.067365020710583031e+07
-9.746284616506288946e+07
-1.044962728230033368e+08
-1.110308074729281217e+08
-1.178238344869816750e+08
-1.244706573523454219e+08
-1.310793782215048373e+08
-1.378320753149650693e+08
-1.444100975023637414e+08
-1.511726637071079016e+08
-1.579432696257905364e+08
-1.646706483236469030e+08
-1.714974646669290066e+08
-1.784524571435683668e+08
-1.854398840695201755e+08
-1.921797619471259415e+08
-1.989318861744430065e+08
-2.057539151090686917e+08
-2.122495107335035205e+08
-2.189284875341691971e+08
-2.256232429765365720e+08
-2.323659775706782937e+08
-2.391582843241846561e+08
-2.456435786746581495e+08
-2.525991405229279399e+08
-2.593327796730583310e+08
-2.659838206082630754e+08
-2.725215647212814093e+08
-2.791386722435810566e+08
-2.857809662639294863e+08
-2.924190588345795274e+08
-2.994224561239044070e+08
-3.062067099626195431e+08
-3.131130598961602449e+08
-3.201311752605222464e+08
-3.268648959296441674e+08
-3.335779948501156569e+08
-3.400575506672888398e+08
-3.467619334607867599e+08
-3.533034367974468470e+08
-3.598403652248034477e+08
-3.662714789893777370e+08
-3.727493894988951683e+08
-3.795589447424017191e+08
-3.912144005292268991e+08
-4.048161994214652777e+08
-3.336789733603225946e+08
-2.435294712425418402e+04
-6.103510690199379951e+02
-4.469427424918908400e+02
-5.884857761462351391e+02
-5.125573781947965699e+02
-4.108893893682882776e+02
-5.689657120260784495e+02
-5.850509688105115629e+02
-4.743110597423817012e+02
-4.227920162023166313e+02
-7.235696241402172291e+02
-3.720106667237669171e+02
-3.896472299563134243e+02
-2.648215147037085444e+03
-3.157988496644032239e+03
-4.821203163128088818e+03
-5.355014636515879829e+03
-4.045298329343501791e+03
-5.951555294458862591e+03
-1.190311893443776717e+04
-2.377631004537190165e+04
-1.786743393594909139e+04
-1.440973563890274090e+04
-9.312527104362643513e+03
-6.279224664572442634e+03
-9.913664261378944502e+03
-1.902814156293917040e+04
-2.730265113817500969e+04
-6.680821243745954234e+03
-2.552591253117915130e+03
-7.887630307187845347e+02
-5.300773065854493780e+02
-3.626117794365027862e+02
-3.494396627847639820e+02
-6.675059532689092521e+02
-3.890256506188710546e+02
-1.125615661267364942e+02
-1.144111422599251000e+02
-3.664316007105392714e+02
-2.397718150508338226e+02
-1.498212200933846532e+02
-2.732871433499093428e+02
-1.456713193241479019e+02
-9.473960331173478266e+01
-1.386839551097370986e+02
-1.748755944481964377e+02
-1.674835148919184178e+02
-1.905484676307624454e+02
-2.273448244253260668e+02
-1.769424530376848281e+02
-2.137065616790129354e+02
-1.776596210959359041e+02
-1.894217731177662927e+02
-1.636502057990672938e+02
-2.182834984301933332e+02
-1.618263648437992117e+02
-1.598778043196046497e+02
-1.579048572418296601e+02
-9.445827360028872022e+01
-1.777160472830896651e+02
-7.593212852848290595e+01
-1.431299836898659805e+02
-1.761284263611366896e+02
-1.325085573368357359e+02
-1.402008489527273696e+02
-1.162604678957979729e+02
-2.646128903664395011e+02
-2.337911980983090814e+02
-7.637601168356734149e+01
-1.604780775148132648e+02
-7.565768768075619732e+01
-8.473315810820760419e+01
-1.049329933295979771e+02
-5.868122261719162225e+01
-8.243539270735593050e+01
-1.490842680676133796e+02
-9.442786708389550654e+01
-7.874314996012569168e+01
-9.136922967401787332e+01
-6.880864134008611188e+01
-5.185360986196658217e+01
-5.684072005623666968e+01
-1.400674168103455770e+02
-9.106743547154363227e+01
-1.020789434595701834e+02
-1.116267553640495436e+02
-9.663161410036948951e+01
-1.168193665293317736e+02
-1.316673819077863641e+02
-8.292812711580991447e+01
-9.982901034292376607e+01
-8.058965107569778752e+01
-1.287403966540155693e+02
-9.954378535294117114e+01
-1.088021324343432070e+02
-1.031202531752022651e+02
-1.087719212035093790e+02
-1.245086151237723868e+02
-1.150205628864588618e+02
-1.130706114126538750e+02
-1.120427499972858811e+02
-2.516733158964206814e+05
-5.203335889119783416e+06
-1.190619385153899528e+07
-1.858071232100180164e+07
-2.538428752169188112e+07
-3.235784006820647791e+07
-3.924070046760934591e+07
-4.583703319047129154e+07
-5.227608910999119282e+07
-5.883546265771935135e+07
-6.568713615084513277e+07
-7.217344880745919049e+07
-7.893247751249773800e+07
-8.556743273005029559e+07
-9.218958385239876807e+07
-9.877424589959600568e+07
-1.051366349075278342e+08
-1.116192400642120540e+08
-1.184399787482224703e+08
-1.248585565792758167e+08
-1.315505133098887503e+08
-1.380777284911705852e+08
-1.443964875467364192e+08
-1.510932094480299056e+08
-1.575612798544129133e+08
-1.642055270463067293e+08
-1.709309856598311067e+08
-1.774687874205139279e+08
-1.842231627700039446e+08
-1.910064084046725929e+08
-1.977377477425476313e+08
-2.044189814931552410e+08
-2.110406417977239490e+08
-2.177872145734641552e+08
-2.245276837148601115e+08
-2.313159467900590897e+08
-2.378176068587206304e+08
-2.445623422063136101e+08
-2.512012424822841287e+08
-2.580525720749890804e+08
-2.648351881538819671e+08
-2.713621703606340289e+08
-2.781620071598790884e+08
-2.846662089765624404e+08
-2.913394104889816046e+08
-2.979735613606321812e+08
-3.046764296713683605e+08
-3.112320840784214735e+08
-3.179572417930935621e+08
-3.248011814928106666e+08
-3.315131322743610144e+08
-3.379653444825544953e+08
-3.446606989469361901e+08
-3.513082501539505720e+08
-3.579954163618162870e+08
-3.647745120550782084e+08
-3.715049508491399288e+08
-3.778733795062229633e+08
-3.843925418728614450e+08
-3.912782942515314817e+08
-3.976590392289854288e+08
-4.041820758467584848e+08
-4.105096338108361363e+08
-4.169142724801657796e+08
-4.235178405008412600e+08
-4.302048588702346683e+08
-4.368248932982422709e+08
-4.434906000915223956e+08
-4.498933582341870070e+08
-4.564433959509879351e+08
-4.631788272544277310e+08
-4.697756293800107837e+08
-4.766044827758823633e+08
-4.833709913848970532e+08
-4.900204521664544344e+08
-4.966227515311336517e+08
-5.033807304702397585e+08
-5.100222118721084595e+08
-5.167936769997817874e+08
-5.232067324212881923e+08
-5.298464836899854541e+08
-5.366511286486266851e+08
-5.434348213579443693e+08
-5.501756543649541140e+08
-5.565272196410832405e+08
-5.631091958854029179e+08
-5.698455042059822083e+08
-5.766985415335834026e+08
-5.833138480728695393e+08
-5.898889287486116886e+08
-5.966679471329362392e+08
-6.033090551599451303e+08
-6.101117663694226742e+08
-6.167908203820807934e+08
-6.234834224322230816e+08
-6.301198124319872856e+08
-6.368549404221289158e+08
-6.434485045358181000e+08
-6.501506859523141384e+08
-6.570335600617998838e+08
-6.636092177291419506e+08
-6.704912058392063379e+08
-6.773487098408962488e+08
-6.836582701342945099e+08
-6.901765658972854614e+08
-6.969740751606363058e+08
-7.033530711280114651e+08
-7.101874363136337996e+08
-7.169343218123816252e+08
-7.237408105866479874e+08
-7.305195806314527988e+08
-7.370730041479874849e+08
-7.440084665356507301e+08
-7.509086258785876036e+08
-7.577349399889916182e+08
-7.643937809137070179e+08
-7.713006337162417173e+08
-7.779866788851168156e+08
-7.845397703495587111e+08
-7.913098972393862009e+08
-7.979690401382707357e+08
-8.044971774700528383e+08
-8.113935127069606781e+08
-8.181205955609681606e+08
-8.246799301948548555e+08
-8.311888258573598862e+08
-8.378371969763953686e+08
-8.446471972601788044e+08
-8.512100926163171530e+08
-8.577524552423605919e+08
-8.645578259398044348e+08
-8.716519471501462460e+08
-8.826799657322982550e+08
-8.965563968147573471e+08
-9.100113730602184534e+08
-9.234851875293986797e+08
-9.368355162009595633e+08
-9.505120612560361624e+08
-9.641649422787077427e+08
-9.778683411058800220e+08
-9.914309973862193823e+08
-1.005079180505203009e+09
-1.018582769202723742e+09
-1.032017675292578697e+09
-1.045526643489904642e+09
-1.058761431048150420e+09
-1.072205131759895563e+09
-4.968854185891112089e+08
-1.120243780696566105e+08
-1.186536483137699664e+08
-1.252262432274650335e+08
-1.318234438180591613e+08
-1.385767958900421262e+08
-1.451538680999780297e+08
-1.516820613840716183e+08
-1.582440807902641892e+08
-1.648886984678719640e+08
-1.716499947193763554e+08
-1.781463591090974510e+08
-1.848882813057577014e+08
-1.915726847626219690e+08
-1.983612967095919847e+08
-2.049166543657662868e+08
-2.116696651315631866e+08
-2.183371738131390512e+08
-2.249716520331900120e+08
-2.314943712503339648e+08
-2.380036498895099759e+08
-2.446875331643943787e+08
-2.515105234514824748e+08
-2.582768493444270492e+08
-2.649926976945663989e+08
-2.718256192647405863e+08
-2.785190648382784128e+08
-2.851640933642116785e+08
-2.919718463336117268e+08
-2.984397911976626515e+08
-3.049757898811190128e+08
-3.116229485919779539e+08
-3.181300265013232827e+08
-3.251131624530349970e+08
-3.316626564031202793e+08
-3.381831440320069194e+08
-3.447854094619007111e+08
-3.515080548854424953e+08
-3.583406401120940447e+08
-3.650425327590100765e+08
-3.718669473970022202e+08
-3.786578581820145249e+08
-3.857405956810983419e+08
-3.927769222857770324e+08
-3.996657435717119575e+08
-4.062354962376431227e+08
-4.127258281109467149e+08
-4.196681010483759642e+08
-4.265668388477510214e+08
-4.334708492612748146e+08
-4.402249340718231201e+08
-4.469558142035949826e+08
-4.537067166693585515e+08
-4.603898671166243553e+08
-4.671322790978918076e+08
-4.736437527575116158e+08
-4.803682201157649159e+08
-4.870355178078016043e+08
-4.938199007646239996e+08
-5.003723647244384885e+08
-5.071147742476291656e+08
-5.138016173728839159e+08
-5.205574870767346621e+08
-5.274852092686085701e+08
-5.341637203137486577e+08
-5.407823372278528214e+08
-5.475087334774200916e+08
-5.541263943389699459e+08
-5.609684278873356581e+08
-5.676591061069226265e+08
-5.742360737017958164e+08
-5.809933791011483669e+08
-5.877667128083641529e+08
-5.946013772848947048e+08
-6.016013302727599144e+08
-6.084581009051222801e+08
-6.148934914238326550e+08
-6.215614352665605545e+08
-6.283409993238275051e+08
-6.349126881486251354e+08
-6.417265432375113964e+08
-6.483025522976568937e+08
-6.551187970206274986e+08
-6.624206492432882786e+08
-6.693323549158555269e+08
-6.764146296020343304e+08
-6.831618473291549683e+08
-6.899223599744660854e+08
-6.966947296117711067e+08
-7.032790640145183802e+08
-7.102452248495022058e+08
-7.169607290668965578e+08
-7.235956793266390562e+08
-7.303227253655843735e+08
-7.370436811942076683e+08
-7.437949040282809734e+08
-7.505494905708634853e+08
-7.573599815969740152e+08
-7.639923593469697237e+08
-7.707145964928541183e+08
-7.771868191814315319e+08
-7.839638304419953823e+08
-7.908350109570621252e+08
-7.976869790311470032e+08
-8.043989720464622974e+08
-8.110263920838687420e+08
-8.177603174795163870e+08
-8.245591069042632580e+08
-8.310824185486619473e+08
-8.378576640589601994e+08
-8.447645634253512621e+08
-8.514791148809849024e+08
-8.580166889499543905e+08
-8.647496585378801823e+08
-8.715109690097856522e+08
-8.781865944052104950e+08
-8.846918132004091740e+08
-8.912228200495605469e+08
-8.977841020361067057e+08
-9.044789514037454128e+08
-9.109241053434404135e+08
-9.173694244701735973e+08
-9.238783235329163074e+08
-9.302719152416692972e+08
-9.371254795279455185e+08
-9.438099256067825556e+08
-9.504336556653121710e+08
-9.572841793500846624e+08
-9.640389290403751135e+08
-9.706391274718723297e+08
-9.770732287675158978e+08
-9.835920732319819927e+08
-9.901583145796527863e+08
-9.967472895841760635e+08
-1.003556501142706633e+09
-1.010335422736617446e+09
-1.016984643259348631e+09
-1.023585633835987687e+09
-1.030132853733399987e+09
-1.037120449914194465e+09
-1.043945839710041642e+09
-1.050737714744753242e+09
-1.057476279573056459e+09
-1.064133328403265238e+09
-1.070799671015390158e+09
-1.077513570760118008e+09
-1.084486932472370625e+09
-1.091048056568440914e+09
