-1.687498130741106579e+05
-1.574413349512775767e+03
-2.301024303280941094e+05
-5.370498844386563636e+06
-1.309423815620202944e+07
-2.163637946819213219e+06
-6.173090121313360520e+06
-4.339928368815254420e+06
-1.112741429188174382e+07
-2.128602100961066037e+07
-3.530749319329123199e+07
-2.680841938203088939e+07
-1.835093160427790135e+07
-7.709399841493323038e+03
-1.390253266161470208e+06
-7.941810175416876562e+06
-1.133597145815737173e+07
-5.495180948806619563e+04
-2.493772177795395635e+02
-2.057120459149568319e+02
-1.833752067582817690e+05
-7.794225422414889559e+06
-2.136142474655237049e+07
-3.481889119864816219e+07
-1.103324758875309490e+07
-1.385669971189632639e+07
-2.734232666777240485e+07
-4.077719373757810146e+07
-5.422530164235095680e+07
-7.030481375126802921e+07
-7.373276655978408456e+07
-4.691871700965634733e+07
-5.959814437659150362e+07
-7.305302159396246076e+07
-8.839398832690694928e+07
-1.085828309584422112e+08
-1.264921960392706096e+08
-1.275451587887655050e+08
-1.410014133685039580e+08
-1.565636564663526416e+08
-1.616257574918276668e+08
-6.588071264802930877e+06
-2.766744811194991926e+05
-5.983443495844800054e+03
-2.036821091437898111e+06
-8.846762848270662129e+06
-1.077942623457177356e+07
-2.618369655933109112e+06
-1.054684315620816313e+07
-2.394153788398363814e+07
-2.533740039591380581e+07
-3.946546066688393056e+07
-6.149828471821787208e+07
-7.241111327929314971e+07
-4.982701841013978422e+07
-6.306385663385587931e+07
-7.761779531898033619e+07
-9.708242679925915599e+07
-1.167606491815821826e+08
-1.373548188145857155e+08
-1.575730994707107842e+08
-1.735049537707171738e+08
-1.570375504256753325e+08
-1.702768537871226966e+08
-7.542172830411571264e+07
-1.185659321030053310e+07
-4.517616371331909671e+06
-1.358480996957071684e+07
-2.797278219390106201e+07
-5.075069518956434727e+07
-7.245743577280977368e+07
-5.488545936421140283e+07
-7.435862476525464654e+07
-9.515570168708959222e+07
-1.208014836274546832e+08
-1.477112870668635070e+08
-1.213799167938634157e+08
-1.314328395771803558e+08
-1.457778245525408983e+08
-1.649342423270810246e+08
-1.869317302954890132e+08
-1.886116311432028413e+08
-1.978623756378712058e+08
-2.139488798161486387e+08
-2.354949462438750863e+08
-2.422706519236854911e+08
-2.623803746368154585e+08
