2.949258404265633435e+05
6.222400184392467781e+04
3.812731583804965339e+04
2.882935804124311471e+04
1.592082930021747597e+04
1.497842754258777677e+04
1.156834575549928013e+04
1.753391097114557851e+04
9.780598617720967013e+03
9.209714888541202527e+03
1.069595696286997554e+04
7.245934025051215940e+03
7.738527300836843096e+03
7.442718790919747335e+03
7.957176135234059075e+03
7.399444148749634223e+03
4.951085760425668923e+03
5.849972353715837926e+03
6.828856308915851514e+03
5.893981787007272032e+03
4.981854395594622474e+03
3.541910612692301129e+03
2.997630357674611332e+03
4.293050990194447877e+03
2.692536695834261536e+03
2.867167955263780186e+03
3.962770043591225203e+03
4.144174783977268817e+03
2.761247595292086771e+03
2.601042676775522523e+03
2.362056797278567501e+03
2.906315429705192855e+03
2.272014231277183626e+03
1.170563155458850360e+03
2.275984554656361524e+03
3.028615471909492044e+03
3.433460155120237232e+03
1.642651922840076168e+03
3.153881236592347705e+03
2.968645935587807799e+03
2.787000678245577092e+03
2.618418876188994545e+03
2.112564444364863903e+03
1.117976845158854076e+03
1.871630603315695680e+03
2.569815984107540316e+03
3.747104666910314791e+03
2.154453960549932617e+03
2.141747248529708031e+03
1.304415417071542379e+03
2.912589709119222334e+03
7.360643633579852576e+02
1.252553738945136956e+03
1.277213414309231894e+03
4.598453678159926312e+02
1.697999779785729970e+02
2.095740970566942451e+03
1.253349103858210128e+03
2.511171319970167133e+03
1.203369338962247184e+03
5.474400171915784767e+02
1.764248084949426584e+03
2.182224347361494438e+03
1.225180960354545732e+03
5.432900399052806506e+02
5.846582004705749114e+02
1.260587541368145139e+03
9.982818673478253686e+02
1.812749654995583796e+03
2.331756644235393196e+03
1.626598740149214564e+02
4.159689234268089422e+03
4.783848712001352396e+04
2.252290102247517498e+05
3.806523581527585629e+05
6.634224624195469078e+05
1.042347839746610611e+06
1.577818683951048879e+06
1.916746743592112791e+06
2.541641012452791445e+06
3.115567580368731637e+06
3.600784707665407099e+06
4.862345277313131839e+06
5.598912468304790556e+06
5.795041216705361381e+06
7.537830221046887338e+06
8.941833742698337883e+06
9.711759714717671275e+06
1.112741223732768744e+07
1.199941202147698775e+07
1.247068948164128140e+07
1.375684606255037524e+07
1.516814842106287554e+07
1.620141491714827344e+07
1.802664529079271108e+07
1.970320070044786856e+07
2.176517559345731139e+07
2.330563713897881284e+07
2.587052120900543779e+07
2.617445726057403535e+07
2.729919920913431048e+07
2.880784992955950648e+07
3.199738768517211080e+07
3.328286071666307002e+07
3.446986711087387800e+07
3.829322594819758087e+07
3.677000381746587902e+07
3.940455664096175134e+07
4.268594581462062895e+07
4.293752924625921994e+07
4.688485721511233598e+07
4.727954441898518056e+07
4.945453687425465882e+07
5.510491158452429622e+07
5.342968255697815120e+07
5.686066277772226185e+07
5.896788406537652016e+07
6.137452933141332865e+07
5.996820336343531311e+07
5.947334214344321191e+07
5.795951620250211656e+07
5.603973834071258456e+07
5.888429450000059605e+07
6.184526033243937790e+07
5.890165138006423414e+07
5.824543548925367743e+07
6.110029599681736529e+07
6.177898275354049355e+07
5.972340906011898816e+07
6.174731457941309363e+07
6.410998040248669684e+07
6.316565049847171456e+07
6.432398374694647640e+07
6.156521937334519625e+07
6.479522326315431297e+07
6.300734170950486511e+07
6.773719230677066743e+07
6.662698236414506286e+07
6.737642783703103662e+07
6.696316138971676677e+07
6.556256099391774088e+07
6.951697896059861779e+07
6.984433012682083249e+07
6.844159898772373796e+07
7.337027168246147037e+07
7.089222192264686525e+07
7.311342112542012334e+07
7.236165795129863918e+07
7.548393535775834322e+07
7.336120738312754035e+07
8.075151045658972859e+07
7.700370213835012913e+07
8.345958329336175323e+07
7.997838101087191701e+07
8.240474910872498155e+07
8.305850538110075891e+07
8.173227777939550579e+07
8.390727222719787061e+07
8.913723052266831696e+07
8.738002309747469425e+07
9.419851102633249760e+07
9.080616985474099219e+07
9.384976474957022071e+07
9.198475479394043982e+07
9.579982049564145505e+07
9.368018263128925860e+07
9.697647017822867632e+07
9.858773512602254748e+07
1.003802615490312576e+08
1.025167599757756293e+08
1.070095577461552024e+08
1.059511448731281012e+08
1.120829977568778247e+08
1.171046444668953419e+08
1.142954610086466521e+08
1.178877838911697567e+08
1.164471533771288097e+08
1.229590915075229853e+08
1.233095006486721486e+08
1.230624818260479271e+08
1.227199480748857260e+08
1.213966100179212093e+08
1.299185506645220965e+08
1.314833034310220480e+08
1.362126850861195922e+08
1.335333285871908367e+08
1.306199206262665093e+08
1.383231425656810403e+08
1.394423048527122140e+08
1.434717949230164289e+08
1.459929241142643988e+08
1.477678321120246053e+08
1.559032780174028277e+08
1.505370593689858019e+08
1.618625279103597403e+08
1.568632221200017333e+08
1.608127676071517169e+08
1.565495445251428783e+08
1.627324886716601551e+08
1.676844128068206906e+08
1.708597289572958052e+08
1.687236070989724994e+08
1.805483015899069011e+08
1.778113728064015210e+08
1.840836496205814183e+08
1.730445809226039052e+08
1.887624762348717451e+08
1.886628753147265613e+08
1.873743232651981413e+08
1.915134362331030369e+08
1.948439228078050911e+08
1.905353714507856965e+08
1.971664030995213389e+08
1.931818438899202943e+08
1.897194969901483655e+08
1.957151274678628147e+08
1.894339026255553067e+08
1.983789393402935863e+08
1.936414794413552284e+08
1.926083928982717097e+08
1.965945534834334850e+08
1.933934518700071871e+08
1.924144014262433052e+08
1.972829357298198342e+08
1.935533142423221767e+08
1.971979575062364042e+08
1.985321744925625026e+08
2.037664265749408603e+08
1.990441831658140421e+08
1.949213357781768441e+08
1.942428704633338153e+08
2.052750835998283029e+08
2.034550706262514591e+08
1.991038816716589034e+08
2.091205138494988978e+08
1.981169620234002173e+08
2.018760320365628004e+08
2.027651313678910732e+08
2.036039095549180210e+08
2.096843851165524125e+08
2.064645749499113560e+08
2.011604832400026917e+08
2.166040059375988841e+08
2.118396356347918808e+08
2.089228828746575713e+08
2.110629934875778556e+08
2.097357396664017141e+08
2.071272009474335611e+08
2.161408956700482965e+08
2.142818862945087254e+08
2.182396461984444559e+08
2.175531974562192857e+08
2.155221259770181179e+08
2.184418663583776057e+08
2.237515074750681520e+08
2.204993200652560592e+08
2.244024612832117677e+08
2.347545434587266445e+08
2.287985962457193732e+08
2.218685860706623197e+08
2.264609344585343301e+08
2.325807783370265961e+08
2.355370716193845868e+08
2.291955860048641264e+08
2.226427218547872901e+08
2.374603660625689924e+08
2.438632870116255879e+08
2.385351370052750707e+08
2.476459643896443844e+08
2.427504224400975704e+08
2.446796706198219359e+08
2.426421849497492909e+08
2.385041779782389998e+08
2.503218214661056995e+08
2.479271498258145750e+08
2.462739467854930460e+08
2.495355054785123765e+08
2.493807375471316874e+08
2.648653951047944427e+08
2.529530741877081394e+08
2.594236555227616429e+08
2.601800725821917653e+08
2.580956028255592883e+08
2.564222619546409547e+08
2.569774851557798982e+08
2.654268316888504922e+08
2.634809120345887542e+08
2.690033751881978512e+08
2.685312062946574092e+08
2.639050093750445843e+08
2.720332516163732409e+08
2.729277379105750322e+08
2.754817215445388556e+08
2.741830322050518990e+08
2.819774954310778379e+08
2.744352878778628111e+08
2.846940542760505080e+08
2.814951047838603258e+08
2.882176157544127703e+08
2.867036341532670259e+08
2.836379119556420445e+08
2.906735914663257003e+08
2.999513282167268395e+08
2.894110211979559660e+08
2.890469117681404352e+08
3.010191939536597133e+08
2.965041177792388797e+08
2.992471085571698546e+08
2.944185595736487508e+08
3.172471248854174614e+08
3.051838142097501159e+08
3.166657507213487029e+08
3.087644155511034131e+08
3.105939810103513002e+08
3.061145922213701606e+08
3.161503546659919024e+08
3.282412554901517630e+08
3.183291122165913582e+08
3.191379907433758974e+08
3.289571297677865028e+08
3.205750572854731679e+08
3.320506112132771611e+08
3.202502695168842077e+08
3.316449120130777359e+08
3.360579735396949053e+08
3.399979140359997153e+08
3.302188608395394683e+08
3.443787840870897770e+08
3.387031898583359718e+08
3.433533521102001667e+08
3.498301683514372706e+08
3.535038820428469777e+08
3.580669859142363071e+08
3.446414416934104562e+08
3.587443860813165903e+08
3.545719208135399818e+08
3.494281778066886663e+08
3.683291209749405980e+08
3.596641335010356307e+08
3.764937667044659853e+08
3.516114746731807590e+08
3.616991538711745739e+08
3.675514957301646471e+08
3.729046987627837062e+08
3.859940115346856713e+08
3.793566938507204056e+08
3.834029678699231148e+08
3.724782234439049363e+08
3.847668372693156600e+08
3.804299374861081839e+08
3.916645212543755770e+08
3.738732641586529016e+08
3.946108028874815702e+08
3.983574172817034125e+08
3.954546565741596818e+08
4.071653508807592392e+08
4.016706108483754396e+08
4.120248028231527209e+08
4.020633837516194582e+08
4.009239159461564422e+08
4.050810887256171107e+08
4.135190798304370642e+08
4.097301862616992593e+08
4.227887629346060157e+08
4.253181501923671961e+08
4.143650112929058075e+08
4.203055598106673956e+08
4.258687907124202251e+08
4.264312340633109212e+08
4.055979276713920236e+08
4.123005289408844113e+08
4.242246685817942619e+08
3.960595650460362434e+08
4.081218769673039913e+08
4.110476835069843531e+08
4.082572655259708762e+08
4.177665850445133448e+08
4.006474990446144938e+08
4.023013537912980914e+08
4.014968871577856541e+08
4.100342450103965998e+08
4.084108729827522039e+08
4.111171622018401027e+08
4.010623730828732252e+08
4.064111372939258814e+08
4.065027247874627113e+08
3.955457911564422250e+08
3.981895865200294256e+08
3.986327344333328009e+08
3.983312936195131540e+08
3.985311116387768984e+08
3.977343426757930517e+08
3.895141565105830431e+08
3.956174335905057192e+08
3.904406590999538898e+08
4.098167390730059147e+08
3.787044059397227764e+08
3.745221358971773386e+08
3.862041663379698992e+08
3.758304183607646823e+08
4.030177013848525286e+08
3.874695186397033334e+08
3.657174504501295686e+08
3.808252881097686887e+08
3.738355624929493666e+08
3.799478427004261017e+08
3.819453287499603033e+08
3.721228792514132261e+08
3.735847116769809127e+08
3.698312923103452325e+08
3.733440442385262251e+08
3.714263530645636320e+08
3.695688128893233538e+08
3.789309455566545725e+08
3.643719521973228455e+08
3.794396025801430345e+08
3.881654251689842939e+08
3.597780864570021033e+08
3.740706140065255165e+08
3.644835431982411146e+08
3.740387322129510641e+08
3.800799601724303365e+08
3.495290882032723427e+08
3.731665355861703753e+08
3.634358994768151045e+08
3.582155886082454920e+08
3.752293533145059943e+08
3.577932242354971766e+08
3.487348071201466918e+08
3.717497413705993295e+08
3.633335922146480083e+08
3.563640356795797944e+08
3.667675962989250422e+08
3.649996676341073513e+08
3.553484956605790257e+08
3.620238737634438872e+08
3.777992636898033619e+08
3.697095604402426481e+08
3.502085646004527807e+08
3.652726966503272057e+08
3.516849749329930544e+08
3.476594258877096772e+08
3.505736087257637382e+08
3.476185482281717062e+08
3.514290789266966581e+08
3.575618607340461016e+08
3.511947693400658369e+08
3.546593403275022507e+08
3.569756146227574944e+08
3.590550700982684493e+08
3.405742881660231352e+08
3.573214095538926125e+08
3.487155812060678601e+08
3.562059155569359064e+08
3.578955219901958704e+08
3.496405097576314211e+08
3.497988302702937722e+08
3.510161204023746252e+08
3.481677297969136834e+08
3.538996348187347651e+08
3.569052312943432331e+08
3.532164646870735884e+08
3.495623005531436801e+08
3.491335641700757742e+08
3.554717664894803762e+08
3.586227054196499586e+08
3.650399180908934474e+08
3.591328506101657152e+08
3.509836105362035632e+08
3.577029885652734637e+08
3.626727646443448663e+08
3.429697075030856729e+08
3.548389722505540252e+08
3.591186104845392704e+08
3.636407848422294855e+08
3.465512431466530561e+08
3.532617966020131111e+08
3.537649567194620371e+08
3.569633083798131347e+08
3.508815419630416632e+08
3.638439923408575058e+08
3.539109446708182096e+08
3.616092053011580706e+08
3.517639238163756728e+08
3.493919917864827514e+08
3.463290391523798704e+08
3.589371636169909239e+08
3.486829964764549732e+08
3.784245763351036310e+08
3.548759267080312967e+08
3.490540576637535095e+08
3.698954746487839818e+08
3.587089323868601322e+08
3.653763125931171179e+08
3.742083311110487580e+08
3.685844538858035207e+08
3.728364479154020548e+08
3.755880953665177822e+08
3.754335540015572906e+08
3.642676368526111245e+08
