1.049684766841225837e+03
6.118882146714609007e+03
4.238797981783767682e+03
3.310477951721065438e+03
2.625970173049422101e+03
4.368460534382888000e+03
4.719603215072229432e+03
3.442133132895321523e+03
4.887862391907359779e+03
5.314754846548131354e+03
6.454533494043152132e+03
5.142838182271174446e+03
1.874446650768778682e+03
7.782236621640040539e+03
1.015566126188862427e+03
5.513906610268381883e+03
4.306505525887592739e+03
4.212198901611829456e+02
3.717510181065327288e+03
4.524698341474116205e+03
2.828454007562995230e+03
3.114885299558684892e+03
4.677612158922717754e+03
-9.511454534498061264e+01
1.551569626529946163e+03
4.945050457557475170e+02
2.294429286409660563e+03
5.452410400799887611e+03
2.693139440692574681e+03
-6.336892300871461430e+02
