-4.110762646092255750e+02
2.036733170341577988e+03
4.106554569842366618e+03
4.930348772244637075e+03
7.474798670701015908e+03
4.532029485047534763e+03
5.712976013101726494e+03
9.801436044375366237e+02
-3.686497024960761451e+02
-3.405333449779826651e+02
-7.883089641691185534e+00
-2.779052154583324409e+03
-4.343242847654911202e+03
-2.989804468482583388e+02
-3.226301637340881143e+02
2.051506532049247653e+02
6.279051781047711302e+03
-9.765889030168552836e+02
8.373504725616114229e+03
1.808996621153874003e+03
-1.028671894619478280e+03
-2.292672518436073972e+02
-3.178112696780951410e+03
-1.663427464606944341e+03
-5.428704205015670823e+02
4.224076627519848444e+02
-4.479717154557618528e+02
-1.061735624563498277e+03
-7.152483556420485911e+03
-4.896565533534107090e+03
-5.768937600539195046e+03
-1.155630619301647130e+04
-1.475498117268763053e+04
-1.610123050821711331e+04
-1.647617528343108279e+04
-2.305951652796423514e+04
-2.451237843570457335e+04
-2.511055969445198934e+04
-3.028686663154662892e+04
-3.160571337276234408e+04
-3.557598556554042443e+04
-3.860958354387379950e+04
-4.394350273718419339e+04
-4.526993801791516307e+04
-4.737968889739060978e+04
-4.470159793665001052e+04
-3.682886941505395225e+04
-3.136731695678078177e+04
-2.315761013206280404e+04
-2.317917214089609479e+04
-1.902168972725850836e+04
-2.199205749279149313e+04
-1.668301884860690916e+04
-2.208668791686863187e+04
-1.984845264130376381e+04
-1.427886049445996468e+04
-2.125499775958781538e+04
-1.973137354199712718e+04
-2.126725996108714389e+04
-2.408721365076415532e+04
-2.147568847354448371e+04
-1.973337026920203789e+04
-1.909853032051286937e+04
-2.444225048831664390e+04
-2.529113389479375837e+04
-3.090051682513377818e+04
-3.081260070960875601e+04
-2.846302813716151286e+04
-3.071153929117156804e+04
-2.682267524282190789e+04
-2.978621621941591002e+04
-3.084444868310194579e+04
-2.829129878276538147e+04
-3.559685921616661653e+04
-3.467064162240835140e+04
-3.417595764714581310e+04
-3.486214111903582670e+04
-3.547134934738770971e+04
-3.447912976456592150e+04
-3.720630111781934102e+04
-4.303506447314409888e+04
-4.517518251042139309e+04
-4.983527300513257796e+04
-5.066592070036402583e+04
-5.423409258424022846e+04
-4.986463429071196879e+04
-5.365894896468032675e+04
-5.978728141531877918e+04
-6.522483585200821108e+04
-6.884943853635623236e+04
-6.798503515525194234e+04
-7.855264012391862343e+04
-8.539810072226732154e+04
-9.179609396605145594e+04
-9.191043321012490196e+04
-9.664632530024027801e+04
-8.820241400186426472e+04
-8.505140160541751538e+04
-8.456487266443484987e+04
-8.082620714882979519e+04
-8.220718133558060799e+04
-7.870428369825291156e+04
-7.461048873191025632e+04
-7.068069780354916293e+04
-6.887130780077080999e+04
-6.669101762007780781e+04
-6.308170972167301079e+04
-6.003680534374598938e+04
-5.824487473055983719e+04
-6.271332566347035754e+04
-6.105351447050814750e+04
-5.860478656068503915e+04
-5.934103768795754149e+04
-5.934339957465774205e+04
-6.305388818402610195e+04
-6.483071704761150613e+04
-6.346876565998497244e+04
-6.789655494609047309e+04
-7.038946038534041145e+04
-7.081609467634755129e+04
-7.067943080956183258e+04
-7.112910332394498982e+04
-6.937448930923348235e+04
-8.109473739611412748e+04
-8.223692198263565660e+04
-8.475284318831405835e+04
-8.567129971513184137e+04
-8.833122525401685562e+04
-9.137897412254070514e+04
-9.233180605451433803e+04
-9.715165455818557530e+04
-9.769627746114680485e+04
-9.995597723473365477e+04
-1.002727582300729991e+05
-9.989450784696577466e+04
-1.023304716866852687e+05
-1.054927528137093905e+05
-1.105813592401247006e+05
-1.059730145988823788e+05
-1.082012817571854393e+05
-1.100126013754975720e+05
-1.148293967206574016e+05
-1.206914177172350028e+05
-1.252709461462589679e+05
-1.280655432889603981e+05
-1.306680030963617319e+05
-1.383634999150399526e+05
-1.414451788841969683e+05
-1.449571643888209655e+05
-1.472164905766735610e+05
-1.490649220032682351e+05
-1.476331396154586982e+05
-1.413630607681426627e+05
-1.401258921480712306e+05
-1.357114665094812808e+05
-1.293049240900824079e+05
-1.230796332786825660e+05
-1.177376414616667025e+05
-1.238522422232442477e+05
-1.204900140897823003e+05
-1.109696171440663020e+05
-1.081450395122173213e+05
-1.032856732033362496e+05
-1.022901821935643675e+05
-9.969979567048592435e+04
-9.748834669679382932e+04
-9.340180447603650100e+04
-7.995050079209281830e+04
-7.277621606509559206e+04
-6.921293224634867511e+04
-6.920309317140240455e+04
-6.039913735109734989e+04
-5.406906732028353872e+04
-5.027691885500201170e+04
-4.498470232346201374e+04
-4.139723627761169337e+04
-3.368526760057395586e+04
-2.428320972914511731e+04
-1.546860665053534649e+04
-1.157116921985094450e+04
-7.406225802559494696e+03
-4.307538362699832760e+03
-3.596911528585063024e+03
-2.330826444499521131e+03
3.503986828193987549e+03
-1.841343483567120813e+02
2.712621242820233419e+03
4.276900438592957471e+03
4.475398899379399154e+03
-1.118776323646555511e+03
3.163047082042758120e+03
8.626871214865539514e+03
1.294097715514733409e+03
1.240036584113215895e+03
2.007332136307634300e+03
5.233448714285249480e+03
-2.118880097714967548e+01
5.721047723966471494e+03
2.345684661091204362e+03
9.334263773174928929e+02
3.460370861703916944e+03
4.094266144328824794e+03
1.714845358346917465e+03
5.123375706654770511e+03
2.216045331044631894e+03
3.499361122831708599e+03
3.325070117197329637e+03
-1.103837879320562479e+03
-1.486877567226918472e+03
4.145142410549253327e+03
5.510509681416021522e+03
3.199532572444457855e+03
1.848074898092484091e+03
2.708103945453430242e+03
2.406384927229167261e+03
2.280828277494401391e+03
4.877972883571727891e+01
5.062365565483956743e+03
3.610163563742704810e+03
4.150490696043273601e+03
3.938476362748043357e+03
2.700079925751001156e+03
3.133356743681603803e+03
2.347993025289818434e+03
8.514249148336402868e+03
2.253240939684928890e+03
3.781954286237317774e+03
5.098253178603359629e+03
2.822320588770059203e+03
7.075048642218265513e+02
9.738429220095318897e+02
1.448260203465584652e+02
5.260492102005310699e+03
1.929402547752149985e+03
5.227446797997383328e+03
1.660079025425446616e+03
9.413113010100730662e+02
2.916018196423567588e+03
1.437289801456864780e+03
4.567732531943142021e+03
4.712932792384591266e+03
6.686643784077665259e+03
1.664315709592376152e+03
2.952954315052068523e+03
4.330722474829648490e+03
3.376839185713016377e+03
9.557944568597092712e+02
3.849608079368290873e+03
2.824040734218389389e+03
4.966776313889226003e+03
1.062653081867261108e+03
4.340272664798403639e+03
-1.360293248798843990e+02
1.925643318564235187e+03
3.041206510340973182e+03
4.300401683243213483e+03
5.704309743425836132e+03
4.278447465076116714e+03
6.438395898593678794e+03
2.485989998844889669e+03
4.645047092141949179e+03
3.618488284478831247e+03
3.955890048854310407e+03
2.213913225494512062e+03
7.387152727106119698e+01
3.323941547189274388e+03
3.079168897639739043e+03
8.343691250819076686e+02
2.473400934547125019e+02
-1.856053467071332079e+03
-6.748540452951993984e+02
2.009777898092057967e+03
6.542578989094592544e+03
4.677290977281480082e+03
1.291031799148390292e+03
4.630001775855665983e+03
2.459695433617523122e+03
3.103234164230845636e+03
1.890271175494079216e+03
3.433780527550888564e+03
3.924928066702467277e+03
3.436389166855803524e+03
7.407842270851071589e+03
3.440259732178897593e+03
2.765712199388303361e+03
5.574735809650055671e+03
5.608513855288927516e+03
2.796219584885644508e+03
2.962939585867302867e+03
4.001752698581287405e+03
3.063608444273189434e+03
3.764278218231726441e+03
3.066306054480128296e+03
5.563643989016057276e+03
3.717836178119327997e+03
1.965110774980098995e+03
4.636970553817612199e+03
3.598114158231308011e+03
4.429407088646680677e+03
4.961333365019624580e+03
6.193409181394918960e+03
1.056431151450641210e+03
2.425959691139877123e+03
5.534051021558398133e+03
6.586919268851392189e+03
9.532084267048850961e+03
4.159186774279623933e+03
3.816119729967219428e+03
4.152551973875665681e+03
4.678761683661589814e+03
3.591362877434757138e+03
2.872582283209953857e+03
6.096580163704324150e+03
4.509220047278439779e+03
4.178164550117090585e+03
1.867030279848317605e+03
3.328003860467502477e+02
1.915339693613608233e+03
-1.348105911778231757e+03
-1.116123324384258240e+03
3.844476655038070021e+03
1.675307568646242999e+03
-6.090614493986483922e+02
6.076840532597645961e+02
6.484498209507152751e+03
2.174960702546016364e+03
5.896997730148190158e+02
1.068581826225163422e+04
4.414161517291337987e+03
1.306221056318159754e+03
2.827354329999782749e+03
2.427015471355091449e+03
5.481707316376969175e+03
7.625281260314040992e+02
2.833733829223893281e+03
4.011206678597131372e+02
6.088324527407656205e+03
3.120528539168934913e+03
3.271607792704232452e+03
6.824985031886021716e+03
6.469398145419758293e+03
6.143174817923973933e+03
9.416131667258208836e+03
4.452199706330828121e+03
3.217200504933810407e+03
3.045742960289671828e+03
3.189707155258524836e+03
3.298940944410187512e+03
1.161944051388562730e+04
2.669918849837435573e+03
9.259832287914290418e+02
3.756679040437445565e+03
4.683856039203100408e+03
2.227299926477253848e+03
1.329467727661349954e+03
5.324425884570834569e+03
5.880589928782538664e+03
3.486843411602760170e+03
2.191856066076528350e+03
7.536815753533085626e+03
6.247098596188925512e+03
1.978090882137472818e+03
4.359218538979364894e+03
5.522478743612760809e+03
5.289771017502089308e+03
1.697201101586027562e+03
6.901412169767191699e+03
4.758369858868829397e+03
9.363770606817685120e+02
1.825720222509296264e+03
1.988726922168420742e+03
7.089036623871246775e+03
2.573779370081208981e+03
3.916341699183311903e+03
5.099358322465800484e+03
3.414477189190318313e+03
3.058282340413395559e+03
3.915039489969715760e+03
2.293949422334153496e+03
3.520509766556991053e+03
3.015954636724788543e+03
6.919588850731735192e+02
2.695790341874319893e+03
2.785000281019616978e+03
1.213379606234472476e+03
3.482441632798676437e+03
5.919817006865203439e+03
8.887945574002587819e+03
3.317912917186605682e+03
5.769157880839643440e+03
3.776295039066065328e+03
4.879711954323663122e+03
2.166296907252488836e+03
3.629534486015915718e+03
2.822926199693111812e+03
5.791515896915896519e+03
4.165881485948564659e+03
5.237724759021953105e+03
6.248315904961849810e+03
4.950659865015056312e+03
-9.960829165586908402e+02
1.836754790486268348e+03
6.056832020150119206e+03
2.624069878210315437e+03
2.097619011023437452e+03
1.915344935267817391e+03
1.843072540021899158e+03
-6.889197602014337463e+01
2.268694828399633536e+02
4.408462118825313155e+03
-1.190296345334543275e+03
2.237798127681747246e+03
-6.743365402745291703e+01
1.345295607318488692e+03
3.735345339855221937e+03
4.134197627086084140e+03
7.627631174565158290e+02
1.119647903220685521e+03
7.403104769708422737e+02
1.141384229683550302e+02
-6.529257485139559094e+02
3.564631316472430626e+03
1.086331060585997648e+03
-9.009517727940747136e+02
-8.285572869110653755e+02
2.659620269510107846e+03
4.156096252188646758e+03
8.148874165777085636e+02
2.081427248051055358e+03
3.042150388691089120e+03
5.536365813822731980e+03
2.045692251055543693e+03
5.380684098909810928e+03
7.287723800038142144e+03
7.069761848761624606e+03
6.957624209856163361e+03
2.501045081533200573e+03
1.274555060936395876e+03
6.214331221507419514e+02
2.632123941341844784e+03
1.376683072579682403e+03
-6.525034774254856984e+02
2.881184999684616287e+03
4.128974892045431261e+03
6.652663992276253566e+02
9.187526949906216032e+03
4.825132334313708498e+02
-1.203723150370803694e+02
-1.667778145779862143e+03
-2.462935782173472944e+03
5.418490295652409117e+01
5.020315958739048256e+03
4.025116582050486613e+03
8.312745982412836383e+03
4.145034475985286917e+03
4.423991552669309385e+03
8.607749781355023515e+03
3.669587172306260527e+03
4.134261724042962669e+03
4.996438197161609423e+03
1.840385888266861002e+03
4.601880640218296321e+03
-2.435521677541565921e+01
-1.592880981314162000e+03
3.848407774265895569e+03
2.241289043524970566e+03
6.696738926017909762e+03
2.907657375701729507e+03
3.436562355484625641e+03
2.690760774778887935e+03
2.822727626771973974e+03
6.110238512091665143e+03
2.652558885065252525e+03
-1.247597989901333193e+02
1.973800516995542012e+03
-1.332281868556403879e+03
1.800133544852101750e+03
2.147453812640193973e+03
2.859841592697528995e+03
1.673715590002171211e+03
2.883574657649428900e+03
1.990313245568873754e+03
2.134322001848870968e+03
1.806586114349491709e+03
-8.586728210008020596e+02
2.585325191583194282e+03
3.942894959397473031e+03
7.554980566222591278e+02
4.648701721247471141e+03
5.157219425914205203e+03
5.648603608329771305e+03
3.599738904924898634e+03
1.367944664902490558e+03
8.575070505184206922e+03
5.294401182223778960e+03
4.114604075137236578e+03
2.586903954674237866e+03
4.621309166094095417e+03
1.822036771073588170e+03
3.762292297504186536e+03
