1.215733691406250000e+04
2.364794140625000000e+04
4.119323828125000000e+04
6.700692187500000000e+04
7.604310937500000000e+04
8.331449218750000000e+04
8.314139062500000000e+04
8.925214062500000000e+04
8.387341406250000000e+04
9.008926562500000000e+04
8.425655468750000000e+04
8.458125000000000000e+04
6.386195703125000000e+04
6.342734375000000000e+04
4.208085546875000000e+04
3.639655468750000000e+04
3.251302539062500000e+04
2.917288476562500000e+04
2.964136523437500000e+04
2.829556835937500000e+04
2.647351953125000000e+04
2.387371289062500000e+04
2.242252734375000000e+04
2.129404492187500000e+04
2.041072265625000000e+04
1.797495312500000000e+04
1.754938476562500000e+04
1.876473437500000000e+04
1.759355664062500000e+04
1.583968554687500000e+04
1.350399023437500000e+04
1.325869726562500000e+04
1.404832324218750000e+04
1.368187988281250000e+04
1.310634863281250000e+04
1.312599511718750000e+04
1.219700390625000000e+04
1.350213476562500000e+04
1.251383886718750000e+04
1.325947070312500000e+04
1.186636328125000000e+04
1.234831835937500000e+04
1.322189648437500000e+04
1.365497460937500000e+04
1.554444335937500000e+04
1.479438281250000000e+04
1.630005175781250000e+04
1.491047656250000000e+04
1.804879687500000000e+04
1.813275390625000000e+04
1.871870703125000000e+04
1.876148632812500000e+04
1.582635644531250000e+04
1.456392187500000000e+04
1.433657519531250000e+04
1.537289550781250000e+04
1.801819140625000000e+04
1.888055859375000000e+04
2.011657031250000000e+04
1.985206445312500000e+04
1.988084765625000000e+04
1.998615429687500000e+04
1.778678906250000000e+04
1.840986328125000000e+04
1.863687109375000000e+04
1.914674804687500000e+04
1.623762988281250000e+04
1.686551757812500000e+04
1.640261328125000000e+04
1.589944042968750000e+04
1.633924218750000000e+04
1.792994921875000000e+04
1.626749707031250000e+04
1.526626269531250000e+04
1.469275976562500000e+04
1.459334863281250000e+04
1.368927636718750000e+04
1.472349707031250000e+04
1.668502734375000000e+04
1.755516015625000000e+04
1.623792187500000000e+04
1.752861328125000000e+04
1.825883984375000000e+04
1.981681445312500000e+04
2.110152148437500000e+04
2.252067968750000000e+04
1.922357617187500000e+04
2.020823242187500000e+04
1.995882617187500000e+04
2.038522460937500000e+04
1.966450585937500000e+04
2.337886914062500000e+04
2.188088476562500000e+04
2.361092578125000000e+04
2.398837304687500000e+04
2.354840234375000000e+04
2.295028515625000000e+04
2.310285546875000000e+04
2.354351171875000000e+04
2.305742187500000000e+04
2.437682812500000000e+04
2.323035742187500000e+04
2.429801171875000000e+04
2.633386328125000000e+04
2.526488867187500000e+04
2.286182617187500000e+04
2.132020117187500000e+04
2.434224609375000000e+04
2.442808203125000000e+04
2.692025390625000000e+04
2.654268164062500000e+04
2.930792773437500000e+04
2.856733203125000000e+04
2.426948242187500000e+04
2.718679296875000000e+04
2.291730859375000000e+04
2.337294140625000000e+04
2.218330859375000000e+04
2.074873437500000000e+04
2.102133789062500000e+04
2.049302343750000000e+04
2.156636328125000000e+04
2.092201953125000000e+04
2.188070117187500000e+04
2.232168359375000000e+04
2.408175781250000000e+04
2.138358984375000000e+04
2.280284960937500000e+04
2.284535351562500000e+04
2.412053515625000000e+04
2.387749804687500000e+04
2.285787500000000000e+04
2.684268359375000000e+04
2.823425390625000000e+04
2.597645507812500000e+04
2.537164257812500000e+04
2.177891992187500000e+04
2.185074218750000000e+04
2.250800000000000000e+04
2.337475390625000000e+04
2.415198046875000000e+04
2.520976562500000000e+04
2.976055859375000000e+04
2.833599023437500000e+04
2.979626171875000000e+04
2.650642187500000000e+04
2.691491796875000000e+04
3.250247265625000000e+04
3.316205078125000000e+04
2.915612109375000000e+04
2.698482812500000000e+04
3.042387890625000000e+04
3.166624414062500000e+04
2.982324609375000000e+04
3.117207812500000000e+04
3.335624218750000000e+04
3.563866406250000000e+04
3.379842968750000000e+04
3.660127343750000000e+04
3.147202148437500000e+04
3.480909375000000000e+04
3.405478906250000000e+04
3.590214843750000000e+04
3.331626562500000000e+04
3.437353515625000000e+04
3.573419531250000000e+04
3.422982421875000000e+04
3.604508593750000000e+04
4.013755859375000000e+04
3.248283398437500000e+04
2.988307226562500000e+04
3.172866796875000000e+04
3.258370312500000000e+04
3.314021093750000000e+04
3.360706250000000000e+04
3.419303125000000000e+04
3.190713476562500000e+04
3.235380859375000000e+04
3.878177734375000000e+04
3.234163476562500000e+04
3.474767968750000000e+04
3.336965234375000000e+04
3.422538671875000000e+04
3.512711718750000000e+04
3.194954687500000000e+04
3.299725781250000000e+04
3.434883593750000000e+04
3.235146875000000000e+04
3.140701171875000000e+04
3.295458203125000000e+04
3.179695703125000000e+04
3.315119921875000000e+04
3.458242578125000000e+04
4.016421875000000000e+04
2.992662500000000000e+04
2.852452148437500000e+04
3.039712890625000000e+04
3.227933203125000000e+04
3.419139062500000000e+04
3.471832812500000000e+04
2.922852148437500000e+04
2.953091015625000000e+04
3.025279687500000000e+04
2.981811914062500000e+04
2.721643750000000000e+04
2.989156640625000000e+04
2.803302539062500000e+04
2.726600000000000000e+04
2.595051953125000000e+04
2.311038476562500000e+04
2.560637500000000000e+04
2.454077343750000000e+04
2.749658203125000000e+04
2.737433984375000000e+04
3.009464453125000000e+04
2.827039648437500000e+04
2.860377148437500000e+04
3.067933789062500000e+04
2.948418750000000000e+04
3.078000585937500000e+04
3.260272460937500000e+04
3.437792187500000000e+04
2.945911523437500000e+04
2.966574414062500000e+04
3.020869921875000000e+04
3.057058789062500000e+04
3.127308789062500000e+04
3.072189648437500000e+04
2.915212500000000000e+04
2.990038476562500000e+04
3.306867578125000000e+04
2.575870312500000000e+04
3.024713476562500000e+04
2.797899609375000000e+04
2.780460351562500000e+04
2.842893359375000000e+04
2.917010546875000000e+04
2.954034960937500000e+04
3.283998828125000000e+04
3.234570898437500000e+04
3.277542187500000000e+04
3.520829296875000000e+04
3.153948046875000000e+04
2.839200976562500000e+04
3.096033398437500000e+04
2.898498046875000000e+04
3.384415234375000000e+04
2.783607421875000000e+04
2.636150390625000000e+04
2.705985546875000000e+04
2.830140234375000000e+04
3.126696289062500000e+04
3.418868359375000000e+04
3.284357421875000000e+04
2.809139648437500000e+04
2.752266210937500000e+04
2.640075585937500000e+04
2.754419140625000000e+04
2.804647265625000000e+04
2.921586328125000000e+04
2.742339062500000000e+04
2.633009375000000000e+04
2.535979296875000000e+04
2.448821289062500000e+04
2.334589648437500000e+04
2.659552148437500000e+04
2.655685351562500000e+04
2.831904687500000000e+04
2.877976171875000000e+04
2.809568750000000000e+04
2.702615039062500000e+04
2.361889062500000000e+04
2.255499414062500000e+04
2.556931054687500000e+04
2.230413281250000000e+04
2.114620117187500000e+04
2.502317578125000000e+04
2.791491210937500000e+04
2.549331054687500000e+04
2.351012304687500000e+04
2.438418164062500000e+04
2.496617187500000000e+04
2.662203710937500000e+04
2.547807421875000000e+04
2.539579687500000000e+04
2.937091601562500000e+04
2.848220312500000000e+04
2.512656640625000000e+04
2.171470117187500000e+04
2.352556054687500000e+04
2.529136132812500000e+04
2.864142578125000000e+04
2.771330859375000000e+04
2.789539648437500000e+04
2.793535546875000000e+04
2.538171093750000000e+04
2.381305859375000000e+04
2.547592773437500000e+04
2.517668945312500000e+04
2.732643750000000000e+04
2.431259375000000000e+04
2.636789453125000000e+04
2.424595898437500000e+04
2.471501171875000000e+04
2.549779101562500000e+04
2.462639648437500000e+04
2.446001171875000000e+04
2.307417968750000000e+04
2.325728906250000000e+04
2.517197265625000000e+04
2.531901562500000000e+04
2.536207421875000000e+04
2.471008398437500000e+04
2.756320898437500000e+04
2.344173828125000000e+04
2.572781640625000000e+04
2.238937500000000000e+04
2.325622265625000000e+04
2.511307812500000000e+04
2.398484765625000000e+04
2.146025390625000000e+04
2.354290625000000000e+04
2.347116796875000000e+04
2.120352734375000000e+04
2.049288085937500000e+04
2.151224414062500000e+04
2.343622656250000000e+04
2.141685742187500000e+04
2.166537304687500000e+04
2.180428515625000000e+04
2.171466992187500000e+04
2.068933203125000000e+04
1.878176562500000000e+04
1.988688085937500000e+04
2.002274414062500000e+04
2.187444921875000000e+04
2.468479101562500000e+04
1.991323046875000000e+04
2.291225195312500000e+04
2.609161132812500000e+04
2.370526171875000000e+04
2.465474609375000000e+04
2.523802734375000000e+04
2.383922656250000000e+04
2.490276367187500000e+04
2.108799218750000000e+04
1.962736718750000000e+04
1.994669140625000000e+04
2.274576953125000000e+04
2.583891015625000000e+04
2.878284375000000000e+04
3.028897265625000000e+04
2.770096484375000000e+04
2.863354101562500000e+04
2.938980273437500000e+04
2.885435546875000000e+04
3.062447460937500000e+04
2.894698828125000000e+04
2.714406835937500000e+04
2.521305859375000000e+04
2.935556250000000000e+04
2.761200976562500000e+04
2.610310546875000000e+04
2.552046289062500000e+04
2.596189648437500000e+04
2.367979882812500000e+04
2.676359375000000000e+04
2.750250585937500000e+04
2.767707812500000000e+04
2.888254687500000000e+04
2.568506640625000000e+04
2.357983203125000000e+04
2.477323437500000000e+04
2.547081640625000000e+04
2.933782812500000000e+04
2.834753125000000000e+04
2.930175390625000000e+04
2.885701953125000000e+04
3.198890234375000000e+04
3.007431640625000000e+04
2.852841210937500000e+04
2.295996484375000000e+04
2.377833593750000000e+04
2.447289062500000000e+04
2.373889062500000000e+04
2.292441796875000000e+04
2.311549609375000000e+04
2.303950000000000000e+04
2.146805273437500000e+04
2.330444335937500000e+04
2.294348242187500000e+04
2.537204296875000000e+04
2.231545703125000000e+04
2.522602539062500000e+04
2.127592578125000000e+04
2.008684960937500000e+04
2.378965625000000000e+04
2.568993750000000000e+04
2.251530859375000000e+04
2.029622460937500000e+04
2.066047070312500000e+04
2.260701367187500000e+04
2.231404101562500000e+04
1.996096484375000000e+04
1.925389843750000000e+04
1.787165820312500000e+04
2.216672265625000000e+04
2.472078515625000000e+04
2.358674609375000000e+04
2.437738671875000000e+04
2.346562109375000000e+04
1.865229492187500000e+04
1.845147070312500000e+04
1.835046484375000000e+04
2.653766015625000000e+04
2.772721484375000000e+04
2.322994335937500000e+04
2.235280664062500000e+04
1.980562109375000000e+04
2.264976757812500000e+04
2.267284179687500000e+04
2.692631640625000000e+04
2.353783007812500000e+04
2.358354687500000000e+04
2.647080078125000000e+04
2.966119726562500000e+04
2.792228710937500000e+04
2.557004882812500000e+04
2.836907812500000000e+04
2.918221484375000000e+04
2.389506640625000000e+04
2.583668359375000000e+04
2.653542773437500000e+04
2.387443164062500000e+04
2.063790429687500000e+04
2.167033984375000000e+04
1.952880468750000000e+04
1.818100195312500000e+04
1.745062890625000000e+04
2.442116796875000000e+04
1.992572851562500000e+04
2.072126171875000000e+04
2.746747265625000000e+04
2.345586132812500000e+04
2.123579687500000000e+04
2.447552929687500000e+04
2.675950390625000000e+04
2.846625000000000000e+04
2.869052539062500000e+04
3.304775781250000000e+04
2.871354101562500000e+04
3.094843750000000000e+04
3.127235351562500000e+04
3.321133593750000000e+04
3.144679296875000000e+04
2.649434960937500000e+04
2.478353320312500000e+04
2.448153320312500000e+04
2.179369921875000000e+04
2.125788867187500000e+04
2.063172070312500000e+04
1.899608984375000000e+04
2.283436523437500000e+04
2.429228125000000000e+04
2.266067578125000000e+04
2.360476562500000000e+04
2.242590625000000000e+04
2.247175585937500000e+04
2.801829296875000000e+04
2.582669335937500000e+04
2.396262890625000000e+04
2.375644921875000000e+04
2.580769140625000000e+04
2.460246289062500000e+04
2.645095312500000000e+04
2.164219531250000000e+04
2.297721484375000000e+04
2.509097265625000000e+04
2.606147656250000000e+04
2.608576953125000000e+04
2.675536523437500000e+04
2.426417968750000000e+04
2.394510351562500000e+04
2.267803906250000000e+04
2.495858789062500000e+04
2.082103906250000000e+04
2.074789453125000000e+04
2.063222265625000000e+04
2.023192968750000000e+04
2.486790234375000000e+04
2.655679687500000000e+04
2.392879296875000000e+04
2.132059179687500000e+04
2.212151953125000000e+04
2.214597265625000000e+04
2.410313281250000000e+04
2.492779882812500000e+04
2.600301953125000000e+04
2.519266992187500000e+04
2.447099414062500000e+04
