-5.168411970829944767e+04
-2.171327186906507478e+01
-1.399894247728671871e+03
-1.914817097915402381e+06
-5.422702156891896389e+06
-8.977131128609800711e+06
-1.246809817919829488e+07
-1.574329711168648861e+07
-1.902515829015413672e+07
-2.247530766070538014e+07
-2.778144031370631605e+07
-3.404204435010423511e+07
-4.043713908123989403e+07
-4.741803234765078127e+07
-5.400429568236003816e+07
-6.083004384919162095e+07
-6.754862664912264049e+07
-7.428948467654748261e+07
-7.105372366171327233e+07
-3.537489134757544100e+07
-4.211761989739760756e+07
-4.887393877028430998e+07
-5.583471266663055122e+07
-6.254953075000242889e+07
-6.939349032399849594e+07
-7.630807068925587833e+07
-8.303302828677150607e+07
-8.987812811297653615e+07
-9.680054878298118711e+07
-1.034694568139491826e+08
-1.104207115603153408e+08
-1.198376380863314867e+08
-1.302694992173826993e+08
-1.415237768464054465e+08
-1.548193857981780767e+08
-1.679947070809835196e+08
-1.817343605360048115e+08
-1.954078524797853231e+08
-2.091163231142985523e+08
-2.224074708297419548e+08
-2.359863103377107680e+08
-2.354505976741624475e+08
-2.318571971981027126e+08
-2.418885335867360532e+08
-2.519491381772251129e+08
-2.619922914699836373e+08
-2.720277560017381907e+08
-2.818250633827729821e+08
-2.919981128819429278e+08
-3.020809885193168521e+08
-3.118789275508082509e+08
-3.218099725932169557e+08
-3.316734223913937807e+08
-3.419910868778325915e+08
-3.548698758342104554e+08
-3.681881401212836504e+08
-3.815502888322255015e+08
-3.952217086190858483e+08
-2.467881123177582622e+08
-2.351177162378146052e+08
-2.418833093822509348e+08
-2.486206637328830361e+08
-1.041765905205052644e+08
-1.039205020006462746e+03
-3.451284297830250125e+02
-2.803354100265409556e+02
-4.508170932075003066e+02
-3.226928009610949175e+02
-4.481946200187279601e+02
-3.761249144820488937e+02
-1.916690713935024917e+02
-7.983047488228163502e+01
-5.157061932349910194e+01
-5.871570077106459706e+01
-4.514388676297984659e+01
-6.434538377033692313e+01
-3.410344540373326083e+01
-1.388708003225069376e+01
-1.309648664089940517e+01
-1.112195622013617324e+01
-6.901830408359932889e+00
-1.270697603374119034e+01
-5.514084325037535095e+00
-8.389279827468932638e+00
-1.543646095947443442e+01
-1.418727525248136700e+01
-3.449670355120675769e+00
-6.662090058118018021e+00
-6.104014896849592198e+00
-7.146807564409610514e+00
-4.091755348890429467e+00
-4.722486120351525152e+00
-5.935056437838609256e+00
-2.086517124613696339e+01
-6.307083076193931603e+00
-7.224097718104021126e+00
-7.729370109967755198e+00
-5.270332413006526551e+00
-8.423202203725061565e+00
-1.651749495199980089e+01
-5.798594600509126451e+00
-2.627581388683934982e+00
-6.962747130852191546e+00
-4.965698257453636799e+00
-3.213000887669898109e+00
-5.245516813533420475e+00
-2.918439520571668222e+00
-7.090378239048151343e+00
-8.891756585989469386e+00
-8.881472741584710562e+00
-6.804649399929109777e+00
-6.385134897078551752e+00
-6.138085363472685074e+00
-1.183028817039941671e+01
-7.281992310096855547e+00
-6.286244630440532610e+00
-6.407786554730632744e+00
-5.156799779356751046e+00
-9.206126122601496320e+00
-4.416599151578891380e+00
-9.529395053688523021e+00
-1.135821489340109558e+01
-1.478727503760230810e+01
-6.175133181481604616e+00
-7.506140842933552548e+00
-1.263977252783154803e+01
-9.408378453334330871e+00
-6.830328299487542942e+00
-8.180329771661872584e+00
-1.499964075196533031e+01
-1.362234089950788984e+01
-7.146569181093035183e+00
-8.615417093168503015e+00
-8.600753278086440190e+00
-8.485460571531744378e+00
-6.320006919917509514e+00
-2.106700865415538004e+01
-6.647146254404678878e+00
-9.902653565495983301e+00
-9.341941933386490149e+00
-1.260752996336975507e+01
-2.335711282767852381e+01
-7.097295175424369162e+00
-8.537136027967198615e+00
-1.196086270103958071e+01
-2.989931960774954334e+01
-1.851903590378729803e+01
-2.576925987431476983e+01
-1.837882325532055461e+01
-6.662723798881488690e+00
-9.718032391132215508e+00
-1.199439523644176298e+01
-5.663020185199204803e+00
-8.793607137782270655e+00
-1.219304129650193147e+01
-2.068594300388671314e+01
-1.297397593335863064e+01
-7.966591132914254914e+00
-5.637626458656174400e+00
-1.002909696829098607e+01
-2.002559099286913025e+01
-6.134605898684748482e+00
-3.523877358043109531e+00
-1.904774861239942396e+01
-6.407704115591821292e+00
-9.347068914910426685e+00
-8.432311433359675590e+00
-5.799327873663410848e+00
-1.580869186927339776e+01
-9.973899520794789808e+00
-7.530750859677897147e+00
-1.448216781768268291e+01
-6.031895745751754134e+00
-5.558986509150519950e+00
-1.832752231287506461e+01
-7.251101232406236718e+00
-8.270782554056941294e+00
-1.009043386757970495e+01
-1.134803859500167533e+01
-7.974362986429984979e+00
-6.195277950295897007e+00
-1.290780603199756627e+01
-1.721971648059187032e+01
-1.607212230561404809e+01
-3.151777767341112479e+01
-8.564817338877951158e+00
-1.812317033830738211e+01
-1.322881798864349001e+01
-1.807668203404501028e+01
-3.603326421579107652e+00
-1.151154029671936208e+01
-6.321710780277730812e+00
-1.455937771174182593e+01
-3.809049920298028979e+01
-2.264676886498669361e+01
-1.247278254568608702e+01
-1.702768335941505740e+01
-1.527838008597789532e+01
-2.184161075402700902e+01
-7.248399752895092085e+00
-6.794106748854675359e+00
-5.372630400880733959e+00
-3.201954307407408606e+00
-3.127464281846548566e+00
-3.652924824689632199e+00
-9.104476707028196003e+00
-4.094181548100253032e+00
-3.550895434203577672e+00
-4.183321420762462495e+00
-6.409323977913079950e+00
-3.586194429589731669e+00
-6.916806709625332061e+00
-2.096551832378895419e+00
-3.270322399832424676e+00
-3.545915419641647581e+00
-3.864343429334988311e+00
-3.886329428070392389e+00
-6.911886566723824288e+00
-2.401230587200480215e+00
-3.214681857671917165e+00
-3.496260736391065826e+00
-3.151731888687872907e+00
-5.092671483919462005e+00
-3.559908584714162938e+00
-7.866130863410343288e+00
-1.000812389776901412e+01
-1.982431182333797182e+01
-7.256562413804331868e+00
-6.097392627929833608e+00
-4.882068811775297945e+00
-6.147880784404249788e+00
-5.163895826740746209e+00
-4.653904952290013775e+00
-5.603837490790142262e+00
-3.080277239559127800e+00
-5.988112756850100027e+00
-1.113659805990450913e+01
-4.249403403707240123e+00
-7.685336810251596873e+00
-5.567404746488728406e+00
-6.707765620398092210e+00
-5.941947713833088507e+00
-5.247002813852099656e+00
-4.044309164602595708e+00
-4.844669577085269907e+00
-5.829799508320167689e+00
-2.846586803587443093e+00
-5.136945075183637854e+00
-6.859874765454537560e+00
-5.037623517922884986e+00
-4.652294595456868187e+00
-4.158459760998945320e+00
-4.869878397486120392e+00
-6.239718282467349830e+00
-2.906183057282966775e+00
-2.775333150570475915e+00
-4.667326215841642423e+00
-3.058212953434087389e+00
-3.759450003382151628e+00
-4.229191544899917332e+00
-4.468549049353740088e+00
-5.637233432390225119e+00
-4.365857562860174568e+00
-2.925648186067404399e+00
-4.285120478863648330e+00
-4.151094647677255445e+00
-4.315980853966730812e+00
-6.088116009440335930e+00
-3.019049894619301622e+00
-2.794604080198201501e+00
-3.344934521304060215e+00
-3.292292540158035852e+00
-4.853399881600999777e+00
-3.191454856351699121e+00
-1.223209344187067771e+01
-1.351207070653822839e+01
-4.706206333934288999e+00
-3.641947556382715501e+00
-4.368857775947581068e+00
-9.656507275933538637e+00
-2.386322867265437075e+00
-5.127138605874266730e+00
-8.324657721004189881e+00
-2.687128644418456780e+00
-3.256350746631784254e+00
-4.691597666057481852e+00
-7.349171426469419899e+00
-4.644379595457193588e+00
-7.997805527832328565e+00
-3.585252868671264359e+00
-4.890503957537431390e+00
-7.692771133531758565e+00
-4.455002249949383319e+00
-5.205845359414753126e+00
-8.532687461896177439e+00
-8.444088313527611689e+00
-3.619915576597788398e+00
-6.361172712589593381e+00
-5.145719281024193847e+00
-4.117137489070447742e+00
-5.849601426573405760e+00
-5.873212717343305300e+00
-2.471324462758936580e+00
-2.454319890186026587e+00
-7.366020322048562718e+00
-8.059758516196271927e+00
-7.617944119871578934e+00
-5.171582959212762454e+00
-4.496864665944960926e+00
-4.865649719141557306e+00
-2.966780615870403093e+00
-3.441761254643476153e+00
-4.648546121716060853e+00
-6.542590505336001172e+00
-5.463523531000118005e+00
-4.140050510053326249e+00
-3.221624072813283224e+00
-5.829929518237957353e+00
-4.480362639350396137e+00
-2.669492338438651302e+00
-8.421058265257114428e+00
-5.273871809238879216e+00
-2.995414528883133531e+00
-3.461032302611499745e+00
-4.327823859653935124e+00
-3.362510230705276992e+00
-8.017513657745379163e+00
-8.788689519424352170e+00
-1.054429106789359061e+01
-5.106828315711837263e+00
-3.902842372433554807e+00
-9.222547087996302295e+00
-3.893678451683155739e+00
-6.467367757860924549e+00
-9.516442937951914871e+00
-6.071053470555787257e+00
-5.661839578821501462e+00
-8.997174170676469629e+00
-3.764152842361100593e+00
-4.214690323925329274e+00
-3.632200551028918589e+00
-1.192309686878692609e+01
-7.405510144490074609e+00
-1.192078576626919961e+01
-1.121069702439239002e+01
-1.467695919374907376e+01
-3.918056212214165335e+00
-3.359770404483626294e+00
-6.049167501158150273e+00
-3.631811842975253057e+00
-4.040175717881173689e+00
-5.590310985133357669e+00
-4.550155024951963334e+00
-3.043530127574415989e+00
-5.561854113078949169e+00
-3.089222366942538045e+00
-4.927206887099332633e+00
-3.171898215713021774e+00
-2.455784096619807677e+00
-3.863811256689710039e+00
-1.974510306187917452e+00
-3.518916195644242517e+00
-3.554491162839313212e+00
-8.170636827443892969e+00
-7.470782976357055460e+00
-8.804638890125975337e+00
-7.257507361544869084e+00
-8.090841761144046629e+00
-2.518506582643380565e+00
-3.154495486087758316e+00
-6.229037026237477903e+00
-6.298427741523880741e+00
-4.367479632834633030e+00
-7.397465073376709555e+00
-1.814215762716768410e+01
-2.623413452658962086e+00
-4.282519548274345667e+00
-2.354782754820439639e+00
-3.812307175151100402e+00
-2.892870789054188041e+00
-4.920307156587861996e+00
-4.367239541006643577e+00
-5.158918263730024378e+00
-5.499393768084734901e+00
-3.892706858407991799e+00
-3.576178595908939606e+00
-5.660065941794831801e+00
-6.221232202288882185e+00
-3.598815330863117001e+00
-4.743967810896080550e+00
-3.790044301006076921e+00
-2.059107402074556781e+00
-6.000024324468925307e+00
-5.812667811614003810e+00
-3.340319686456459269e+00
-8.469695624104982556e+00
-7.530011733028940668e+00
-3.305388735483742124e+00
-5.497680628957928306e+00
-4.783108667621332799e+00
-6.969947711153397840e+00
-3.457270807110950361e+00
-3.390303873484352692e+00
-6.169790612088124071e+00
-1.609559239441055567e+01
-2.822276708840305126e+00
-1.941991165794657359e+00
-3.032439052808405755e+00
-2.761544361096203826e+00
-3.572286417675357484e+00
-4.818091740876939255e+00
-4.294410280018403192e+00
-3.021190970029853595e+00
-3.136055963433795668e+00
-4.933344727326817392e+00
-4.535017492539657802e+00
-4.418110143742305596e+00
-3.437150672374110094e+00
-2.357379718115303113e+00
-2.541109979581470224e+00
-6.146808778970592080e+00
-6.407765824878493888e+00
-2.718794233313960085e+00
-5.757310816932923458e+00
-4.619612206412736732e+00
-4.647314291883847481e+00
-4.328367862964050516e+00
-3.922256477643895067e+00
-4.841616773547388064e+00
-3.344041197457504833e+00
-4.418449666565761547e+00
-2.192662913508945266e+00
-3.296235770812526056e+00
-4.244262008221482141e+00
-2.490332594602483685e+00
-6.359087235787105108e+00
-4.033409904585686157e+00
-4.222181057068441490e+00
-1.472250015725881589e+01
-1.316206681807021006e+01
-5.579846428105593503e+00
-8.829603623682391600e+00
-5.095215460086402359e+00
-6.123005228878004580e+00
-4.311937254515012974e+00
-3.646812952061266877e+00
-5.140750893649521203e+00
-1.294256555415133958e+00
-7.674852587092590106e+00
-6.687254982809835546e+00
-7.474600547211091239e+00
-3.282638705851393723e+00
-3.437104980104776164e+00
-6.056725549856873947e+00
-6.325589013453113196e+00
-6.574010387858727711e+00
-7.580546034809756861e+00
-1.811667343386263340e+01
-3.374831154696231295e+00
-4.004335415782895424e+00
-3.291599193368257126e+00
-4.032678151008647127e+00
-6.470449999194135771e+00
-8.200934871509936386e+00
-6.145551712271142719e+00
-2.777027780371055687e+00
-5.184970083873379210e+00
-5.075401185512324886e+00
-6.033896672645699510e+00
-8.336825565773072100e+00
-3.801360147977811188e+00
-2.607528830180737334e+00
-2.776320953924314328e+00
-2.395059647879317133e+00
-4.802924568201297539e+00
-4.016063692605870372e+00
-1.972862957865109568e+00
-5.332772276652939070e+00
-4.057881267115729607e+00
-8.454395527846518377e+00
-6.797164748524819444e+00
-4.693675117559122256e+00
-6.927681110939031939e+00
-4.239625707586346159e+00
-4.795964068544348535e+00
-2.164072901961701767e+00
-4.303955872756693779e+00
-5.202542575611490250e+00
-4.804189940367568745e+00
-2.927662159858187785e+00
-3.359070853031677295e+00
-6.194164146626112810e+00
-4.988077938186299853e+00
-3.157719797508918624e+00
-3.608300026938614735e+00
-7.724729612889726482e+00
-5.260475165665230435e+00
-3.014556709712695959e+00
-3.381526088254113382e+00
-1.006313508019785097e+01
