6.414141473326646519e+03
6.608733755569362074e+03
5.741628601319937843e+03
4.299071640095085968e+03
4.274362538476127156e+03
5.190250353577168426e+03
5.441309493623896742e+03
6.405833120709508876e+03
8.523061447605772628e+03
1.115808079870719666e+04
7.147399737049754549e+03
8.993739984735431790e+03
7.973831366782726036e+03
7.027299699121351296e+03
6.723481914973219318e+03
6.244989753517153076e+03
7.163240366895182888e+03
4.981329121779000161e+03
6.986054571746442889e+03
6.718883694656584339e+03
1.017324890901783147e+04
5.791420140755734792e+03
4.674982529851081381e+03
3.846584106139479900e+03
1.020175150489163389e+04
6.643038338938211382e+03
3.486946624829144184e+03
4.588384851815761067e+03
9.810328174959209719e+03
5.382673841552987142e+03
