-9.720000000000000000e+02
3.622157651041432473e+03
2.064552902204478073e+02
4.811830093663226762e+03
-1.316966478728167658e+03
2.527040892989264194e+03
6.471207162858418087e+03
1.245735112989129630e+04
6.167540777039258501e+03
2.945354637950118558e+03
8.457442139195409254e+03
2.141417907586832825e+03
1.294603587678628628e+03
1.531836986966512086e+04
1.479991830269609636e+04
1.049425570577004146e+04
2.465317360540645950e+03
1.411860294025355506e+04
8.210713641384236325e+03
1.582984427557291747e+04
1.189124326589345219e+04
1.200162421212894287e+03
9.531439617187041222e+03
2.311296384490043238e+03
2.149669589990843633e+03
3.899097231800134978e+03
3.724261658372405691e+03
1.710203547439835165e+04
3.162573155694235538e+01
2.963283378649530277e+03
2.776645266684061426e+03
4.562679633198393276e+03
2.066702192278863095e+03
4.831254051724628880e+03
6.330018632368202816e+03
1.309259216979371740e+04
6.398492913706752006e+03
3.806101101084998390e+03
6.337665338782226172e+03
2.205908710605000124e+03
3.384179257984097603e+03
3.339873864086625417e+03
-1.360927376190633140e+03
1.312903051740222793e+02
-7.606002572089535079e+02
1.435214630371968269e+04
4.422274402737876699e+03
1.000937267744696146e+04
2.325361929786047767e+03
2.829844362573073886e+04
5.852119284906601933e+03
9.064717280624581690e+03
5.272175769836583640e+03
-4.646747968948139942e+02
7.472463050130268130e+02
5.891937177556078495e+03
2.461623324025206966e+04
-2.751196732192473178e+02
5.906510110481591255e+03
5.819874561065845228e+03
9.647115153080691243e+02
2.984138638595881730e+03
2.403073294823344440e+03
-3.234142225511080824e+02
6.717313247937254346e+02
-4.215183411393832102e+01
5.668704414035936679e+03
5.263326845911356031e+03
5.786596135321162819e+02
1.964826204302488986e+04
1.832473901025367013e+04
1.080603206132016021e+04
4.604937116405757115e+04
9.079084774156925050e+03
1.938868265067646462e+03
8.626812497086151780e+03
-3.237005005376305462e+02
-4.214267959454421657e+02
4.290311588530975087e+02
1.067016443529505887e+04
1.557016684911492484e+04
3.205895517036199635e+03
3.426991251624099277e+03
1.113142009104755289e+03
2.013550277171757216e+03
3.044428420877682584e+04
9.366810221430223464e+03
5.606986754167714935e+02
5.693651038417365271e+03
2.903775901303952560e+04
1.401450918340819953e+03
-1.084513953339650698e+03
5.195865269782289943e+03
1.494947789605119397e+03
2.957542842302179452e+03
2.648651690019914895e+04
5.665515244018984049e+03
7.506931571645639451e+03
8.080478259576922937e+03
8.382602713562164354e+03
1.389213654372452220e+04
1.966620248324864951e+04
2.360256001980025303e+03
1.044539688659628519e+04
2.351111286755552555e+03
2.068340231914399919e+04
2.549911681787906218e+03
9.237532835021203937e+03
1.486178405055376970e+04
2.335516263222562429e+03
2.256809924220742323e+04
1.244985623365578067e+04
6.394294801490403188e+03
4.731683845043738074e+03
2.427645018670652917e+03
2.316295022929419247e+03
3.141462654364509945e+03
-1.700233466351733114e+00
4.999521045080976364e+03
4.924702327420638539e+03
4.786244705726241591e+03
3.236746795090307387e+03
3.661396543965299770e+03
2.113623087821583340e+03
1.812743628400162925e+04
1.928660951542064140e+03
9.822874756792161861e+03
2.298883112831979815e+03
5.334804383591848818e+03
8.580537983177800925e+03
2.852360473340964745e+03
9.845639067919140871e+03
1.690540920597154036e+04
6.520695980019165290e+03
7.514761100061623438e+03
5.602296903737390494e+03
3.872986783679946825e+02
1.216202069168207345e+04
1.292208916508547554e+04
2.186228044714305724e+03
6.667386185677818503e+03
1.432948425407739251e+03
1.857704389141657657e+03
6.855304437715488348e+03
2.108168368997107245e+04
2.037136325439050097e+03
3.607700079403273776e+03
8.256335359177369355e+02
9.782521805177899296e+03
3.268267139347644843e+03
2.365028295493392579e+04
2.055850794707658679e+03
7.698202885316793981e+03
1.326568569323151451e+03
4.318882825849514484e+04
1.009228207123905577e+03
7.763632996848249604e+03
1.927728198975985606e+03
7.079978349994467862e+03
1.847198903280989271e+03
2.827281132409052134e+03
1.869499659604718090e+03
2.225931181474376899e+03
1.009636099091876713e+04
2.180871948444531154e+04
1.006890406672217432e+04
3.560020506370989096e+03
1.039636970424561696e+04
1.194338051142984477e+04
4.564140259408286511e+03
2.444959616640301192e+03
2.863200475140765047e+04
-6.249117007240272414e+00
3.090526237975744607e+03
6.037461228524393846e+02
8.220169618973885008e+03
1.172174317455615892e+04
-5.764759811086139507e+02
3.173076990201735953e+03
2.312958256081283707e+03
3.935366393430956578e+02
8.031984026646377970e+03
4.558132553079487479e+03
5.738771935426605523e+03
1.317521661127597508e+04
6.112305272821527069e+02
1.469182232718620435e+04
1.105062610811443392e+03
-9.669775208644505256e+02
9.625579662743022709e+03
4.574492544169796020e+03
5.940961584448443318e+03
9.171704360063431523e+03
-1.347576817010223294e+03
2.962106320968022374e+03
3.445091299612489365e+03
1.174992431566910818e+04
2.887202559392214425e+03
-3.965850200291657757e+01
3.646468735640496561e+03
2.457218810076668160e+04
-6.526983865861743652e+02
-5.786359054022983628e+02
4.444653820036736761e+03
4.576890730291303839e+02
1.047928854105304708e+04
1.112933981698318803e+03
8.440390350727111581e+02
3.895531696878180355e+03
8.142237859832241156e+03
1.871868533642450529e+03
3.067675841675251650e+04
1.886474472809647705e+04
1.375611842928509577e+04
3.058152968091761068e+04
1.494936644122470568e+02
-1.467271344180412143e+03
1.389479594512983567e+04
1.537054278561839737e+03
5.212005564099432377e+03
2.310142268049994982e+03
-5.393646043658962981e+02
-6.596313222049637943e+02
2.225342080362885463e+04
4.350705466319690458e+03
-2.882036245854199024e+02
9.926741269454723806e+03
-1.662289856497408664e+03
-1.802562724981332167e+03
1.341737075760836342e+04
1.217883515239824419e+03
3.597183147017580268e+03
4.498520637008185986e+03
4.267865757898116863e+04
-1.411555497435575262e+03
-1.447073218712646167e+03
4.615169336771925373e+03
2.451012165025360446e+03
-1.102761352369125234e+02
-7.930339779595096843e+02
9.539792190884081720e+03
-1.099515547615814057e+03
1.452631895072095904e+04
-1.939559687755164305e+03
9.574872468730083710e+03
7.355562421202953374e+02
2.762434986561470851e+03
-9.253714479522840293e+02
1.711642191490162077e+03
7.857455037577477924e+03
8.603589656128029674e+03
7.494020283027856749e+03
1.130095352947407628e+04
3.312863474450564354e+03
3.553385707462870778e+04
1.352163881822201074e+04
-4.560290402702385109e+02
-8.234510137439024220e+02
-3.738059007004939076e+02
-1.154428709260241021e+03
1.225579181345658435e+04
3.718421955768827502e+03
1.663895374455144520e+03
9.525112270226002238e+02
-1.005537931859111723e+03
2.577680164325808619e+03
2.233740458935392780e+03
5.761083698463246037e+03
1.094979485703091268e+04
9.912763408370359684e+03
4.031661737952863405e+03
5.841266678991018125e+03
3.431769100146945675e+03
1.743389653832709882e+04
2.504536840443292385e+04
4.103823664205470777e+03
5.681875452054440393e+04
1.662357734726811714e+03
5.438909033026769976e+03
-7.079464484735178758e+02
1.398122609095408370e+04
2.204488949586555009e+03
7.258622858045256180e+03
-1.279680381649439369e+03
-2.747759677915873908e+02
2.080066329309053799e+03
4.829663216258319153e+03
1.232427916440906120e+04
3.865518484005624941e+03
6.149856011336619304e+02
3.439547713812160055e+03
9.734575441723984113e+03
7.346133947137545874e+02
1.657687785033684577e+03
3.016712047172071834e+03
6.024563809842359660e+03
-1.174621823088806423e+02
7.598278969136366868e+03
5.929265289397870902e+02
1.922106002770639316e+04
2.575305810081733944e+04
5.038685046414796034e+02
1.689556692059985289e+04
5.014148575576975418e+03
2.462852697081518272e+03
2.008557034942876635e+04
8.924221527038660497e+03
2.912598490638635849e+04
3.021251162001823104e+03
5.196905314956464281e+03
9.168457103596267643e+01
1.465440131897587207e+03
5.348170661469281913e+04
1.169660715805477139e+03
3.453204701495260451e+03
1.776023207251402346e+04
1.634330474690707524e+04
8.165135416676865134e+03
-8.305344822003996796e+02
2.090228255251153314e+03
1.754270280872513013e+03
5.360076025271673643e+03
1.445921244465162272e+04
-3.848583476043529572e+02
-1.168294652370836957e+02
9.082735862318171712e+03
1.840852546377175531e+04
1.782560971207565308e+04
6.252019919917386233e+02
2.588900981390908419e+04
3.353582690778094729e+03
1.360313079816164645e+04
-1.571020378862800953e+03
3.674112595364528715e+03
5.435520358155981739e+03
2.133675891825083090e+04
4.819628578493623536e+03
3.649357795360910131e+03
-6.006905165479801099e+02
8.849597393133562946e+03
4.231764713752895659e+02
-2.133695898544816885e+02
9.222037277381619788e+03
5.850836755881734916e+02
2.176172908532979363e+03
2.252690019288215990e+04
2.148487606297748698e+03
-9.345307048670370023e+02
8.139619698280917873e+03
1.033951740062159661e+04
1.999976699551596903e+04
3.169989023366146284e+03
9.373214458323076542e+03
1.868788005305666593e+04
5.336467973369825813e+03
-5.663804165928457905e+02
4.056849731754924960e+03
1.400634847412392810e+04
3.011902490572617171e+04
2.003965312882135186e+04
1.514645006410428869e+04
1.326642667365983471e+04
-7.147275337104172195e+02
1.423743710908290268e+03
2.417970913253014260e+03
3.553255526757561711e+03
2.727965274816643159e+03
1.676284570552911464e+04
-1.252218083370038130e+03
8.215285024162549234e+03
-2.246043709015954846e+03
4.517235342855871750e+03
-1.773832409226270329e+03
-1.123510818100909319e+03
7.522139603713908400e+03
1.728166950679772754e+03
3.208331626831697463e+02
7.662218269822469665e+02
1.903205404363933121e+04
4.235777507489500749e+03
8.348010024105675257e+03
1.394620647771320137e+03
3.781576433219918272e+03
4.324719134031532121e+03
7.308056527103020926e+03
1.093098467718848769e+04
1.028545470922731693e+04
-7.301790313872260185e+01
1.241523778766326814e+03
2.597012381893683050e+04
4.196099774268458532e+03
6.086517113115352913e+03
-7.092532849133215223e+02
1.941912723115638801e+04
3.017521362222318658e+03
-3.809513205512230343e+02
-1.690097564138075086e+02
1.559183860972214461e+04
1.015066847372730808e+04
6.855773004761464108e+03
7.830216469662907002e+03
1.639978805230021806e+02
1.654789617596391963e+03
-3.563524548255909394e+02
8.294483485628268681e+03
7.868122906669242184e+03
1.556442450558564451e+04
1.989213566559670289e+04
-1.571386267621603793e+03
1.454930806786976063e+04
3.983889222355157358e+02
4.821594687617915952e+03
-1.705860357382492111e+03
1.226056608418289215e+03
-1.213832299057839919e+03
-2.333884680447912160e+03
-1.406441871435597250e+03
-1.266970238846072334e+02
1.682580987083344735e+04
3.569649000774236811e+03
2.086925006005373507e+04
6.103328960178157104e+03
1.830760273549531121e+04
8.232300408100996719e+03
1.240076013406909806e+04
1.728090397463805402e+03
1.272503100211757737e+04
4.318939558595679955e+03
4.184176037510020251e+03
-2.681146304137200786e+01
1.257751109793516889e+03
2.793080195269835713e+03
5.221838652193638154e+03
-1.899655969720999593e+01
5.029048018154408055e+03
9.019340278130699517e+03
8.171564239386617373e+03
1.027625844519401107e+04
2.268754612490679574e+04
1.570308138871903429e+04
1.534770725786615003e+04
9.615518135863649150e+03
5.666181647341265489e+03
7.798284529015588305e+03
5.478499244906953209e+03
2.382047873131437882e+03
5.079078992437769557e+03
6.226493799935146853e+03
1.917231875379633493e+04
8.464484241763428145e+03
8.361553270707125193e+03
4.283366133302420167e+03
-2.760476521464079269e+02
7.287026403958505398e+03
9.824325624553098351e+02
3.119280585812182949e+02
6.260462486019529024e+03
1.139443690287949357e+04
9.041378207251806089e+03
5.347815205141700972e+02
5.742781417824419805e+03
6.931511648337354927e+03
2.038405494419035676e+03
2.248334707241579599e+04
2.060103622096446998e+04
5.055431264262338118e+02
4.262628469817789664e+03
2.260135724196933370e+04
5.971594846966479054e+03
2.007998135891811557e+02
1.580642265705571390e+03
4.230265496589901886e+03
1.337999646523304364e+03
1.499105490252044729e+04
3.734098643946491393e+03
7.180077128348279075e+03
1.605760601980489810e+03
6.989594333184484640e+03
4.748618437951271517e+03
1.018834766516629679e+04
1.880404494890168644e+04
1.151306936719731129e+04
3.715182834919411835e+04
5.339886568681338758e+03
-1.442351416064326486e+03
8.899290955369449875e+03
-8.179132580210947481e+02
5.318500352215922248e+03
2.221098783712458317e+04
9.435377958181414215e+03
2.885876637591274994e+04
1.173932744818406945e+03
1.098851784425694495e+04
2.369528377895050653e+04
1.124340759609832639e+04
4.220340623547474934e+03
1.421721183866621914e+03
1.353593191315550212e+04
9.046488522744370130e+03
7.396417403721059600e+03
-7.770815135164137928e+02
-2.559049457458419283e+02
2.009408703373128674e+03
5.345446962487043493e+03
9.909710028639663051e+02
3.705743959212615664e+03
1.193830165246711113e+04
9.162488196800091828e+03
4.112382667445004699e+03
7.569523697781509327e+03
1.297705761894913485e+04
1.802809184962353356e+03
1.994985900618617961e+04
5.189122088507790068e+03
7.829754159521309703e+03
1.167496168874733121e+04
9.284155475817462502e+03
3.146731832802645954e+02
1.245138001522688455e+03
1.257346580613892911e+03
-1.276801690102313842e+03
3.904114882666627182e+03
1.047628561333107973e+04
2.401436719156527943e+03
3.916755151109284725e+03
7.193303828726753636e+03
1.155866964104916951e+04
2.705619011435010179e+03
4.602342664058640366e+03
1.887556717148603980e+02
1.906920490166734817e+04
2.330421046863941956e+04
7.167056077338042087e+03
1.738569134516417762e+04
4.789090517217746310e+03
1.515649662773820637e+03
1.823057235754162321e+04
2.552150281374602491e+04
1.435334924025363762e+04
3.340690421753347619e+04
1.716024218911795515e+03
4.306210308320160038e+03
1.009378701818465515e+03
1.585597435352428511e+04
1.526340640822836576e+03
2.518707962073551607e+04
6.569260265265457747e+03
1.013948863205551243e+04
5.543647752255240448e+03
-3.794071232117331647e+02
2.069453658872430424e+03
7.168291952583272177e+03
4.856281573037194903e+02
-1.179493586266266902e+02
3.571069669656943461e+03
2.257330751866174069e+03
9.629857698919985864e+01
1.322219252176319287e+03
2.467261405585100147e+04
3.468174893623549451e+03
5.783976990709032179e+03
1.992259604248019286e+03
3.887509036155704962e+03
7.693737564248479430e+03
5.775841676885325796e+03
6.399372155307863977e+03
7.938732828969456932e+03
1.311889947699298318e+04
1.940612691962362078e+04
3.223956499590346539e+03
-4.750351312959971892e+02
6.488805195816198648e+02
9.479804758485902312e+02
-1.027939029561192001e+03
6.444424421759606048e+03
7.029051229942298960e+03
1.349896412295771734e+04
9.520663256776036860e+02
3.158541229174685577e+04
9.317882536492243162e+03
-3.710161766023497876e+02
5.607858347588318793e+03
7.126425951650044226e+02
6.726995149984304589e+03
2.133670639740467323e+03
1.393444164377100788e+04
4.366674470065885544e+03
3.310644205080416668e+03
8.593194082073699974e+03
4.692030653570242293e+01
1.015711623682418212e+04
2.272046292140186415e+04
4.842982430818176454e+02
-1.648115330229959000e+03
1.217485278386282971e+03
1.682208362081490486e+04
7.609916661065579319e+03
1.220060988458865722e+04
1.328368859498129677e+04
7.089853736439694330e+03
3.778641928748000964e+02
1.602774077702988507e+04
3.309604334389506221e+03
8.867624752590356366e+03
1.159512563659978923e+02
3.997293098177944103e+03
1.282271463061098984e+03
-1.650175895310130727e+02
5.316965661309060124e+03
5.957289313460854828e+03
1.340385080668233786e+04
1.086915135196181109e+04
3.316608031427659625e+03
2.786618200572872411e+03
2.657948147204322595e+04
-1.499649419544535078e+01
-4.224748498304503528e+02
1.831651990714091426e+03
1.511476977951605932e+03
1.892571217584974511e+04
1.065853365008308356e+04
7.417366372325839620e+03
4.288241188691558818e+03
1.829702489370250532e+03
-4.624315769335884170e+02
7.980527786319722509e+03
-2.630765240602059976e+02
1.191303397532330735e+02
8.855941199659731865e+03
2.212583227025651468e+03
2.425830574367109421e+03
4.665575614703143401e+03
5.583658611396458582e+03
2.244285669146312284e+04
1.005233003212140829e+04
2.145056503818938154e+02
6.592358082720265884e+03
3.379540153822375487e+03
2.089931096270471971e+04
7.368012085648823813e+03
1.234627176704811973e+04
2.970394347548993892e+02
1.696114161121663528e+02
3.802419047629581200e+03
-1.174275364661295953e+03
1.115159169524072013e+03
3.078517294820276675e+03
2.619966961669492230e+04
1.898694693872113930e+04
1.491695434718336946e+04
1.757258140291737163e+03
-6.540947402959153578e+01
7.956053571800976897e+03
8.223928549509239019e+03
5.627286000194140797e+03
2.923026144972777729e+03
-7.523552917571673788e+02
1.187513588580323631e+04
7.746729413594666767e+02
4.344664740846113091e+03
9.222396437123039505e+03
6.397346047048823493e+03
4.007852295808811505e+03
1.367914044373206707e+03
-5.208605701475232763e+02
1.035952488610438195e+04
-1.035675286600007666e+03
4.299521627177187838e+03
2.201575146213554490e+03
6.255910319358681591e+03
3.933921880615133432e+03
3.677120177774913827e+03
2.898397122666731775e+03
3.766114940154132910e+03
-7.921149148716522177e+02
2.125310589508439989e+03
6.118055739763466590e+03
1.768738364127191016e+04
4.299529736240735474e+03
-2.130627724885538328e+02
2.805165354839795782e+03
4.208231420683505712e+04
1.027480565734238371e+04
2.524677208317800250e+04
-4.114641879915014897e+02
1.367545500712647845e+04
5.179095667630792377e+03
-2.059367580900695884e+03
1.240756647073422027e+04
6.426037324277555172e+02
1.386786282429275161e+03
1.049713717011452172e+04
-8.337750749194467517e+02
2.091666341037637721e+03
4.657350073840450932e+03
5.739061060095155881e+03
1.575665994780366964e+04
1.326049301389995162e+04
-6.512750358627115475e+02
1.836889321277499766e+04
9.297468130513620054e+03
2.424529367961799289e+04
5.133473534714699781e+03
1.193901588979114649e+03
3.582410900796235637e+03
7.702102069345819473e+02
1.127995605613540647e+03
9.249920621971677974e+02
2.800150448025923106e+04
1.420470017338951038e+04
1.156675788359840453e+02
-9.306041366404804194e+02
1.482986796153707473e+04
1.287455151178474443e+04
1.376237731200142662e+04
-8.014419322499388727e+02
1.214715282515459876e+04
9.550942532560255131e+03
2.667229446328766244e+03
1.898545934072265027e+02
7.676343098355424445e+03
5.609473238381274314e+02
4.220240338722455817e+03
1.184280746211805763e+03
1.158787467525957618e+04
6.078213040496420035e+03
-7.817661865241493615e+02
6.032178670114142733e+03
8.784484223667523111e+03
3.250794837148748047e+04
-2.282324388835186255e+03
-2.675690659222044815e+03
2.441833798398024555e+03
1.834514106987209516e+03
4.547620242950661122e+03
8.897544901571760420e+03
1.363171659040960367e+04
1.495337417327974254e+04
4.929611973435682557e+03
1.823541321893168060e+04
-6.533899546248705974e+02
3.926561369786694740e+03
3.783615143444659680e+03
7.447590191344464984e+03
8.991577409610978066e+03
2.004400520298535048e+04
5.864918021980703088e+03
2.314542539889033833e+03
5.078651668200511267e+03
1.043674755711467697e+04
1.581852545124464450e+04
-5.320147804630894370e+02
3.707450069859061841e+03
8.585907811453614613e+02
4.478078391048762569e+03
2.980598784026549038e+04
-1.440039033495581862e+02
4.827766560799441322e+03
-1.546256189304813233e-01
8.433330718712235466e+03
2.207828388506510237e+04
6.338755927865316153e+03
1.193329948034816698e+04
1.991381085816652921e+04
-1.376092825264043313e+03
-7.305068261168664776e+02
1.691001152304057769e+02
4.209223591694394599e+03
5.019955782475162778e+03
6.750676756149244284e+03
6.500996381660602310e+03
6.466456531513326809e+03
8.675485880808750153e+03
1.671321670639691092e+03
5.122092408556713053e+03
8.948124764917412904e+03
6.599742568295646379e+03
4.844129756679031743e+03
1.528917533147274753e+03
6.967223201829355276e+03
5.933751326711147840e+02
3.564721816796499297e+03
1.158004992989212587e+04
-1.730918900257822315e+03
1.340611288962495382e+04
8.979629678393865106e+03
1.053530129456854070e+02
1.625268191010086866e+03
1.779901324307911409e+03
7.229331417989474176e+03
6.687089299458525602e+03
2.064948217319296873e+03
1.724454594616583563e+03
7.983994921874038482e+03
7.233401463628949386e+03
1.501650948984104252e+04
2.460407654517479841e+03
5.776963193531653815e+03
1.187222772808700756e+04
1.629900972296964028e+03
1.349333030088824216e+03
8.231681967330728185e+02
4.549172253397719032e+03
2.714231993693512777e+03
2.119320489636021375e+04
-7.058683672422382642e+02
5.507476338787152599e+03
9.946738522162597292e+03
4.246011502866504088e+02
1.034298753466233029e+04
1.419589025522142947e+03
4.503646440346547024e+03
1.126932617763107919e+04
8.108112087361962949e+03
4.526898736125654068e+03
-1.436531625040895960e+03
-4.215413498850472251e+01
4.446280936297211156e+03
2.110873575173060453e+04
4.124519224054318329e+04
9.072499393935488115e+03
1.467018638160266164e+03
-3.480575547286292135e+02
1.739729703244725215e+03
-6.732103354873672743e+02
-1.981308437861491484e+03
1.017409480201600445e+03
3.351625983172215456e+03
5.246413571645724915e+03
2.261105954531030875e+03
1.366059598680385352e+04
1.810240899149739926e+04
3.805548962642095830e+03
4.951342293156103551e+03
6.895491530089725529e+02
-1.222178765849645515e+03
8.070672602637584987e+02
1.999077134396574911e+04
1.619623708802936744e+04
2.895025904210361205e+03
4.648790878605326725e+03
1.648646112510756211e+04
1.581169993748766501e+03
2.804942539954737413e+02
1.111943340716567945e+04
1.529778079392826112e+04
4.759251671928192991e+03
5.062399710280760701e+03
5.296664757092694344e+03
7.099957077099102207e+03
3.348830393525140607e+03
1.136843448342513511e+03
2.815563725830512703e+04
6.964167437866900400e+03
1.961804261973598841e+03
6.017290810910921209e+03
2.285432620790725196e+03
5.752949394358219251e+03
5.786547111291742112e+03
5.002946094224213084e+03
-1.389942206169998599e+03
4.819232301461517636e+03
6.175286648892370977e+03
-6.396571913598442052e+02
1.434422458258079678e+04
-3.412052010429127336e+02
3.825483162826232729e+04
3.557173631676218974e+02
7.102609919226543980e+02
3.532727668164866827e+03
1.314123876732534654e+03
8.440842632446978087e+02
1.204215527712379696e+02
4.933641267638439786e+03
-1.170953333351783385e+02
2.420178157047932473e+03
6.224923358519932663e+03
2.565171439108195409e+04
2.768817641938391262e+03
6.394776122666407900e+02
1.298062895246515382e+03
1.117290455106304580e+04
1.222070966476969807e+04
3.496617809096993824e+03
1.124034240478586071e+04
1.277829666635709145e+04
8.276199163924015011e+03
8.402134258005326046e+03
5.258829465560593235e+03
3.437222759409792616e+03
-4.112876511292538453e+02
9.313597193692416113e+03
2.852163790633576355e+02
1.259018649029071457e+04
4.513183141483616055e+03
2.532544890059796217e+01
3.012781677990738899e+03
1.173417125201243289e+04
1.024152329829180599e+04
-1.491406012806430681e+03
-2.792205406414775553e+02
4.284931688027751989e+03
4.775120922336041986e+03
5.524130696599340808e+03
4.643442325117747532e+04
5.146233153155106265e+03
6.731703641894797329e+03
1.211720810024536695e+04
9.887367092592985500e+03
-1.293890989908416714e+03
1.655296545371635148e+04
6.174916451971641436e+03
-9.587263015781969671e+02
2.068780537788684160e+04
3.187752217635274064e+04
-5.861756015949889616e+02
1.751035666900509386e+04
4.516344437503061272e+03
9.778951786091020040e+02
1.192692629916288388e+04
1.307917852386391314e+04
9.658148626250302186e+03
9.421518405563572742e+03
5.082907037630146988e+03
-1.042768314319239835e+03
5.101416506250990096e+03
9.613745774402887037e+03
7.483661891071203172e+03
2.842916223206850918e+04
4.977030585414187954e+03
1.285340008516555099e+04
-2.213069481063858746e+02
2.194789113179068863e+03
1.957864872763542371e+04
-2.900691678372425486e+03
1.466006676940359284e+04
3.948076533019893759e+02
-3.191978613385664630e+03
-2.083920192569441042e+03
3.124757500230763981e+03
-1.653313247825880353e+03
3.437465782635686537e+03
1.296315317077835607e+04
2.738580843614548940e+03
3.434224756208111557e+02
9.497709049091681663e+03
1.288491737352557266e+03
2.527988469529335998e+04
9.058897859199925733e+03
6.906253351703376211e+03
1.526678527087205111e+03
7.456504633723810002e+03
2.201673176240306020e+03
8.854606718506445759e+03
2.487979338854291655e+03
8.657583651675533474e+03
7.801464099021139191e+03
2.918142634371267832e+03
6.465187917042102526e+03
3.188021662949116944e+03
9.944356633710585811e+03
5.494929078523780390e+02
2.776429260347351374e+03
4.618586524022482990e+03
4.008354198117179294e+03
-3.870006332674189480e+02
3.678773052028871916e+03
3.763809615322018999e+03
1.042695538494713401e+04
4.868923413886194794e+03
1.265194053523424918e+04
1.915301929099445260e+04
1.334161926027514710e+03
4.796289742268787450e+03
1.985018213162437314e+04
3.103353357792207134e+03
9.316592667441691447e+02
9.457000119727470519e+03
5.087124209599678579e+03
4.882862532080127494e+03
2.166387441101830973e+02
3.557375106288516236e+03
1.125141405791553734e+04
8.047943309308115204e+03
3.340598225064757116e+02
1.773041932846622149e+04
2.887201327884774400e+03
2.005067210347877449e+02
1.590321624404398335e+03
1.231462119645687835e+03
1.134867173785280829e+04
1.773583630742079322e+03
-1.151484156012959602e+03
8.031379859528035922e+03
1.887384061218847364e+03
9.278099810883573809e+03
2.197413011770367302e+04
-7.789888273467923909e+02
1.548097437486615490e+04
-6.549136628695741820e+02
3.289333045026897889e+04
2.981887202646997139e+03
3.943808581330278685e+03
8.804469508649866839e+03
8.837929216139193159e+03
-1.221087412864203998e+03
1.186575082514801352e+03
9.679485088944818926e+03
-1.328212221808244294e+03
4.171376621737194910e+03
2.344258797340033198e+03
1.322222502502672796e+04
1.390910929649097670e+04
2.624076539619792925e+02
3.433814458215102604e+03
1.861279601505391156e+03
1.577055579043017860e+04
8.406201945077729079e+02
5.484302311669080154e+03
9.445513950314394606e+03
-9.005086258011303926e+02
-1.482856117691952022e+03
1.276146828780972328e+03
2.398596839765852565e+03
6.527340924395038201e+03
8.106109386615396943e+03
2.292286080889606637e+03
1.315928437565963759e+04
1.749445485225546690e+02
2.534190035780525704e+03
1.080696269733044755e+04
-7.303477931190298023e+01
-1.193920466984074210e+03
2.840086822685495349e+01
1.066043381748750653e+04
7.861143400543605821e+03
1.159304310383456323e+04
1.219130668422297958e+03
-3.171874389984448044e+02
1.370822477557997991e+04
9.314918036118949658e+02
2.874359151030494104e+03
1.141772298165334905e+04
4.321187758052754361e+03
2.267286004985023101e+04
2.816852742037430653e+04
1.064625181899466770e+04
1.349009827321757803e+04
4.210269331642616635e+03
2.999720501750419317e+03
-3.575798907736747196e+02
-2.193522949726261970e+02
9.636903927562516401e+02
1.712319508730025700e+04
1.529411114092583375e+03
-3.966225833279938229e+01
7.987350585819265689e+03
3.680304725021472223e+03
-6.291789074491023257e+02
1.042905683132451668e+04
1.226738072205112258e+04
1.170557349077883146e+03
3.865320169910956793e+03
8.240698378768012844e+03
1.673481331409600898e+04
1.286277745962301378e+04
6.480471399696474691e+03
6.818269839501256683e+03
5.917076814128876322e+03
1.946746660857165807e+02
3.404623047017741555e+03
5.556962269678027951e+03
1.204057976993896955e+04
-2.531125016672032189e+02
1.290769326434067989e+04
8.794776439464959594e+02
3.732176742043848662e+03
2.827573881848044266e+02
2.605061794057764473e+03
2.021491825142318930e+03
2.590202882310386030e+03
1.540551029774917151e+04
1.579304075578993434e+03
1.004543816102479468e+03
1.959996474851762741e+03
9.801308372275248985e+03
4.390160374664316805e+03
1.129760180417640413e+03
6.761211682650915463e+03
1.798909811141537648e+04
2.010207686698720863e+03
1.056339215148605763e+04
5.386671458615083793e+03
1.263342502240955037e+04
6.563354168803088214e+03
7.792943846331725581e+03
7.833734945554500882e+03
3.070764270473220222e+03
3.513092035037221876e+02
1.708398653681684209e+03
6.364149119421358591e+02
1.211493797141164578e+03
1.173285522328180377e+03
1.544823780961720695e+04
5.807593020537637130e+03
8.821013932976644355e+03
-1.940043596221045163e+03
9.354447889704226327e+03
1.518198395797425837e+04
-9.893380697022884078e+02
2.626705974416072422e+02
-1.651258657486369884e+03
3.288806853628317640e+03
6.349834416979394973e+02
8.056860007132299870e+03
6.441870172285356603e+03
1.808668692405076172e+03
1.546529673374119966e+03
7.565263445249252982e+03
8.999985664987851123e+03
7.472238333040275393e+03
3.869568368055148767e+03
1.115162862684606444e+04
2.385773847922057485e+03
8.165639510816147776e+03
5.303296530347743101e+03
9.944667260611513484e+03
5.009056428248661177e+03
6.632976597155270611e+03
4.093720269626117897e+03
4.314833814175438420e+03
3.707312023478146330e+03
1.995813053786205501e+03
1.198048371574585326e+04
-8.280836292941404508e+02
7.496012721473702186e+03
3.664388629745220533e+04
-1.439817481390779221e+03
4.781568432118403143e+04
5.077883482765739245e+03
1.224125341461770040e+04
6.785853395996216022e+03
1.425332108946651715e+03
-2.322625211207854591e+03
-1.606210427041207822e+01
2.343274000448367929e+02
-2.594560835321494778e+02
2.100747806974102423e+04
4.439964626249447974e+03
3.213759681925350833e+03
2.648502487868870230e+04
5.718831532379403143e+03
3.600671018941965485e+03
1.003293749611140242e+03
2.933428222061244742e+04
7.467405292173642010e+03
1.493324465631173325e+03
2.576780494439810718e+04
1.520528394723221027e+03
5.272399098934855829e+03
-1.213177711605184868e+03
7.560966799251288649e+03
1.128818946777043493e+04
1.755607762978853862e+04
7.085643701251952734e+03
9.062436408410198055e+03
4.218464790914986224e+03
1.478737795296010518e+03
3.344529771378104215e+03
1.131268346343683788e+03
3.236174831235009151e+03
8.061297681123504844e+03
6.899304251056686553e+03
1.264305925524452960e+03
1.563076916038130366e+04
1.911382089004474210e+03
1.205884739154018007e+03
5.246563355235946801e+03
1.948999505227447798e+03
7.217777612479053460e+03
2.186456570588047271e+03
4.926710139959103799e+03
1.522392366715674507e+04
1.264768591810305224e+04
1.285549665343342895e+03
1.003430534200840839e+03
1.432230859717907697e+04
8.351506154991326184e+03
5.412330621463504940e+03
8.588593459235697082e+03
-6.856715830577420547e+02
1.828968010834623101e+03
1.633258000790379083e+04
-5.974838248125627160e+02
8.809756253060303379e+02
5.313738379747804174e+03
5.687318804230802016e+03
8.429563931644934200e+03
-4.978438118888227564e+02
1.773695521485946301e+03
2.492623992209068547e+03
4.035104307481959950e+03
6.183901501923529395e+03
3.539974213825790503e+04
5.075821734718854714e+03
1.068945872987066832e+04
1.718352235474526424e+01
5.581019050890959079e+03
7.366890543655751571e+03
3.485473483500200018e+03
4.727152313962143126e+03
1.714026207684166366e+04
6.679914867537058853e+03
8.398584661852653880e+03
2.514953965472268919e+03
-8.597645891903980555e+02
3.262683267521088510e+03
9.630250781568014645e+03
1.098660633046421572e+04
1.635992546332674010e+03
7.190274263036491902e+03
4.636883788132223344e+03
5.751656915796065732e+03
6.410790259975389063e+02
7.494365200721147175e+02
1.093440744811682634e+04
9.428561277548838916e+03
2.010611382221835356e+03
3.889565163105944066e+03
2.488797206655199261e+03
6.786468746214844032e+03
4.108438516789618916e+03
6.030859233681134356e+03
7.984085928440913449e+02
7.912618775205908605e+03
7.121450977089056323e+03
5.370270660583110839e+03
4.539559131137160875e+03
8.273635424799238081e+01
-9.290685859550528676e+02
1.411678635840531206e+04
2.393648594805246103e+04
-6.439445631391865845e+02
2.968769135506886869e+03
-8.372558431428714130e+02
3.263979155804160109e+04
2.037244044123555341e+03
4.971432504561066708e+03
1.443318665736253024e+04
8.395019249144965215e+03
-1.052314575002895708e+03
4.576778621786356638e+00
1.561443726560561845e+04
8.641565791581304438e+03
2.482475877068121008e+03
2.276472607278200667e+04
4.359551373043650528e+02
1.255862069756855271e+04
-9.745881364988614450e+02
1.508601388098853931e+03
7.953454994551696473e+03
3.139238926249469296e+04
-1.288800234301721730e+02
-1.546684567163572410e+02
1.422220322709157699e+03
8.194412413031479446e+03
1.506655650299075569e+04
5.360390984392904102e+03
2.714923629394587624e+04
6.219341431159026797e+03
5.542157674752460480e+03
3.945686402147483022e+03
8.561708117854212105e+03
2.332988574676404824e+04
3.867343095360195093e+02
7.000304565858610658e+03
-7.573617099215716735e+02
7.774243224952312630e+03
1.962250055609490664e+04
1.367278266999759808e+03
1.390677860038813742e+04
7.075185571425154194e+02
6.696165503275889932e+03
1.201726378239588848e+04
6.215030154228665197e+03
2.561345522725378032e+03
2.473138225828864961e+03
1.804244927677971759e+02
1.684097411830617057e+04
3.511592066278721632e+03
1.111319561718101795e+03
9.936493159623505562e+02
1.993804184913431072e+03
1.633235565048246372e+03
1.188429711170412247e+03
1.813515144729069789e+03
1.089317199951009752e+04
2.957751157255038379e+03
2.388773189955413545e+04
1.995777484952122904e+04
2.634363669034061786e+03
7.987598121886820081e+03
1.834546934593481637e+04
1.314761323478591476e+04
-5.962943505576356529e+02
-2.127358376010548682e+02
8.250563802716693317e+03
5.381305545067745697e+03
2.448742824433995338e+03
1.470799568286247086e+04
2.660104923109555784e+03
4.605441000783091113e+03
4.802580584914469000e+03
2.208722580652059605e+03
3.744805616406079935e+03
3.091824084504223720e+03
4.227770063350660166e+03
8.341983404600669019e+03
-2.219099595574255090e+03
-1.674785864769157342e+03
2.429187932342226122e+04
2.081396012412917116e+03
1.858707602760006557e+04
1.524969541922571580e+03
5.462433229064804436e+03
3.599431853348249888e+02
1.115075414752459801e+04
7.765717385227808336e+03
1.728219527198463084e+03
7.626286530136228976e+03
2.678280553641483493e+03
5.866668666790622410e+03
8.978101579366517399e+03
1.456984391467905698e+04
1.403035772962024021e+04
-7.891668398237396786e+02
4.389425960784554263e+03
9.117169170572862640e+03
2.489496908739665741e+04
3.336782195532290643e+03
1.636918844378252834e+04
-2.477232825774707635e+03
1.528143851782890579e+03
1.184370582237237386e+03
3.661682727058172532e+03
1.203443315673060170e+03
3.563116895416384978e+03
2.512800102167817386e+03
6.553637335740243088e+02
6.668589422374028800e+03
1.349250293130414320e+04
7.878091622417861799e+03
1.325569608335425801e+04
5.234884439043037673e+03
6.283838253591221473e+03
2.272003278426346697e+03
1.528251895653686188e+04
4.576198504708759174e+03
8.958511124389471661e+03
2.105971084055233405e+03
1.085272525212950313e+04
4.706747323460758707e+03
1.096865920530121730e+04
8.725814542299887762e+03
8.874751779458330930e+03
9.385188364926740405e+02
-7.055338755902089360e+02
-9.082167760992695094e+02
2.547962923800490444e+03
1.487787060676464534e+04
9.699807847759049764e+03
4.052997294859420663e+01
6.127517054753307093e+03
1.366927141251896137e+04
-1.308288824762848662e+03
3.050740199884553931e+03
7.814869577711116108e+03
9.494817500782659408e+03
6.911464651191093253e+03
8.842271258683564383e+02
-9.956648565506338855e+01
7.508656106742248085e+03
1.967742511585762986e+04
5.374932619165204414e+03
2.425340939586530112e+03
2.258687430883917386e+03
1.012780408665180744e+03
1.430558223235778314e+04
1.694124833978314564e+04
1.142912485502713207e+04
9.404521097849332364e+03
2.522789763321644386e+03
7.741959938094915742e+03
4.326128898678965015e+03
1.611731882817631458e+03
-2.763188504174734135e+02
-4.037175418260895867e+02
3.214596093568312881e+03
1.918377296032524828e+04
-1.441615724254879296e+03
6.977762103356640182e+02
3.422727040701747319e+04
1.752215303732075427e+03
9.445814319476456149e+03
1.422049331338596676e+04
-5.551316805250014568e+02
-6.785732918377350416e+02
5.471796377768429920e+03
1.572422727095667597e+03
5.777423972530966239e+03
-1.046370666016649920e+03
6.428453303077914825e+03
2.353778650718887548e+03
8.223561997174439966e+03
2.331345566168321056e+03
5.535541145611271531e+03
7.483423273432449605e+03
6.475315462677754113e+02
1.232306961512065982e+03
2.715339463267543579e+03
4.716429442401852612e+03
1.097188723412750551e+04
3.806731291493099889e+03
4.673845350536225851e+03
5.815678384273203847e+03
-1.052638461670282595e+03
3.687993166603770533e+03
1.127087512419497762e+04
5.155236569472346673e+03
1.887668456652238820e+04
-1.150591319437360198e+03
3.828214756135577773e+03
-1.901239553632200341e+02
4.279909868207779255e+03
2.015947302207190205e+03
6.035440230807897024e+03
1.178428273326937051e+04
1.807379747814583607e+04
9.131804686864657015e+02
1.896109590337340933e+03
7.851242183064345227e+03
2.485309143745722031e+04
5.407157521951697163e+03
2.409564007392274107e+03
2.923881650215516856e+04
1.991133506534447224e+04
4.225914999246779189e+03
-1.293414590423921027e+03
4.202676410086924989e+03
1.296898213317154841e+03
5.189066545571199640e+03
1.317725974433923739e+03
4.631138973750360606e+02
2.185088686014829364e+03
-6.627220012740408492e+02
2.048383804976945612e+03
1.001738393554059076e+04
2.022130835707213464e+03
2.153040233650810478e+03
5.228698533373250939e+03
1.072873008599583227e+04
2.612219401033104077e+04
4.410998163632159049e+03
7.080731113886734420e+03
1.883178668089274652e+04
4.225731764652090533e+03
5.578828419893058708e+03
9.881927515906113513e+00
3.728013954121447114e+03
-2.150219267763464813e+03
5.601975564658661142e+02
1.768914879072739495e+04
2.094606455725410706e+04
6.247825881839198701e+03
2.540207930482134543e+03
-3.544380379336489568e+02
3.278351825096448920e+03
-1.346573938460315730e+03
1.169580657024694574e+03
2.232907590430639902e+04
7.182258593026972449e+03
1.539680364667961476e+04
2.831894342260958183e+03
1.366947089286048254e+02
2.304960794824444292e+03
1.574299178076240651e+02
1.070511042949057628e+04
5.888284675223982958e+03
9.819462704528854374e+03
2.750374038231910617e+03
5.740920176227910815e+03
8.763730002604830588e+03
3.449098179180311035e+03
3.672924055131762998e+03
1.716553426575801495e+03
1.915924425727914058e+04
4.750804760104212619e+03
3.265414625330032322e+03
-7.640713773736933945e+01
3.384456070833242393e+03
