-3.531200000000000728e+03
-5.562730037321263808e+03
-3.396044169546047669e+03
9.813376755403071002e+03
3.162152483035418300e+03
-4.825641970668467366e+03
1.673520826312356803e+04
2.690426737034783218e+04
5.489193208748818506e+03
1.208544148426669199e+04
2.701039291339254123e+04
4.414249157799813111e+04
2.776737929980958143e+03
6.277082643861708675e+03
1.173312790625065463e+04
7.095339049031568948e+02
3.217983128899733856e+04
6.456501731009560899e+03
3.640693508316238422e+03
2.738410361199373801e+04
2.628296556477411286e+04
2.723044103092844307e+04
1.125011148172307912e+04
2.610935429156755708e+04
1.360400281903777068e+04
7.542934460058761942e+03
1.986078020175840720e+04
1.742147548884971548e+04
3.088808471116059991e+03
2.895057966462099648e+04
1.909765073464496891e+04
2.050811411603023225e+04
2.236388931613915702e+04
3.840721181947914010e+04
2.441686699920110914e+04
1.163402280080893252e+04
6.283098714293480043e+03
1.639360360747728919e+04
1.976888100785145070e+04
2.709530714894254197e+04
1.654227565961960863e+04
5.006298034572518372e+04
9.947620452937868322e+03
2.489922017951202361e+04
8.459949974782244681e+03
1.194769922291367766e+04
1.336790001426158233e+04
9.101137698036187430e+03
1.286570208224003545e+04
8.506036898727924563e+04
5.508249614942891640e+04
9.750827408314704371e+03
1.220866167524033153e+04
4.051036443360625708e+04
7.433519315653918056e+03
2.318297267701770033e+04
2.155549919327964017e+04
7.255814110871510820e+03
1.967543311153967079e+04
3.548707822184849647e+04
4.617572431855837931e+04
3.718812627155859082e+04
2.709798927842779813e+04
1.994888760241703494e+04
2.208331554594129193e+04
4.143208385016629472e+04
2.594359119733971238e+04
3.757510456830997282e+04
1.816138659428362007e+04
2.588774590177195478e+03
2.360018651840756138e+04
1.710655224025766074e+04
2.447630136317979122e+04
2.743598499626075500e+04
3.639572453571485676e+04
2.977891234930496285e+04
7.312245053889980227e+03
2.677263098480278131e+04
4.219642726771733578e+04
3.985009275001229253e+04
9.412308039690702572e+03
2.552702942406413058e+04
2.259734194551776454e+04
2.516784615856166056e+04
3.637427271734333772e+04
2.118665639718803868e+04
1.495419559942601700e+04
2.327649410808058747e+04
1.027595419328900607e+04
1.423833727393526169e+04
2.267091986161974637e+04
5.852555786805537355e+04
5.103361657020675193e+04
1.093185804624486445e+04
1.955863198031544380e+04
4.806319757963030133e+04
4.573120407229623197e+03
1.277694191806232993e+04
1.105849479274505211e+04
3.223997041417105720e+03
3.141595633457081931e+03
3.367432878478101338e+04
-4.196595455197344791e+02
7.090768469566210115e+04
2.615038058053721761e+04
1.080160479312423558e+04
1.258313777369472700e+04
1.865892913997244614e+04
6.253575585941145982e+04
4.038870476232783403e+03
7.138113442761257829e+03
2.125491423982553897e+04
1.187120914313494723e+04
6.664044514992907352e+03
3.655567071395542735e+04
1.876999384021999504e+04
1.377918444232206821e+04
2.895890073493329692e+04
2.610655068461632618e+04
4.543145516242718440e+04
1.120070884242403918e+04
3.772976135107674054e+04
3.580717244610568741e+04
1.204236589121325596e+04
1.707735065557991038e+04
1.297102317014128494e+04
8.781853521791417734e+04
2.607848817737705394e+04
2.486969620113918427e+04
1.938605570040490420e+04
1.591510635995230768e+04
5.794531540358232633e+03
3.659134997981900233e+04
5.351975516580267140e+04
4.896844410623738804e+04
5.205036859300362266e+04
2.843298830009270387e+04
1.006870087832076933e+04
2.481605176346104054e+04
2.560648862871498204e+04
2.750927433675385691e+04
2.816394678498440771e+04
4.061871026686105324e+04
1.829781050819150551e+04
1.736036941650233712e+04
2.485851164450908618e+04
1.137697504034597659e+04
1.381546993105605725e+04
1.641864340388099299e+04
2.383503690140512845e+04
1.314321474598668101e+04
1.993770345607686613e+04
1.357527239237977119e+04
2.037785641490596026e+04
1.425549615349827582e+04
6.727498155306608169e+03
9.714269642883733468e+03
4.211851957774451876e+04
9.058077932718839293e+03
2.011916807957481069e+04
2.190365222437766352e+04
4.349705614932611752e+03
1.694245199175332891e+04
1.777290917373281991e+04
4.645187812433566432e+04
2.711300874396433937e+04
1.619106382278753517e+04
1.190887071415062928e+04
3.302188967527494242e+04
-3.729797315479456756e+02
1.382253949696635755e+04
1.987372904831373671e+04
1.352954657596725337e+04
9.904574653979763752e+03
1.970093181254795354e+03
2.208753912245472384e+04
2.359805089948145178e+04
3.079916105975872051e+04
1.737465320205721946e+04
5.954244004470775508e+03
6.740189342942338044e+03
1.454288859711137775e+04
2.550788489803267112e+02
1.167511307910488540e+04
9.275586283628701494e+03
9.317873122942490227e+03
-7.684166907205249117e+02
2.445179464745167206e+04
1.768278171929533710e+04
6.121430830148362293e+04
5.538581625769099628e+04
7.323621610339346262e+03
2.990176543465986470e+03
3.539179524274413416e+04
1.147529972411909512e+04
1.048080949426798179e+04
2.212432859512717550e+04
4.642181775403594656e+04
1.372881512121638843e+04
9.867415108668052198e+03
7.497565104817241081e+04
7.728148161799581430e+03
2.505201236730910387e+04
1.465703329818822749e+04
2.677515859865421226e+04
7.741039656532277149e+03
3.184414165657562262e+04
1.943462231590245210e+04
2.844468776437080669e+04
2.634171248812321573e+04
2.736051752000835404e+04
2.103357531676689541e+04
2.950367343284219533e+04
5.041183827343210578e+04
8.733367831642022793e+03
4.419322878901279910e+04
4.245552725021385413e+04
1.633899930773733649e+04
1.823553939536559119e+04
7.731965957016773245e+03
4.695698774836966550e+03
4.447860263191092599e+03
1.828497166764482608e+04
1.118065792477478499e+04
3.664184045848395181e+04
2.821527317705087626e+04
1.412197216997738542e+04
1.646286120174773532e+04
1.460876132951866930e+04
6.084547988255080782e+03
1.522937420783629204e+04
5.493070811217686423e+04
1.161354275507134298e+04
2.481931287781168066e+04
1.693166243628231678e+04
2.091263144821099922e+04
4.432042803730330888e+03
6.109192932168451080e+04
2.064451017293132827e+04
1.958746016818770659e+04
2.258266711770333131e+04
8.535617995873708423e+03
2.515585292715831019e+04
3.486267415526058176e+04
3.713329940013462328e+04
1.986125962170017010e+04
3.034745735362004416e+04
1.973187176726241159e+04
2.327287849661632936e+04
2.124388470693721320e+04
3.647623972663805489e+03
2.015957027994382952e+04
2.498820265936134092e+04
1.094546401405736287e+04
1.624521691504664886e+04
3.338807479822545429e+04
3.790047230095137638e+04
4.450283859494097851e+04
2.139828858452634813e+04
1.450122424742270960e+04
9.982921982506686618e+03
3.375759379437450843e+04
5.689968010044003313e+04
3.661517564032509836e+04
2.935934502755229914e+04
1.411900465842403719e+04
5.456372170191113401e+04
8.012793279710260322e+03
3.317194845275664557e+04
1.657118167951553914e+04
1.280084417433798080e+04
1.482469619660656281e+04
3.973524194478800928e+04
2.426709616277136593e+04
1.356179093765889775e+04
3.393033033504133346e+04
4.753358139830493019e+04
3.388512825163283560e+04
1.828145126064370197e+04
9.711934749396241386e+03
1.811203351588288933e+04
3.420941691992410142e+03
2.524246448136429171e+04
1.690422199817132059e+04
8.588734671114923913e+03
2.543650896389492573e+03
1.813338920775827864e+04
1.674140198003743717e+04
1.962633275214600508e+04
5.779461002152487708e+03
6.316946066627988330e+04
5.404165221518594080e+03
2.472217993094044505e+04
2.753612275255865825e+04
1.972216244785957679e+04
5.220757856421102770e+04
9.540572988512267329e+03
2.019285215856619106e+04
1.495687827783840658e+04
9.030412823986893272e+03
2.603342039520341859e+04
4.075221094475406426e+04
2.368013574715563664e+04
1.804308316449264021e+04
4.369518707345971052e+04
1.724054435551600181e+04
2.192133973763721951e+04
3.237055237460909848e+04
3.408950978728476002e+03
4.809048588365160867e+03
2.134924415984690131e+04
1.456904554305203237e+04
6.174111579892606096e+04
3.390243219295649033e+04
2.930168365046881809e+04
7.305662543977912719e+03
2.001067946625802870e+04
1.680214410322456752e+04
9.523912619512986566e+03
3.715886328956155194e+04
6.181735768304841258e+03
1.156437156896272609e+04
1.033060030876039673e+04
3.313259398332415731e+04
2.131800974541035612e+04
3.070475277001191716e+04
2.251767762018596113e+04
1.419793413983272694e+04
6.557737494664364931e+03
1.887748478309707571e+04
1.994653191362612415e+04
3.617788116000825539e+04
1.719969448068031488e+04
6.432994404663933892e+03
6.363715561205032282e+04
7.439259861579997232e+04
1.566920292858496396e+04
2.234379332237764538e+04
4.649700805731044966e+03
1.744459729530265031e+04
9.082544347794992063e+03
2.972755969592168185e+04
3.551534213949813420e+04
3.927835332350342651e+04
4.376606616985768778e+04
1.146681926542493966e+04
1.496129964651596856e+04
4.084578512436472374e+04
5.738723532133389381e+04
4.414270474293491861e+04
9.859215797922626734e+03
1.449361913670310787e+04
2.444618658328865786e+04
2.531919645827043132e+04
3.460352074192099826e+04
1.903414793662065131e+04
2.035845708916764852e+04
6.082850253345539386e+04
4.036088206663846358e+04
2.266443618048226563e+04
1.901390627278513784e+04
2.358797477813370278e+04
3.521528267130011227e+04
4.876242385175482923e+03
1.192406673389728348e+04
3.338296881234688772e+04
2.707502204215856182e+04
1.801136994293032694e+04
2.617286968579223321e+04
1.063623749934887201e+04
1.712925442938148535e+03
1.974177182951771829e+04
2.394709581648796666e+04
3.464964510986275400e+03
1.533276110511292791e+04
3.338650286650211638e+04
6.819359671837749192e+04
4.671583550076276151e+04
1.539907311551539169e+04
7.039892991106353293e+03
5.620579024678898350e+03
2.408240363847087792e+04
4.810242876694328515e+03
2.663459921251772357e+03
1.030731284915915239e+04
6.421103908307741222e+02
1.621771859452441095e+04
2.492717190302420204e+04
2.839472452560958845e+04
1.272364130555071461e+04
1.282963815929056727e+04
3.943389842232708179e+04
3.327662818001100823e+04
1.484664439026645960e+04
2.374915261226710572e+04
1.077099972484449609e+04
1.525196263035490301e+04
1.594085498088608438e+04
1.057683048937969761e+04
4.854526253294834169e+04
2.415901359085331933e+04
3.453509999089569465e+04
1.072714137166503497e+04
1.491595648773479115e+04
2.184913249057099893e+04
6.854617292254279891e+04
3.715699235457736359e+04
4.466789969082814059e+04
3.817119172065718885e+04
4.188649684143903141e+04
2.204329902303115159e+04
3.106506046120094106e+04
1.327891052296012458e+04
3.718565462273718003e+04
1.202970915351613439e+04
3.358702693329264730e+04
1.690263729108318512e+04
1.200719820460051778e+04
3.455895052343329007e+04
1.264559577548645575e+04
4.839601801470275677e+04
6.036061709670164419e+03
3.248106049613913274e+04
1.212973776059338707e+04
6.173154046571082290e+03
1.655881094855023184e+04
1.279859186278790185e+04
2.322662090412117323e+04
2.016910057850614248e+04
1.752465511566087662e+04
2.036564206547637150e+04
3.946467364885726420e+04
1.065456761559345068e+04
5.390846888670217595e+04
3.315694267542698799e+04
1.921487809282686794e+04
3.789541205574331980e+04
1.020796893406143317e+04
3.132615180479718765e+04
1.608007334926412295e+04
3.237236910727110444e+04
4.398574621255616512e+04
2.199203878676820023e+04
2.183916769443924568e+04
1.675942784524028684e+04
4.208152204089282895e+04
5.081153460694303794e+04
3.909637667604274611e+04
3.287636429163343564e+04
2.514084553998392221e+04
2.302263478412260883e+04
2.684053374298071503e+04
4.880274685040758050e+04
1.511424477412597844e+04
1.247935094178052168e+04
4.296158558771230310e+04
3.263054913612269593e+04
4.556697518151534314e+04
1.815139985104631705e+04
5.860708087066604639e+04
1.851388925490813199e+04
1.073397121863171560e+04
1.808944494938810749e+04
4.545077359595586313e+04
1.870434869616450305e+04
7.203545679511885101e+04
2.758460186477384195e+04
5.812082423483007005e+03
1.572795367249951596e+04
2.365221583165727498e+04
7.790532630567644446e+03
2.457591392020185594e+04
8.082408932919922336e+03
1.394129514538195872e+04
3.763930898195823829e+04
2.613348969911660970e+04
1.212668375939301586e+04
3.147740568522048125e+04
1.585592174028060981e+04
8.487568380203199922e+03
3.373637903030220332e+04
4.039680252836292493e+04
6.805601223471002413e+03
1.894192467112097074e+04
3.333907832970443269e+04
2.884208355124422269e+03
1.228636115723998591e+04
1.941118136535625672e+04
3.427478843711291120e+04
5.186321457662168541e+03
1.789079381043919420e+04
5.585587036869180884e+04
7.044985876736773935e+04
3.549138910684283474e+04
7.100653079318482924e+03
1.809444324559087181e+04
2.033262055720879653e+04
1.265174616530065032e+04
2.826191498730195235e+04
6.885430134024216386e+04
1.931520818116153532e+04
1.142256910806595079e+04
3.057347750753680521e+04
3.028436983046375462e+04
1.188418319467340189e+04
2.700768490765697425e+04
5.263356081609141984e+04
1.658661175165739769e+04
7.429009697992919428e+03
2.488562929352136416e+04
7.895444611433016689e+03
6.885326610658245045e+03
2.666788862364324450e+04
2.206690922020924336e+04
2.561253109698503613e+04
8.823072741640388267e+04
5.268706541415065294e+04
1.299098103359391826e+04
4.632827327112386229e+03
1.329785929474035584e+04
3.479393199236197688e+04
1.322377280980065279e+03
3.383468478425821377e+04
4.653839224106552138e+03
2.266923648879147731e+04
4.093279114225494413e+04
3.020511492948724845e+04
1.823658752377456403e+04
5.701227762663616886e+04
4.257917073946497112e+04
2.466811122387670912e+04
1.260478752273646751e+04
1.177221467099734946e+04
5.082035165420104931e+03
2.691276284890296301e+04
3.699941027195446804e+04
1.033822529526109065e+04
2.400215659939561010e+04
4.219629745945195464e+04
1.527666390595245684e+04
5.450275901262363186e+04
8.941294176748775499e+03
4.641027250073294272e+04
1.743910488546153283e+04
1.488439380394987529e+04
2.949316838072670362e+04
2.042017272483096167e+04
4.110936104845024602e+03
2.148733747241262245e+04
2.592333211036604916e+04
1.681592202805816123e+04
3.268139438461950704e+04
8.019977586206377055e+03
2.725344965012833200e+04
4.465575017340078193e+04
3.836413298620904243e+04
2.303013174065343992e+04
7.138098453029058874e+03
1.697921408145322130e+04
4.443368666735631996e+04
2.683776972268423560e+04
1.413326783551860353e+04
2.676310509794096652e+04
3.189503442365842056e+04
9.109654431150664095e+03
1.037308115695304514e+04
1.107934665126573236e+04
2.135104349894306870e+04
2.340526083481589376e+04
4.474483041564085579e+04
2.613831817367623808e+04
1.120726752472629414e+04
3.187415589464384175e+04
3.313770265989797917e+04
9.086615399527947375e+03
2.191367409870236224e+04
2.244885901730201294e+04
2.903543132576575590e+04
2.811570690913566068e+04
1.752879396589782482e+04
1.550124503237313183e+04
1.156373256002136986e+04
2.364682019903946639e+04
2.553969387344496499e+04
3.547484408472714858e+04
4.155936645750628668e+04
1.346393685114566324e+04
1.825696002799933194e+04
3.797450112614849786e+04
3.431759094259948324e+04
1.503467357846885761e+03
3.084739182451379020e+04
1.010344272539140911e+04
2.242277958470811791e+04
2.062848362142255428e+04
2.656924052885797573e+04
2.011038211909138226e+03
1.250629991464746490e+04
4.487977172417163092e+04
3.049311830148608351e+04
4.525450057737708266e+04
1.091818699218744950e+04
1.933040166471666453e+04
3.766851678527955664e+04
1.591575257179499386e+04
4.447746337851683165e+03
3.843573135270150669e+04
2.640070345667506990e+04
3.321654742189942772e+04
1.534124938698211918e+04
4.858340696424039197e+04
2.543312717893960507e+04
8.994229906034852320e+03
5.057986833307264169e+04
5.124485395973191771e+03
6.693714133850000508e+04
7.040291210534916900e+03
1.895985930565552189e+04
3.862264819434816309e+04
1.802073144738739938e+04
1.441971631478798008e+04
5.277667629132925867e+03
1.936111651945829726e+04
3.002470355523431499e+04
2.808679085486166878e+04
1.976788019530606107e+04
1.384059496796719031e+04
4.935214221641745098e+04
2.534490280012358562e+04
2.088496827703405870e+04
1.586902812694457316e+04
2.103477938960347456e+04
4.970313416208930721e+04
9.080070472736433658e+03
2.509021773541202492e+04
4.239717317488680419e+04
2.233551863753545695e+04
1.477214226145238717e+04
1.739214119371574634e+04
2.045413568407539060e+04
2.771903212415460439e+04
3.176292864716918120e+04
3.805280928341227991e+04
5.371829018801162601e+04
3.218610711763785730e+04
2.922612922961444565e+04
2.010756144004415546e+04
3.757098565976587997e+04
-1.224414609815217773e+03
2.328817558500957603e+03
1.616216779023624258e+04
1.698624504264428833e+04
1.331852938974222343e+04
3.770922869945603452e+04
9.215189176451061940e+03
6.728946583733540319e+04
2.316173718887238283e+04
1.649057772392853440e+04
2.057101213245038161e+04
4.901998456077057926e+04
2.407288227014703443e+04
1.666842827063497680e+04
2.284041189271734765e+04
5.824868308420365793e+04
4.497415326600812841e+04
1.576308851614490231e+04
2.617290774446544310e+04
4.931286324120270365e+03
1.531189050862132353e+04
1.437913115589002155e+04
8.851421008814693778e+03
2.456634678897364938e+04
9.157514681098426081e+03
3.958301253305423597e+04
1.392340614505544545e+04
2.367461684787117701e+04
1.980238393431972509e+04
1.928210468484653393e+04
1.623533528983833094e+04
8.252161130231968855e+03
2.070442496218773886e+04
2.350852419873295003e+04
4.601890076862562273e+04
3.057487078839288006e+04
1.905805367017721437e+04
5.283731086183807201e+04
4.108405418428190023e+04
3.672018122557473544e+04
7.756291877280350491e+03
3.095340705688956950e+04
8.749578047010332739e+03
2.108121531196083379e+04
3.042589631336973616e+04
1.907872328537028079e+04
2.439338188362131768e+04
4.640397528117155889e+04
4.013101680129210763e+03
2.547998406802222962e+04
6.785005717904320591e+03
9.081739789251107140e+03
1.791301533630805716e+04
1.762172289493549761e+04
3.103151886655438284e+04
1.973629634655936388e+04
3.227353954058124509e+04
4.913698282365394698e+04
4.811841184730630630e+04
2.283888800075984545e+04
1.496309141157123304e+04
1.951303495623954950e+04
2.601662712811455276e+04
3.122604210319209960e+04
8.415960806625835176e+03
1.170656779923534123e+04
4.424676905476702086e+04
4.976254521560511057e+04
3.288294207132786141e+03
4.934042895204731030e+04
1.619787976682064982e+04
1.558671863951916384e+04
1.093048980693008707e+04
7.981733072269322292e+04
8.027880552447451919e+03
1.602122828434594703e+04
1.654958785119184540e+04
7.534591814891069589e+03
1.609119375919992308e+04
3.119537044431223330e+04
2.676033413753460627e+04
3.129806721943373122e+04
7.308639699809111335e+03
4.269597608413571288e+04
6.785115579568321664e+03
3.050622586526349914e+04
1.733170333911746275e+04
2.246739753606249451e+03
1.054311425412979406e+04
1.346741924667143576e+04
2.488635035957802756e+04
1.531293869204090151e+04
1.400891622296809328e+04
4.178327483015663893e+04
4.681248989662368695e+04
3.017963549799041357e+04
2.039013722944360779e+04
2.657142914890371321e+04
1.524737159528385382e+04
2.344397011349034437e+04
1.240713898321751003e+04
2.656407859863057820e+04
1.452901453611009129e+04
3.456841639684296752e+03
2.519742611630907049e+04
9.455262571160043080e+03
3.427314291060918185e+04
1.761051946875449721e+04
1.588387533298276685e+04
1.595528988982489318e+04
5.106016371884003456e+04
4.362304738085468853e+04
1.197834212940633915e+04
3.863986727221099864e+04
3.179776941807506955e+04
1.158190232773215394e+04
1.224245041767824296e+04
4.149732025331861223e+04
3.044522331353690242e+04
2.295487592385958123e+04
5.673234980355518928e+04
2.254662715808724170e+04
1.064594514294348483e+04
1.630448669548055113e+04
3.519187650675336772e+04
4.487648446726103430e+04
2.366540686568694946e+04
5.099063856813486927e+04
6.966244414911665444e+03
2.317690541786410904e+04
1.219767799021918108e+04
2.067103328226405938e+04
3.726455076239565824e+04
1.749344288379862337e+04
3.210664660822825681e+04
1.177193122604523705e+04
1.700075624974445600e+04
3.723005027724372485e+04
9.651657437511350508e+03
1.395469476289931663e+04
1.187004517806169497e+04
2.673116336980152846e+04
1.396264336338210705e+04
1.640165711487229783e+04
4.864930707750564761e+04
1.630039034749832717e+04
1.921119509122526506e+04
5.219518819823906233e+04
4.402231141755812132e+04
4.160590739355527330e+04
1.291947283079066619e+04
2.308290007508602139e+04
1.879580140949972338e+04
9.496698465097048029e+03
3.691754842262137390e+04
3.363741143471595569e+04
1.969267386473707302e+04
1.127766667536639943e+04
1.310897564738336223e+04
2.505760327251881972e+04
2.069783129717774136e+04
2.906827488121835631e+04
3.493165487093992124e+04
4.035975306172636192e+04
3.641108791312688845e+04
3.888119623638239136e+04
2.692688939255596051e+04
2.094811349342790709e+04
1.669661136474204250e+04
4.108959006921286345e+03
4.352639841368522320e+04
1.424208997479219761e+04
2.044345408963708906e+04
4.505858347779771975e+03
2.931696383754511771e+04
2.994468288916575693e+04
1.035411308273919894e+04
3.284490647155908664e+04
3.861600420999094058e+04
5.383872819479688769e+04
1.232174510506150909e+04
2.052328797870077324e+04
2.193589671595687832e+04
2.226985939759097892e+04
4.287061595924662834e+04
7.878673836354621744e+04
1.836970971263617321e+04
1.323543056600488489e+04
1.110864836812042267e+04
-1.777666299225747480e+03
5.501916274456686551e+03
3.951035350789123913e+04
9.708688300077157692e+03
9.186446430332638556e+03
1.187881383062835448e+04
4.606781624616968475e+04
3.239228051614528522e+04
2.569362581780633627e+04
2.939468259280218626e+04
9.443407194312912907e+02
2.916480482185555957e+04
2.428029884397103888e+04
2.321619019899642080e+04
5.639041041997321008e+04
-2.753831126325616879e+03
1.694507057947542307e+03
-2.185155128250338748e+03
2.307366948172694538e+04
2.168166441821601984e+04
2.911303172575646386e+03
2.633085318782410104e+04
5.663877625094609357e+03
-1.093056881592733407e+04
7.695501257699670532e+03
6.147629412143440277e+03
6.473971858910474111e+03
-4.701485315780341807e+03
-4.138633463490106806e+03
5.293781333729111793e+03
6.017208544455610536e+03
2.408980418961087707e+04
-3.141823385877349210e+03
-5.568585834801284363e+03
1.300800793150972095e+04
-4.111544801679207922e+03
2.023174867322872888e+04
3.240350047016962708e+04
1.646111246354283139e+04
2.771175062950925349e+04
-1.012829132613063848e+03
-1.556553780614625794e+03
3.122544961357565626e+04
-8.302517545469105244e+03
-4.776862491307083474e+03
8.494848942341810471e+03
1.497297905404157063e+03
1.629171879955055192e+04
-7.954159396317187202e+03
-1.123312638101937409e+03
-9.307344185409947386e+03
-1.737894390966892752e+04
1.156397159427656152e+04
-2.326680814038533936e+04
5.891972135990505194e+03
2.254743831689692161e+04
1.140457884951311280e+04
-1.486906901209884745e+04
-4.975374529532888118e+03
-1.097677828454445080e+04
-1.937043895818453893e+04
-1.419997541019759228e+04
-5.237337917779032068e+03
-2.757693942145949040e+04
6.457379850922558035e+03
4.487817660802244973e+03
-1.623200356487854333e+04
-1.228983685643944409e+04
2.388830693155887275e+02
-5.880035026111567277e+03
-1.580827109134310012e+04
-2.603138248928648682e+04
-1.811245156128396047e+04
-1.741435766079904351e+04
-1.448525525972921241e+04
1.403966837210522863e+04
-1.294104174480214169e+04
1.322193204876778691e+04
-1.899684681050509971e+04
-3.011809741822094657e+04
-2.612773895277758857e+04
1.107899011080817763e+04
-1.599411165368755974e+04
-2.088581178715445276e+04
3.892164546724803586e+03
1.508857045990057304e+04
-2.408263912031403015e+04
-2.493688350252672899e+04
-3.297674497074073588e+04
-9.735193441860938037e+03
-1.760888516908931706e+03
4.700847028611371570e+03
-6.917623925590967701e+03
-1.303643133631847013e+04
-2.694110780211797100e+04
-4.905878748412433197e+03
-1.942139652576059962e+04
-6.161325596645379846e+03
-1.829226135389350384e+04
-2.964479906484453386e+04
-2.623182381535828972e+04
-1.175655176370015397e+03
2.898052472858395777e+04
1.219190172276801968e+04
-2.525608636918792763e+04
-1.130803365207242496e+04
-7.849145865256659818e+03
-1.798692004151661968e+04
-3.288213807344298402e+04
-2.342659277201914665e+04
-2.371032805516749067e+04
-2.755216955657890503e+04
-2.208169366078280291e+04
-3.485423325390587706e+04
-3.216965529910437181e+04
-3.640894025092088123e+04
-2.589527508692725678e+04
-1.373294902484820341e+04
-4.433437678523071372e+04
-1.582445593040264248e+04
-4.000326370807456260e+04
-1.833661742670421518e+04
-3.809418993572533509e+04
-3.247138431249288988e+04
-2.862718072978539203e+04
-1.605703394798695626e+04
-2.851264281007550017e+04
7.277567620203159095e+03
-2.485316169627284398e+04
-1.168873256577720713e+04
-1.121378748868698312e+04
4.582039865805018053e+02
1.056747808041344797e+03
-1.241464237247655183e+04
-1.149550859933554057e+04
8.596357794689783987e+03
2.142860024255753524e+04
6.450891011360647099e+03
1.246379608314782854e+04
4.081191131736229727e+04
1.285634854744283984e+04
-6.876741605742670799e+03
1.737994430476663547e+04
1.111186134874517666e+04
3.748898121635543066e+04
1.077638540455087787e+04
1.342114044632606237e+03
2.329066153823076456e+04
3.956597284343255160e+04
1.293470342683360104e+04
-8.717503118925105809e+02
2.703359121397163563e+03
5.144419439357352530e+04
8.383053742201904242e+04
3.374187670247672941e+04
9.111006103482284743e+03
1.197605240540520981e+03
4.297177631433687930e+04
3.294739980535531686e+03
1.827782063152718911e+04
1.870996906866013887e+04
4.623635107825862360e+04
2.676128647294495750e+04
1.824894078989343325e+04
2.297198927951918813e+04
1.530828764778711775e+04
3.021314847660504165e+04
2.213133681757870363e+04
2.921045267760877323e+04
5.982480961544657475e+04
3.765070694576274946e+03
7.075373028911235451e+03
1.662804537927047204e+04
2.126572902918793261e+04
3.785969404428789858e+04
1.408268439532310913e+04
3.794888129964203836e+04
3.591378709392376186e+04
-6.033263988950909607e+02
2.645076442622888135e+04
2.481112108350086055e+04
1.873546621826870251e+04
2.509220025417803845e+04
1.487603077456125902e+04
8.333218079009317080e+03
1.372270178335409764e+04
2.151682686290950005e+04
1.306642807342557535e+04
2.139614171284047188e+04
2.253985727219132241e+04
2.973018591510998885e+04
1.499100595216025613e+04
1.959110244860938838e+04
2.248422954182948160e+03
3.312775266739950166e+04
2.029567039392425067e+04
8.368301053172090178e+03
1.404176468971263785e+04
9.244516200356971240e+03
3.929557183967382298e+04
4.194113712521151683e+03
1.659748526772042533e+04
5.545365185004220621e+02
1.277115987494822184e+04
2.273122452598577365e+04
1.385868525313049940e+04
5.510227091909973751e+03
1.931644298365889426e+03
1.055424044092980694e+03
6.432296526604471183e+03
-3.648065239714056133e+03
2.139211852555973383e+04
-3.697544173154942655e+03
7.442370708417751302e+04
-4.500307618577818175e+03
8.040546653118122777e+03
4.624819665714338043e+03
3.623617808077831796e+03
-6.790403786533270249e+03
-8.617188127830733720e+03
2.551934983496501809e+04
-7.809444115711073209e+03
3.005099173623480601e+04
3.959955178784583040e+03
-8.302481198886733182e+03
1.252248303562948422e+04
-1.404305124250012159e+04
7.949650577115444321e+03
2.350428424347210239e+03
2.605941589055879740e+04
-1.310898290927763810e+03
-1.731945931350085448e+04
9.618251123461301177e+03
-1.153096404757787241e+04
-1.432816598855865232e+04
-7.219820739911752753e+03
-1.371122504853531791e+04
1.971853330713485775e+03
-9.444374887716703597e+03
2.532412305193325301e+04
9.123024244264652225e+03
2.329605913329312898e+03
1.258088724668337636e+04
-2.212055041530648668e+04
-6.123734595507930862e+03
-1.159192603129953022e+04
-3.488893919387865026e+02
-1.517934350173843632e+04
4.977209898910743505e+03
-1.401014025171376306e+04
-9.680445320503131370e+03
7.338540929762781161e+03
5.045562045257926002e+03
1.375477695608216527e+04
-4.580121860981553255e+03
7.971714500451817003e+03
-1.342956940437385128e+03
1.198067231557328341e+04
-1.195101959318792251e+04
7.233509040071612617e+03
-8.764145489902634836e+02
-6.635835800834096517e+03
-1.203749313241623531e+04
-1.820930389368794749e+03
2.858722156259889016e+04
-2.614892974466762098e+03
1.822457521300977533e+03
1.260173069241354824e+04
8.705580904801830911e+03
1.836071743124678324e+04
-6.246780310878501041e+03
6.534105431855370625e+03
-2.150394931556926622e+03
3.168612241277387511e+03
1.078415957205929408e+04
4.447338644352546908e+03
1.178775949640038198e+04
6.577009404845158315e+03
-8.975641438469621789e+03
4.053149947297875769e+04
-3.051201779131842159e+03
-6.372380003310989196e+03
1.614280865147898658e+04
1.159219545232453675e+04
-5.873398552824417493e+03
1.436451689524315043e+04
-1.016783528991790445e+04
-1.271791925087123491e+04
-1.583311836345048505e+03
-5.154753963823158301e+03
-1.117554156952150515e+04
-1.069885367989808765e+04
-8.595140192049748293e+03
-1.386227769030514537e+04
8.509499796512563989e+03
9.560440798757259472e+03
1.389681893600733747e+04
5.643977559251628918e+03
4.286742590067803576e+03
-1.702678628455381840e+03
-1.130453954846670968e+03
-1.922311897363962089e+03
-1.110043844030801847e+04
1.166615140248734315e+04
-2.187423548627296987e+04
5.402779098022544349e+04
-1.878413630529435068e+03
-1.387917882666889273e+04
-3.769496760486515996e+03
-5.757044893941010741e+03
-7.869522530306065164e+03
-2.536058449926515459e+04
-3.015048427879177325e+04
-1.814290637493095346e+04
-3.190388038992986549e+04
-1.015343084362290392e+04
-2.720614786552577789e+04
-2.280673197989866458e+04
-5.538780051682349949e+03
-1.494152990961574505e+04
-2.576773265572690434e+04
2.478133122977572202e+04
1.555705111523432060e+04
1.766365068791394515e+04
1.441144163335384292e+03
-1.435102045384280973e+04
-2.097064149172354882e+04
-9.580022463880373834e+03
-3.688772750496825211e+03
1.759640317077417194e+03
7.364354772948883692e+03
-2.029880552896136942e+04
-1.521152048765860491e+04
-1.587216758639375621e+04
-1.343430387120382693e+04
-6.927039670917452895e+03
2.184714459661755245e+04
-7.490461715195873694e+03
-1.064441292378107028e+04
-2.342448337168708167e+04
-1.060778124655630927e+04
-2.310036935610455839e+04
-1.314810957195379160e+04
-1.462604244489703888e+04
-1.045001791792029508e+04
2.193549360461395190e+04
-6.103246919310578960e+03
-7.728173414536066048e+03
1.220456527102088876e+04
-1.729776000338790254e+03
-1.775164060917368261e+03
6.532438441438587688e+03
1.136885885588264864e+04
5.729196018259845005e+03
7.041616191314551543e+01
5.095291590714907215e+04
-3.526031788789444363e+03
2.214563547938031115e+04
-3.283415165199357943e+02
2.376350795421565999e+04
9.589914575453967700e+03
1.710109978023005624e+03
1.523907348899855424e+04
-3.836683615775611997e+03
1.951402430864442067e+04
2.660840079867372333e+04
2.228970457653078483e+04
2.341328644946568966e+04
2.490075375727109713e+04
8.659862871532865029e+03
3.703010918567085901e+04
3.622230296626014024e+04
2.471417900300589099e+04
3.698409227202816692e+04
2.617749781856304253e+04
2.409824717106971366e+04
-6.363231661874606289e+02
4.241080173143638240e+04
2.303697382224268222e+04
5.665045886371565575e+04
3.487058621214285813e+04
3.044983751615542133e+04
2.016550411826073469e+04
2.998969363546582827e+04
2.086196999779154430e+04
4.161623573192387994e+04
4.134031091934227152e+04
2.218389740708492536e+04
1.487623886719891379e+04
1.044665139076613741e+04
1.765066784155416826e+04
2.308144918395341301e+04
4.426618872881517746e+04
1.211362646977918121e+04
2.810888409040787519e+04
8.765153708362002362e+03
1.350690516315120249e+02
3.647638532212737482e+04
2.597618507017410593e+03
1.095252421339230023e+04
1.645123657302960419e+04
2.242315569306036559e+04
3.100980928774813947e+04
2.983621495439675709e+04
1.444342436009533412e+04
2.312690619184276511e+04
4.869813855401073852e+03
8.378930245461044251e+04
1.317276942067578784e+04
7.775763734759793442e+04
1.239473676313253236e+04
6.172029937137347588e+03
1.578520051296873135e+04
6.248548225110009298e+03
2.365289589577101287e+04
1.090571340908775528e+04
1.595630802204639258e+04
2.563711587272926408e+04
7.956745606566818606e+04
3.071769143819380406e+04
2.025708347835192399e+04
1.737987680487133548e+04
2.442189766009761661e+04
7.700174642068440335e+03
5.933794805679004639e+04
2.956909883555279885e+04
2.293949232088455028e+04
6.359112461549286672e+04
6.150747488719297507e+03
2.713903431645082674e+04
3.067602660666889278e+04
3.640327406765238266e+04
3.758268122906934150e+04
6.645119734520935162e+04
6.997030258174410847e+03
2.119535190347407115e+04
1.157323768703591122e+04
4.497293849795989081e+04
1.706239829006703076e+04
1.963619037571391527e+04
1.870338525250782550e+04
1.251973335361753198e+04
9.737438828354615907e+03
2.281230620440354687e+04
1.016828687419919879e+04
1.573039686839394381e+04
1.141919000095531555e+04
1.997543425649510391e+04
5.107595828729775531e+04
6.761890573364961892e+04
-6.524328960979773910e+02
3.109168113073175482e+04
1.629322662261639925e+04
4.177668853717806633e+04
4.813769094343546021e+04
2.297932671559110895e+04
-1.578788293587072985e+03
2.532702254313092908e+03
1.763075540431121408e+04
-1.465636742729414664e+03
3.155456222239521958e+04
1.335194306367730314e+04
2.061483590093720704e+04
-7.208008408272762608e+02
1.729353028719464055e+04
2.241643100931232766e+04
2.338794675304342672e+04
-1.092004290629185743e+04
3.536456782888573071e+04
1.151993996841181252e+04
-1.058707424218325286e+03
-1.495186180847768264e+04
3.727810118215957118e+03
-9.705957264137925449e+03
7.473553770153780533e+03
-7.794397881102278916e+03
6.801927711235610332e+03
5.354275045992722880e+04
1.570236453712543698e+04
-3.847187248138763607e+03
9.614189354449437815e+03
3.292126919132897456e+03
1.754995832631766825e+04
2.646406169142408544e+04
1.457007524671799911e+04
2.312259156143551081e+03
-1.854482947488813443e+04
1.245928045778844898e+04
-1.207259507619652686e+04
-1.244909070288124713e+04
-1.135384029673128862e+04
3.357733016453400342e+04
3.215174652911600788e+02
-1.702649169059404085e+04
-2.553356944751408446e+04
-4.821674983279635853e+02
4.954981066069517510e+03
3.138543540643803863e+04
-1.491785349430186216e+04
-4.194455509362151133e+02
2.067073590930923274e+03
-1.783167554520065096e+03
-9.887757143831104258e+03
-1.870564744862244333e+04
4.320186802107586118e+04
-6.838665960669596643e+03
-1.642016420151175043e+04
-1.564471810589632332e+04
8.176720926582603170e+03
1.979843298011564002e+03
-1.060569606635438140e+04
-9.371794082899497880e+03
3.956501093364260669e+03
1.850106991204509541e+03
-2.612311128934026419e+04
-1.630816392925636865e+04
-1.610799683152261969e+04
1.049698375638185462e+04
-2.491385508214776200e+04
-2.051877086176075318e+04
-2.271912934508339458e+04
-2.781826395432396748e+04
9.600478859790608112e+03
-1.557282919341676643e+04
-1.140268820979086013e+04
6.455887401728458826e+03
-2.436008150044981448e+03
8.081117868425504639e+03
-2.330571198545816151e+04
1.017623574914910205e+04
8.035781836368330005e+03
2.213893746448421734e+04
-1.717830341640037659e+04
-1.348075589077430413e+04
-1.182669917220378920e+04
1.091241504109283051e+04
-1.808308556911779306e+03
-2.518030578425599742e+04
-4.629369469660055074e+03
-1.658264146044423978e+04
7.841080268951496691e+03
1.864605664530204012e+04
-1.980419270495518140e+04
-1.435087319957864929e+04
-2.900462975826134061e+04
-2.100360861201173248e+04
-7.525606579090760533e+03
-1.158684229376758594e+03
-1.615736082314284431e+04
-3.546896337097132346e+02
-1.712842671388205417e+03
-4.123471793827632791e+04
-3.028380454592036403e+04
-3.347040924099293625e+04
-1.113070163235119253e+03
-2.997191280046472093e+04
-2.316967739645368420e+04
-2.387791910717188148e+04
-1.053834984271407666e+04
-1.475782804643648524e+04
-3.825073220650855365e+04
-3.202033926866737602e+04
-3.492026983437485615e+04
-3.638607799920641264e+04
-2.482537041125990072e+04
-1.652719651499819156e+04
-2.290171712300675790e+04
-2.443193472368062066e+04
-2.951497225871662158e+04
-2.311009713379637105e+04
-3.192515426842541638e+04
-1.887475290532245344e+04
-3.392542861454899685e+04
-4.135922124593758781e+04
-3.798039524473268830e+04
-3.817911438860229100e+04
2.285796250248432625e+04
-4.667245351157513505e+04
-4.361669339555960323e+04
-3.531475787473349192e+04
-4.002530620333953266e+04
-2.554515964841232199e+04
-3.837830287376500928e+04
-5.229988172881527862e+04
-2.835212585150407540e+04
-2.823671827937591661e+04
-3.922711479795877676e+04
-3.299954795597981138e+04
-3.798716769306179776e+04
-2.776073582885114229e+04
-3.236604705467658277e+04
-4.117423281284650875e+04
-4.698484988463775517e+04
-3.167182201438186530e+04
-3.979129820527430275e+04
-1.742248114788235762e+04
-4.458171629206837679e+04
-5.096625176153424400e+04
-5.332422003759346808e+03
-4.869609510994238371e+04
-2.965623613220823609e+04
-2.552719356409725151e+03
-5.677685989660715131e+04
-4.639011771618213243e+04
-2.288312590729761723e+04
-3.953580814203862974e+04
-3.332070776703726733e+04
-5.069297711049718782e+04
-6.783841783700833912e+04
-5.832510244952782523e+04
-5.053969734642752155e+04
-7.200329250364915060e+04
-5.674041208221422130e+04
-5.643424103678263782e+04
-6.436902349945562310e+04
-5.812028737477219693e+04
-6.534326937237322272e+04
-6.358162413812973682e+04
-4.904507059667163412e+04
-5.813013956536212208e+04
-5.197285795560300903e+04
-5.902408359649212071e+04
-5.768708125098175515e+04
-4.750961368797696196e+04
-7.364704240398612455e+04
-4.921083090261003235e+04
-6.358945856828707474e+04
-6.632398045167163946e+04
-6.935520477039818070e+04
-6.250215437973850931e+04
-4.336295264577271155e+04
-6.059490287043763237e+04
-4.647612706159625668e+04
-4.839583137032165541e+04
-6.429524412609369028e+04
-5.226348994604966720e+04
-6.679199254633609962e+04
-6.045211125010746764e+04
-6.216730957322729955e+04
-5.656532136831399112e+04
-7.415585828382871114e+04
-6.493250387072724698e+04
-5.698902058351569576e+04
-3.913093058055967413e+04
-7.478426461057530832e+04
-6.860645983163994970e+04
-5.455916176998351875e+04
-7.428880140076063981e+04
-6.422816575579699565e+04
-3.572216373543196823e+04
-8.061922597840978415e+04
-7.352827593200819683e+04
-5.768585427541568060e+04
-5.505317360006253875e+04
-6.684287794902850874e+04
-1.772552843643075175e+04
-5.644714765407189407e+04
-1.094382388447184348e+04
-5.314819441772102437e+04
-7.582177520917890070e+04
-6.434235722684269422e+04
-3.376143950658792892e+04
-7.767487842986024043e+04
