8.487494747607045574e+05
1.230689480096151819e+06
1.267602356314171571e+06
8.928007508534380468e+05
1.176657523231337545e+06
1.150837456125119701e+06
1.263070015226237010e+06
1.072409762398016639e+06
1.356643123340929393e+06
1.308838606882066699e+06
1.232695312806515023e+06
1.168814401738922345e+06
1.271162196629422950e+06
1.201323924590736162e+06
1.201653075281138066e+06
1.259573922599551268e+06
1.218016283991056029e+06
2.535738352800568682e+05
-6.027892626428564545e+05
1.188350479263169109e+05
8.730032607519067824e+05
7.696804069359468122e+04
6.614303775851141836e+04
-1.398214040052670753e+05
1.230418419079017593e+06
1.245750123931558104e+06
1.620575954579072713e+05
-6.083593493026490323e+05
-1.779742126506790519e+06
-2.908203129232459236e+06
