2.694415234375000000e+04
2.646890625000000000e+04
3.420454296875000000e+04
3.900657812500000000e+04
4.160420312500000000e+04
5.540132421875000000e+04
6.904068750000000000e+04
5.628035937500000000e+04
5.728142968750000000e+04
7.485465625000000000e+04
6.647119531250000000e+04
6.220603906250000000e+04
7.961618750000000000e+04
7.188736718750000000e+04
7.498743750000000000e+04
9.412795312500000000e+04
1.047763281250000000e+05
9.577878125000000000e+04
9.520025781250000000e+04
8.503964062500000000e+04
1.159444218750000000e+05
1.200025000000000000e+05
1.250431093750000000e+05
1.307614687500000000e+05
1.464270781250000000e+05
1.288283125000000000e+05
1.226251640625000000e+05
1.697948125000000000e+05
1.490405468750000000e+05
2.087934687500000000e+05
1.967902343750000000e+05
2.071027656250000000e+05
2.348865000000000000e+05
2.138835312500000000e+05
2.396416875000000000e+05
1.971740468750000000e+05
2.512711718750000000e+05
2.501237187500000000e+05
2.582990312500000000e+05
2.216437031250000000e+05
2.136265000000000000e+05
2.736980937500000000e+05
3.201021562500000000e+05
3.030886250000000000e+05
2.697422500000000000e+05
3.085651875000000000e+05
3.179810937500000000e+05
3.081769375000000000e+05
3.429585000000000000e+05
4.052010937500000000e+05
3.335681250000000000e+05
3.506175000000000000e+05
4.100752500000000000e+05
3.814452500000000000e+05
3.405806562500000000e+05
4.180394375000000000e+05
4.718257812500000000e+05
4.806441562500000000e+05
4.628145625000000000e+05
4.420299375000000000e+05
3.943399687500000000e+05
4.352480000000000000e+05
4.234908437500000000e+05
3.974011250000000000e+05
3.946816875000000000e+05
3.330841562500000000e+05
4.041835000000000000e+05
4.700607187500000000e+05
5.206099375000000000e+05
3.508408125000000000e+05
4.381412812500000000e+05
3.990474062500000000e+05
3.610318125000000000e+05
4.197724375000000000e+05
4.383215625000000000e+05
4.263370312500000000e+05
3.634724375000000000e+05
4.157441875000000000e+05
3.537278125000000000e+05
3.947457812500000000e+05
3.638100937500000000e+05
4.255109062500000000e+05
3.935230937500000000e+05
3.145629375000000000e+05
3.566810000000000000e+05
3.533200625000000000e+05
4.600832500000000000e+05
3.350422500000000000e+05
2.540536093750000000e+05
4.441833750000000000e+05
2.938651250000000000e+05
3.217000625000000000e+05
3.290046250000000000e+05
3.447094687500000000e+05
3.036990312500000000e+05
3.389953437500000000e+05
4.212361250000000000e+05
3.738464375000000000e+05
3.541969687500000000e+05
4.833900937500000000e+05
4.094422187500000000e+05
3.766592812500000000e+05
2.790094375000000000e+05
2.970103125000000000e+05
3.873380625000000000e+05
2.913184062500000000e+05
3.101782187500000000e+05
4.104513125000000000e+05
3.466070312500000000e+05
5.510041875000000000e+05
3.186934375000000000e+05
4.541505625000000000e+05
2.582811718750000000e+05
2.712286562500000000e+05
3.790240312500000000e+05
3.471919062500000000e+05
3.193613437500000000e+05
3.185299375000000000e+05
2.146181718750000000e+05
2.799128750000000000e+05
1.912402500000000000e+05
1.519265312500000000e+05
1.754201562500000000e+05
2.353274375000000000e+05
2.407863750000000000e+05
2.783690000000000000e+05
1.644018125000000000e+05
2.668013125000000000e+05
2.219039687500000000e+05
1.856835625000000000e+05
2.058141718750000000e+05
3.202511250000000000e+05
2.392597500000000000e+05
1.437257656250000000e+05
1.947091875000000000e+05
2.044994218750000000e+05
2.267745312500000000e+05
2.343022812500000000e+05
1.810738437500000000e+05
8.029212500000000000e+04
1.690851093750000000e+05
6.881772656250000000e+04
1.780431562500000000e+05
1.084050781250000000e+05
1.851078437500000000e+05
1.478676406250000000e+05
1.843753281250000000e+05
1.574077500000000000e+05
1.778566093750000000e+05
9.924087500000000000e+04
1.037655234375000000e+05
1.124593906250000000e+05
1.012373515625000000e+05
1.097567968750000000e+05
7.725800000000000000e+04
1.256294218750000000e+05
1.046299453125000000e+05
1.350633750000000000e+05
1.299858984375000000e+05
9.171394531250000000e+04
1.294961484375000000e+05
1.334740312500000000e+05
9.559007812500000000e+04
1.059399218750000000e+05
1.147001015625000000e+05
9.627909375000000000e+04
1.004237265625000000e+05
1.025406718750000000e+05
9.011853125000000000e+04
9.158958593750000000e+04
7.194585937500000000e+04
6.398268359375000000e+04
1.179329218750000000e+05
9.238956250000000000e+04
9.021332812500000000e+04
9.127650000000000000e+04
6.386551562500000000e+04
6.446438281250000000e+04
6.891417187500000000e+04
6.028143750000000000e+04
6.598023437500000000e+04
6.796506250000000000e+04
8.578963281250000000e+04
9.236237500000000000e+04
1.215655390625000000e+05
1.192917109375000000e+05
1.087580781250000000e+05
1.212832968750000000e+05
8.047775000000000000e+04
7.122881250000000000e+04
7.098854687500000000e+04
8.443421875000000000e+04
7.864700000000000000e+04
9.349967187500000000e+04
6.091031640625000000e+04
6.091171093750000000e+04
6.662546875000000000e+04
7.530452343750000000e+04
8.392208593750000000e+04
7.280528125000000000e+04
7.139214062500000000e+04
5.815031640625000000e+04
5.018709375000000000e+04
4.819108593750000000e+04
6.070181250000000000e+04
6.419964062500000000e+04
7.332593750000000000e+04
6.440276562500000000e+04
4.771017968750000000e+04
5.436106640625000000e+04
4.493376562500000000e+04
5.715656250000000000e+04
5.308218359375000000e+04
4.535397656250000000e+04
6.286987890625000000e+04
5.736501562500000000e+04
6.039846093750000000e+04
5.996592968750000000e+04
4.700493750000000000e+04
4.267756250000000000e+04
4.703778125000000000e+04
4.440320703125000000e+04
5.803646093750000000e+04
5.663692187500000000e+04
4.731044140625000000e+04
4.703647656250000000e+04
4.038558203125000000e+04
4.338335156250000000e+04
5.024094531250000000e+04
4.715094921875000000e+04
5.079434375000000000e+04
4.666635546875000000e+04
4.831995703125000000e+04
5.561284375000000000e+04
5.384715234375000000e+04
4.322789062500000000e+04
4.761942578125000000e+04
4.640855859375000000e+04
4.531197656250000000e+04
4.707402343750000000e+04
5.314423828125000000e+04
4.091539062500000000e+04
4.010722265625000000e+04
4.822549218750000000e+04
3.910785156250000000e+04
4.337430078125000000e+04
3.992078125000000000e+04
3.595213671875000000e+04
4.801776171875000000e+04
4.923716015625000000e+04
4.861198828125000000e+04
4.524932421875000000e+04
4.112598828125000000e+04
4.208947265625000000e+04
4.130707421875000000e+04
4.116769140625000000e+04
3.771316796875000000e+04
4.227015625000000000e+04
4.307691406250000000e+04
4.669128906250000000e+04
3.731380078125000000e+04
4.298217187500000000e+04
4.498826953125000000e+04
4.785367187500000000e+04
4.584574218750000000e+04
3.884560546875000000e+04
4.508183593750000000e+04
4.334808984375000000e+04
3.499250000000000000e+04
4.117796875000000000e+04
3.886903515625000000e+04
3.918709375000000000e+04
4.501591406250000000e+04
4.791664843750000000e+04
4.360959765625000000e+04
4.107165234375000000e+04
3.963364843750000000e+04
4.719075000000000000e+04
4.400446093750000000e+04
4.201363281250000000e+04
3.370592187500000000e+04
3.746240625000000000e+04
3.804589843750000000e+04
4.319045312500000000e+04
3.950428906250000000e+04
3.682998046875000000e+04
3.598579687500000000e+04
3.769534765625000000e+04
4.456632031250000000e+04
4.310821875000000000e+04
3.810385937500000000e+04
3.783738671875000000e+04
3.778820312500000000e+04
4.055295703125000000e+04
4.727524218750000000e+04
3.779957812500000000e+04
4.240997656250000000e+04
4.055855859375000000e+04
3.611544140625000000e+04
3.943459375000000000e+04
3.935500000000000000e+04
3.878112109375000000e+04
4.635526562500000000e+04
5.174493750000000000e+04
3.846689843750000000e+04
4.758616406250000000e+04
4.802348437500000000e+04
4.035580468750000000e+04
4.435447656250000000e+04
3.470518750000000000e+04
4.442285546875000000e+04
3.166568750000000000e+04
3.460704687500000000e+04
3.519343750000000000e+04
4.254399218750000000e+04
3.801462500000000000e+04
4.621574609375000000e+04
4.519321093750000000e+04
4.462789453125000000e+04
4.644410937500000000e+04
3.862596875000000000e+04
5.621884765625000000e+04
3.511987500000000000e+04
3.695152343750000000e+04
2.962222265625000000e+04
3.830870312500000000e+04
3.420714062500000000e+04
3.762002343750000000e+04
4.288827734375000000e+04
3.531597656250000000e+04
4.762798437500000000e+04
3.953487890625000000e+04
5.037861718750000000e+04
3.924773828125000000e+04
4.054431640625000000e+04
4.067415625000000000e+04
4.052492968750000000e+04
4.018483203125000000e+04
4.002867968750000000e+04
4.893020312500000000e+04
4.101870312500000000e+04
3.411454296875000000e+04
3.913405468750000000e+04
4.253557031250000000e+04
4.443206250000000000e+04
4.515152343750000000e+04
3.416352343750000000e+04
4.399687500000000000e+04
5.045100000000000000e+04
5.688576953125000000e+04
4.664345312500000000e+04
4.594046093750000000e+04
4.201355859375000000e+04
4.336222656250000000e+04
3.523542578125000000e+04
3.990221093750000000e+04
5.028885156250000000e+04
4.033728906250000000e+04
5.392153125000000000e+04
5.773171093750000000e+04
5.515694531250000000e+04
4.282992968750000000e+04
4.244189062500000000e+04
3.589952343750000000e+04
3.976439062500000000e+04
4.129255859375000000e+04
4.449087500000000000e+04
5.275734375000000000e+04
4.431558203125000000e+04
5.835902343750000000e+04
3.643817968750000000e+04
3.718553906250000000e+04
4.163940234375000000e+04
4.551536718750000000e+04
4.087440234375000000e+04
4.115557812500000000e+04
4.139450000000000000e+04
4.016753906250000000e+04
3.226850390625000000e+04
4.007942968750000000e+04
4.190160156250000000e+04
4.396018750000000000e+04
4.014242968750000000e+04
3.399950390625000000e+04
3.484640625000000000e+04
3.378501171875000000e+04
3.626662500000000000e+04
3.947911718750000000e+04
3.914450781250000000e+04
3.516109375000000000e+04
3.984477343750000000e+04
4.243286328125000000e+04
3.553817187500000000e+04
4.035414843750000000e+04
5.161821093750000000e+04
4.477308593750000000e+04
5.149944531250000000e+04
4.377641015625000000e+04
5.100891015625000000e+04
4.700558593750000000e+04
4.353317968750000000e+04
4.197480859375000000e+04
3.617237500000000000e+04
4.129131250000000000e+04
4.822549609375000000e+04
4.651651171875000000e+04
4.695651562500000000e+04
4.662917187500000000e+04
4.688321093750000000e+04
5.158178906250000000e+04
4.007122265625000000e+04
3.247693359375000000e+04
4.551440625000000000e+04
4.676124218750000000e+04
4.570665625000000000e+04
3.550032421875000000e+04
3.242398828125000000e+04
3.443014453125000000e+04
3.702358593750000000e+04
4.103268359375000000e+04
3.871807031250000000e+04
3.913611718750000000e+04
3.786912500000000000e+04
3.609533593750000000e+04
4.622133984375000000e+04
4.111671875000000000e+04
4.575444531250000000e+04
3.950535546875000000e+04
3.893258593750000000e+04
4.234483593750000000e+04
4.472600000000000000e+04
3.478911718750000000e+04
4.758474218750000000e+04
3.734881250000000000e+04
4.420598046875000000e+04
3.586919140625000000e+04
3.093165234375000000e+04
3.378765234375000000e+04
2.836183203125000000e+04
3.888939062500000000e+04
4.121469531250000000e+04
4.431137890625000000e+04
3.418220312500000000e+04
4.933425390625000000e+04
3.522648437500000000e+04
3.637132421875000000e+04
3.947610546875000000e+04
3.731368750000000000e+04
4.119251562500000000e+04
3.776019921875000000e+04
4.026745312500000000e+04
3.682091796875000000e+04
3.391250390625000000e+04
4.011342968750000000e+04
3.921353515625000000e+04
2.880569726562500000e+04
3.536208593750000000e+04
3.536231250000000000e+04
4.659298437500000000e+04
3.378599218750000000e+04
4.065711718750000000e+04
3.830167968750000000e+04
4.765280468750000000e+04
5.188471093750000000e+04
6.477855859375000000e+04
7.248515625000000000e+04
4.603595312500000000e+04
5.491183593750000000e+04
5.238914843750000000e+04
3.966072656250000000e+04
3.231882812500000000e+04
4.403549218750000000e+04
3.904102734375000000e+04
3.273386523437500000e+04
4.005136718750000000e+04
3.597214453125000000e+04
3.098181640625000000e+04
3.469476562500000000e+04
4.160611718750000000e+04
3.432690234375000000e+04
4.222694531250000000e+04
4.419312500000000000e+04
3.518323828125000000e+04
4.167743359375000000e+04
3.521544921875000000e+04
4.276096093750000000e+04
3.870384375000000000e+04
4.410139062500000000e+04
4.196763281250000000e+04
4.554132812500000000e+04
4.531372656250000000e+04
4.738868750000000000e+04
5.153885937500000000e+04
4.995482812500000000e+04
3.553492968750000000e+04
4.054577734375000000e+04
3.862351953125000000e+04
4.022221484375000000e+04
4.697080859375000000e+04
3.415642578125000000e+04
3.912724218750000000e+04
4.000489843750000000e+04
4.525791796875000000e+04
3.599925000000000000e+04
5.046340625000000000e+04
4.983330859375000000e+04
3.933875000000000000e+04
3.944589453125000000e+04
4.436762109375000000e+04
4.178929687500000000e+04
4.226032812500000000e+04
3.407681250000000000e+04
4.908669531250000000e+04
3.586997265625000000e+04
4.393449218750000000e+04
3.269678515625000000e+04
4.296271875000000000e+04
4.188069140625000000e+04
4.528067578125000000e+04
4.454468750000000000e+04
4.498999609375000000e+04
4.126549609375000000e+04
3.849715234375000000e+04
4.441802343750000000e+04
4.726378125000000000e+04
6.358639062500000000e+04
5.504299218750000000e+04
5.055045312500000000e+04
6.273591015625000000e+04
6.768773437500000000e+04
6.136705859375000000e+04
5.268980078125000000e+04
5.447509375000000000e+04
6.127866796875000000e+04
4.813462109375000000e+04
4.386459375000000000e+04
5.953957812500000000e+04
3.774465625000000000e+04
4.803961718750000000e+04
5.314939062500000000e+04
4.497483984375000000e+04
6.176005859375000000e+04
6.439864062500000000e+04
4.505213281250000000e+04
4.009236328125000000e+04
5.297389062500000000e+04
3.373401562500000000e+04
4.111794140625000000e+04
5.065967968750000000e+04
4.173933593750000000e+04
5.400087890625000000e+04
5.167045703125000000e+04
4.795298437500000000e+04
3.675241406250000000e+04
4.175859375000000000e+04
3.974046484375000000e+04
4.196368359375000000e+04
5.467525781250000000e+04
4.783996093750000000e+04
6.334408984375000000e+04
5.668289453125000000e+04
7.099024218750000000e+04
5.518719140625000000e+04
4.627417578125000000e+04
4.670358984375000000e+04
5.398644531250000000e+04
4.202619531250000000e+04
4.218897265625000000e+04
4.288805468750000000e+04
4.110024218750000000e+04
4.082076562500000000e+04
3.881633593750000000e+04
3.954880078125000000e+04
3.871706250000000000e+04
4.090989062500000000e+04
4.816219531250000000e+04
5.394793359375000000e+04
5.365876953125000000e+04
4.757738671875000000e+04
4.645412500000000000e+04
4.629546875000000000e+04
4.353979687500000000e+04
3.383596875000000000e+04
4.320984375000000000e+04
4.094938281250000000e+04
4.508186718750000000e+04
3.348094921875000000e+04
3.236076953125000000e+04
3.576082031250000000e+04
4.458125000000000000e+04
3.651571875000000000e+04
3.956107421875000000e+04
4.084553125000000000e+04
4.084817187500000000e+04
4.129692187500000000e+04
4.090850781250000000e+04
5.230587109375000000e+04
3.967606640625000000e+04
4.849989062500000000e+04
4.288701562500000000e+04
4.505913281250000000e+04
3.763252734375000000e+04
4.476436718750000000e+04
5.486930468750000000e+04
4.252349609375000000e+04
4.841398437500000000e+04
4.958285937500000000e+04
5.017082421875000000e+04
3.684815234375000000e+04
3.644379687500000000e+04
4.784488281250000000e+04
4.694811718750000000e+04
4.390435937500000000e+04
5.619512109375000000e+04
3.706541015625000000e+04
4.711868359375000000e+04
4.415878515625000000e+04
4.909143359375000000e+04
4.704467578125000000e+04
5.298942187500000000e+04
5.074188671875000000e+04
5.000185546875000000e+04
4.749547656250000000e+04
4.632813671875000000e+04
3.969423437500000000e+04
3.756118750000000000e+04
5.084334765625000000e+04
4.338708203125000000e+04
4.853940625000000000e+04
3.997391015625000000e+04
5.245567578125000000e+04
5.448775781250000000e+04
5.271739062500000000e+04
6.465318750000000000e+04
5.947510937500000000e+04
6.636071875000000000e+04
5.868674609375000000e+04
6.467224218750000000e+04
4.794112500000000000e+04
5.132934375000000000e+04
6.444030859375000000e+04
5.773086718750000000e+04
5.537034765625000000e+04
6.538517968750000000e+04
3.692401562500000000e+04
5.055080468750000000e+04
5.377440625000000000e+04
4.681278515625000000e+04
3.852732031250000000e+04
3.396991796875000000e+04
4.366667187500000000e+04
5.059078515625000000e+04
4.458956640625000000e+04
3.762793750000000000e+04
4.444034375000000000e+04
5.023100390625000000e+04
4.608471093750000000e+04
5.393486328125000000e+04
5.400446093750000000e+04
5.942582031250000000e+04
5.599972265625000000e+04
5.495946093750000000e+04
6.144189062500000000e+04
7.220754687500000000e+04
5.257390625000000000e+04
6.446685546875000000e+04
5.273188281250000000e+04
5.062770703125000000e+04
4.151749218750000000e+04
4.879162109375000000e+04
4.704235937500000000e+04
6.956244531250000000e+04
4.780578906250000000e+04
5.855985937500000000e+04
5.153450000000000000e+04
5.937308203125000000e+04
6.224269531250000000e+04
5.490660546875000000e+04
5.748694531250000000e+04
5.002393750000000000e+04
5.515929296875000000e+04
5.891650781250000000e+04
6.236203515625000000e+04
4.339432031250000000e+04
4.387338281250000000e+04
5.164031640625000000e+04
5.420986328125000000e+04
5.017344140625000000e+04
6.559603125000000000e+04
5.005937500000000000e+04
4.972179296875000000e+04
4.372563671875000000e+04
3.328069531250000000e+04
4.504076562500000000e+04
5.288885546875000000e+04
5.640453906250000000e+04
4.738188281250000000e+04
5.485985546875000000e+04
4.958137500000000000e+04
5.415316406250000000e+04
4.775352343750000000e+04
4.015225000000000000e+04
4.482170312500000000e+04
4.853257812500000000e+04
3.662726953125000000e+04
4.913037109375000000e+04
5.202354687500000000e+04
4.848009375000000000e+04
4.986057812500000000e+04
5.201727343750000000e+04
5.070273828125000000e+04
4.621590625000000000e+04
4.266602343750000000e+04
5.490000000000000000e+04
4.751935937500000000e+04
5.003953125000000000e+04
5.301709375000000000e+04
5.175055859375000000e+04
5.675725781250000000e+04
4.685064062500000000e+04
4.479726953125000000e+04
3.815690625000000000e+04
4.175623828125000000e+04
4.557700000000000000e+04
4.613349218750000000e+04
3.973639843750000000e+04
4.305239062500000000e+04
4.804744921875000000e+04
3.909882812500000000e+04
3.314216015625000000e+04
3.883350000000000000e+04
4.303841796875000000e+04
4.611352343750000000e+04
3.846760156250000000e+04
3.662224218750000000e+04
3.426446484375000000e+04
3.897892578125000000e+04
4.031853125000000000e+04
3.710033984375000000e+04
5.377984375000000000e+04
4.178646484375000000e+04
3.470896484375000000e+04
4.566927343750000000e+04
5.334124218750000000e+04
4.840985546875000000e+04
4.711253125000000000e+04
4.885425781250000000e+04
4.678905468750000000e+04
4.910774218750000000e+04
4.477835156250000000e+04
5.466250000000000000e+04
3.909775781250000000e+04
4.958973828125000000e+04
5.455715234375000000e+04
5.325891796875000000e+04
5.779500000000000000e+04
6.074713281250000000e+04
6.206119531250000000e+04
6.461122656250000000e+04
4.833305078125000000e+04
5.384841406250000000e+04
4.816415625000000000e+04
4.475420703125000000e+04
5.542979687500000000e+04
6.547012500000000000e+04
7.395155468750000000e+04
5.313089062500000000e+04
4.852702734375000000e+04
6.603841406250000000e+04
5.695195312500000000e+04
5.788869531250000000e+04
8.069442968750000000e+04
5.157633593750000000e+04
5.373953125000000000e+04
5.861590625000000000e+04
1.026610937500000000e+05
7.416095312500000000e+04
5.231728906250000000e+04
6.701392968750000000e+04
7.294346093750000000e+04
5.440867578125000000e+04
5.429470703125000000e+04
4.642187500000000000e+04
5.623442968750000000e+04
4.898281640625000000e+04
6.800616406250000000e+04
5.182789843750000000e+04
7.985826562500000000e+04
9.660486718750000000e+04
5.393414062500000000e+04
6.704746875000000000e+04
6.683419531250000000e+04
5.517465234375000000e+04
5.014779687500000000e+04
4.732710156250000000e+04
4.152073437500000000e+04
6.592046093750000000e+04
4.532868359375000000e+04
6.585202343750000000e+04
6.864326562500000000e+04
5.773502734375000000e+04
5.591828906250000000e+04
5.353809765625000000e+04
5.506680468750000000e+04
5.362798828125000000e+04
4.780242187500000000e+04
5.062151562500000000e+04
6.062167578125000000e+04
4.417310546875000000e+04
5.590985937500000000e+04
4.239509375000000000e+04
4.854798437500000000e+04
4.936389453125000000e+04
4.377739453125000000e+04
4.160427734375000000e+04
5.252773828125000000e+04
5.167692187500000000e+04
4.569539843750000000e+04
6.679796875000000000e+04
5.153987500000000000e+04
4.608673437500000000e+04
4.560018750000000000e+04
4.963698437500000000e+04
4.480764062500000000e+04
4.933217187500000000e+04
5.024823828125000000e+04
5.596915625000000000e+04
5.174691406250000000e+04
5.471539062500000000e+04
4.926933203125000000e+04
4.767060156250000000e+04
6.628206250000000000e+04
4.952535937500000000e+04
6.208166406250000000e+04
5.790772265625000000e+04
4.282111328125000000e+04
5.716861328125000000e+04
4.958289453125000000e+04
5.142322265625000000e+04
3.635037890625000000e+04
6.253893359375000000e+04
5.652551171875000000e+04
6.286230468750000000e+04
5.583394140625000000e+04
7.474806250000000000e+04
4.163882031250000000e+04
4.652019531250000000e+04
5.027878125000000000e+04
6.302820312500000000e+04
5.479538671875000000e+04
5.681067968750000000e+04
5.504448828125000000e+04
6.786364062500000000e+04
5.692781640625000000e+04
6.966989843750000000e+04
7.482950000000000000e+04
5.850334765625000000e+04
7.954182031250000000e+04
6.457853515625000000e+04
7.753907031250000000e+04
7.312995312500000000e+04
6.777378125000000000e+04
4.960673437500000000e+04
5.736563281250000000e+04
4.713112109375000000e+04
4.682820312500000000e+04
5.158203125000000000e+04
4.752615625000000000e+04
4.379632031250000000e+04
4.409485937500000000e+04
4.555408593750000000e+04
6.804796875000000000e+04
7.276889062500000000e+04
4.723492578125000000e+04
5.612205078125000000e+04
4.764129687500000000e+04
5.214439843750000000e+04
5.234648437500000000e+04
4.358858203125000000e+04
4.551070312500000000e+04
5.916798828125000000e+04
5.690957812500000000e+04
7.011535937500000000e+04
7.063337500000000000e+04
8.792644531250000000e+04
9.706985156250000000e+04
8.101977343750000000e+04
8.237965625000000000e+04
1.065831406250000000e+05
1.156393906250000000e+05
1.120153437500000000e+05
8.933739843750000000e+04
8.740628125000000000e+04
8.493867968750000000e+04
8.649557031250000000e+04
8.155121875000000000e+04
9.053556250000000000e+04
6.722240625000000000e+04
8.083615625000000000e+04
6.570268750000000000e+04
6.703300000000000000e+04
6.317776953125000000e+04
7.002415625000000000e+04
6.590300781250000000e+04
6.044400781250000000e+04
6.131958203125000000e+04
5.495989843750000000e+04
6.119705468750000000e+04
7.067609375000000000e+04
6.077610156250000000e+04
5.694466406250000000e+04
5.720335156250000000e+04
5.605132421875000000e+04
5.944648046875000000e+04
5.974853125000000000e+04
6.936647656250000000e+04
4.446441015625000000e+04
4.893668359375000000e+04
5.788364843750000000e+04
4.922523437500000000e+04
6.276273437500000000e+04
5.138767968750000000e+04
5.470683203125000000e+04
5.633910937500000000e+04
5.357272265625000000e+04
5.602483593750000000e+04
5.873773437500000000e+04
6.887356250000000000e+04
5.169086718750000000e+04
5.784676171875000000e+04
6.233348828125000000e+04
5.984934375000000000e+04
6.222322656250000000e+04
5.941554687500000000e+04
5.880855078125000000e+04
6.201550000000000000e+04
6.590295312500000000e+04
5.724732812500000000e+04
4.958395312500000000e+04
5.599724218750000000e+04
5.439250781250000000e+04
7.707294531250000000e+04
5.216646093750000000e+04
4.791992187500000000e+04
5.551336718750000000e+04
4.965593359375000000e+04
5.374168750000000000e+04
5.643597656250000000e+04
4.979532031250000000e+04
6.982456250000000000e+04
6.233602343750000000e+04
6.890726562500000000e+04
5.597316796875000000e+04
4.694823437500000000e+04
5.414931640625000000e+04
6.059323828125000000e+04
5.690669140625000000e+04
5.499212500000000000e+04
5.451863671875000000e+04
7.145582812500000000e+04
7.142962500000000000e+04
7.566464843750000000e+04
8.172578906250000000e+04
8.072261718750000000e+04
7.591434375000000000e+04
7.383881250000000000e+04
7.269079687500000000e+04
6.942954687500000000e+04
7.827109375000000000e+04
6.397314062500000000e+04
8.300112500000000000e+04
8.708755468750000000e+04
5.753435156250000000e+04
4.648667968750000000e+04
4.749468750000000000e+04
5.334062890625000000e+04
6.532726562500000000e+04
4.563475000000000000e+04
4.984470703125000000e+04
5.884392187500000000e+04
5.785519531250000000e+04
6.100610937500000000e+04
5.522257031250000000e+04
3.798344531250000000e+04
5.086506250000000000e+04
6.999761718750000000e+04
6.619846093750000000e+04
7.410153906250000000e+04
7.846185156250000000e+04
7.635370312500000000e+04
7.401564062500000000e+04
8.969771875000000000e+04
6.468244531250000000e+04
6.729795312500000000e+04
6.927720312500000000e+04
6.575254687500000000e+04
7.162938281250000000e+04
1.017151875000000000e+05
6.018721875000000000e+04
5.353664453125000000e+04
8.108210937500000000e+04
7.036119531250000000e+04
5.741146093750000000e+04
5.457985937500000000e+04
5.958312890625000000e+04
4.509137500000000000e+04
5.935857812500000000e+04
6.178900000000000000e+04
5.893460546875000000e+04
7.084935937500000000e+04
5.397408593750000000e+04
6.708790625000000000e+04
5.542557812500000000e+04
5.002049218750000000e+04
5.023328906250000000e+04
5.228048437500000000e+04
5.227701562500000000e+04
5.635040234375000000e+04
6.095692187500000000e+04
5.037011718750000000e+04
5.140491015625000000e+04
7.613234375000000000e+04
7.382538281250000000e+04
6.624140625000000000e+04
6.339318750000000000e+04
5.221045312500000000e+04
5.677199218750000000e+04
6.125903125000000000e+04
7.413812500000000000e+04
7.002151562500000000e+04
7.511272656250000000e+04
8.784400781250000000e+04
5.827139843750000000e+04
6.803242187500000000e+04
6.343471093750000000e+04
4.415546484375000000e+04
6.361329296875000000e+04
6.622414062500000000e+04
6.977114062500000000e+04
6.449396093750000000e+04
5.343710156250000000e+04
5.739343750000000000e+04
6.193304687500000000e+04
7.844271875000000000e+04
6.612200000000000000e+04
6.189499609375000000e+04
5.316013671875000000e+04
5.035668359375000000e+04
5.869423046875000000e+04
6.923121093750000000e+04
7.268181250000000000e+04
7.648685156250000000e+04
9.858642968750000000e+04
1.041825156250000000e+05
8.436412500000000000e+04
7.919335156250000000e+04
7.042076562500000000e+04
8.001471093750000000e+04
6.651143750000000000e+04
8.381229687500000000e+04
7.778214062500000000e+04
6.062466015625000000e+04
8.061546875000000000e+04
7.268175781250000000e+04
7.534113281250000000e+04
7.755832031250000000e+04
6.671895312500000000e+04
6.057472656250000000e+04
7.131593750000000000e+04
7.178950781250000000e+04
6.135719531250000000e+04
5.344496093750000000e+04
4.991492187500000000e+04
8.000076562500000000e+04
6.536624609375000000e+04
4.628398046875000000e+04
5.615782031250000000e+04
6.093821093750000000e+04
6.000614453125000000e+04
6.317321093750000000e+04
6.281439453125000000e+04
5.704760937500000000e+04
5.878606640625000000e+04
7.292893750000000000e+04
7.254483593750000000e+04
5.297262890625000000e+04
6.755754687500000000e+04
6.539090625000000000e+04
8.401904687500000000e+04
4.604910156250000000e+04
7.881228906250000000e+04
8.205704687500000000e+04
6.972521875000000000e+04
7.204787500000000000e+04
7.346619531250000000e+04
8.267221093750000000e+04
6.472325000000000000e+04
8.793105468750000000e+04
7.278379687500000000e+04
7.188500781250000000e+04
6.283419531250000000e+04
6.523146875000000000e+04
8.626032812500000000e+04
8.050605468750000000e+04
6.554198437500000000e+04
6.563221875000000000e+04
5.695833203125000000e+04
7.730465625000000000e+04
8.900798437500000000e+04
7.122703125000000000e+04
7.202745312500000000e+04
7.298957812500000000e+04
6.017128515625000000e+04
5.262619531250000000e+04
6.173033593750000000e+04
5.020915625000000000e+04
5.602600000000000000e+04
5.925672656250000000e+04
6.082465625000000000e+04
5.575934375000000000e+04
5.926500781250000000e+04
6.110213281250000000e+04
5.199720312500000000e+04
5.676085156250000000e+04
4.905646875000000000e+04
5.815303515625000000e+04
5.169124218750000000e+04
4.593585156250000000e+04
5.476662890625000000e+04
4.488076953125000000e+04
5.155228906250000000e+04
4.971376562500000000e+04
5.483742968750000000e+04
7.060096875000000000e+04
5.325047265625000000e+04
6.118392187500000000e+04
6.534074218750000000e+04
7.073237500000000000e+04
5.694091796875000000e+04
5.623305078125000000e+04
4.897175390625000000e+04
6.236100000000000000e+04
5.077113281250000000e+04
6.166289843750000000e+04
6.147173828125000000e+04
4.910805468750000000e+04
5.294876562500000000e+04
4.909487109375000000e+04
5.925314843750000000e+04
4.055149218750000000e+04
5.788121875000000000e+04
5.779332031250000000e+04
5.998688671875000000e+04
5.735490625000000000e+04
5.910984375000000000e+04
6.929521875000000000e+04
6.051562890625000000e+04
7.198093750000000000e+04
4.924833593750000000e+04
5.316600390625000000e+04
6.633089062500000000e+04
6.752401562500000000e+04
6.180777734375000000e+04
6.304918359375000000e+04
4.781032031250000000e+04
5.239969140625000000e+04
4.673556250000000000e+04
5.871794531250000000e+04
5.280680078125000000e+04
5.121874218750000000e+04
4.439893750000000000e+04
5.604119531250000000e+04
4.839753906250000000e+04
5.827634375000000000e+04
4.835157031250000000e+04
4.946665234375000000e+04
5.529803125000000000e+04
5.208495312500000000e+04
5.112240625000000000e+04
5.052847656250000000e+04
5.573753906250000000e+04
5.089252734375000000e+04
6.363012890625000000e+04
6.056526171875000000e+04
5.190250000000000000e+04
4.475574609375000000e+04
4.981209375000000000e+04
4.191840625000000000e+04
4.908597656250000000e+04
4.008541015625000000e+04
5.680729687500000000e+04
5.465572656250000000e+04
4.965408593750000000e+04
4.707432421875000000e+04
4.892751953125000000e+04
5.722196093750000000e+04
7.540545312500000000e+04
5.260812109375000000e+04
5.824650781250000000e+04
6.314291796875000000e+04
7.499634375000000000e+04
9.282817187500000000e+04
5.982954687500000000e+04
6.917632031250000000e+04
5.807371875000000000e+04
6.791210937500000000e+04
5.861101562500000000e+04
7.308985937500000000e+04
6.735133593750000000e+04
7.321409375000000000e+04
6.485772656250000000e+04
1.017499921875000000e+05
7.077745312500000000e+04
1.103026406250000000e+05
7.553923437500000000e+04
1.099828125000000000e+05
9.518964062500000000e+04
1.069639687500000000e+05
8.667053125000000000e+04
1.017116250000000000e+05
9.145025781250000000e+04
8.889277343750000000e+04
7.953068750000000000e+04
8.322511718750000000e+04
6.576392968750000000e+04
6.335511718750000000e+04
7.850554687500000000e+04
5.657828125000000000e+04
6.767276562500000000e+04
6.125331250000000000e+04
6.476720312500000000e+04
6.511653125000000000e+04
6.669100781250000000e+04
6.892903906250000000e+04
5.211650000000000000e+04
6.719550000000000000e+04
6.659672656250000000e+04
6.751485937500000000e+04
7.127862500000000000e+04
6.497798828125000000e+04
6.101781250000000000e+04
6.672556250000000000e+04
5.836107031250000000e+04
6.099388281250000000e+04
6.021270703125000000e+04
7.729445312500000000e+04
6.770879687500000000e+04
8.430774218750000000e+04
5.618488281250000000e+04
6.326848437500000000e+04
6.020327343750000000e+04
5.144321875000000000e+04
5.647585546875000000e+04
6.391854296875000000e+04
6.975163281250000000e+04
6.304335546875000000e+04
5.815462500000000000e+04
6.929434375000000000e+04
6.375571484375000000e+04
7.246353906250000000e+04
6.068557031250000000e+04
6.040952343750000000e+04
6.856222656250000000e+04
6.957479687500000000e+04
7.861868750000000000e+04
1.010917343750000000e+05
8.946939062500000000e+04
9.569164062500000000e+04
9.299960937500000000e+04
9.135418750000000000e+04
1.146449687500000000e+05
7.131199218750000000e+04
7.300984375000000000e+04
9.783393750000000000e+04
6.930525781250000000e+04
8.367725781250000000e+04
5.487538281250000000e+04
6.948124218750000000e+04
6.571370312500000000e+04
6.923040625000000000e+04
8.034250000000000000e+04
7.644171875000000000e+04
7.049060156250000000e+04
7.182922656250000000e+04
7.516332812500000000e+04
7.425167968750000000e+04
7.820894531250000000e+04
6.880228125000000000e+04
6.845197656250000000e+04
5.589037890625000000e+04
8.319258593750000000e+04
6.868422656250000000e+04
6.344251562500000000e+04
6.213272265625000000e+04
6.323363671875000000e+04
4.828196093750000000e+04
5.949124218750000000e+04
5.688833203125000000e+04
5.356340625000000000e+04
5.581447265625000000e+04
6.032107812500000000e+04
5.484475781250000000e+04
5.013385937500000000e+04
7.090845312500000000e+04
7.271857812500000000e+04
5.575245703125000000e+04
5.232516406250000000e+04
6.096458203125000000e+04
6.233782031250000000e+04
7.991050000000000000e+04
6.548241796875000000e+04
7.330250000000000000e+04
5.674845312500000000e+04
5.332782812500000000e+04
5.013928906250000000e+04
7.570978125000000000e+04
6.688011718750000000e+04
5.573897656250000000e+04
6.199676562500000000e+04
5.463574609375000000e+04
6.360236718750000000e+04
4.826418750000000000e+04
5.998786718750000000e+04
4.614567187500000000e+04
5.263209375000000000e+04
5.749158984375000000e+04
6.808264843750000000e+04
6.401843359375000000e+04
6.016703906250000000e+04
6.771421875000000000e+04
6.826742968750000000e+04
5.681462109375000000e+04
5.628340234375000000e+04
7.315605468750000000e+04
5.411411718750000000e+04
6.116524218750000000e+04
7.809813281250000000e+04
6.799851562500000000e+04
1.172788125000000000e+05
9.119651562500000000e+04
9.628228906250000000e+04
1.030105312500000000e+05
1.262239296875000000e+05
8.352229687500000000e+04
9.998640625000000000e+04
8.928470312500000000e+04
1.143394609375000000e+05
1.241682187500000000e+05
9.545367187500000000e+04
1.128807343750000000e+05
1.137294687500000000e+05
9.851826562500000000e+04
9.302785156250000000e+04
7.140964062500000000e+04
8.097757812500000000e+04
7.784560937500000000e+04
9.477176562500000000e+04
9.010617187500000000e+04
9.236118750000000000e+04
9.108664062500000000e+04
8.194220312500000000e+04
5.755810937500000000e+04
7.692803906250000000e+04
8.283508593750000000e+04
1.011163125000000000e+05
1.035948281250000000e+05
7.313879687500000000e+04
7.815025000000000000e+04
6.910377343750000000e+04
7.633265625000000000e+04
6.576682031250000000e+04
6.751619531250000000e+04
8.072240625000000000e+04
7.499422656250000000e+04
7.457975781250000000e+04
6.729876562500000000e+04
7.345794531250000000e+04
8.554800000000000000e+04
6.986233593750000000e+04
8.111657812500000000e+04
8.772185937500000000e+04
8.808483593750000000e+04
7.923670312500000000e+04
7.912960156250000000e+04
7.127737500000000000e+04
7.533607812500000000e+04
6.547619531250000000e+04
6.470063281250000000e+04
7.902671875000000000e+04
6.732843750000000000e+04
5.999550781250000000e+04
6.312643750000000000e+04
6.638172656250000000e+04
5.434324218750000000e+04
6.269563281250000000e+04
6.308414062500000000e+04
5.942867578125000000e+04
6.577220312500000000e+04
6.619897656250000000e+04
6.368078515625000000e+04
7.422182812500000000e+04
7.525373437500000000e+04
5.528694921875000000e+04
5.226824218750000000e+04
6.084471875000000000e+04
7.243760156250000000e+04
5.685539843750000000e+04
5.229157031250000000e+04
5.638690234375000000e+04
7.453828906250000000e+04
5.501052343750000000e+04
4.996328906250000000e+04
5.154097656250000000e+04
5.407150781250000000e+04
4.905464843750000000e+04
4.711734375000000000e+04
5.844153125000000000e+04
3.896674609375000000e+04
6.469474218750000000e+04
4.304716015625000000e+04
5.612200000000000000e+04
4.639223437500000000e+04
4.532915625000000000e+04
5.577313281250000000e+04
5.942471875000000000e+04
4.694629687500000000e+04
6.125901171875000000e+04
5.519283984375000000e+04
6.782482031250000000e+04
5.941402734375000000e+04
5.180159375000000000e+04
6.722181250000000000e+04
7.714456250000000000e+04
6.213954687500000000e+04
5.827889843750000000e+04
6.491866406250000000e+04
7.500054687500000000e+04
7.551543750000000000e+04
8.566184375000000000e+04
8.040224218750000000e+04
7.857561718750000000e+04
7.791389062500000000e+04
7.259683593750000000e+04
5.946347265625000000e+04
6.945293750000000000e+04
5.513666015625000000e+04
5.021475000000000000e+04
5.836772656250000000e+04
6.827776562500000000e+04
6.386332812500000000e+04
4.682380468750000000e+04
4.932179687500000000e+04
5.574350390625000000e+04
5.398467968750000000e+04
5.210476562500000000e+04
5.508482031250000000e+04
5.974768750000000000e+04
6.261696875000000000e+04
6.562812500000000000e+04
7.410860156250000000e+04
8.567601562500000000e+04
9.234465625000000000e+04
7.431190625000000000e+04
8.504681250000000000e+04
9.106026562500000000e+04
9.301419531250000000e+04
7.710242968750000000e+04
8.789609375000000000e+04
8.580385156250000000e+04
7.069835156250000000e+04
6.185493359375000000e+04
6.659092187500000000e+04
5.384478125000000000e+04
6.224217968750000000e+04
7.274343750000000000e+04
5.430603906250000000e+04
5.540437109375000000e+04
8.690657031250000000e+04
7.086039062500000000e+04
7.919332031250000000e+04
7.542759375000000000e+04
7.262694531250000000e+04
7.143729687500000000e+04
9.519579687500000000e+04
7.142186718750000000e+04
6.031871875000000000e+04
7.090928125000000000e+04
5.936798437500000000e+04
7.597807812500000000e+04
5.538906250000000000e+04
6.885601562500000000e+04
6.487470312500000000e+04
5.801578125000000000e+04
7.516006250000000000e+04
6.554576562500000000e+04
5.952943359375000000e+04
6.336871093750000000e+04
5.950813281250000000e+04
8.052853906250000000e+04
5.799018359375000000e+04
