7.847121869359839366e+03
8.398147209219661818e+03
1.077974175787179229e+04
9.593618626617741029e+03
1.497061657669531633e+04
1.282887442834462854e+04
9.301847209741696133e+03
1.119537359705479139e+04
1.038195896686115520e+04
1.365951792998210294e+04
9.357372921207364925e+03
1.067096028060245590e+04
9.871762369622152619e+03
1.625529066859834165e+04
1.380455648542902782e+04
9.727885188114083576e+03
1.666996002587480325e+04
1.028556328814868357e+04
1.164617163098099081e+04
1.460280688502826160e+04
1.329411963969439421e+04
1.029112765215131549e+04
1.474045083934463037e+04
1.621435299778376611e+04
1.300095425013649401e+04
8.387971202125550917e+03
1.209908652851882289e+04
1.422527921562298980e+04
1.033470948890676664e+04
1.357724472257002526e+04
