-2.880000000000000000e+03
-1.951063533763516944e+03
-3.855942207924501417e+03
2.211202782875179764e+03
6.941807437417155597e+02
1.459877031561094191e+04
-3.465777211546313083e+03
1.425634867748181205e+04
8.874386980819408564e+03
7.334625732668088858e+03
8.962489805245142634e+03
7.301730760611404548e+03
1.588760207561813877e+04
3.736208316705033212e+04
4.486498063037701286e+03
1.094978365444043811e+04
9.365386227371645873e+02
4.531800654059195949e+03
3.982040849272839750e+03
6.283837112847652861e+03
1.264343412605579579e+04
6.096291375708493433e+03
2.155254724734062984e+04
4.289033180136923875e+03
1.216979928305525937e+04
1.423554116748688466e+04
1.111028089186141415e+03
1.281694189267268666e+04
4.279107812161873881e+01
-1.404738453534223481e+03
4.419984301057555058e+03
1.963840105629914206e+03
1.436906533578929157e+04
7.310109326996356685e+03
1.772133530385220729e+04
7.895956111765663991e+03
2.895638208942581696e+04
1.923589287314828107e+04
2.007553157420741627e+04
7.463349747522694088e+03
2.973792289161307053e+03
1.193133709403014291e+04
1.195917087671063928e+04
7.102154278120013259e+03
2.412489001495605771e+04
3.642469211542609628e+03
-1.913260668362052911e+03
8.306922794599477129e+03
1.081989356889239207e+04
-4.761507660521850767e+02
-2.428925962810844794e+02
2.046093210650287801e+04
2.133769675310522143e+04
3.961876598493028723e+04
1.013873730956803411e+04
6.677111578192775596e+03
2.767341603044409203e+04
1.285664476495787312e+04
5.298601567131157935e+03
1.148119460948051710e+04
1.717764124440263549e+04
7.706293134575912518e+03
8.120216116307205084e+03
1.677431279387147879e+04
5.763574657950386609e+03
1.606533897653749773e+04
-2.722844720565858097e+03
6.428489156451580129e+03
1.812774776013000155e+04
4.365588318512955993e+03
-1.606731889919117293e+03
6.708101018971026861e+03
1.102322814145803568e+04
1.212218858132860260e+04
1.311508727857919212e+03
2.064876573761674808e+04
-3.807991613195119953e+03
5.617682489297785651e+03
3.782014276483360391e+03
2.871425989947302696e+03
1.118280514908337500e+04
1.083480826587231240e+04
1.213946105235825416e+04
1.969005967613701068e+04
5.571262750560605127e+03
1.923564569000127085e+04
5.781326984314588344e+02
2.525328295602854269e+04
1.649464936635207778e+03
3.534302803460674113e+03
9.942250850392551001e+03
1.288869298285187142e+04
1.564638577464600348e+04
6.699882110657283192e+03
9.656575207459674857e+03
6.029748198725562361e+03
1.363853683820306742e+03
1.069030860584730181e+04
1.092998169342401707e+04
1.337929843720467034e+02
9.232238638578586688e+03
1.096674008319399763e+04
-9.376134542515029580e+02
3.820290682164945792e+03
7.595680581224896741e+02
1.343524798890643433e+04
2.032585029712407504e+03
1.701621861896069458e+04
1.523043013361948579e+04
8.201285872374901373e+03
1.397672838204240179e+04
1.508843748389961183e+04
1.737479288937876845e+04
2.617825720885058399e+04
2.046943840500878287e+04
3.130100451685952976e+02
8.723389153183456074e+03
1.360725127765004800e+04
1.374271369294762735e+03
2.456747972829020728e+04
2.296710320106310974e+04
1.145226796565200857e+04
1.637525785343487405e+04
5.719463742866862958e+03
1.517297833162536699e+04
6.239508915976091885e+03
1.156933086480165002e+04
2.891944414350273655e+04
1.284485595764635582e+04
3.718900557000880326e+03
5.408473434310121775e+03
1.933101188092747179e+04
1.585281592224848282e+04
3.349617351888631674e+04
1.774822790705651641e+04
1.220420491314924584e+04
2.027634642916563098e+04
3.407022264966646617e+03
5.493938990598941018e+03
2.606365200216708399e+04
5.633076564810378841e+03
9.111280190866191333e+03
1.339330641064273732e+04
8.721597976572884363e+03
1.538984996011026124e+04
1.047031571636472472e+04
1.345409742095697766e+04
1.709118555058161655e+04
1.406892297653675996e+04
4.637848112753817986e+02
1.333095654913158432e+04
3.548676455461865407e+04
2.537198496457304827e+03
1.757830586823082922e+04
5.393576539227708054e+03
3.702389543456047977e+04
2.852340736038249088e+04
-1.191882449904641362e+03
1.698772614574846375e+04
1.415186392655829150e+04
1.125282146794507753e+03
6.056021835548053787e+03
6.994873636026834447e+02
1.099133883712224633e+04
1.122177406378421256e+04
1.145560150757398151e+04
4.060221446072154777e+03
3.437524475455953507e+03
1.319186686540105802e+04
2.272352865803113673e+04
7.268665819681986250e+03
2.654383911323020584e+04
3.421946419589528887e+03
1.563718636750284713e+04
-5.788943423891396378e+01
1.623921541575624542e+04
2.409848059100000683e+04
-1.921267302403374742e+03
2.281634370734291224e+03
-3.569454880201118613e+03
6.764496143271466281e+03
1.462043179377976958e+04
1.280892294546999256e+04
2.653396313195694529e+04
1.095955631005508167e+03
1.166963334595024389e+04
1.046270461811358109e+04
1.886543296311031736e+04
5.354341883058478743e+03
2.473543488959186107e+03
2.214237831966193698e+04
6.955894960838721090e+03
-1.914686948710694594e+02
7.098615333989821920e+03
4.468174970889225733e+03
4.130557323879698743e+03
2.922918305324651010e+04
1.049301627549285695e+04
4.832394731330654395e+03
6.777439991719050340e+03
2.414342665811479310e+04
3.574889189545590489e+04
1.972454550006083809e+04
5.710206648809503349e+03
2.398674599162894447e+04
6.164422416532556781e+03
4.024277620163004758e+04
4.377782961293964036e+03
1.895453378773627628e+04
1.910193114171367415e+04
1.415618027351607816e+04
7.185700265921850587e+03
7.905902949967257882e+02
2.292157516751404182e+04
1.329541830528743230e+04
4.759451605606627709e+03
2.928302501029917403e+04
1.743183221477892221e+04
9.186956485029890246e+03
6.857872898922189052e+03
9.153347446989859236e+03
1.163940523426579421e+04
1.974726398983656327e+04
1.604297201299407243e+04
1.551005885234097877e+04
1.587486628128942357e+04
2.135919996468989484e+04
7.205528188065663926e+03
1.547874189785569615e+04
1.406369348932417961e+04
-8.602000237043707784e+02
-6.239684861214755983e+03
3.096100202556115619e+03
-4.270233449450061016e+02
1.279485201810062063e+04
1.704870434396712153e+04
6.049095002555013707e+03
1.362302871591189978e+04
9.895997932802180003e+03
1.604771948166759285e+04
2.983214812499641994e+04
1.932092617218099986e+04
3.189936928847158561e+04
6.386445145183679415e+02
1.341465504445772604e+04
1.597896117170425714e+04
-2.663915196115148774e+03
3.273311559683754967e+04
2.345741303994149348e+03
6.206519745907253309e+03
2.672612508801508375e+04
6.489642741875040883e+03
1.059053335207010787e+04
1.132673471471675657e+04
3.515134596036875791e+03
2.176848439010316724e+04
3.979248333671246201e+03
3.983906691674229478e+03
1.877006734488347138e+04
1.040816193757301335e+04
2.749789004603059584e+04
-2.871001661942246301e+03
1.748151426957901549e+03
3.165386572006429196e+04
5.544430301873123426e+03
1.520985863151877857e+04
1.001655636366689578e+04
6.543468972952249715e+03
5.726004459371536541e+03
9.170661252618347135e+03
1.879597789009955522e+04
4.011317636733890686e+04
1.648690638443936405e+04
1.174250758897604464e+04
5.915394450000449979e+03
2.331894747054141044e+04
6.094524759212592471e+03
1.039096358601560860e+04
1.662195571203189320e+04
1.836449781688094663e+04
2.609810495852965687e+03
1.292431507827176756e+04
1.808973258719826117e+04
3.674962725954687812e+03
1.603126872786244166e+04
1.984259729144399898e+04
1.928912647217223639e+04
1.548884335706398633e+04
3.580834330729903286e+03
7.717050980333113330e+03
3.206485120656433355e+04
4.140846507723789728e+03
3.083632503093182549e+03
1.397198719285276457e+04
2.005564418012225360e+04
1.911648621968883526e+04
8.200463056404099916e+03
8.500228062142865383e+03
1.775787370239913798e+02
1.897702661783017902e+04
2.840969143592715045e+04
4.070007954188901749e+03
8.592616498313243937e+03
1.154913899409483020e+04
-2.193989636617305678e+03
2.104981888237211751e+04
1.302761131129701062e+04
3.182862307461331056e+03
1.371961820152131622e+03
5.367578201457503383e+03
3.908867714964976039e+04
4.114461551060991042e+03
2.493986219922209784e+04
1.985668050653655200e+03
2.003273862863810427e+04
-6.552915194408396928e+02
7.519350592865035651e+03
-1.071451409589951254e+03
9.338011826724703496e+03
1.468152248608686932e+04
1.072029442805820054e+03
1.651524834380350876e+04
7.225302993522434008e+03
2.452537927114908598e+04
1.448439056270802394e+04
5.465951148189480591e+03
4.046505266317403766e+03
5.952459731735089008e+03
5.047108530391842578e+03
8.490088124455649449e+03
1.951128717654698266e+04
1.981347304066797369e+04
1.876895799502941372e+04
1.292965588826559724e+04
1.992569842848293774e+04
3.122145800415000849e+04
1.152929902047375253e+04
1.001336943392847752e+04
6.876754344860146375e+03
2.791347016957465530e+04
4.738968326871402496e+03
1.751612664375829263e+04
1.493878385897043700e+04
2.153012272984595711e+03
4.104781096487836294e+02
1.254381194309183411e+04
-2.358610468160404707e+03
3.373709827059548388e+03
2.918377558638898336e+03
3.678381402455356147e+04
2.301769116595287051e+04
1.102496560785137262e+04
1.967749306843585509e+04
1.164731331292851610e+04
7.306833051239629640e+03
1.392744994387311817e+04
2.046226706235382881e+04
1.276908058762705878e+03
1.911889921923537258e+04
9.237951120233126858e+03
8.601848865198058775e+03
3.099266552305647929e+04
5.339351821519362602e+03
3.073222601271812528e+04
4.003361217645117904e+03
1.032602525451391193e+04
1.551217906415924699e+04
5.743517805940313337e+03
1.301942492728448087e+04
1.203767854964483558e+04
5.553913993702059997e+03
2.119718459282518961e+04
3.721457615369409382e+02
2.258622888396594590e+03
6.079171940875699875e+03
2.831511393656191103e+03
1.581634003790673160e+04
1.116065442281765172e+04
9.960634996457745729e+03
1.257575521491545442e+04
1.072612995076363586e+04
1.252124558187862021e+04
7.302473584369421587e+03
1.259493959996021295e+04
2.194022153356103081e+04
1.131402365281045786e+04
5.432005605213616946e+02
1.206548187480181150e+04
3.059826680268138443e+04
8.997719989561388502e+03
3.401603012957524334e+04
1.998985801970648481e+03
3.173615214702599042e+04
1.928712453076478823e+03
4.825209552195125070e+03
4.906813437702455758e+02
2.250480587855323029e+04
1.414160598739660600e+03
2.692620556619636773e+03
1.034637750902166590e+04
7.481382390616653538e+03
1.685761527752505572e+03
5.616747574629142036e+03
2.488147047482688868e+04
8.081455495182452069e+03
2.228166699427808271e+04
2.507041032704774989e+04
4.515213884535782199e+03
2.851602640819601220e+04
2.707210323617316681e+04
2.721382635504750851e+03
4.127421396847365031e+03
9.756934976945575499e+02
3.243870443422892276e+04
3.769968792892828060e+04
-4.473792112843403629e+03
5.788823318517633197e+03
2.038385405293214353e+04
1.269063446358809642e+03
8.834018259321852383e+03
3.075452532328565212e+03
9.158565843603220856e+03
1.024473698589055311e+04
4.675070243077389023e+03
2.062711029383764253e+04
1.517168326866475945e+04
1.817769760724628213e+03
2.457960203039883709e+03
-6.442351361561399017e+02
1.091361012846441736e+04
1.111278522501446787e+03
2.169998224856566230e+04
2.554049917994306816e+04
1.016954861941353192e+04
1.308502476175652555e+04
5.588702255659734874e+03
6.557908433166885516e+03
1.067101074646441702e+04
1.666769994746910015e+04
7.814136800951941950e+02
2.767096431760272026e+04
4.327452120349599909e+02
1.084438844636321664e+04
2.926900349841482603e+04
-1.195112420959548899e+03
-7.947684976257769449e+02
8.761695109176249389e+03
8.557321883157312186e+03
1.550911417446512860e+04
4.764237945982471501e+03
2.456703580508583036e+04
6.494073480150502292e+03
1.427953554480099774e+04
9.558240625816979446e+03
1.785152407721084819e+04
1.663605106000442538e+04
2.060108871666150662e+04
1.760155662631667383e+03
1.616222415715478064e+03
1.585897257815197554e+04
1.481594047691481364e+03
1.347722958376314273e+04
9.469109415582903239e+03
1.139706684749650958e+04
1.019903312656221897e+04
9.449069936953217621e+03
1.405752115365072859e+04
8.491006360058672726e+03
1.412218595359144456e+04
2.235264941206270305e+04
4.582812871790443751e+03
6.616030750878096114e+03
8.544385530351753459e+02
-1.657275604330149918e+03
3.848745611246987210e+03
1.320645909958468474e+04
1.404538982334949469e+04
5.199486056685625044e+03
1.266722947371764712e+04
5.277421644535625092e+03
2.489305882962235773e+04
2.957446114442920953e+04
5.060772476839665615e+02
1.024272003956526532e+04
1.385319089955058917e+04
3.968413706894848929e+03
1.094549819387709795e+04
1.173427687562825849e+04
2.125539513812637961e+04
2.008302298329810947e+04
4.662845134097628033e+03
5.892051221800807252e+04
1.342234176503913841e+04
1.223901621638698998e+04
1.951851186033005433e+03
7.238907430374833893e+03
1.359931245662737456e+04
1.078218856246795804e+04
2.885316990809404160e+03
1.089288733997664349e+04
5.040393163852211728e+03
1.825977538827506942e+04
2.872153151842999432e+04
1.816669247276364331e+03
8.367983781080549306e+03
1.230298710063554063e+04
6.278349617001405932e+03
2.572523569966294417e+03
2.983331917846325086e+04
1.674391666415904183e+04
1.782139845948654056e+03
8.726727158905094257e+03
3.911121725191296719e+04
3.086659163741660814e+04
8.749676720518769798e+03
4.101695458618744851e+03
1.343536535847685172e+03
2.102952052597193688e+04
5.376326647291229165e+03
4.182545549206247961e+04
-2.018281795581094229e+03
8.989609919685490240e+03
7.690885348497036830e+03
1.671783835693537549e+04
7.270135726156636338e+02
2.633494228776173622e+04
1.075637462795594365e+04
7.726426733759353738e+03
1.400962178806787506e+03
2.472428252551465266e+04
9.491020214345751810e+03
1.542689570726768034e+04
1.724610282711063064e+03
1.903344416823267602e+04
6.053750927705102185e+03
5.333853844908510837e+03
-2.177640843035294438e+03
8.807373708407490994e+03
1.225736091930787188e+04
5.277653037735689395e+03
1.260560134404674682e+04
2.358811728075617793e+04
1.391967724426745917e+04
1.132330833480620458e+04
6.943207606234112973e+03
1.051710232718477528e+03
1.372979993203275080e+04
3.018647196518865712e+03
2.139426191142272728e+03
5.254233849550577361e+03
1.160501398602017071e+04
2.245101121899542341e+04
8.262264551787033270e+03
2.624714002384609921e+04
2.979423367116204827e+04
9.177412561301418464e+03
8.718516267337170575e+03
3.119127910745702593e+03
5.363238221127322322e+04
1.103071604987874707e+04
1.071818356239280092e+03
2.394538017121712255e+04
5.739208853950478442e+03
5.767175849544632911e+03
5.782299152031955600e+03
1.605635335088939610e+04
1.918974874752807227e+04
6.060772619967267929e+03
8.125624083573999087e+03
9.839595317576575326e+03
1.873093788495741592e+03
1.712682947153137138e+04
1.258100526424524105e+04
1.500073490424744523e+04
2.945829740375360416e+04
1.116439977546173941e+04
1.396532407071576381e+04
1.074285927127247123e+04
1.263685712888292983e+04
-4.950154873678912736e+03
-3.108577190352786147e+03
1.317239148762741752e+04
-7.338868820534278257e+02
5.922756354381031088e+02
1.316412197466414727e+04
2.678658966819622583e+04
1.373879692837592120e+04
2.589444803428462819e+03
1.704573498700925120e+04
1.847991915474937196e+04
1.146797232438696665e+04
1.035637713080374306e+04
3.284800995645094372e+04
2.666942781657846353e+03
2.361712849148187161e+04
-4.006760074637784783e+03
-3.515052536013497956e+03
1.233968412091842401e+04
1.987518847063362773e+04
1.060112140342415387e+03
1.551816412630118975e+04
1.238130330418658741e+04
1.250806555923666565e+03
4.147770095493999543e+04
3.432306319159801660e+03
1.118976055347437068e+04
4.779000037709321623e+04
4.084897328858305627e+02
1.508644413954261290e+04
-3.405104187135978918e+03
1.607055373149468869e+04
4.886757882493201032e+04
1.131827943693395355e+04
1.842943183777390004e+04
1.242677521185952355e+04
8.323919232312638997e+03
-1.086109424558162573e+02
8.553225654137075253e+03
1.562532967481892047e+04
2.177760442035412416e+04
1.015033043710345737e+04
5.538863903862016741e+03
2.129431174310243023e+03
1.710457911710829876e+03
-2.913967528188261895e+03
-1.038842563960992265e+03
5.815981781954520557e+03
1.987386734629578314e+03
1.030500641212008122e+04
2.300704555145458289e+04
1.828669041980684415e+04
1.192048173787238557e+04
1.674987591681714184e+04
1.201299684515397348e+04
1.266811297189892139e+04
3.778425061218174960e+03
1.229013293735859406e+04
2.298761630624285317e+04
2.917928338079092646e+04
1.971984305032157135e+04
1.773635634401357675e+04
3.681622755042751578e+03
7.256840081746902797e+03
8.038570216975200310e+03
1.622265092125227966e+04
1.235514033675162500e+04
1.143618134655111135e+04
6.139511487200476040e+03
1.133868748432434950e+04
4.512062722363234570e+03
1.295337440636879728e+04
1.002525234233962692e+04
1.660865545210268101e+04
6.540173171385296882e+03
1.356568144809516298e+03
1.356678619484567389e+04
3.756322935471776873e+03
1.555407749465085180e+04
-1.702686482531634056e+02
1.727414295860629500e+04
3.779760004546525124e+03
1.008499455485018734e+04
3.222548204533002263e+02
6.311161043403813892e+03
1.258171421431642102e+03
1.746196708241170563e+04
3.743704688038879794e+03
8.033457218057885257e+03
5.335969228636573462e+03
8.210128674194624182e+03
2.353750653783374946e+04
6.276529566615188742e+03
5.018506670709599348e+03
4.456960202611853674e+03
1.011294552006718550e+04
1.776231377857583720e+04
1.772897433522493520e+04
5.186427137323184979e+03
6.638705231165608893e+03
1.191735616298349851e+04
1.278659132311859139e+04
-2.145388735759006067e+03
7.156749103836182258e+03
9.567761944922087423e+03
9.793614647063644952e+03
1.209634431042834149e+04
3.854132641191396033e+03
3.575583728292027808e+04
3.198184232245482417e+04
1.020913671720365710e+04
1.185586115534702367e+04
2.323684644045752793e+04
8.315387798176769138e+03
8.897313643034190136e+02
2.984822970099063969e+04
2.667875593827610282e+04
7.725556337203704061e+03
4.005407294013287174e+04
8.350011006720687874e+03
5.598454004374671058e+03
1.210358781911811093e+04
-1.775895616580605747e+02
-5.043326611441565547e+03
1.120292057481838128e+04
1.027150203333954414e+04
-1.240644552318236265e+03
2.096643587144403682e+03
3.938235799314412361e+03
1.670887728909729049e+04
5.330914825746312999e+03
2.823083057325641130e+04
6.837895635115199184e+03
4.835789295535708334e+03
8.725442627670614456e+03
1.419331686593065933e+04
1.136307073458311606e+04
3.214984395135607701e+04
7.876279200060935182e+03
1.287430238404270858e+04
4.760562657311498697e+03
2.753889352508316733e+04
2.587655210442350290e+04
1.935478318500168098e+04
1.820677525511331623e+03
5.049202331582775514e+03
6.200937609696888103e+03
4.362728868454617441e+03
6.707592215298845986e+03
1.868039312733608313e+04
9.287240565203221195e+03
1.526702023100311271e+04
4.925861330976023055e+03
3.027641621923042112e+04
1.117336384229892610e+04
1.336081475774933642e+04
1.189646796593702129e+04
1.966299068012543557e+03
1.211832675411079254e+04
2.222496271834784807e+02
1.865963667487506973e+04
2.606418638133541208e+03
2.714684062581764738e+04
-1.037167199727103252e+03
3.710272521031403448e+04
1.620241574574004699e+04
1.009489226673038502e+04
2.215985635147305948e+04
2.884009878057639980e+03
1.513780886182721224e+04
5.747764475923811915e+03
1.932786980837838200e+04
1.723815534474927335e+04
1.179382377257804183e+04
2.168033249783272549e+04
1.286593308629293460e+04
4.405524852377243405e+03
1.582527174124729027e+04
1.193551365965605510e+04
1.732034494187233940e+04
6.457822207370487376e+03
2.725339296155457123e+04
8.338324659581150627e+03
1.728109649632779110e+02
-4.847746862182587392e+03
1.160993717564106373e+04
8.374238395237360237e+03
1.437498173852024956e+04
9.572462938893482715e+03
5.997028213329169375e+03
1.283498993648446776e+04
2.931953547149589667e+02
3.039980645498215017e+04
9.122509345408683657e+03
-1.365763167656688665e+03
1.914260791409020749e+04
1.704043008024064329e+04
1.780928556915132867e+04
2.314732645098915236e+04
1.654868766878589668e+04
1.319774769482384727e+03
1.112307726119116342e+04
2.016998197733220513e+04
-1.104999085100236471e+03
4.969702707753491268e+03
2.043343612593723083e+04
2.699850999926626537e+04
1.987552835365859937e+04
8.935514700312676723e+03
1.420591219135492247e+04
1.645033533540811914e+04
4.144877036667518951e+03
1.142912706262364736e+04
1.017871292692753741e+04
5.940792471061893593e+03
5.064561740181563891e+02
1.497075715958034561e+04
4.560558655025386543e+03
2.636323740890036424e+04
8.836974166341491582e+03
1.034735881999449157e+04
-7.667596811630517095e+02
7.146626259127540834e+03
5.603633004761482880e+03
2.827561260154058982e+04
5.713628288050135779e+03
5.948242189776260057e+04
1.962927840697894862e+04
7.678660607904401331e+03
3.684940925088265431e+03
2.755641317000578056e+03
6.654256385605947798e+03
1.575931497766533539e+03
1.613891841891285003e+04
1.406285974081474524e+04
1.685539572511442748e+04
7.133930472832200394e+03
5.250221180030122923e+03
2.251545700358619433e+04
1.132967985939280311e+02
1.707774035327785168e+04
1.745071739694702956e+03
1.407560914136271094e+04
7.891556914214513654e+02
1.218350904245025595e+04
1.157022375545563409e+04
1.602723736872172231e+04
1.396773090441563545e+04
1.750192760701750785e+03
-7.747296887354877981e+00
2.204067395472623321e+04
8.160493296020275011e+03
3.319021709774505871e+04
2.171870679664936688e+03
1.289598150215870010e+04
1.592179955411069750e+04
1.575466987876429812e+04
8.604158374575112248e+03
3.072221469260084268e+04
2.627449681457337192e+03
1.786493505996867316e+04
2.563407153522870794e+04
1.128269033305306220e+04
7.753308003363865737e+02
2.095101667927384915e+04
1.510473498025219669e+04
2.287155341292563389e+04
1.723137840184705419e+04
1.916584788683331135e+04
1.327569849804940532e+04
2.040727773094841905e+04
2.260374816720207309e+04
2.386902472870860947e+04
2.160656547677780964e+03
1.545298411521347771e+04
1.027954806862948681e+04
2.167152162593157300e+03
2.569445730995566191e+04
7.248060467179398074e+03
7.745934212065472821e+03
1.651050906783386381e+04
1.573202684364411652e+04
1.691703337444320641e+04
4.894768641102773472e+03
5.559063955606730815e+03
8.112332488420093796e+03
1.429597786299013387e+04
1.637147633296827189e+04
7.960694263136960217e+03
1.445543911562328049e+03
1.920470934240985662e+04
2.118438002910221621e+04
6.344406438320124835e+03
1.409345104174173321e+04
1.800953211179100981e+04
4.079442240580121870e+04
2.215310567494491806e+03
6.466758524867865162e+03
1.395478213845816390e+04
4.863458256840059767e+04
8.124297176909383779e+03
6.263016279864105854e+03
5.129625950144877606e+03
5.327113585659331875e+03
7.792312035642570663e+03
1.881376065876659413e+04
6.742142766516961274e+03
1.764266336916771979e+04
1.577013920985761069e+04
2.358673312966131925e+04
8.573167942321699229e+03
7.208811717542723272e+03
1.062428305780500705e+04
1.482428706869412281e+03
6.143552053500043257e+03
-1.682264436125150269e+02
1.084996773369000221e+04
8.152814247931599311e+03
2.253548042473429086e+04
1.151113914158719490e+04
2.451538224143907064e+04
1.538963129926222064e+04
1.350166496185530923e+04
1.736735063395325051e+04
2.695925535549377310e+04
5.759120139933614155e+03
2.309040629014464503e+04
9.399912834609509446e+03
2.749011247942207319e+03
1.862487132113978078e+03
3.945550916601001063e+03
1.276470547819350213e+04
9.288796756217087022e+03
4.400972144581967586e+04
1.375403274962875230e+03
9.748091086397638719e+03
3.738847835591283911e+03
2.653688235477499347e+03
1.443095718903826310e+04
3.678594146019803247e+03
7.176450287085177479e+03
2.762453372953311919e+04
9.611534221879956021e+03
1.831680008525739686e+04
3.192677222886311483e+03
4.493456349607211450e+03
2.324756846196532570e+04
9.519421211180449973e+03
1.021798978259158321e+04
1.396958082995664881e+04
1.158466538498243244e+04
1.877860424979096933e+04
3.156564610282498688e+04
2.516974803458987662e+04
6.770238801796380358e+03
4.478208125677011594e+03
8.649390517246407398e+03
2.958743447550137716e+04
1.349324145941130155e+04
1.692725575798178033e+04
1.312365887959056818e+04
8.279928046350494697e+03
6.599101795297592616e+03
6.009671226362151174e+03
2.693987862996239346e+04
2.259211472052497265e+04
2.086117925216496587e+03
2.914978095082899017e+04
1.273879701328215924e+04
-1.655655290519055370e+03
3.721981292503725399e+03
3.031657018254363356e+04
9.386285895004599297e+03
5.277986472818543916e+03
9.972954074543002207e+03
1.235647992663372861e+03
1.652529862272363971e+04
2.306252323387275101e+04
4.052412908596237685e+04
1.959142505896264993e+04
-3.742117486061937143e+03
5.400351989797275564e+03
-1.209952483138622256e+03
2.768947467813841286e+03
6.234084830331582452e+03
1.681600318829793468e+04
4.518869428177303234e+03
3.672526743373394129e+04
3.819694180190141196e+03
1.146192698373201665e+03
1.950429315361609770e+04
1.004455988403294668e+03
5.361594057772556880e+03
1.043992857519741665e+04
1.238444049567933689e+04
1.481455952718290064e+04
3.778657118726978661e+04
4.794350175223355473e+04
5.114532954609976514e+03
-2.295902999387928503e+03
1.556810603378900123e+04
1.169406109488000584e+04
-4.828172123432335638e+02
2.551115945245408511e+04
8.434543887248692045e+03
5.152673605928684083e+03
3.843502835711773514e+03
2.843605160175611672e+04
1.733407720900952700e+04
3.876775110849842349e+03
1.066800069012773747e+03
2.819616579896016992e+04
1.189941089941478094e+04
4.849831171142047424e+03
1.743779327798528539e+04
2.348127656687761919e+04
1.178381741884820985e+04
2.160149559060559477e+04
5.751676444576753966e+03
8.993642128699040768e+03
1.203295955317309563e+04
2.462141375279010390e+04
3.134418947043447770e+04
6.318324098194695580e+03
2.853694632642927445e+03
8.448450948695066472e+03
2.786147182479566709e+03
4.412706761242443463e+03
1.308628417452487156e+02
8.854826182568445802e+03
9.232556145885811929e+03
1.556851642905098379e+04
1.046776171424021231e+04
3.824717305178520473e+04
3.253610941832506796e+04
1.735177531477917728e+04
3.277103387028082216e+04
1.007957919992281859e+04
1.710327258602365328e+04
2.710657590579543103e+04
5.955374822782895535e+03
2.101356501849133201e+04
4.429638693198673718e+04
-1.267675495254097314e+03
9.364465115499668173e+03
1.131702240304204497e+04
3.030661285239915742e+04
1.681565907898950536e+04
1.587058215261322403e+04
2.371375369590153423e+04
-1.127194556454719987e+03
4.463964586875455097e+03
5.221876445040440558e+03
2.153709730845910599e+03
1.422288129260748792e+04
7.487842257424893432e+03
1.603431053804819749e+04
1.451824124451505850e+04
3.514212730593258584e+03
3.484349172296877805e+04
7.911798312974638975e+03
5.494133502123027938e+03
4.073304869061319914e+04
5.910157384818352512e+03
1.662470262513764101e+04
5.458982919977706842e+03
4.545663178675609743e+03
2.469456937198353990e+04
9.320797076393333555e+03
1.359635562301487153e+04
6.562786024206672664e+03
8.332603984292147288e+03
1.425311465668315213e+04
3.976981989068816347e+03
2.232750129553276929e+04
1.588550446883547920e+04
5.356544568394978705e+04
5.976488537910405512e+02
2.116787374009918494e+02
5.467614328059333275e+03
1.264905294263218093e+04
1.443026565702783773e+04
-2.854604955212804725e+03
1.969376683736857740e+04
5.097083666318985706e+03
3.661015203323812329e+03
2.688926547001237122e+04
2.759622642904821532e+03
1.545554720101622934e+03
3.161163961029126312e+03
3.331467616827166239e+03
1.215064268164212808e+04
1.909354282142420561e+04
1.537738955481417725e+04
7.204684142325351786e+03
2.738842417956826830e+04
4.623318154666521878e+03
1.327604107091052720e+04
7.522066708461762573e+03
6.468526597018819302e+03
7.078648077668421138e+03
7.023451091038901723e+03
7.232670595467858220e+03
2.460557438070172338e+03
7.779591476282643271e+03
2.263633311359956861e+04
1.627046827225008929e+04
-3.509925167193130164e+03
1.399166968748235558e+04
5.224663939238917010e+02
4.811225633601314371e+02
3.257903153231952092e+04
2.407017081128291920e+03
1.103325493840671334e+04
2.171516375524064642e+03
1.440998483115754607e+04
1.825910696804821418e+04
8.579655600141231844e+03
4.468933114846924582e+03
6.097376793211641598e+03
2.905399286729014420e+03
1.834877496439169045e+04
2.546867022167114555e+04
4.327231375604511413e+04
6.411744558822459112e+03
4.539346694774751086e+03
1.351723421391735201e+03
5.151312056085406766e+03
2.765747983471286716e+04
1.804844690189067478e+04
1.451195290934325749e+04
1.063627875189809674e+04
1.356436212498768691e+04
4.755002738271507042e+03
2.012369378264248735e+04
3.211138006019039494e+03
6.887602916142462163e+03
8.388787494512129342e+03
1.909825091823858747e+04
1.957543994296946948e+03
-1.006788988521133433e+03
1.396280011282580199e+04
1.005165119020335624e+04
3.714395630356021138e+04
1.257257633435954813e+04
7.630078851653130187e+03
1.404912570351129034e+03
2.547199452127812037e+04
2.771197852903888997e+04
3.372453295392379005e+02
5.794888610138037620e+03
9.232175944561877259e+03
4.102303268102880247e+04
-9.066616704743682931e+01
2.994037233560373716e+04
-2.135474288606085338e+02
1.334543731944709725e+04
-3.288568954708107412e+02
-6.144748155873928226e+03
1.142104712457981350e+03
-1.301548727498807693e+03
7.122057035695657760e+03
5.145129702446052761e+03
2.870127663372301413e+03
2.523751850476990512e+04
3.897880539813741052e+04
2.976922341951972703e+04
1.967805516897279085e+04
2.385356614114150580e+04
-2.453414517173184777e+03
-2.796560123435846435e+03
1.372763009517625505e+04
1.417928019084726111e+04
1.144557029001004594e+04
-3.292865282641296290e+02
1.243686812758435008e+04
1.532984309715888230e+04
-7.018781198016222334e+01
9.222732409700400240e+03
4.223347861619216928e+03
2.976959254288590273e+03
2.654342130976654062e+03
1.822404792129798807e+04
3.310447527400755007e+03
2.478064571099869863e+04
2.233832553086991538e+03
1.730561087724973186e+04
3.291921092289545413e+03
1.540226061227733226e+04
7.895247069429936346e+03
1.404814564708952093e+04
2.590545990135627653e+04
2.586345781028371221e+03
1.117574030995836802e+04
7.112863622582041717e+04
7.341298466383184859e+03
6.249012090986219846e+03
2.880609397312727197e+03
9.536196189584465174e+03
1.315152392786807286e+04
5.029574756819823961e+03
9.285693401994220039e+03
2.220845795509648087e+04
1.536117910376038344e+04
8.752943862333280777e+03
1.113256003789858732e+04
1.563832029253519249e+04
7.825931663137816940e+02
1.859985860097352997e+04
4.484197276075934496e+03
8.990018286045185960e+03
5.705515762450220791e+03
1.046504226937126987e+04
2.760993064858872458e+04
3.538432121449995611e+04
2.831254954159376211e+04
5.119905798097525803e+03
1.201720567008042053e+03
2.897250918842013198e+04
1.169004118822908276e+04
7.681993799578942344e+03
2.192666001579333624e+03
1.803053095187388317e+04
6.084666943291122152e+03
7.628677603939495748e+04
2.493465727310114016e+04
-1.919641685823405624e+03
1.293310402079117557e+04
9.734014956002129111e+03
1.743944167224995908e+04
6.342558335166206689e+02
2.816001479884385117e+04
8.418337141442362963e+02
1.645680347454323055e+04
1.579567975729380123e+04
4.337502134286592991e+03
1.295583235558170600e+04
5.432442682495042391e+03
8.493330536655132164e+03
2.019926555835914405e+04
2.474806778675062014e+04
1.413424174695237525e+04
1.276837752041991189e+04
5.447218142766809251e+03
2.190399637618705583e+03
3.453925629366144676e+03
5.230297921583469360e+03
6.233372395605236306e+03
-7.247357346298781522e+02
2.073295076157058065e+04
8.188891856259213455e+03
2.209546201693211333e+04
2.710013233032466087e+04
2.302126492000110375e+04
2.564078650852433930e+04
3.264036245911556762e+04
1.096965427556782515e+03
1.350318083909687812e+04
6.395595144082925572e+02
2.732912032833164267e+04
2.548442638115014415e+04
6.136142437809923649e+03
2.946100945097553449e+03
6.723682295886872453e+03
3.074753270434800288e+04
1.090178939847803122e+04
1.150881624057595582e+04
1.851705567951789271e+04
3.951731604829162825e+04
2.026775030407181930e+03
9.843317209518795607e+02
2.071345418639937998e+04
1.487934939892622606e+04
1.294409057447982559e+04
1.457483569360800357e+04
2.194490048387262505e+04
4.236840672189773613e+02
-1.976186676217340050e+02
3.087447894886769063e+04
1.001491352950298460e+04
1.263448955490965318e+03
2.159750708837994171e+04
2.284217463127433803e+04
-3.291930751788248699e+02
3.868373814209153352e+02
1.657028198360309398e+04
5.948680305192625383e+03
2.400159092542865437e+03
1.518686447901079009e+04
9.750337868412112584e+03
1.200930941586861081e+04
1.677414103832080946e+04
-3.340704753231066206e+02
4.188552773351433643e+03
1.349343191027900866e+04
1.468279213648644509e+04
1.014219197464595345e+04
9.703634367782015033e+03
7.222741667734435396e+03
2.326219114281114526e+04
9.938327644617826081e+03
2.310773650543958865e+04
-3.347471909025521200e+02
1.158399055197900452e+04
1.006620447855906968e+04
1.019652420051451554e+04
6.445003377375842319e+03
1.282699015644965220e+04
4.063868155882764768e+03
9.041213212017100886e+03
4.266071808723772847e+03
3.823213053710765962e+03
1.176364678609007387e+04
-1.816778456878310863e+03
-1.967318851226978950e+03
1.505272523918967454e+04
2.754801001673394785e+04
8.269149837167344231e+03
3.665420999749635484e+03
1.124662442813512826e+04
6.295018968584241520e+03
1.815519869703018048e+04
6.752543073736736915e+03
1.103624344738379932e+02
1.923914219788708942e+04
4.056591440270163730e+03
1.568398233670050467e+04
2.952131440892548926e+04
1.315985980491178452e+03
1.372205450013633890e+04
-1.693517915271876518e+03
2.939396896074418328e+04
4.220410759685512312e+04
1.304872317025838311e+04
2.227895534584880807e+04
1.141322230968480289e+04
2.538889979707892053e+04
7.271334828431385176e+03
2.399878378127426186e+04
1.563690273992869334e+04
1.997609351534070811e+04
3.794782053490472208e+03
2.358860194562752440e+03
1.930485378971065074e+04
1.598247573425926385e+04
3.829956759493608843e+03
1.030400092032681641e+04
7.290730699112724324e+03
5.059537364046589573e+03
1.134172216877104620e+04
9.587119085119998090e+02
2.544507402183578233e+04
5.085688230582841243e+03
9.253658138248491014e+03
2.399604691884603380e+04
1.026620740708479389e+04
2.549527041598885990e+04
1.737886363606236773e+04
3.576623638792632846e+03
1.434843702576760916e+04
2.868632508092004173e+03
5.487907014037627050e+03
8.504634787270482775e+03
3.001451175458666057e+03
9.402604866229172330e+03
1.325884752243198818e+03
2.924565490603315266e+04
1.123712469173392856e+04
6.989613105553497007e+03
2.000081834600440925e+04
2.579517164062409574e+04
8.560307661678194563e+03
5.908431653783413822e+03
9.163913375292129786e+03
3.890033324247548080e+03
1.086891014822398211e+04
9.616400099494419919e+03
4.226526065445140375e+03
4.506158766520637437e+04
9.053714670442252100e+03
2.913168994355503855e+03
1.223658038073279613e+03
1.444797892947170112e+04
1.460437273266823013e+03
2.141095614444579405e+04
4.587623528941306176e+03
1.504767191506804738e+04
1.030674118408509639e+04
1.534149092229565940e+04
1.612741094048643845e+03
7.676982953446655301e+03
1.764935575701025300e+04
9.116828837897570338e+03
9.481330065682115674e+03
3.949718667598470347e+04
1.630083589404407576e+04
2.815162968669125803e+03
1.184789755125405645e+04
2.052469746198049688e+04
8.144527086390437034e+03
1.590838363924919395e+04
1.337001382877992910e+04
6.508883922165104195e+03
1.212060019691306297e+04
9.644394322871368786e+03
9.283582506151962662e+03
1.814448871661237945e+03
2.659324620854809837e+03
2.730622034378391982e+04
1.774393626932044936e+04
1.104904506159738776e+04
1.036799602758834953e+04
1.649844601885995507e+04
1.243516272153204909e+03
2.100878327973921478e+04
7.335993651546972615e+03
2.390070025514486770e+04
2.444665505584948278e+03
3.485165673256162700e+04
5.724625995787171178e+02
2.402857181347203368e+04
2.605595841055196797e+04
-1.878058576045066275e+03
8.021541484883057365e+02
1.836455236289574896e+04
9.105253033734723431e+03
8.737687347259585295e+03
1.371879743826636332e+04
1.488358102550958574e+04
2.020960326846861790e+04
1.764169124085324802e+04
6.156457877552952596e+02
2.503673247700611682e+03
8.263657075382416224e+03
6.208483018832888774e+03
1.701926751989099330e+03
1.069078031102515160e+04
2.107626548657305102e+04
1.182643842792393480e+04
1.795585837308959071e+03
1.990697512456428376e+04
6.472819550522850477e+03
-2.044565473695290166e+03
2.392772909809283738e+04
5.903416723580859980e+03
8.907387646598137508e+03
1.684433049699522235e+04
5.866444306012130255e+03
1.538195504168646039e+04
6.636220738042117773e+03
1.137297442899648013e+04
7.198351737163180587e+03
1.074653427375803767e+04
1.136577395593493020e+04
1.766259983684454710e+04
1.461952787420901950e+04
9.629749478721083506e+03
2.667286035207555688e+04
8.571576627659309452e+03
1.594576997550000851e+04
2.291332550454049124e+04
9.658518347484789047e+03
3.096949764190713267e+03
2.321134787650448197e+04
1.293806408170884242e+04
7.487675866766494437e+03
1.010760475245398538e+03
2.588320242985620280e+04
1.030988624357887238e+04
8.831368397233922224e+03
9.193214064979470095e+02
8.108206848872903720e+03
4.413387235193515153e+03
4.225917360001613474e+02
9.127514143409800909e+02
-4.303545758014254261e+02
1.890497020985273048e+04
1.773984840729920688e+04
1.738782866707248832e+04
7.859578670533640434e+03
1.648224507084865400e+04
3.017331702086384666e+03
2.506576649321393779e+04
1.940410301036101009e+04
1.721081964158769551e+04
1.562780325345482197e+04
7.698246541022587735e+03
5.904783810982595242e+03
2.031183269999240656e+04
1.694907308086973353e+04
7.589076522121788003e+03
2.213679429896652800e+04
-1.834142623042182095e+03
1.725115490084863995e+04
6.164332066336415664e+03
6.193730952027133753e+03
2.465920521217222267e+04
1.336440740470633864e+04
7.937863691838957493e+03
1.190868870676083316e+04
2.621665514683824313e+03
1.325522804049526712e+04
1.224781699037380895e+04
2.932113840652152794e+04
6.606322177464338893e+03
5.873924253464317189e+03
2.403970722535869209e+04
8.646533644638582246e+02
1.351734558071910214e+04
8.738618011984901386e+03
3.772931585323807212e+03
1.046500938410032177e+04
2.197744525562021590e+04
3.896386010521043772e+03
2.080835961218796001e+04
1.698721394821766808e+04
8.263153058595215043e+03
3.685476783634204367e+03
9.492234850687000289e+03
1.975403490876130672e+04
2.044313341337533711e+04
