4.279364714941066341e+05
5.054274550768173649e+05
6.234884439699139912e+05
5.513124283159017796e+05
6.908336983171511674e+05
6.431800630595969269e+05
5.787472063389924588e+05
6.013694249970937381e+05
5.581574773578514578e+05
5.920113984426340321e+05
5.707024414392450126e+05
6.136514545329002431e+05
6.214167350972313434e+05
5.642524065748266876e+05
5.698294775112827774e+05
6.053247239228212275e+05
6.553367383414631477e+05
6.425439326753200730e+05
6.456730165407733293e+05
6.468911390977657866e+05
7.198070467857175972e+05
5.129647137342429487e+05
6.284679834223587532e+05
6.246530071362201124e+05
7.099869879092492629e+05
5.180149977992717177e+05
6.564056480186004192e+05
6.074187236798029626e+05
5.601725278313443996e+05
5.949937234270744957e+05
