1.154021289062500000e+04
1.678466210937500000e+04
1.625267578125000000e+04
1.693195703125000000e+04
2.277415820312500000e+04
2.883422851562500000e+04
2.889510156250000000e+04
3.071463671875000000e+04
3.183867968750000000e+04
3.017225390625000000e+04
3.946209375000000000e+04
4.245089843750000000e+04
3.743461718750000000e+04
5.233843359375000000e+04
5.283743359375000000e+04
5.330674218750000000e+04
4.478553906250000000e+04
5.573689843750000000e+04
4.737418750000000000e+04
5.754189062500000000e+04
4.648628125000000000e+04
5.401815234375000000e+04
5.585133203125000000e+04
4.544403125000000000e+04
5.919537109375000000e+04
6.186001562500000000e+04
5.834839062500000000e+04
6.012116406250000000e+04
5.435135156250000000e+04
6.419005859375000000e+04
6.283088671875000000e+04
6.187226171875000000e+04
8.366184375000000000e+04
6.790526562500000000e+04
6.938252343750000000e+04
8.229931250000000000e+04
7.397159375000000000e+04
7.417592187500000000e+04
7.184113281250000000e+04
8.470059375000000000e+04
9.018876562500000000e+04
9.790970312500000000e+04
9.234509375000000000e+04
8.082384375000000000e+04
1.059555468750000000e+05
9.868134375000000000e+04
1.000060546875000000e+05
1.046276562500000000e+05
9.685815625000000000e+04
1.146873984375000000e+05
1.163009296875000000e+05
1.198507500000000000e+05
1.058863593750000000e+05
1.202510078125000000e+05
1.343338906250000000e+05
1.273410937500000000e+05
1.279853984375000000e+05
1.371275312500000000e+05
1.363100312500000000e+05
1.379817812500000000e+05
1.192446015625000000e+05
1.313967187500000000e+05
1.353981562500000000e+05
1.503564531250000000e+05
1.455893593750000000e+05
1.497756093750000000e+05
1.387835312500000000e+05
1.605437500000000000e+05
1.366267500000000000e+05
1.403698906250000000e+05
1.399998125000000000e+05
1.319399218750000000e+05
1.553007656250000000e+05
1.660345625000000000e+05
1.475364375000000000e+05
1.649179218750000000e+05
1.594970781250000000e+05
1.647462187500000000e+05
1.428347500000000000e+05
1.203200546875000000e+05
1.419335312500000000e+05
1.737320312500000000e+05
1.704708437500000000e+05
1.821764062500000000e+05
1.754560625000000000e+05
1.618477968750000000e+05
2.110869687500000000e+05
2.346216406250000000e+05
1.440187031250000000e+05
1.688141875000000000e+05
1.919404218750000000e+05
1.780321718750000000e+05
1.717592500000000000e+05
1.968195625000000000e+05
1.914093281250000000e+05
2.077012656250000000e+05
2.074902187500000000e+05
2.234536250000000000e+05
1.864925937500000000e+05
1.886118437500000000e+05
1.805697500000000000e+05
1.796455468750000000e+05
1.668389531250000000e+05
1.891889062500000000e+05
2.193646250000000000e+05
2.039504062500000000e+05
2.028224843750000000e+05
1.979661718750000000e+05
1.661589062500000000e+05
2.018507812500000000e+05
1.478285000000000000e+05
1.790433906250000000e+05
1.628739375000000000e+05
1.168687031250000000e+05
2.084507031250000000e+05
1.239433281250000000e+05
1.796574375000000000e+05
1.530208593750000000e+05
1.611578906250000000e+05
1.493799843750000000e+05
1.333458125000000000e+05
1.716282812500000000e+05
1.225764218750000000e+05
1.379025468750000000e+05
1.482658281250000000e+05
1.979774218750000000e+05
1.596266875000000000e+05
1.731117656250000000e+05
1.093857421875000000e+05
1.294029453125000000e+05
1.104100937500000000e+05
1.436296093750000000e+05
1.066570625000000000e+05
1.048500156250000000e+05
1.264343203125000000e+05
1.134425468750000000e+05
1.609743281250000000e+05
1.072684062500000000e+05
1.638259687500000000e+05
1.335944218750000000e+05
1.719828125000000000e+05
1.178231718750000000e+05
1.066187500000000000e+05
1.156753437500000000e+05
1.155749609375000000e+05
1.028626562500000000e+05
1.090459140625000000e+05
1.228345078125000000e+05
9.765900000000000000e+04
1.298370312500000000e+05
1.171031484375000000e+05
1.117191562500000000e+05
7.545141406250000000e+04
1.217827031250000000e+05
8.479404687500000000e+04
1.156792812500000000e+05
1.234502265625000000e+05
7.495803906250000000e+04
1.072875312500000000e+05
7.496814062500000000e+04
1.070732031250000000e+05
7.348955468750000000e+04
5.236235937500000000e+04
1.505621406250000000e+05
6.878574218750000000e+04
5.891775390625000000e+04
9.249992187500000000e+04
1.477920312500000000e+05
8.460631250000000000e+04
1.292579531250000000e+05
9.986643750000000000e+04
1.332269531250000000e+05
6.407978906250000000e+04
8.332336718750000000e+04
1.070391250000000000e+05
5.529310937500000000e+04
5.980447656250000000e+04
6.439420312500000000e+04
6.040254296875000000e+04
7.834642187500000000e+04
7.567883593750000000e+04
5.129752343750000000e+04
6.570339843750000000e+04
9.101771093750000000e+04
3.696955468750000000e+04
4.584233984375000000e+04
3.686937500000000000e+04
5.906893750000000000e+04
5.607488671875000000e+04
6.870231250000000000e+04
3.843658203125000000e+04
7.713441406250000000e+04
4.749061718750000000e+04
5.273352343750000000e+04
1.479517031250000000e+05
8.782707812500000000e+04
7.063501562500000000e+04
7.869076562500000000e+04
3.922310937500000000e+04
4.926055468750000000e+04
7.050561718750000000e+04
3.953945312500000000e+04
6.414090234375000000e+04
5.939825000000000000e+04
4.504145312500000000e+04
4.183747265625000000e+04
4.667590234375000000e+04
5.537196093750000000e+04
4.958463281250000000e+04
3.192691601562500000e+04
4.302441406250000000e+04
5.578763671875000000e+04
2.755527148437500000e+04
4.293323437500000000e+04
4.108050781250000000e+04
3.146171484375000000e+04
3.268594335937500000e+04
3.548271093750000000e+04
3.814083203125000000e+04
2.923132812500000000e+04
4.869323046875000000e+04
5.969065234375000000e+04
3.517890625000000000e+04
3.169031640625000000e+04
3.179642187500000000e+04
2.998620703125000000e+04
3.874769531250000000e+04
4.367821093750000000e+04
2.623920117187500000e+04
3.605357031250000000e+04
3.737991406250000000e+04
2.556795898437500000e+04
2.461502343750000000e+04
2.646190234375000000e+04
2.248148828125000000e+04
3.004818359375000000e+04
2.396092187500000000e+04
2.701366406250000000e+04
3.078401367187500000e+04
3.196104687500000000e+04
2.199338671875000000e+04
2.669358984375000000e+04
2.263695898437500000e+04
3.128541796875000000e+04
2.724612304687500000e+04
1.704880078125000000e+04
2.357536328125000000e+04
2.493867968750000000e+04
2.668480859375000000e+04
2.848172265625000000e+04
1.709769726562500000e+04
2.833472656250000000e+04
2.274311132812500000e+04
2.026748828125000000e+04
3.142410546875000000e+04
2.314168750000000000e+04
2.343898632812500000e+04
2.395148242187500000e+04
2.100580078125000000e+04
2.750384765625000000e+04
2.318167578125000000e+04
1.998251562500000000e+04
1.796325390625000000e+04
2.340565234375000000e+04
1.788421484375000000e+04
2.495637109375000000e+04
2.423249218750000000e+04
2.396369726562500000e+04
2.230235156250000000e+04
1.615200488281250000e+04
2.095589648437500000e+04
2.702154296875000000e+04
1.987917773437500000e+04
2.022597656250000000e+04
1.828783593750000000e+04
2.301406250000000000e+04
1.891107812500000000e+04
1.820775781250000000e+04
2.152176562500000000e+04
2.065996093750000000e+04
1.536110742187500000e+04
2.214387890625000000e+04
2.429138281250000000e+04
1.575843750000000000e+04
1.871957031250000000e+04
2.102818359375000000e+04
2.300157812500000000e+04
2.250814843750000000e+04
2.554175781250000000e+04
2.026212500000000000e+04
1.807426562500000000e+04
2.076270312500000000e+04
2.251989453125000000e+04
1.765788671875000000e+04
1.988567773437500000e+04
1.949029492187500000e+04
1.406295800781250000e+04
1.134587402343750000e+04
1.506412011718750000e+04
1.611920898437500000e+04
1.483374902343750000e+04
1.718242187500000000e+04
1.490119726562500000e+04
1.516195703125000000e+04
1.641714843750000000e+04
1.716199609375000000e+04
1.627702929687500000e+04
1.773162109375000000e+04
1.737979296875000000e+04
1.717464453125000000e+04
1.556464648437500000e+04
1.981828320312500000e+04
2.228755273437500000e+04
1.635182031250000000e+04
1.943157031250000000e+04
1.543421289062500000e+04
1.803357421875000000e+04
1.349398046875000000e+04
2.195695312500000000e+04
1.793993359375000000e+04
1.756894921875000000e+04
1.593688671875000000e+04
1.185305371093750000e+04
1.755225390625000000e+04
1.760786718750000000e+04
1.853801171875000000e+04
1.645501953125000000e+04
2.016788867187500000e+04
1.795666992187500000e+04
1.353527050781250000e+04
1.892443750000000000e+04
1.683538281250000000e+04
1.321577929687500000e+04
1.614829101562500000e+04
2.107400000000000000e+04
1.843080859375000000e+04
1.232403613281250000e+04
1.766513671875000000e+04
1.647381250000000000e+04
1.943654687500000000e+04
1.454623046875000000e+04
1.216226269531250000e+04
2.330434570312500000e+04
1.675124609375000000e+04
1.496262207031250000e+04
2.687226562500000000e+04
1.660149609375000000e+04
2.170533007812500000e+04
1.905683593750000000e+04
1.649238671875000000e+04
2.131927539062500000e+04
1.787925976562500000e+04
1.444020410156250000e+04
1.624625781250000000e+04
1.651935937500000000e+04
2.086868750000000000e+04
2.158995703125000000e+04
1.887303515625000000e+04
2.327078906250000000e+04
1.687195703125000000e+04
1.957693359375000000e+04
1.263556152343750000e+04
1.610320312500000000e+04
1.852600390625000000e+04
2.272174414062500000e+04
1.525106738281250000e+04
1.920611132812500000e+04
1.599898437500000000e+04
1.466444628906250000e+04
1.514562207031250000e+04
2.706026562500000000e+04
1.498710351562500000e+04
1.221178222656250000e+04
1.220243261718750000e+04
1.972177929687500000e+04
1.737822265625000000e+04
1.643285351562500000e+04
1.325404296875000000e+04
1.677299804687500000e+04
2.510402343750000000e+04
1.235257421875000000e+04
1.695072851562500000e+04
1.445395996093750000e+04
1.725539843750000000e+04
1.487352343750000000e+04
2.042303320312500000e+04
1.050863671875000000e+04
1.312825390625000000e+04
1.489670703125000000e+04
1.767161328125000000e+04
1.260647558593750000e+04
1.421972656250000000e+04
1.814200976562500000e+04
2.000700585937500000e+04
1.869604687500000000e+04
1.962952343750000000e+04
1.424018359375000000e+04
1.834963085937500000e+04
1.899943750000000000e+04
1.242679101562500000e+04
1.664838476562500000e+04
1.652821093750000000e+04
1.556899609375000000e+04
1.484442578125000000e+04
1.279071093750000000e+04
1.222705273437500000e+04
1.108118652343750000e+04
1.681721679687500000e+04
2.201721875000000000e+04
1.693593359375000000e+04
1.914153710937500000e+04
8.302052734375000000e+03
1.733571875000000000e+04
1.768610937500000000e+04
1.023339453125000000e+04
1.784762304687500000e+04
1.623410058593750000e+04
1.434739453125000000e+04
1.350590429687500000e+04
1.786749414062500000e+04
1.409397265625000000e+04
9.933009765625000000e+03
9.017005859375000000e+03
1.642481835937500000e+04
1.160883984375000000e+04
1.358484765625000000e+04
1.041688085937500000e+04
9.928617187500000000e+03
3.108983203125000000e+04
8.606056640625000000e+03
1.497759179687500000e+04
1.684811328125000000e+04
1.970003515625000000e+04
1.387712890625000000e+04
1.359276855468750000e+04
2.134111523437500000e+04
2.080235937500000000e+04
1.705590820312500000e+04
1.300298339843750000e+04
1.336849609375000000e+04
1.588455078125000000e+04
1.192268164062500000e+04
1.811285156250000000e+04
1.779291015625000000e+04
1.245346484375000000e+04
1.063741406250000000e+04
1.629601562500000000e+04
9.426072265625000000e+03
1.073270117187500000e+04
1.283857421875000000e+04
1.037732812500000000e+04
1.839247070312500000e+04
2.143256835937500000e+04
1.495261718750000000e+04
1.790674609375000000e+04
1.412562695312500000e+04
1.120756054687500000e+04
1.345457714843750000e+04
1.223724609375000000e+04
1.452319921875000000e+04
2.175711914062500000e+04
1.984388867187500000e+04
1.610425195312500000e+04
1.550378125000000000e+04
1.776887304687500000e+04
2.036520898437500000e+04
7.827754882812500000e+03
2.421794921875000000e+04
2.088800000000000000e+04
1.670799609375000000e+04
1.157497851562500000e+04
1.425825390625000000e+04
2.371931250000000000e+04
1.321075585937500000e+04
3.116578125000000000e+04
1.352699316406250000e+04
1.042639453125000000e+04
7.500366699218750000e+03
1.525669531250000000e+04
1.060635937500000000e+04
1.644479296875000000e+04
1.019185742187500000e+04
9.194767578125000000e+03
7.526073730468750000e+03
1.512733789062500000e+04
1.012828515625000000e+04
1.349553320312500000e+04
1.159319628906250000e+04
1.554792285156250000e+04
7.924636718750000000e+03
1.958054882812500000e+04
8.322472656250000000e+03
8.099708496093750000e+03
1.433078222656250000e+04
1.342313867187500000e+04
1.071206054687500000e+04
1.686985742187500000e+04
1.081865820312500000e+04
2.233760156250000000e+04
9.267228515625000000e+03
1.623430761718750000e+04
1.342074316406250000e+04
1.169738183593750000e+04
1.047093554687500000e+04
1.123816992187500000e+04
1.304131054687500000e+04
1.149147167968750000e+04
1.130468652343750000e+04
1.015079492187500000e+04
1.797127734375000000e+04
9.879563476562500000e+03
1.064116894531250000e+04
1.610301953125000000e+04
7.841108886718750000e+03
1.173429980468750000e+04
9.364541015625000000e+03
1.550731640625000000e+04
1.427565429687500000e+04
1.403928417968750000e+04
1.365573632812500000e+04
2.738006054687500000e+04
1.263196972656250000e+04
2.813894140625000000e+04
9.068224609375000000e+03
1.517108203125000000e+04
1.321728613281250000e+04
8.999908203125000000e+03
7.391657226562500000e+03
8.696532226562500000e+03
1.361355957031250000e+04
7.926262695312500000e+03
1.035529687500000000e+04
6.882322753906250000e+03
1.202656835937500000e+04
7.750198730468750000e+03
1.457654882812500000e+04
1.215829003906250000e+04
7.256969726562500000e+03
1.372663085937500000e+04
1.435852343750000000e+04
1.216608007812500000e+04
1.211857421875000000e+04
1.082681933593750000e+04
1.732357421875000000e+04
9.927883789062500000e+03
7.614468261718750000e+03
8.277443359375000000e+03
1.064204296875000000e+04
1.004519824218750000e+04
6.556049804687500000e+03
6.010688476562500000e+03
9.887365234375000000e+03
1.182699609375000000e+04
8.316017578125000000e+03
8.727652343750000000e+03
7.488348632812500000e+03
7.841309082031250000e+03
1.441636718750000000e+04
1.139099609375000000e+04
7.639235839843750000e+03
1.049604687500000000e+04
1.048513281250000000e+04
8.367896484375000000e+03
1.083912304687500000e+04
1.253506250000000000e+04
1.033619824218750000e+04
9.574400390625000000e+03
7.735778320312500000e+03
2.392069921875000000e+04
8.849894531250000000e+03
9.575099609375000000e+03
1.597235937500000000e+04
1.041125976562500000e+04
1.351173046875000000e+04
7.675024902343750000e+03
8.301282226562500000e+03
9.141264648437500000e+03
1.531911914062500000e+04
7.881395507812500000e+03
8.189895019531250000e+03
1.396999218750000000e+04
1.169677050781250000e+04
7.923387207031250000e+03
9.550933593750000000e+03
1.151655859375000000e+04
1.177020117187500000e+04
1.362019335937500000e+04
1.398100781250000000e+04
1.276571289062500000e+04
8.701519531250000000e+03
8.303405273437500000e+03
8.037780761718750000e+03
1.613981835937500000e+04
7.969819824218750000e+03
6.678381347656250000e+03
2.094756054687500000e+04
1.756322656250000000e+04
1.097525585937500000e+04
9.282041015625000000e+03
1.359864843750000000e+04
1.455124023437500000e+04
1.161509960937500000e+04
1.225616210937500000e+04
1.045623828125000000e+04
1.186790039062500000e+04
1.481997363281250000e+04
7.509096191406250000e+03
1.203449316406250000e+04
1.078245703125000000e+04
7.810097656250000000e+03
1.248272265625000000e+04
7.269478515625000000e+03
9.475054687500000000e+03
8.549088867187500000e+03
6.873492675781250000e+03
7.644089355468750000e+03
9.078510742187500000e+03
8.683226562500000000e+03
9.299554687500000000e+03
5.994556152343750000e+03
7.187927734375000000e+03
8.775930664062500000e+03
8.052607421875000000e+03
8.192025390625000000e+03
7.557939941406250000e+03
7.065119628906250000e+03
5.580132324218750000e+03
1.207935742187500000e+04
9.039893554687500000e+03
6.270633789062500000e+03
1.781981835937500000e+04
1.486984667968750000e+04
1.340590234375000000e+04
6.058519042968750000e+03
1.318520605468750000e+04
9.567977539062500000e+03
9.913287109375000000e+03
1.582703125000000000e+04
8.813894531250000000e+03
1.043200585937500000e+04
1.095701464843750000e+04
1.185265820312500000e+04
8.993246093750000000e+03
1.057910937500000000e+04
8.421685546875000000e+03
2.285671679687500000e+04
1.496051171875000000e+04
1.048986523437500000e+04
1.210955859375000000e+04
1.581615820312500000e+04
8.125611328125000000e+03
8.435351562500000000e+03
1.240726562500000000e+04
1.502026171875000000e+04
1.302736328125000000e+04
9.315410156250000000e+03
9.291855468750000000e+03
9.246753906250000000e+03
1.659114453125000000e+04
1.383083886718750000e+04
9.553454101562500000e+03
1.230468945312500000e+04
8.964762695312500000e+03
8.293164062500000000e+03
1.314136132812500000e+04
1.054223828125000000e+04
1.089940039062500000e+04
9.707483398437500000e+03
1.558586914062500000e+04
1.001972070312500000e+04
1.269002539062500000e+04
1.010412304687500000e+04
1.134206054687500000e+04
6.347919433593750000e+03
6.271224609375000000e+03
1.051233593750000000e+04
9.300329101562500000e+03
7.750374023437500000e+03
6.444806640625000000e+03
5.589039062500000000e+03
6.181554687500000000e+03
1.222019238281250000e+04
6.480817871093750000e+03
1.422912109375000000e+04
6.400314453125000000e+03
1.267470703125000000e+04
7.200414550781250000e+03
1.092112304687500000e+04
9.811988281250000000e+03
8.151005371093750000e+03
7.187105468750000000e+03
1.270142968750000000e+04
8.393105468750000000e+03
5.992504394531250000e+03
8.625166015625000000e+03
7.844564453125000000e+03
9.306948242187500000e+03
8.174756835937500000e+03
7.447774902343750000e+03
8.303722656250000000e+03
1.498225976562500000e+04
7.762199707031250000e+03
1.142655664062500000e+04
9.757121093750000000e+03
6.565069335937500000e+03
1.392693359375000000e+04
5.672405761718750000e+03
6.220879882812500000e+03
8.689923828125000000e+03
1.005347460937500000e+04
7.236958007812500000e+03
7.458513671875000000e+03
8.831873046875000000e+03
8.010730468750000000e+03
7.767274414062500000e+03
6.465704589843750000e+03
1.053031054687500000e+04
6.695212402343750000e+03
7.739060058593750000e+03
7.746101562500000000e+03
8.446460937500000000e+03
1.080424707031250000e+04
8.560779296875000000e+03
1.509758203125000000e+04
1.170149609375000000e+04
9.162175781250000000e+03
1.035533398437500000e+04
6.331348632812500000e+03
9.625862304687500000e+03
6.936121582031250000e+03
7.479629882812500000e+03
9.518537109375000000e+03
1.112946679687500000e+04
1.240978515625000000e+04
6.896365234375000000e+03
6.370617187500000000e+03
6.340825683593750000e+03
7.428978515625000000e+03
4.894628906250000000e+03
6.722915039062500000e+03
8.795734375000000000e+03
9.944872070312500000e+03
7.271491210937500000e+03
6.189421875000000000e+03
8.829154296875000000e+03
8.637501953125000000e+03
5.070059570312500000e+03
6.253293457031250000e+03
6.603377929687500000e+03
1.043558203125000000e+04
5.889295898437500000e+03
1.080653515625000000e+04
4.905411132812500000e+03
4.886124023437500000e+03
1.434078906250000000e+04
9.143921875000000000e+03
5.594026367187500000e+03
6.415121093750000000e+03
7.322515625000000000e+03
5.049735351562500000e+03
5.819930664062500000e+03
7.666024414062500000e+03
6.912062988281250000e+03
7.843806640625000000e+03
6.515456542968750000e+03
1.047933203125000000e+04
6.280541015625000000e+03
9.697875000000000000e+03
6.033655273437500000e+03
6.354059570312500000e+03
7.047980468750000000e+03
4.413012695312500000e+03
5.326186523437500000e+03
8.697294921875000000e+03
6.211713867187500000e+03
8.503225585937500000e+03
9.504716796875000000e+03
7.458948242187500000e+03
9.352117187500000000e+03
7.447387695312500000e+03
8.937324218750000000e+03
7.787620605468750000e+03
7.781793457031250000e+03
1.025310253906250000e+04
6.792652343750000000e+03
1.241666406250000000e+04
9.065418945312500000e+03
9.089602539062500000e+03
9.217108398437500000e+03
5.799614257812500000e+03
6.919184570312500000e+03
5.637601562500000000e+03
8.135996093750000000e+03
4.924688476562500000e+03
1.009007519531250000e+04
4.431646972656250000e+03
6.859098144531250000e+03
6.813684082031250000e+03
8.345061523437500000e+03
9.156506835937500000e+03
7.650432617187500000e+03
4.696036132812500000e+03
1.645971875000000000e+04
6.547575195312500000e+03
6.452340820312500000e+03
5.193537109375000000e+03
7.309562988281250000e+03
7.377986328125000000e+03
7.199256835937500000e+03
7.752282714843750000e+03
6.849265625000000000e+03
1.030800195312500000e+04
1.022168359375000000e+04
7.955770019531250000e+03
7.407079589843750000e+03
8.823823242187500000e+03
6.642105468750000000e+03
6.825907714843750000e+03
8.239369140625000000e+03
1.193397851562500000e+04
1.851594335937500000e+04
8.180316406250000000e+03
5.094112304687500000e+03
8.035289062500000000e+03
8.914002929687500000e+03
6.942902343750000000e+03
7.201600585937500000e+03
1.132133398437500000e+04
1.273238671875000000e+04
7.680729492187500000e+03
1.217083007812500000e+04
1.163105078125000000e+04
1.062328125000000000e+04
1.044608593750000000e+04
1.214886328125000000e+04
8.110133789062500000e+03
6.252014160156250000e+03
1.095765625000000000e+04
9.804094726562500000e+03
1.665362500000000000e+04
7.883196289062500000e+03
6.796935058593750000e+03
1.053824804687500000e+04
1.166758984375000000e+04
6.922410644531250000e+03
7.160333007812500000e+03
8.356769531250000000e+03
7.927697265625000000e+03
8.946496093750000000e+03
1.106719921875000000e+04
1.075575390625000000e+04
1.042287792968750000e+04
1.009958105468750000e+04
8.520181640625000000e+03
6.963914062500000000e+03
5.601629394531250000e+03
5.450589843750000000e+03
9.049947265625000000e+03
1.029321972656250000e+04
1.116073046875000000e+04
1.770656250000000000e+04
9.263394531250000000e+03
9.800869140625000000e+03
9.221404296875000000e+03
7.806214843750000000e+03
6.251238769531250000e+03
6.438707519531250000e+03
6.739296875000000000e+03
7.457609375000000000e+03
6.558253906250000000e+03
8.637774414062500000e+03
7.782218261718750000e+03
1.280168945312500000e+04
8.560884765625000000e+03
1.315000195312500000e+04
1.563222656250000000e+04
1.008671972656250000e+04
1.206002539062500000e+04
7.984643554687500000e+03
7.051279296875000000e+03
1.104893261718750000e+04
5.341484375000000000e+03
6.663056640625000000e+03
9.951630859375000000e+03
8.244210937500000000e+03
6.997206054687500000e+03
1.011835546875000000e+04
7.356396484375000000e+03
8.499885742187500000e+03
9.062411132812500000e+03
6.352752929687500000e+03
8.592664062500000000e+03
9.190193359375000000e+03
8.702940429687500000e+03
1.188578125000000000e+04
9.794554687500000000e+03
1.140691503906250000e+04
6.403861328125000000e+03
7.299124511718750000e+03
1.280254296875000000e+04
1.060018164062500000e+04
7.104408203125000000e+03
7.089994140625000000e+03
7.342607421875000000e+03
7.831050781250000000e+03
6.579534179687500000e+03
8.467892578125000000e+03
1.231410156250000000e+04
9.615716796875000000e+03
7.774216796875000000e+03
1.060108398437500000e+04
6.820359375000000000e+03
8.872996093750000000e+03
9.544805664062500000e+03
1.193157812500000000e+04
1.268482617187500000e+04
8.297373046875000000e+03
8.510785156250000000e+03
9.908909179687500000e+03
6.456076171875000000e+03
6.960744628906250000e+03
8.134872558593750000e+03
8.410884765625000000e+03
6.564524414062500000e+03
5.702963867187500000e+03
8.103426757812500000e+03
1.069202832031250000e+04
6.496954101562500000e+03
6.955841796875000000e+03
8.215650390625000000e+03
5.990767578125000000e+03
8.530466796875000000e+03
8.310928710937500000e+03
1.298002441406250000e+04
1.110219628906250000e+04
7.703987304687500000e+03
1.176213085937500000e+04
8.876616210937500000e+03
1.195616796875000000e+04
9.289994140625000000e+03
9.367705078125000000e+03
7.766473144531250000e+03
6.631845703125000000e+03
7.361929199218750000e+03
8.288672851562500000e+03
9.985619140625000000e+03
1.113117480468750000e+04
1.063277441406250000e+04
8.619970703125000000e+03
7.487336914062500000e+03
8.072892089843750000e+03
9.760798828125000000e+03
6.862765625000000000e+03
8.244767578125000000e+03
8.744239257812500000e+03
1.196224511718750000e+04
1.001631347656250000e+04
9.662571289062500000e+03
7.893983886718750000e+03
8.655902343750000000e+03
1.041373437500000000e+04
1.089369628906250000e+04
1.078814648437500000e+04
9.019469726562500000e+03
9.401691406250000000e+03
7.890934570312500000e+03
7.062607910156250000e+03
6.852035156250000000e+03
6.501292480468750000e+03
6.830321289062500000e+03
9.352273437500000000e+03
9.144404296875000000e+03
7.112045898437500000e+03
6.753160156250000000e+03
7.092449218750000000e+03
8.752843750000000000e+03
6.632054687500000000e+03
6.754561523437500000e+03
8.027733398437500000e+03
7.262588867187500000e+03
1.000540039062500000e+04
1.223169140625000000e+04
9.244799804687500000e+03
5.579434570312500000e+03
6.260239257812500000e+03
6.990631347656250000e+03
7.811279296875000000e+03
1.053366796875000000e+04
9.889987304687500000e+03
1.119287695312500000e+04
9.358611328125000000e+03
8.971740234375000000e+03
1.421116796875000000e+04
1.151329394531250000e+04
9.489892578125000000e+03
8.122976562500000000e+03
9.346699218750000000e+03
1.086915234375000000e+04
1.054148046875000000e+04
8.733857421875000000e+03
1.251844921875000000e+04
1.129812304687500000e+04
1.078778906250000000e+04
1.251685937500000000e+04
1.038899218750000000e+04
9.326382812500000000e+03
8.583494140625000000e+03
9.769666015625000000e+03
1.231696191406250000e+04
1.142437792968750000e+04
1.069721289062500000e+04
1.167948632812500000e+04
9.253615234375000000e+03
8.975549804687500000e+03
1.096551660156250000e+04
1.119509960937500000e+04
8.679400390625000000e+03
7.459583007812500000e+03
7.208730468750000000e+03
7.463791992187500000e+03
7.881504882812500000e+03
6.873654296875000000e+03
1.014100000000000000e+04
7.709416992187500000e+03
7.544509277343750000e+03
8.217513671875000000e+03
8.884972656250000000e+03
7.932511718750000000e+03
8.254832031250000000e+03
7.892095703125000000e+03
8.784312500000000000e+03
8.029290039062500000e+03
8.305107421875000000e+03
1.252807324218750000e+04
1.214127050781250000e+04
8.740327148437500000e+03
7.027009765625000000e+03
8.808871093750000000e+03
7.258916992187500000e+03
9.704118164062500000e+03
9.173023437500000000e+03
8.376224609375000000e+03
7.053603515625000000e+03
7.841263183593750000e+03
8.639553710937500000e+03
8.662122070312500000e+03
9.176678710937500000e+03
1.163026367187500000e+04
1.178156054687500000e+04
7.065091796875000000e+03
6.168955078125000000e+03
6.523706054687500000e+03
9.402527343750000000e+03
7.068458496093750000e+03
9.109099609375000000e+03
8.664958984375000000e+03
1.013258593750000000e+04
8.780531250000000000e+03
5.956337890625000000e+03
1.032584863281250000e+04
7.289268554687500000e+03
7.196215332031250000e+03
8.713712890625000000e+03
8.848151367187500000e+03
1.052021582031250000e+04
1.212587597656250000e+04
1.085798437500000000e+04
9.805402343750000000e+03
1.198253027343750000e+04
1.040030957031250000e+04
1.046427636718750000e+04
9.243005859375000000e+03
9.037047851562500000e+03
9.047052734375000000e+03
8.911382812500000000e+03
8.009539550781250000e+03
9.369601562500000000e+03
7.816954101562500000e+03
9.262973632812500000e+03
9.561062500000000000e+03
1.005863085937500000e+04
7.859893554687500000e+03
6.183995117187500000e+03
6.836205078125000000e+03
6.813159667968750000e+03
6.900057128906250000e+03
7.957929687500000000e+03
7.169375976562500000e+03
8.535784179687500000e+03
8.267526367187500000e+03
8.674110351562500000e+03
6.793821289062500000e+03
5.325362304687500000e+03
6.784052734375000000e+03
7.477076171875000000e+03
6.505226562500000000e+03
7.480157226562500000e+03
5.919749023437500000e+03
6.746193359375000000e+03
6.707442382812500000e+03
6.469555664062500000e+03
8.259535156250000000e+03
6.663161621093750000e+03
9.017620117187500000e+03
7.360525878906250000e+03
6.816560546875000000e+03
6.838242187500000000e+03
7.356142089843750000e+03
7.403948730468750000e+03
7.523185546875000000e+03
6.095857421875000000e+03
8.835567382812500000e+03
8.870365234375000000e+03
4.979641601562500000e+03
5.545041015625000000e+03
6.778244140625000000e+03
8.989559570312500000e+03
6.787993164062500000e+03
5.756401367187500000e+03
6.471228515625000000e+03
5.915436035156250000e+03
7.772068359375000000e+03
4.938900390625000000e+03
5.328011718750000000e+03
6.300567871093750000e+03
6.804485351562500000e+03
4.754702148437500000e+03
6.250089355468750000e+03
6.165401367187500000e+03
5.411015136718750000e+03
6.281599609375000000e+03
6.268242187500000000e+03
5.042910156250000000e+03
6.574267578125000000e+03
6.478453125000000000e+03
6.013821777343750000e+03
6.136996093750000000e+03
7.007443359375000000e+03
5.286921875000000000e+03
5.170426757812500000e+03
5.344652343750000000e+03
6.985121093750000000e+03
7.241914062500000000e+03
6.566763671875000000e+03
6.835062500000000000e+03
7.709485351562500000e+03
5.887987304687500000e+03
6.850704101562500000e+03
6.126137695312500000e+03
6.256138183593750000e+03
7.987863769531250000e+03
6.869918457031250000e+03
5.165254882812500000e+03
5.593195312500000000e+03
6.064189941406250000e+03
7.595471679687500000e+03
5.134952636718750000e+03
6.461803710937500000e+03
5.679411621093750000e+03
7.151416015625000000e+03
6.942031738281250000e+03
6.795385742187500000e+03
6.323938964843750000e+03
5.565079101562500000e+03
6.053783691406250000e+03
8.205277343750000000e+03
7.237723144531250000e+03
5.835765136718750000e+03
5.653202148437500000e+03
6.307758789062500000e+03
5.518656738281250000e+03
5.316892578125000000e+03
6.112637695312500000e+03
5.789924804687500000e+03
5.281360839843750000e+03
4.301084472656250000e+03
5.972847656250000000e+03
5.161708984375000000e+03
7.034717285156250000e+03
4.540536132812500000e+03
4.940485351562500000e+03
5.719853515625000000e+03
5.336625000000000000e+03
5.398722656250000000e+03
5.281435546875000000e+03
5.583564453125000000e+03
6.364734375000000000e+03
7.676270507812500000e+03
5.946053222656250000e+03
6.401430664062500000e+03
5.838684082031250000e+03
5.421229492187500000e+03
5.199786621093750000e+03
5.791589843750000000e+03
7.241990234375000000e+03
6.679250976562500000e+03
6.419282714843750000e+03
6.667977050781250000e+03
6.505749023437500000e+03
6.295467773437500000e+03
4.963122558593750000e+03
5.464528320312500000e+03
6.310030273437500000e+03
6.303614257812500000e+03
6.142362304687500000e+03
6.709886718750000000e+03
5.646466796875000000e+03
6.562755859375000000e+03
6.815834960937500000e+03
5.705201171875000000e+03
5.798906738281250000e+03
6.965700683593750000e+03
6.712617675781250000e+03
6.757087890625000000e+03
8.507597656250000000e+03
7.284598632812500000e+03
8.092957031250000000e+03
7.322392578125000000e+03
8.078222167968750000e+03
8.028957031250000000e+03
5.770841308593750000e+03
5.047113281250000000e+03
5.079683593750000000e+03
5.040942382812500000e+03
4.687222656250000000e+03
4.945250976562500000e+03
5.721489257812500000e+03
7.365151367187500000e+03
7.731243164062500000e+03
7.498676757812500000e+03
7.433215332031250000e+03
7.749078125000000000e+03
8.103473632812500000e+03
7.412200195312500000e+03
5.568059570312500000e+03
5.651398437500000000e+03
6.895862304687500000e+03
6.086709960937500000e+03
6.513046386718750000e+03
5.026366210937500000e+03
5.308270507812500000e+03
4.950613281250000000e+03
5.076217773437500000e+03
5.964440917968750000e+03
4.245768554687500000e+03
5.913067382812500000e+03
6.768080566406250000e+03
5.501635742187500000e+03
4.299156250000000000e+03
3.858268554687500000e+03
4.286250976562500000e+03
5.575529296875000000e+03
5.234818359375000000e+03
5.729044921875000000e+03
5.766696289062500000e+03
7.222090820312500000e+03
7.323388671875000000e+03
5.340970703125000000e+03
5.151407226562500000e+03
3.534452636718750000e+03
4.499579101562500000e+03
5.083777832031250000e+03
5.150940429687500000e+03
5.098026367187500000e+03
5.096053710937500000e+03
4.053942382812500000e+03
3.667982177734375000e+03
3.867157470703125000e+03
4.951654296875000000e+03
4.389708007812500000e+03
5.936983886718750000e+03
4.283735839843750000e+03
4.211513671875000000e+03
4.778266601562500000e+03
4.190376464843750000e+03
4.784431152343750000e+03
4.618241210937500000e+03
4.590233398437500000e+03
4.214603515625000000e+03
6.732812011718750000e+03
5.270036132812500000e+03
6.300033203125000000e+03
4.083151367187500000e+03
4.474750000000000000e+03
5.081866210937500000e+03
5.723127929687500000e+03
4.836458007812500000e+03
5.198897949218750000e+03
5.890175781250000000e+03
6.399354492187500000e+03
8.284841796875000000e+03
6.801886718750000000e+03
3.841668701171875000e+03
4.085978271484375000e+03
6.746682617187500000e+03
6.108620117187500000e+03
6.284145507812500000e+03
5.482699218750000000e+03
6.582194335937500000e+03
6.785503906250000000e+03
6.219975585937500000e+03
5.572848632812500000e+03
6.146716796875000000e+03
5.044692382812500000e+03
6.145186035156250000e+03
6.067922851562500000e+03
5.421385742187500000e+03
5.884643066406250000e+03
4.794447265625000000e+03
5.383080078125000000e+03
7.102025878906250000e+03
5.590471191406250000e+03
6.732006835937500000e+03
5.675886718750000000e+03
6.997918945312500000e+03
6.924354980468750000e+03
6.967416015625000000e+03
9.481603515625000000e+03
7.217693359375000000e+03
5.373996093750000000e+03
5.721146972656250000e+03
6.677740722656250000e+03
4.463883300781250000e+03
5.492379394531250000e+03
5.502841796875000000e+03
6.317308105468750000e+03
6.080696289062500000e+03
7.515700195312500000e+03
7.940984375000000000e+03
7.027568847656250000e+03
5.145016113281250000e+03
4.785824218750000000e+03
4.008620117187500000e+03
4.872727539062500000e+03
6.095021972656250000e+03
6.155543945312500000e+03
4.662659667968750000e+03
5.082835937500000000e+03
8.240220703125000000e+03
6.152738281250000000e+03
8.375295898437500000e+03
7.043521484375000000e+03
5.575793945312500000e+03
4.905182617187500000e+03
5.125716308593750000e+03
6.012003906250000000e+03
6.257294921875000000e+03
8.144039062500000000e+03
7.014174804687500000e+03
5.840758789062500000e+03
5.540433593750000000e+03
5.431118164062500000e+03
5.361713867187500000e+03
6.268725585937500000e+03
5.442268554687500000e+03
5.351539062500000000e+03
4.420616699218750000e+03
4.376475097656250000e+03
4.462420898437500000e+03
5.075901367187500000e+03
5.281942871093750000e+03
5.201182617187500000e+03
5.370899902343750000e+03
5.701562500000000000e+03
6.182579101562500000e+03
5.739970703125000000e+03
5.879713867187500000e+03
5.015921875000000000e+03
4.290363281250000000e+03
5.523949218750000000e+03
5.279811523437500000e+03
6.787827148437500000e+03
5.324335937500000000e+03
5.523707031250000000e+03
4.254669921875000000e+03
5.327206542968750000e+03
6.730693359375000000e+03
7.318242187500000000e+03
7.535387695312500000e+03
6.008209960937500000e+03
5.784773437500000000e+03
6.072941894531250000e+03
8.044451171875000000e+03
7.027940429687500000e+03
6.499890136718750000e+03
5.884458984375000000e+03
6.542067382812500000e+03
6.551549804687500000e+03
6.140658203125000000e+03
6.230513671875000000e+03
5.382042968750000000e+03
5.474928710937500000e+03
6.016499023437500000e+03
6.271505859375000000e+03
5.539822753906250000e+03
5.317004882812500000e+03
4.516529785156250000e+03
4.862169433593750000e+03
4.880855468750000000e+03
5.633672851562500000e+03
5.903838867187500000e+03
5.774868164062500000e+03
5.949834960937500000e+03
5.240384765625000000e+03
5.430233398437500000e+03
4.826401367187500000e+03
4.702311523437500000e+03
6.178449218750000000e+03
5.764498046875000000e+03
5.512113769531250000e+03
5.652927734375000000e+03
5.113118652343750000e+03
4.698704101562500000e+03
5.734750000000000000e+03
3.961123291015625000e+03
4.456094726562500000e+03
4.312380371093750000e+03
4.972316406250000000e+03
5.378528808593750000e+03
6.895765625000000000e+03
5.927466796875000000e+03
7.791125000000000000e+03
6.599408203125000000e+03
7.916145019531250000e+03
5.945026367187500000e+03
4.936081054687500000e+03
4.928533203125000000e+03
5.715743164062500000e+03
7.305635742187500000e+03
5.704029785156250000e+03
5.713902343750000000e+03
5.772731445312500000e+03
4.202786132812500000e+03
5.170380859375000000e+03
6.034944335937500000e+03
6.837733398437500000e+03
6.995521484375000000e+03
6.549222167968750000e+03
7.078098632812500000e+03
6.515643554687500000e+03
5.896638183593750000e+03
6.999437500000000000e+03
5.967807128906250000e+03
5.436837402343750000e+03
6.505706054687500000e+03
5.420652343750000000e+03
5.733525878906250000e+03
5.132408203125000000e+03
4.556868652343750000e+03
4.951847656250000000e+03
6.260644042968750000e+03
7.347232421875000000e+03
8.498562500000000000e+03
6.317807128906250000e+03
6.051042968750000000e+03
8.100333007812500000e+03
6.647893554687500000e+03
5.567970214843750000e+03
5.051187500000000000e+03
5.040302734375000000e+03
5.479646484375000000e+03
5.836393554687500000e+03
5.890755859375000000e+03
7.417530273437500000e+03
5.342297851562500000e+03
4.465082031250000000e+03
4.905177246093750000e+03
5.432653320312500000e+03
7.778619140625000000e+03
7.709494140625000000e+03
6.364166992187500000e+03
5.588366699218750000e+03
4.314143554687500000e+03
5.649554687500000000e+03
5.655874023437500000e+03
6.669557617187500000e+03
6.131097167968750000e+03
5.934043945312500000e+03
8.214399414062500000e+03
7.101173828125000000e+03
6.380822265625000000e+03
7.072597656250000000e+03
7.494416992187500000e+03
9.396167968750000000e+03
7.290702636718750000e+03
5.504595214843750000e+03
4.726180664062500000e+03
5.865730468750000000e+03
6.702334960937500000e+03
7.133857421875000000e+03
7.208831542968750000e+03
5.532557128906250000e+03
6.032199218750000000e+03
5.974023925781250000e+03
5.144502929687500000e+03
5.771813964843750000e+03
6.360673828125000000e+03
6.938612304687500000e+03
5.956182617187500000e+03
7.139274414062500000e+03
