-1.940000000000000000e+03
-3.158485128377423280e+03
-2.744628325103374209e+03
4.900937501361423529e+03
1.334358824608595205e+04
1.171199083904125655e+04
1.702050903574181120e+03
3.136559002991262969e+04
1.354061780501751309e+04
-1.164948797577774258e+02
3.472108708023142754e+03
1.896406197580922162e+04
5.360657461000088006e+03
1.665020753428092803e+03
1.427400628086812867e+04
1.562775910441893211e+04
1.518999355365614247e+04
1.188562660194170576e+03
1.268465156072300488e+04
8.026328213959589448e+03
1.628849784997869392e+04
1.791298525949639952e+04
2.489452275506180013e+04
4.399932199848653909e+03
1.127527131573854967e+04
1.566337357520207479e+04
1.533013624003181758e+04
5.522597652723082319e+03
3.576402533661948837e+03
1.751230216515578650e+04
5.925421699351698408e+03
1.056191012313639476e+04
1.064392425456338970e+04
4.470844559558852779e+03
8.267821963468701142e+03
6.510481327844261614e+03
2.250574702862168851e+04
1.690368469362437099e+04
1.812954214704162041e+03
4.817406576906005284e+03
-2.154700437899653025e+03
1.115542637527841362e+04
4.515700918035426525e+02
1.772173498145306803e+04
1.416703677346768745e+04
1.269284403719338479e+04
1.823596989769291031e+04
1.162905339269142132e+04
1.554404060775224571e+04
3.924682251438409821e+03
3.060988451472477755e+04
2.038867691074997856e+04
9.362759635874917876e+03
8.048010359608295403e+03
7.361800880269456684e+03
6.989670915466670522e+03
1.707742116138005804e+04
2.250898443676956231e+04
2.133897830224494101e+03
2.940714948524025658e+03
4.329035459333305880e+03
1.549861494605529060e+03
1.326161756930189222e+04
1.473397363105306431e+04
2.212934565694787307e+04
4.052623504484053228e+03
3.658911936100301682e+04
5.073781674296244455e+04
1.440047391065645024e+04
3.700317734518158977e+04
-1.095007543064553147e+03
3.365737041986881195e+03
1.562720089699854498e+02
1.352386759203238944e+04
2.494319780606178938e+02
-1.255675481976184642e+02
4.605045034776787361e+03
1.069105119638254291e+04
-1.581122953213377400e+02
1.125727504353295808e+04
5.649253692164836139e+03
2.396823198572838010e+04
1.308619618878130859e+04
1.883627553254029772e+04
5.028447009539064311e+03
1.010276427010947555e+04
2.247079082866083627e+04
3.030217980395417726e+03
2.694103018142479777e+04
8.227495709761667968e+03
1.382772477605077438e+04
3.277712213634501677e+04
2.525400296776320465e+04
1.779121162357321737e+04
1.583867716672232518e+03
1.432395981709057196e+04
5.245331132211158547e+03
5.949340029695576959e+03
1.607256510033103041e+02
1.884274584313471860e+04
1.220693186515276830e+04
8.787184380735943705e+03
1.529307120107433730e+04
2.574884141449700473e+04
1.228005793992831423e+04
2.606826444938547502e+04
1.006869658695996986e+04
-6.560017014855519619e+02
1.038475487561059163e+04
5.751349507601637924e+03
3.135189987191195542e+03
3.120984298282422969e+03
3.663849850651575707e+03
1.667434172643467173e+04
7.280431228279313473e+03
1.545469218821379400e+04
2.806877434365977479e+03
9.868989014529221095e+03
9.311729872444761895e+02
5.407417255399626811e+03
1.528818941544934432e+03
2.219811448818503050e+04
1.054850019464131765e+04
8.871866002556382227e+03
5.796579170096109010e+03
6.056644019432392270e+03
1.327565080083202702e+04
1.169666901080698153e+04
8.460638045229014097e+03
3.089232072972411333e+04
2.394840131345563350e+04
6.891069133846875047e+03
2.875548179612351305e+04
6.120710845378006525e+03
1.830375190462078990e+03
3.442511511352475736e+03
1.145638397228386020e+04
-1.088728932830950725e+03
9.926878911907935617e+03
1.171221132134043182e+04
6.405696026657304174e+03
6.791172242954476133e+03
8.434208815553834938e+03
-9.386768984137464713e+02
7.187179328065604750e+03
2.319219483268835575e+03
1.140751217970290600e+04
8.025994361671495426e+03
4.063636942122170240e+03
2.272532292350280841e+03
1.916509225322398379e+03
7.700801840115098457e+03
1.257410290212355540e+04
2.125460761406782694e+04
8.477864165662111191e+03
1.587867918852808180e+04
8.465253116238016446e+03
9.086628295507347502e+03
1.402157110022574216e+03
1.476266504124710991e+04
2.203739014846541249e+04
2.984626204035231058e+04
5.624835228236616786e+03
7.043309980206289765e+03
7.178350774470789474e+03
9.525921808592929665e+03
2.096595671617290645e+04
8.608870166789853101e+03
2.086321098445811367e+04
8.279671157334016243e+03
2.570455471057630348e+04
3.912296025356108657e+03
1.750173988093059234e+04
7.590995994101294855e+03
-2.572925622143065993e+02
5.073958064954445035e+03
6.153835095680358791e+03
9.151178897863761449e+03
9.224840100264289504e+03
2.356387001841197161e+03
3.204440226741455717e+03
2.375272127510368227e+04
1.269353299608268389e+04
1.500316510287144047e+04
3.714119322023308087e+03
3.288562638568306284e+03
4.667383746697624701e+03
7.547111125031804022e+02
9.126075064650944114e+03
1.720023146864172668e+04
8.102829776436421525e+03
2.863342237834042317e+04
8.033196148708210785e+03
4.275937096550932438e+03
5.079501216753955305e+03
1.808329394361219238e+04
2.438502884687983169e+04
1.232466393133970269e+04
5.808261131590807054e+03
9.805641335596805220e+03
7.721620920764593393e+03
1.114188205220751115e+04
8.476096546771297653e+03
1.505560548731966992e+04
4.743132696314645727e+03
6.791882125434819500e+03
7.200858079670341795e+03
4.541514387665522918e+03
3.936229840646069533e+03
2.469309384290902381e+04
5.695918380622682889e+03
7.541079973410380262e+03
1.856524017140533033e+03
6.901366936682950836e+03
2.607477828937230151e+04
3.221884878937236408e+03
2.657856440340102199e+04
1.304936806719325432e+04
9.255627794478286887e+03
6.980613237436687086e+03
1.485901320266384391e+04
1.709262192271801541e+04
8.060739160127021023e+03
1.392426189667815561e+04
3.416378531359654517e+03
5.136722582089441858e+03
3.734045114239392569e+04
1.073836472596910426e+04
5.186757297618581106e+03
4.136145567473527990e+03
8.337262761143949319e+03
4.871938168445201882e+03
2.729519436316697920e+02
1.772090585139760515e+04
1.164201267437197748e+04
4.748064331660740208e+03
8.115466706617439741e+02
4.619501904946509967e+03
1.885650195497826644e+04
1.230293670593289971e+04
2.714935588661087968e+04
7.145445619186489239e+03
1.123639893761035637e+04
9.656253652400228020e+03
2.097313071296229828e+04
7.903799509372467583e+03
1.690057166886489722e+04
1.162782055079205566e+04
1.280811626339381655e+04
1.457215025332045298e+04
-5.912054314069387146e+02
-1.557667027467627122e+03
1.344052363471744502e+04
3.435684976726588502e+03
5.715182022458024221e+03
1.772534099132040137e+04
2.273204214352879717e+04
7.960332227538867301e+03
5.491731671098512379e+03
-8.307104399687339082e+02
2.893387415334617253e+04
-2.323679300650217101e+03
5.470024547578063903e+02
4.248108597623454261e+04
2.522106541810720228e+04
4.486028813504603022e+03
1.585028130882989717e+04
1.541358157460047732e+04
1.310997141862132958e+04
1.415036145764104003e+04
6.252996953437303091e+03
5.356127544850864979e+03
1.050962120526406579e+04
8.794910888696060738e+02
7.837752546286597862e+03
1.537994378660782331e+03
1.501283283340139315e+04
4.658552048823262339e+02
5.725748460608414462e+03
9.645441388551238560e+03
4.700384711282413264e+03
2.443142207377517479e+04
4.256290315697329788e+03
1.672228040023799986e+04
2.969497786249557976e+04
2.539436077210626081e+03
8.897978233169305895e+03
7.098911838552617155e+03
2.379857816391469896e+03
2.600838927101244917e+04
1.828507682030667638e+04
9.044988722995674834e+03
7.544327716135858282e+03
1.871097530061669386e+04
2.098452031517324576e+04
8.065917183313528085e+02
4.280683565286487465e+03
4.869997104279058476e+03
1.575149999319288327e+04
4.142493758966342284e+03
1.167430396948182715e+04
3.991436197019714655e+03
4.378236441227436444e+03
2.001680067483018502e+04
5.563466922239237465e+04
1.285928460182619528e+04
1.304950842654992084e+04
1.997507323398104927e+04
1.913202827034427901e+04
2.188663101253303466e+04
2.437076396222589756e+04
4.172926810857211422e+03
5.331053152290239268e+03
7.411093081649006308e+03
1.928578193622295294e+04
1.733808289320428958e+04
9.080372708617707758e+03
6.824289189496466861e+03
-1.645740395126787917e+03
1.001484805874881567e+04
9.670931251236550452e+03
1.360313317469260255e+04
1.005448448400239431e+04
4.635936701281630121e+03
4.192332662031042219e+02
1.772277135396192989e+03
9.396478311633760313e+03
2.368189596813228127e+04
1.026782267094705276e+04
2.347765074212636137e+03
2.043555410847140956e+04
1.511309051550448567e+04
4.854349989553579690e+02
5.473078939202068796e+02
7.052693129475225760e+03
7.543025645738263847e+03
1.612140101486307685e+04
2.255796083900168742e+04
3.145316223800971329e+03
1.553445044635701561e+04
4.713778429821196596e+02
2.986755905029699079e+03
3.392016889299176000e+03
1.132146902643189242e+04
1.240021549602783853e+04
7.669446094637914939e+03
5.155270578199807460e+03
1.227218034340061240e+04
2.655520393158900333e+03
1.242187055899210918e+03
8.649394160277706760e+03
1.468796713912812629e+04
1.198578001421675799e+04
5.692746882017154348e+03
1.272671113809132294e+04
3.491823221569949237e+04
6.141961355279377131e+03
2.074999011917966709e+04
1.686470393433362915e+03
1.283673374858254283e+04
7.450651794120291015e+03
1.495149030229271557e+04
8.154818746235221624e+03
1.241419519123187820e+04
1.665688680682734457e+03
4.462541139550180560e+03
7.748177573787347683e+02
5.948228931643345277e+03
9.858391423365801529e+03
3.813831493880644848e+04
3.143122873141898526e+04
8.068599985553915985e+02
5.566889762295100809e+03
1.663631718753879250e+04
3.060834168438174675e+04
1.944533163200766285e+04
3.836862309339576768e+03
8.252965950729212636e+03
1.782888491236473783e+04
2.724181888244962465e+04
-1.092034423573455115e+03
2.488787623611776871e+04
6.065157876809739719e+03
2.241729028461217240e+04
1.301547658678960033e+04
7.062975332603122297e+03
2.501051661836045241e+04
1.717545366864204698e+04
1.408894287004455009e+03
1.249824614369477058e+04
1.800398603470081071e+03
1.133035100577644698e+03
1.320203111379111579e+04
2.375021263270514100e+04
1.807945580663438886e+04
5.768947971341580342e+03
9.482800545524032714e+03
7.084040947800349386e+03
3.103854522754565915e+04
6.485188063664839319e+03
-2.140455274442313112e+03
7.680052037073444808e+03
4.156677372842630575e+03
5.609818359096322638e+03
3.984638672715707071e+04
4.215360006933803561e+03
2.400785715141941182e+03
8.067782237050553249e+02
2.754347421757172560e+04
1.167272183356593814e+04
-1.086765657542072177e+02
5.735117097568520876e+03
1.380028356733760120e+04
5.467613011810730313e+03
2.054535845509586215e+04
4.185310267156304326e+04
9.201051906202283135e+03
-4.359004335384946103e+02
3.795986886201174912e+03
1.788260365644291232e+04
7.612395619170116333e+03
3.381589744063611306e+03
2.061862051312521362e+04
1.268011028090369109e+04
1.138603898753274370e+04
2.323584979596398261e+04
1.240986984852781643e+04
-1.358927709660865276e+03
1.249767568156689595e+04
4.195472307882446330e+03
9.622505061442873284e+02
2.300169661544162591e+04
5.910142268715050704e+03
2.839136238261285325e+04
1.121085819257961930e+03
8.402959457885037409e+03
8.008651595638699291e+03
1.532837094557754790e+04
9.527471020108463563e+03
2.903584285505051594e+04
1.776307962926700930e+04
1.906517005780946056e+04
2.751099993396605896e+03
5.010404172169191952e+03
2.421592612853405626e+03
1.525939423202145372e+04
2.409986037649813079e+04
8.227275493586626908e+03
1.484381396796845365e+04
4.692461307763992954e+04
2.126315298286867619e+04
2.192104516951036203e+03
2.025969045301674851e+04
5.217006414860954919e+02
1.020668501682446549e+04
3.301873654024602001e+04
1.871244699567526186e+04
5.109658426668465836e+03
2.016288226470552036e+04
1.311179656368472570e+04
1.905283298095818463e+04
4.257652893453016077e+03
3.342839071225973021e+04
7.386799967638860835e+03
1.335878712814371465e+04
2.125856986958848211e+03
4.128231402607359087e+03
1.654608515429088948e+04
5.474932750274548016e+04
2.621458801726933234e+04
-1.429228240818492850e+03
2.078090869610744994e+04
5.051938786166256250e+03
1.453615406508331398e+04
-2.149987272923412547e+03
5.510862756033948244e+03
7.829225184154727685e+03
1.411068798671938202e+04
2.267786670317559401e+04
3.241213008508046914e+04
1.897986902640099061e+02
5.375308787571579160e+03
9.571020424539367013e+03
1.278049846906789526e+03
6.643677769235365304e+03
7.473914734447364026e+03
1.126162495841513373e+04
3.334352846443669841e+04
-1.189904136737349745e+03
1.936219787891596570e+04
6.443024047102626355e+03
3.678470395030384680e+04
7.524497322693506248e+03
9.458233196337408799e+02
9.463397261678252107e+03
9.816162660406047507e+03
9.092294335189994854e+02
3.567252330283891206e+04
3.942316694004800411e+03
1.559550441301294995e+04
9.297429968146021565e+03
2.383651923973387602e+04
1.431500427652512553e+04
3.983927566813278099e+04
1.925883706090675332e+04
2.046716205798779993e+04
3.074970398283362556e+03
1.103477018402277827e+04
1.098687858658794357e+04
-7.291787686257945325e+02
1.857429698154766129e+03
5.517458652455193260e+02
6.650025388224689777e+03
6.295144376962694878e+03
3.914166200443385605e+04
-5.725936648499813373e+02
1.683593730675866391e+04
2.669274003607686245e+04
9.054836486934122149e+03
8.473572718138842902e+03
7.140511566123437660e+03
1.477464624840741817e+04
2.013960991757007150e+03
1.241946936237707087e+04
8.700889634997069152e+03
1.162539006990706912e+04
9.544012654198550081e+03
3.896581934745784565e+03
1.654745697393021328e+04
5.365226692505583742e+03
9.569426445650831738e+03
6.375698049229018579e+03
7.286038338495231073e+03
1.353505424382008823e+04
2.368550714024574700e+04
3.584777621973616988e+03
-3.997479646697872795e+02
1.328902204457709377e+04
8.753666316560324958e+02
1.337404973108546255e+04
1.772696271425967643e+04
6.979041470922900771e+03
1.581141315351696221e+03
-7.035079441831965141e+02
1.421176595820799048e+04
8.357430497467181340e+03
1.761104911024696548e+03
1.114595788960499158e+04
2.774604618320399823e+03
1.658382842894984151e+03
2.508651477614109899e+04
3.071580483921924315e+04
1.834416765014406337e+04
9.400702936396810401e+03
2.129830053278274499e+04
5.665442454627515872e+03
3.655219786177976493e+04
-3.480256794434312155e+02
1.438862291044888661e+04
8.154121026843406980e+03
9.891855826696886652e+03
1.455197141564756384e+04
1.687983900492184330e+04
1.544218295128445789e+03
1.050677962229520381e+04
1.383442892857769402e+04
3.843769567724219996e+03
4.860299280475805972e+03
2.818243638281282983e+03
5.783563580176361029e+03
2.110145811602084359e+04
1.567398551929777386e+04
1.113760887358977016e+04
1.871192479357879347e+04
7.242014541280817866e+03
2.153922339413253212e+04
8.060450452343955476e+03
1.430385340943871051e+04
3.496679552398200758e+04
6.746001678713691945e+03
1.099081438672813965e+04
1.011545438268086764e+04
9.242213936852316692e+03
7.631622028818999752e+03
-1.842928773155839963e+03
5.359839800689497679e+03
1.228362803468654602e+04
3.296780213051039027e+04
8.878863676179180402e+03
4.508767675228466942e+03
4.569990627529055928e+03
7.733177992628184256e+03
9.690727264599034925e+02
3.073363354527100455e+01
2.294376826567699027e+04
2.297357609862848039e+04
8.206889625888725277e+03
2.975011942213404109e+04
9.746118408275890033e+03
3.939697129386747838e+04
1.860783139360300265e+04
7.105925081706514902e+03
4.465839276652083208e+04
1.476883893142734632e+04
1.482819529078635242e+04
3.687748923860935975e+03
1.128381388039924059e+04
3.121269666745259747e+04
1.487962367331797759e+04
1.132469202354709341e+04
4.497099845829745391e+03
1.503719631909488089e+04
2.759063029137430203e+04
4.521593463948822318e+03
9.441766760346592491e+03
2.932555294991530172e+04
1.710888734933876549e+04
-9.765866593167261271e+02
-4.259723606843467678e+02
1.982998583618239354e+04
1.183223391255459865e+04
7.160650605407437979e+03
1.047846010853862026e+04
4.640227010836590125e+03
2.834119455125202876e+03
6.224055927094022991e+03
3.374030593355069868e+04
2.996863735129491397e+04
8.127530608380096965e+03
2.539778588934166692e+03
1.427457148724661420e+04
6.559026766606391902e+03
2.514570599039810986e+03
1.338234960897556084e+04
6.946421253515527496e+03
2.737461936357529339e+03
1.025238395723993017e+04
1.064391865671405321e+04
1.561013561680294697e+04
1.409559509318859273e+04
3.411662017430929154e+03
8.372024991396170890e+02
7.724134611696510547e+03
4.351231983641105035e+04
-3.490664015151837702e+02
2.006038004214092507e+04
4.355531906072014863e+03
7.828085110387579334e+03
5.914417953187848980e+03
9.231936659551420234e+03
2.173049577992262493e+04
6.686613200785152003e+03
5.568600514849520550e+03
7.750062807802515636e+03
1.726065409843998350e+04
9.178425905568870803e+03
9.190845902795112124e+03
1.880701494914824434e+04
5.299569669794058427e+03
-6.769664034862005337e+02
2.050564617798274412e+04
2.742566378987364715e+03
5.558501390155241097e+03
6.632360909117216579e+03
1.293622825812611154e+04
3.718778072065656488e+02
2.705096892300543186e+04
1.702946752686281616e+04
1.796144058977842724e+04
1.003937071620771167e+04
6.668272752190226129e+03
1.638422592819673810e+04
2.651244160955592815e+04
2.824126309703701736e+03
1.241623382267719990e+03
7.692603206575740842e+03
1.388903845778164759e+04
5.129098793549033871e+03
7.495717737181746998e+03
1.744622301073317431e+04
4.760501149501391410e+03
6.322437305645924425e+03
8.466574901515741658e+03
4.219437710208947465e+03
1.799287417453027956e+04
1.597223172741691997e+04
3.776981668512395117e+03
8.732201902491418878e+03
1.682219520697460393e+04
1.100307892148921383e+03
2.966029111772381293e+04
4.028457170926462368e+03
9.871170419739954013e+03
1.700623833143377487e+04
-1.381705946402107202e+03
1.556648570946198743e+04
4.715679809705573462e+03
1.535770476047824923e+04
-2.618056033857444618e+02
6.332184630899369949e+03
2.188674505824377775e+04
4.504540054950291960e+03
1.705551656363249640e+04
6.487140518992428042e+03
1.216947762050023994e+04
2.442756651333676200e+04
1.138468980844123507e+03
2.062216133832902779e+04
6.000857777184080078e+03
7.179218737987904206e+03
1.018719050999123647e+04
7.902779289888678250e+03
1.873485422642781714e+03
1.345588760556794114e+04
2.530998736932182146e+04
3.783215192363461028e+03
3.098263527633137710e+04
1.040494194214213167e+04
-2.839707279673361427e+03
1.986289753802453924e+04
1.913583069606042955e+03
1.860098170422443218e+04
1.478203538688300614e+04
2.047114389081591435e+04
3.012894153234944952e+03
9.168443816887083813e+03
1.012821237716690666e+04
9.353910593510223407e+03
3.775536714322678563e+03
7.542974911660196085e+03
1.751005905462261217e+04
4.012522229555845570e+03
1.196373872852989734e+04
2.750800008216128845e+04
8.233227687860802689e+03
1.467709031226156185e+03
2.943530990172556812e+03
2.231555720250517538e+02
2.301446201352060234e+04
1.582667436595168692e+04
8.599445161452595130e+03
1.599971179755007688e+04
4.854196089418116571e+03
3.401528972894509479e+03
1.809496146377319383e+04
1.192912148504274046e+04
-3.607595690121818279e+03
-2.748507596466147788e+03
-1.024165220747578360e+02
-1.343057286472994747e+02
1.585803231681737270e+04
1.122426375993386137e+04
5.447948731757867790e+03
4.384072276629797670e+03
2.339075007481587454e+04
1.219844449298055770e+04
2.348072198982345435e+04
3.029640402721300234e+03
3.198034808482052540e+03
1.088007778789895929e+04
1.969308004889059521e+04
2.318841156052259066e+03
1.847724933415966734e+04
4.981513453954505167e+03
-6.294464645203753435e+02
7.204189698471106567e+03
2.611125250242289439e+03
1.225123596282859495e+02
1.087039487462994293e+04
1.094269304272382215e+04
1.339476537009189633e+04
1.018700154030421800e+04
3.102386148774453977e+04
1.325992318072184207e+04
4.040000959710456300e+03
5.921290871962582969e+03
2.875502595153768198e+04
1.298013515095103685e+04
-2.509885748343270734e+03
1.069735792246664005e+03
1.481797868757989090e+04
7.282659089758190930e+03
6.239322302183682041e+03
1.408463400819204617e+04
3.005658382879576675e+04
1.407939445633037758e+04
5.241455673253045461e+03
1.022109010646856586e+04
-1.790062542586606014e+03
8.514304174587603484e+03
1.704404732573003275e+04
1.028065612151024470e+04
1.171488304623974000e+04
2.515448376827382890e+04
2.597053102174100786e+03
1.732198702083669923e+04
4.104846639314306231e+03
1.537295278336504634e+04
6.397813620430759329e+03
3.854078847244345070e+03
3.586038791066313570e+04
7.815818729046944782e+02
1.676698192952834142e+04
-7.915691345129168894e+02
1.513599721704151307e+04
2.611197441320030339e+04
3.056392101456683304e+04
1.201600202668431120e+04
1.561288334881081937e+04
-1.985124254878642205e+02
1.085597194183637657e+04
-1.247238386674973754e+03
5.841582039990431440e+03
9.552933925690262186e+03
1.587007857504487220e+04
6.294313468369821749e+03
1.287596812555293582e+04
1.434058805158019095e+04
1.080909933253425334e+04
1.419498796908824261e+04
1.032617336621352024e+03
3.758046450169335458e+03
5.725622376122510104e+03
5.295525673315337372e+02
5.611391207723380830e+03
3.735768452582467580e+04
3.874127058608671177e+03
2.371354620908565266e+04
7.175056075659705130e+03
1.024661916135306456e+04
5.480644762036512475e+03
2.061125599409127608e+04
1.138023284382788552e+04
1.944552787282416830e+04
8.905517305113291513e+03
2.617571997883626409e+02
3.180806421109527037e+03
2.059959016074683313e+04
7.676111684136254553e+03
2.762749566956028502e+03
4.132945649797436090e+03
9.825825387746765045e+03
1.610554906984974332e+04
-5.016994210491120612e+02
6.520420411667324515e+03
3.652740661886353791e+03
1.063758298727617512e+04
7.183267198600571646e+03
5.293558026845812492e+01
1.218624120884658623e+04
7.748415927042070507e+03
4.413980515487137382e+03
4.363061537934701846e+03
3.147176678974681636e+04
1.188718010904027142e+04
1.125455035745088026e+04
9.842036844095071501e+03
1.024648112821827817e+04
3.702106926485824806e+04
1.642857128323520374e+04
8.397687723365224883e+03
5.569842646313536534e+03
3.492970215151400453e+02
8.440291092786672380e+03
8.134136251568828811e+03
3.817872670295540956e+03
1.125157602356157076e+04
1.978892261022856837e+04
1.666026834898244124e+04
1.572165288868965035e+03
5.462511581131571802e+03
1.210547654943222551e+04
1.080263905428924772e+04
1.349382051544302885e+04
1.642906424488998164e+04
3.571057918384553341e+04
3.456150079554130207e+04
3.081616097352830366e+03
1.030662459084377815e+03
4.764374799771673133e+04
4.782471353355389510e+03
1.848765084287490390e+04
7.990610760812487570e+03
7.535125932473481953e+03
1.694720622880411975e+04
2.043921324787973572e+04
5.868673075526106913e+03
2.049148704144022304e+02
2.259201172229224539e+04
3.921820629552393257e+03
5.182481887688514689e+03
1.704396558082741467e+04
5.089169032999299816e+04
1.585316034719263735e+04
5.479160384949928266e+04
2.844536464755466295e+04
6.385963188885366435e+03
-2.551712844355399739e+02
-1.036409570138558365e+03
-1.369963685950085392e+03
2.086089198929467238e+04
-3.060329802736413285e+02
1.676710709224966922e+04
2.509894955453223156e+04
1.184497768248152533e+04
2.208573239136686607e+04
3.844564175333577623e+03
1.682633531255122580e+04
9.795433110755651796e+03
1.002246037474420336e+04
9.141932043143417559e+02
3.302024432778298433e+02
2.268918268581357552e+04
1.375256538204828394e+04
7.460058090701222682e+03
1.485137248292141157e+04
-8.431786161347698680e+02
1.475955352204581686e+04
3.714611141233699527e+03
3.684534043050760374e+03
2.481530588021772928e+03
9.781114282081400233e+03
5.262439789352481057e+03
9.017978422530921307e+03
2.082552978988410541e+04
4.235937987959852035e+04
3.964603735117936594e+04
5.554470060221235144e+03
5.598692321000962693e+03
2.801332623488099671e+03
2.094893209564538665e+03
1.989135680985675572e+04
1.753345325171366130e+04
4.279102158078753746e+03
4.915478016198379009e+03
5.218351869867927235e+03
1.162119148713248615e+04
5.865047335029693386e+03
1.454631350572177325e+04
1.728622395120608053e+04
7.436705933028937579e+03
1.541528254737768657e+04
1.666471462375159899e+04
2.194594428266499744e+04
1.989117796641345558e+04
-5.331506518291621433e+02
2.806188193056590535e+04
6.234801411073389318e+03
1.857207948980516903e+03
3.846096832805563281e+03
2.542528301678367484e+02
3.426599467982962324e+03
4.917881222963620530e+03
1.278879500215527059e+03
2.315982909973663482e+03
4.749282687862181774e+03
9.813095144284969138e+03
2.845433400982877720e+04
6.702779513738038077e+03
6.821664039637807946e+03
2.134334998400386030e+04
2.335487627524208074e+04
1.706721857860201999e+04
1.011327809869912016e+04
1.773967999399875407e+04
1.158497265348584187e+04
2.383743326905197137e+03
2.041971049157428934e+04
5.727722710662774261e+03
3.832844777988117130e+04
1.322421890829165204e+04
6.377771132727875738e+03
7.601011075921611337e+03
3.097700405480709378e+03
2.324650907915776043e+04
1.374345968057253776e+04
2.677278541767788738e+03
1.482866327025883947e+04
1.327480396076275429e+04
9.495253627371859693e+03
2.975625687954728846e+02
1.058795453093502874e+04
6.969133071096408457e+03
2.401529817485563854e+03
1.087856967043211807e+04
1.596814284235970990e+04
9.963444410836191309e+03
3.825716475427248952e+03
7.826471077365924430e+03
8.730140406409933348e+03
9.113426904464316976e+03
4.725783907927389919e+03
1.967605146469252577e+04
3.349858343612753379e+04
8.861612925197036020e+03
4.358221323710056822e+03
1.286343558599945027e+04
2.234077034178724352e+04
3.826805926804666342e+03
7.483319875406079973e+02
1.305459303773457214e+04
2.824965364704696549e+04
2.339137487592371144e+03
2.169201085745444288e+04
1.004821249999033853e+03
1.993654163763963879e+04
1.126424308426756033e+04
1.137769680107886597e+04
1.362006708056689604e+04
3.453645515175262699e+04
4.670681917553090898e+03
1.748369242824521280e+03
6.673086238045165373e+03
2.476854766419853695e+04
2.328434703923649431e+04
1.957650974520392629e+04
-1.844001640521099148e+02
1.059522419344689661e+04
1.315195319511328762e+03
3.095822227926095366e+04
1.549495887141612184e+04
1.230677431654976681e+04
7.329385679016272661e+03
1.974402526282927283e+04
1.509403395168302632e+04
4.117588872326125056e+03
3.959272206063523299e+03
4.446046510172372109e+03
3.002726039878200754e+04
1.847932525382996755e+04
8.561143169423663494e+03
1.582046828769915010e+04
6.245129619005496352e+03
7.043778736082446812e+03
4.220059954812075375e+03
2.596967378166571871e+04
1.435112674082696321e+04
-9.203406275675092729e+02
9.026969982834305483e+03
1.220210251200334824e+04
4.136159928700118144e+03
8.018664989389493712e+03
1.248847053148859050e+04
6.022512485809301324e+03
1.132972039919687268e+04
5.505962408719617088e+03
8.812273657580622967e+03
1.423847439019733429e+04
8.012642258268942896e+03
2.593682564364287464e+04
2.402810640426681493e+04
2.020575492491484329e+04
1.242258947058969534e+04
6.381857526456675259e+03
1.965193846889176348e+04
5.149601926374532923e+03
3.796236888575556804e+03
-5.760277935306885411e+01
1.720714213219064550e+04
9.728978497802645506e+03
-1.111243024335881501e+03
3.804483896911901866e+03
9.454131358259606714e+03
1.434668801872387303e+04
2.278839056659485504e+04
5.048851799144227698e+03
9.419244026731836129e+03
3.426155472629498399e+04
3.176810598106172165e+03
1.364249279227011357e+04
2.587816534295937527e+04
1.283704446458310940e+03
2.719702554451337164e+03
6.906495565732631803e+03
9.784414596216582140e+03
1.131250608664063066e+03
2.074597931793326279e+04
5.357333721789198535e+03
6.134127695834436963e+03
7.628828445572148667e+03
1.773001970896102648e+04
1.985983173955370876e+04
1.213083461695384904e+04
3.709733454115503264e+03
3.996786136445149168e+04
1.261407121666585590e+04
1.400108650513505927e+04
1.205840553248698234e+04
3.534596282367746608e+04
4.234755682040554348e+03
1.519830563601862741e+04
8.970936709072268059e+03
1.613660195159041177e+04
2.660359941693263318e+04
1.714386969394590415e+04
7.216118363864158709e+03
1.422357284249788245e+04
4.677993996448955841e+03
4.311862581660590513e+04
2.630212650911849050e+04
3.660746010364460744e+03
2.287225076844435898e+04
2.103315168229269329e+04
8.861709639439526654e+03
7.337194974142411411e+03
-2.218643241817121179e+03
1.762640903259303013e+04
1.644029464287375231e+04
2.178622211497435273e+04
2.940539557102682011e+04
1.115786494504242182e+04
1.746331534596913480e+04
1.623078792808977960e+04
1.731917849377789753e+04
1.811632491423979445e+04
6.672026940587157696e+03
5.191062982904097225e+03
1.969058942280802148e+04
1.412613361642801283e+04
9.158791540134152456e+03
1.364750241962289510e+04
-1.910364905351625112e+03
2.316623557879178406e+03
1.124606724521993601e+04
1.305114054951300568e+04
1.356699583816711674e+04
1.959856670102477074e+04
3.436971745376343279e+03
5.703275882000220918e+03
9.277275370082115842e+03
7.123703162734105717e+03
7.882130909091533795e+03
1.823774850571562274e+04
4.522927281278753981e+03
2.056998407188984856e+04
6.071139412209648981e+03
6.429270224519668773e+02
2.825157630866813633e+03
2.305946355986861454e+04
5.324431123674674382e+03
4.493242577459842323e+03
1.063445521038550214e+04
-4.079263332966072539e+02
3.470951269381977909e+04
2.597401709606420627e+04
-1.104972704410549795e+03
2.849039198698249675e+04
3.305770773679325794e+04
9.824788484963321025e+03
8.341656117573265874e+03
1.982664982797737321e+04
1.526449148564799725e+04
8.913329293242581116e+03
1.299502086432581564e+03
5.883656756123912601e+03
1.076356514443984452e+04
4.505397364945391018e+03
2.360179034554984537e+04
2.649530808142251772e+03
6.544760653528382136e+03
5.900997607199343292e+03
1.248261013526851275e+04
2.297547525451112597e+04
8.337257290846559044e+03
1.209335183683765354e+04
6.731942129419830962e+03
1.755622490029275286e+04
1.406538565987534275e+04
3.471835429913186090e+03
2.203944472767913248e+04
1.163360334584433622e+04
2.603619769181536412e+03
-1.304938167182998995e+03
-8.176096893288988667e+02
3.891479829912870173e+03
4.250633682585737006e+03
1.279837396918967670e+03
1.740506103472175892e+04
4.532697809731997950e+03
5.759137268559928998e+03
2.679574897898675772e+04
2.797034733146552389e+04
6.793505592481305939e+03
8.332447063792547851e+03
4.810939585885252200e+03
3.683051410941187896e+03
1.208896043742151232e+04
1.785229948257536671e+04
1.534033996644137733e+04
3.639770642901146493e+04
1.565094328338267360e+03
1.819695400140576749e+04
2.426210346338047202e+03
1.462693268113166232e+04
9.164501443589235350e+03
3.826630083144131277e+03
2.486798013269769399e+03
3.641628936168722703e+03
1.226159159778667527e+04
3.013882401570431830e+04
2.203261912867561114e+04
2.263785850436161581e+03
2.195034278907241969e+04
9.483941434381897125e+03
1.249888752344554996e+04
9.482519136288870868e+03
3.005435558267024135e+03
1.764508865636874179e+04
2.638187219095816999e+03
1.672690836902331648e+04
1.193971474052212761e+04
1.500150780889378439e+04
9.771811355909896520e+03
6.009779523177610827e+03
2.616538330074579790e+03
7.395343055110118257e+03
1.320513704898295509e+04
6.522426589405997220e+03
1.865104426572569764e+03
1.412717867322940037e+04
1.173691440383180088e+04
1.537897206494811508e+04
6.105865963226604435e+03
1.556659042128377951e+04
9.036590820604647888e+03
6.340885887517549236e+03
1.631810506378305763e+04
3.437556265944477673e+03
4.590664949090834853e+03
6.988801900027450756e+03
5.866205456962356038e+03
-1.659996522853448369e+03
1.683009316002068545e+03
1.383034651873571966e+04
6.142592131313816026e+03
1.332124675708223322e+03
1.117582877346813257e+04
1.638590807219618000e+04
1.112040931640285089e+04
7.497871778933554197e+03
1.405033017322709202e+04
2.105945666138592969e+03
1.079248792230435720e+04
1.090440964534569684e+04
3.388742164418992616e+04
1.181826444678491862e+04
1.593939097771334491e+04
9.520534430900475854e+03
8.668123980062766805e+02
7.140055840726919996e+03
3.191300397126226017e+04
2.438860582041603266e+03
5.261717362630437492e+03
8.138896582201734418e+03
3.228126546858246002e+03
9.695411036026131114e+03
6.619248283628989157e+03
2.793258204879627738e+04
-8.750016231725576290e+02
5.782568208872678042e+03
1.134194305508131401e+04
1.151644736070886756e+04
1.724309193616030461e+04
2.101591701286873285e+04
1.416375619325843218e+04
1.365156949845994859e+04
1.472910221794308382e+04
7.574224442461760191e+03
1.267349042023252696e+04
9.022365123392732130e+03
8.743772998654767434e+03
1.520488479989576263e+04
2.766868277982426207e+03
2.488623091868755182e+03
1.636582446873391382e+04
4.740642593962697902e+03
9.095957019742036209e+03
2.513346679401641086e+04
9.697960007041849167e+03
3.663124803500173584e+03
2.164429732671993042e+04
6.808800387205186780e+03
1.039124756968239126e+04
8.019001712732037049e+03
9.591429204053303692e+03
1.451343533198354999e+04
4.638008133183499012e+03
1.052007866580462178e+04
2.036515793365782520e+04
1.901439694941748894e+04
2.071409422932101734e+04
7.786536434067889786e+03
1.508799363827340130e+04
8.300421636199913337e+03
3.930413260692922449e+03
2.284914923461645230e+04
1.069292836601172166e+04
9.305189499212250666e+03
6.747674930288741962e+03
4.981210088494496631e+03
5.945748211944521245e+03
1.653816754300056346e+04
2.720262901673761371e+04
8.845244380623738834e+03
2.375287240101058160e+03
1.269748527286390890e+04
2.721221929783227552e+03
1.385404832283178803e+04
3.419267682722074824e+04
1.773230715325344363e+03
1.324368104765173939e+03
1.080751519622560409e+04
1.111651690356273866e+04
7.149413131418174089e+03
1.700065218009239834e+04
3.482931621046610962e+04
4.572043590909664999e+03
8.259775737994577867e+02
3.868530861721407564e+04
-7.605435723802314669e+02
2.007317426510374571e+04
1.496541120099158979e+04
5.776612543182336594e+03
2.653974326077179740e+03
1.170220044394600336e+04
6.005572267713547262e+03
5.176657610718554679e+03
8.336836593135294606e+03
4.466350981715226226e+03
2.204106980712869699e+04
8.529216992495890736e+03
1.808705817708057657e+04
1.941141305489161141e+03
2.490886432248116762e+04
1.645302651056835020e+04
3.489145879422466351e+03
1.016979449567799566e+04
9.446910129251231410e+03
2.573333428869998170e+04
3.431060289239350823e+04
-2.017068295803981300e+03
2.290474403070182598e+04
1.816101285517960423e+04
1.190284372944312418e+04
1.508832164933820241e+04
9.588975004858386455e+03
4.721938269808940277e+03
-1.512440759704352331e+03
6.008650197368880299e+02
5.053267844575536401e+03
3.987452633241420699e+03
3.644635650260650436e+03
1.307473086205541404e+04
1.375422257114853710e+04
8.785991157482312701e+03
1.463299413169817672e+04
1.409000452982983916e+04
4.555975101386591996e+04
1.645228887672712517e+03
3.611371933905368223e+02
5.861869230705969130e+03
1.250884356357585602e+04
1.047004951906995848e+04
2.031749949932100208e+04
1.299692688957438349e+03
1.626048937499908425e+04
1.858176879445476879e+04
1.093423745779951059e+04
2.995888439948009363e+03
3.071971132931869306e+03
2.624981891077748514e+04
2.242496691255487895e+04
2.409542082799343348e+02
1.786005181063029886e+04
2.417024448957545610e+04
1.593113013532119339e+03
1.526088641418575207e+04
-1.165160233275429164e+03
1.335581678402609396e+04
5.609257571260945952e+01
1.666760641448396200e+04
2.166476539846745709e+03
7.172441428452711989e+03
2.675436743715513876e+04
3.715525476845570665e+03
1.704856842423374019e+03
1.031237616448259359e+04
7.022598720103429514e+03
1.305582132847963658e+04
-1.631066323575625574e+03
1.146244574667620327e+04
6.270819710793663944e+03
7.186858115717075634e+03
1.885637333905453852e+04
2.154293579534142555e+04
3.996032618837519408e+02
1.128893135510108914e+04
8.460065679326746249e+03
2.207615541256745928e+04
1.552331342392009537e+04
1.818127545806809212e+04
2.575404707863684962e+04
2.507716308323162957e+04
2.602773286679949888e+04
-2.793754498910151597e+03
2.253096679918088194e+04
-1.009436404436559883e+03
5.670006114632253230e+03
1.286415579341233570e+04
2.308114366251921456e+04
2.506817633337342704e+04
1.323436397855588439e+04
1.339961916209059382e+04
1.090560800475684118e+04
1.113868529539319024e+04
1.271184069641181668e+04
1.073661635934799779e+04
-1.234933563529038565e+03
8.548593237285705300e+02
2.190157595002403104e+04
2.745859725079636064e+03
1.561128499560649288e+04
8.359921969357135822e+03
1.041957371409706138e+04
3.169442916505958237e+03
3.108336313871886523e+04
3.180721873623761894e+03
7.543727562596712232e+03
1.119604614878101529e+04
1.771552923202841339e+04
5.135840356884295943e+03
3.494493899034570495e+04
7.181578923901882263e+03
1.716833896851470126e+04
2.113809681584003920e+04
8.102051120211294801e+03
2.279430147555368421e+03
1.951477588328925412e+04
9.723832682162919809e+02
1.147750120607506324e+04
1.090023752502546085e+04
1.356352111271007016e+04
-2.539794372739949722e+03
2.357447259634804141e+03
3.550703404774000774e+03
1.811104097379643690e+03
1.549809733376824443e+04
1.248547565059110639e+04
7.631715996709299361e+02
1.392753983097867604e+04
8.223729920346584549e+03
1.149785173031189697e+04
1.239946333310800037e+04
7.457989567313960833e+03
4.199094091548614415e+03
1.180404151259436549e+04
1.000594432279844477e+04
2.156480453745539126e+04
1.253380035126850271e+04
2.682699109870011671e+04
4.288394224429828228e+02
1.068426607877559218e+04
1.176157587180971677e+04
4.884043670107700018e+04
6.284232290101390390e+03
-4.974702258957747745e+02
1.836629449184038094e+03
8.898186580369094372e+03
3.646058847681824773e+03
1.074558887442252671e+04
1.935819728543680685e+04
9.552485139758189689e+03
1.997337512212117144e+04
1.686683625688718894e+04
1.077158805902389031e+04
1.226120404873019288e+04
1.032559470102057094e+04
2.632035086114720252e+04
1.286654009471585960e+04
9.597711761151045721e+03
3.112139022295578798e+03
7.819849037762848639e+03
1.333796075639054834e+04
1.342214423636189713e+04
8.620013638592370626e+03
3.846843633545106059e+03
1.712307175516513780e+03
2.567860101689089424e+04
6.995176636785078699e+03
8.642209817345363263e+03
6.290511658945628369e+03
7.848455508006589298e+03
1.469537453535771601e+04
1.297068539330560270e+04
1.985749028490139244e+04
1.899891409754857159e+04
4.670292752131903399e+03
4.481323058655381465e+04
4.898650729431374202e+03
4.651139607853173402e+03
