-1.460000000000000000e+03
-1.377509873457782987e+03
3.002180367545676290e+03
2.491459257595191502e+03
2.125494954003048042e+04
1.503694119913656777e+03
5.663325967049250721e+03
3.389712089920763901e+03
2.067172015411733810e+04
6.209724301441539865e+03
7.735117857729219395e+03
3.683133938186118485e+03
4.121865530126817248e+03
1.161032556140533052e+04
9.214074572492801963e+03
2.455042109895598696e+04
1.021920175484711945e+04
1.401897544391808333e+04
3.065534749989672491e+04
1.475132052768624453e+04
6.845751827554806368e+03
-9.499498263880416289e+02
4.879913834385906739e+02
1.024916096111265347e+02
2.122004635520095690e+03
4.013136440348614997e+04
1.404040123459676579e+04
1.498417816049575413e+04
-2.413603004233209504e+02
1.687830358139570671e+04
1.129042609467102739e+04
1.900920426910272909e+03
3.303104858891027561e+03
1.676621714832702128e+04
3.632844727226688065e+03
2.293612961052127957e+03
5.320915270002315083e+03
1.815683048986604990e+04
1.145517342242827544e+04
4.619140359100991191e+03
-1.094192064722128634e+02
1.985769128695025211e+04
1.894035223688703582e+03
-1.700262954633523577e+03
5.334952749913228217e+03
9.063630930338578764e+03
1.366841487687553490e+04
1.119055273993540322e+04
1.441845794363191817e+04
1.270866408639680594e+04
4.451211518734267884e+03
1.303379347854596199e+04
9.944385269433390931e+03
9.560419958961521843e+03
7.962576093971471892e+03
1.058500229024033251e+04
8.771154968301777899e+02
1.711367229400546421e+04
1.209805810599933466e+04
2.691367607264658000e+04
2.334151240649127431e+04
2.567707183388066551e+04
2.457148506683026790e+04
1.979477710296413761e+03
1.407067865459385575e+04
7.234502929855488219e+03
1.289574661170749459e+04
6.358338497249260399e+03
1.853285449266962132e+03
2.549052079199522268e+04
9.423856512713858820e+02
9.947390261695552908e+03
5.605681872391960496e+03
5.152807676274543155e+03
6.136471096038796532e+03
1.355192936405693399e+04
8.651129074337135535e+03
8.490483374672516220e+03
1.194311482477825484e+04
1.749123901827033114e+04
1.629560781248125568e+04
2.729336396362876621e+04
6.717741733706086052e+03
2.668527248171846441e+04
1.992067569462237225e+04
6.488705761598411300e+03
1.215229445159651186e+04
1.560565494294173914e+04
3.498813657322317795e+03
7.047401903485365438e+02
1.574525810844749140e+04
1.096157872181728635e+04
4.936424340153344019e+03
2.805690798313260075e+02
4.463896415636006054e+02
1.437002438547536076e+04
1.014538561899278648e+04
3.855623670456983746e+03
1.306970030718227099e+04
1.105052380085391815e+04
5.934977201103290099e+03
2.002354832907260970e+03
9.477249469533891897e+03
1.835946085641008540e+04
3.514098205275924101e+03
5.845269566501410736e+03
2.609895026628308187e+04
4.277234945817480912e+04
2.366781811873277547e+04
5.071301476392899531e+03
1.846771359930735707e+04
1.731509763455871962e+03
3.277738850250924315e+03
5.846485926756546178e+03
-1.360067494787603664e+03
9.019331899077855269e+03
1.782130839684372040e+04
2.245124983299554060e+03
2.295842595931331380e+04
9.105954660519333629e+03
3.584337338591954176e+04
1.759138760694877783e+04
1.088538246255734521e+04
1.645414562417108027e+04
1.471912218691901444e+03
3.540785610293883656e+04
3.988612067237418159e+03
8.100283936203190024e+03
4.406934133823012417e+03
2.376575094405748678e+04
9.069107732842850965e+03
1.788215490980329378e+03
4.789687367108914259e+03
4.492571243329598474e+03
4.836627820744438395e+03
1.719328696007071630e+04
1.735537885685764559e+04
1.108646678942737890e+04
1.882222061496081551e+03
9.036182177450802556e+03
1.452852693304815875e+04
1.276610383249218285e+04
1.100727926087412743e+04
1.155071273041725544e+04
2.477411056990626093e+04
5.633051324177627976e+03
6.522490365956441565e+03
-7.325160722870074324e+02
-1.802012392527706197e+01
8.227722515738860238e+03
1.764177911566159673e+04
7.617511678616583595e+03
2.411632933923051496e+03
1.828777835522971600e+03
7.739320252818441077e+03
8.106377050568771665e+03
7.731801219973209299e+03
1.129145061808636456e+04
1.000139703845698750e+04
1.144045962930667883e+04
1.370793603419455212e+04
5.535447528000172497e+03
4.289001324017072875e+03
9.592331434698076919e+03
8.939572690339573455e+03
4.176088732687899756e+04
4.227155017107279491e+03
7.072941005285424581e+02
4.046461513896979341e+03
9.300004445893511729e+03
-2.902584270874012873e+01
1.976247495216238804e+03
9.877056008803167060e+03
4.817856657907397675e+03
8.581810763019419028e+03
3.169973576831968785e+03
3.727600418014406750e+04
2.119760164145985527e+03
1.589614526214385842e+04
1.991195843871983470e+03
5.823003721929041785e+04
1.364769437288555309e+04
9.050617899964869139e+03
8.321923158921603317e+03
1.198677470338029707e+03
1.692093811096754735e+03
4.652170772866178595e+03
1.550121352349146036e+04
3.801606109876376195e+03
3.717186570957705499e+03
2.387669696722239678e+03
1.461135232374414954e+04
2.539199892877253296e+04
1.581892078178977863e+04
6.559735178719020041e+03
1.117483748697501869e+04
-2.073599042213388657e+03
6.912172322737886134e+03
6.837942167949801842e+03
1.265745085420304713e+04
1.551434298613712053e+04
1.561143006017244488e+03
1.210842601928381919e+04
3.381338207098924613e+04
4.118164514278652496e+04
5.459551794741541016e+03
-2.329036586369223642e+03
8.366760000676369600e+03
3.427634574245172189e+03
1.865535143976237805e+03
1.029435557150735804e+04
4.958850189692454478e+03
4.385053848980162002e+03
1.301243867660828073e+04
2.035920251779623868e+04
1.085912453622465546e+04
1.375279095908964337e+03
8.001856587509777455e+03
3.330697511796948675e+03
2.093698548627758100e+03
6.232424287106967313e+03
1.412403026625394159e+04
7.870224329217014201e+03
2.331897837567695751e+04
5.373993004862009911e+03
9.133402931529721172e+03
8.750072311405436267e+03
7.641548555690445937e+03
4.449075824051158634e+03
-7.106144583790705838e+02
-2.740159660915543895e+02
1.281612555322206572e+04
1.670496228538057039e+04
8.606757549104610007e+03
1.666088030517094739e+04
1.227124138780622161e+03
4.814657308835142430e+03
4.974897184860085872e+03
1.080156887506765634e+04
7.155086306326144950e+03
1.101508587390494540e+04
1.786589075817880075e+04
1.537281864904766917e+04
8.425975584282006821e+03
2.735645342602911114e+04
6.091531804560983801e+03
3.262519685689370363e+03
-1.334036375111138341e+03
3.073641218204207689e+03
2.129990206132713865e+04
3.478938370716111422e+03
1.347382220275996133e+03
1.931471436633509438e+04
2.893814272398232788e+03
1.260580846228150222e+04
3.412965978105839895e+04
3.276406825479741019e+04
6.077513307217705005e+03
-1.337760616312349953e+02
5.688567693622038860e+03
2.150861490502777542e+03
-1.284086319368665045e+03
1.874610057300182598e+04
1.938898769410013119e+04
5.110668576602239227e+03
8.854801835138471233e+02
3.674131608662698909e+03
8.907557381547287150e+03
2.032789469970251230e+04
3.828286255915375659e+04
1.478488612343652858e+04
4.896978925580073337e+03
8.603545559767826489e+03
1.658643792025886796e+04
2.258603819994027435e+04
1.516567187496604220e+03
6.578979863210347503e+03
8.253746417562610077e+03
2.830400098176371102e+03
5.336301153809096832e+03
2.139811705035886189e+04
4.028974780313829342e+03
3.894073648984826832e+03
1.326266383887808843e+04
1.442162852014205600e+04
1.446192970896076258e+04
4.740097931290680208e+03
4.030761249072267674e+04
1.851968588837391144e+04
1.435139302596761081e+04
1.919092229628473433e+03
9.251087528367206687e+03
1.384043453625591610e+04
6.779302770710347659e+02
1.331865063634370017e+04
1.187889320310475523e+04
4.605180945419984710e+03
1.023571737060922601e+03
4.920471636560356274e+03
8.458421355964890608e+03
1.090686370733333933e+04
-2.050523590201822572e+03
1.158326917023193710e+04
9.178724661306265261e+03
5.566234041190956304e+03
4.381765307239766116e+03
1.488109888248089192e+03
1.127961067460805316e+04
8.540624846260509003e+03
6.789597986733760990e+03
1.391249962701044933e+04
5.864830945002275257e+03
1.410941960880668148e+03
2.108929534771550152e+03
4.487684157965479244e+03
2.132384035914740161e+04
1.471969111136970423e+04
1.492996050122440647e+04
1.830562717396453081e+03
6.406679635791302644e+03
6.032700740061377473e+03
7.200616186342521360e+03
1.250821246227476513e+04
1.791757435836070727e+04
1.964354009605887313e+03
4.545730066995361085e+03
1.298200022064383847e+04
4.452998421677026272e+03
1.476593422775848694e+03
7.884875913777461847e+02
5.214311055158857016e+03
1.463537378549703863e+04
5.544532179272179746e+03
3.639394392653162413e+03
2.114591179304022444e+04
8.509845782069314737e+03
1.598836730818948308e+04
1.522824197123738304e+04
1.193483986155185812e+04
4.620197429336161804e+03
5.906808381233136970e+03
1.310227537664993861e+03
2.715771552878856710e+03
4.724174526325894476e+03
1.980859903670381027e+04
2.960183899751406443e+03
5.033752493197501281e+03
1.964524279400932983e+03
2.779625321347656609e+03
2.605645736537136690e+04
9.486790001560464589e+03
1.076129275351354590e+04
2.067269251595194874e+04
5.985996667637709834e+03
1.351271435964435295e+04
1.336191856975154587e+04
5.448949569300471921e+03
1.974101427671348210e+04
7.120060659913169729e+03
3.162737861339226220e+04
2.123045977631561254e+04
1.484434488232826516e+04
7.326280389173029107e+03
3.592785429688291515e+03
2.826758725661195786e+04
1.014321447472106911e+03
4.219269121184406686e+03
1.858473395961403639e+03
9.428074307815637439e+03
1.586483059733631853e+04
1.060257642341071187e+04
1.641398987102775936e+04
7.901998998925776505e+03
1.875098804043848213e+04
1.230412738452826852e+04
1.381523362883241862e+04
3.465983605591984997e+03
6.295812813974294841e+03
9.042345623178802271e+03
1.367715916775518235e+04
7.297808505952276391e+03
1.660630964394450712e+04
4.825358869149464226e+03
1.991942620706654998e+04
2.689256144727760329e+03
6.663127793214957819e+03
5.150436934429728353e+03
3.817075057178598217e+04
1.923273758186953501e+03
3.707190023285894858e+04
9.241909314234291742e+03
3.517223528284968779e+03
2.752431777379723826e+03
1.514231957024390977e+04
2.629957107905309385e+03
2.472863405522441462e+04
1.125286663401853366e+04
8.148575216608993287e+03
8.247116229313160147e+03
1.213224436341521323e+04
1.213009163870563134e+04
8.252474718423107333e+03
1.505590017367681867e+03
7.026587830750656849e+02
1.169038800159262792e+03
1.328052488268465822e+04
1.473153150579280464e+03
2.429396407124212783e+04
-3.174260761729253773e+02
7.504405263803686466e+03
9.734983866075232072e+03
3.078847892556972874e+04
3.445088041166753101e+04
8.251130127163236466e+03
9.460499601784880724e+03
5.202253704725233547e+03
4.794153713078000692e+03
2.462644382902863435e+04
1.081752714859020125e+04
7.409229482696067862e+03
-1.494638300340612659e+03
5.452053364519945717e+03
6.122464974558408358e+03
5.038183842937602094e+03
6.195086557989914581e+03
8.041241670176426851e+03
6.030772887421060659e+03
9.592170637075738341e+03
3.999573546121544041e+03
1.350829621746591147e+04
2.392878306163362868e+04
-6.821874672912206279e+02
4.620522896368921465e+03
1.580790413231670527e+03
1.141984331845378620e+04
5.887469493095124562e+03
1.371409507771955396e+04
1.431638551838662170e+04
1.250808952174609112e+04
1.705080532425556612e+03
2.214363159355104926e+02
1.416366063133999523e+04
2.294322127538796485e+04
1.203938962222471127e+04
1.546069441267985894e+04
-1.684745607983833224e+03
4.062074477509418102e+03
2.575506799653965118e+03
8.073471628130727368e+03
3.986413915265499782e+03
2.638346330627623684e+04
3.516759032788649620e+03
8.638739294672412143e+03
4.465426489114889591e+03
3.316028195116067945e+04
8.016401301218870685e+03
1.860998668766318951e+04
9.568104611486616704e+03
4.493092257320298813e+03
1.297181877111978247e+04
9.844193692911578182e+03
3.527590847933563055e+03
3.816997036829008266e+03
1.013876442448398302e+04
8.284691613719383895e+03
8.602929540479915886e+03
1.029349034269232652e+04
2.748386268021415162e+04
2.017990780852592707e+03
2.096409535881753982e+03
1.955961508185669572e+03
1.453083209413645454e+04
1.871003969996794331e+04
7.648993175828824860e+03
2.814913063219989454e+03
2.893509264923659430e+03
5.297589281073971506e+03
5.964391249502976279e+03
4.517195715020555326e+03
-8.748783000958052298e+02
2.223282890238064283e+04
2.123052686576862106e+04
9.459169875937004690e+03
4.276567622060232679e+03
7.055567540061941145e+03
2.454918885173253148e+04
6.631911033177322679e+03
6.339530738975958229e+03
9.566942860542167182e+03
1.172494622170293223e+04
1.279006786026278496e+04
4.662702148344948910e+03
2.781962586034000560e+04
5.953361217761653279e+03
8.822461726374140198e+03
5.939751207494633491e+03
6.925166683630682201e+02
-1.548507988369567556e+01
3.346163390003677705e+03
2.204732165809621802e+04
1.161336581085704711e+04
1.031388786070510469e+04
3.348438081803029490e+03
3.482569917572245686e+03
3.950169666932903510e+03
1.740334466955098105e+04
1.268724712015377372e+04
3.094600776284694075e+04
4.816951264933859420e+03
2.043900510375645354e+03
1.245328154151029230e+04
1.174929223028193155e+04
2.666027615730531397e+04
1.930891525320611981e+04
3.785406179288146632e+03
1.141173980067155753e+04
1.196680860995772673e+04
8.491844252572986079e+03
2.600138907506756368e+04
1.571920358502088493e+04
8.223903657534534432e+03
2.446491496676458337e+04
5.213280253180651926e+03
2.144646624217585122e+04
3.040704027529183077e+04
1.428545908785490610e+04
5.022692344739456530e+03
8.548059479824172740e+03
7.060083788537482178e+03
1.092503151826239082e+04
3.957070309076254489e+03
3.423081269582935784e+04
7.891392876103179333e+03
7.448689828086445232e+03
9.991526501376534725e+03
5.917205784407948158e+03
1.485106080474679584e+04
1.657378496715447454e+03
1.339415750664308871e+04
3.070139594083354950e+03
2.221448249262254467e+04
8.557322952574842930e+03
5.406825158447179092e+03
2.159146191009877657e+04
1.077088343808417994e+04
1.517028626284111670e+04
1.908933886038832043e+03
3.923319129797658206e+03
1.580388224167155022e+04
3.489105841701319878e+04
1.793291082890823236e+04
6.879376463327042984e+03
1.688444575843954590e+04
8.809626696663015537e+03
9.975035991582459246e+03
2.646258157776777807e+03
1.327342812063958263e+04
2.536393732651848040e+04
1.433749084358147957e+04
1.624962186243894394e+04
8.753281633291033359e+03
5.049826047630365792e+03
5.076573271946733257e+03
3.193914361073515011e+03
1.934243033089192977e+04
1.112106851714313962e+04
3.122983899855291838e+03
1.779399946726541384e+04
3.831456215054558561e+04
2.551722027447392520e+03
1.665405399383289114e+04
2.750728512084447175e+03
6.403292256736526724e+03
5.722450836234614144e+03
7.351543601113332443e+03
1.272846287851722809e+04
6.248361578299200119e+03
9.341331963513870505e+03
8.581413538578259249e+03
2.758424178245605071e+04
3.042221571962783855e+04
7.753233109340106239e+03
2.837029379005600731e+03
1.233662619524790443e+03
1.604854053483974167e+04
2.076406568356939260e+03
2.278999542004891191e+04
1.964003606844131355e+03
4.645565908976896935e+03
4.791642450391955208e+03
1.183610403845725159e+04
1.575718863996851360e+04
2.746669692539451717e+04
-7.077584145318496667e+02
1.264683716408543114e+04
-5.182243491632522137e+02
6.586656851481164267e+03
4.836743871407718871e+03
8.833993126063123782e+02
1.238139141119766464e+03
7.364299927662594200e+03
1.824067542442523336e+04
1.578565694266369974e+04
3.641745337875186124e+03
1.548989178432924200e+04
9.240221757177789186e+03
4.285530603417836573e+03
8.571973858375935379e+03
1.015360299528686664e+04
3.506708235837206303e+04
3.073073719745094058e+04
1.123942401412229447e+04
7.517004321444067500e+03
6.640492966984306804e+02
-1.840491608118309387e+03
1.680197547627428867e+04
1.211031877506318096e+03
1.795796011323975790e+03
3.340821100635394396e+04
4.643496473063295525e+03
5.115387826103447878e+03
6.056974356063873529e+03
1.696531046378747124e+04
2.053454437625462742e+04
9.434749044129796403e+02
2.262052016483564876e+04
2.594598711119713244e+03
1.101814686616717336e+04
6.203236993336986416e+03
1.667541701424013445e+04
1.077854429179199997e+03
7.393595067922897215e+03
4.490194983364104701e+03
7.971961237872948914e+03
1.283963875937823104e+04
1.194288142849736505e+04
7.945618350742824077e+03
2.031966135033442333e+04
3.731925292010188059e+03
2.601840445154120061e+03
7.530535383266233111e+03
2.192978584373905687e+04
1.698594817677232641e+04
8.352701969821206148e+03
4.440314427250155859e+03
1.438126507400851006e+04
1.511619968776547830e+04
2.087838798063250579e+04
3.759161907887295092e+04
8.662497667749732500e+03
2.081028481368725261e+04
4.970456002418187381e+03
2.286210073033372282e+03
5.559880532238748856e+04
1.459721006747900901e+04
8.353117432629976975e+03
-9.927387071147961706e+02
1.091358320372938579e+04
9.814908484589544969e+03
8.075838171149473055e+03
6.689764957595231863e+03
1.276789581077931871e+04
1.975560522841041802e+03
1.633226160005897873e+04
1.081988865463013553e+03
1.355390901310992376e+04
1.331156522577665419e+04
4.641958516609993239e+03
2.566445662854058901e+04
1.277454673995772464e+04
1.279825526037748205e+04
2.357120488363682398e+03
5.879766657422702701e+04
4.078656438361589608e+03
3.073195485196111622e+04
1.635374680440327666e+03
8.944410576247684730e+03
1.271702247071031707e+04
4.956881077580350393e+03
-1.022393283369627625e+03
2.337808123450103267e+03
1.235309986605953327e+03
7.706642315809330285e+03
1.778127433291338821e+04
2.750188588113479636e+04
3.368161447696592404e+03
5.782405848160119604e+03
1.394727036893007244e+04
1.690135029694132390e+04
1.915087682336085345e+04
2.976038412285092818e+03
7.753214509505038222e+03
1.067116640694987609e+03
1.197477344509485192e+03
1.123496194061122878e+04
2.533645753013042849e+04
-8.319953309288218861e+02
4.326713229324144777e+03
1.011549452836136516e+04
1.552015392816930216e+03
9.260553256050576238e+03
3.383173464830910007e+02
6.494020551541818350e+03
2.408378822143868456e+04
3.793903107910759445e+03
4.536075993225506863e+03
2.196268848919065931e+03
1.164107343912385477e+04
4.048515563974116958e+04
2.600399714111803769e+04
4.334010875207162826e+03
1.209850502560222230e+04
8.771363412783992317e+03
1.951613507264495274e+04
2.614211750700956691e+04
1.993467681325089188e+03
1.860130615322826270e+04
1.113161919124941414e+04
9.444621821479775463e+03
3.460456327920855983e+03
1.870299895557793934e+04
1.014720859747986287e+04
1.072803491616810061e+04
2.147738781869310696e+04
4.277100820738291077e+03
1.245031242997912159e+04
9.304121111979076886e+03
3.807817011639354860e+03
1.098211885080690990e+04
1.350533356405027371e+04
2.804752895624683151e+04
8.752902685076043781e+03
1.401106289670549450e+04
2.143991801280896652e+03
2.407634967283683363e+04
1.140169949116804491e+04
9.546453157549298339e+03
1.039559940395396916e+04
1.788004993189811648e+04
1.316811903125892240e+04
1.801144167488965468e+04
2.684322486204186862e+04
1.148418028568653062e+04
9.387365693992536762e+03
1.121971183611185916e+04
1.553418898535244807e+04
2.059445186225703947e+04
1.827775832183053717e+04
2.342612292387781781e+04
1.378220268579857111e+04
5.230409782223231741e+04
-7.684751777528306320e+02
1.300820637684283065e+04
4.566647854089336761e+03
-2.467013972898339489e+03
6.643844054472090647e+03
3.712498921076684383e+03
7.034911647893256486e+03
3.721538049274691002e+04
2.976480832667659342e+03
4.625953700520112761e+03
8.072206689082721823e+03
8.604358065761183752e+03
1.219214394646384335e+03
1.752346444416626400e+04
1.010803120081133602e+04
1.192005887133967190e+04
2.415223844832037503e+04
3.653869163096200737e+03
7.880503578647184440e+03
2.535589251671153033e+04
2.203924503892115172e+04
6.568477872648669290e+03
2.991376925179140380e+04
5.949893301496900676e+03
2.664742776996290922e+04
1.688120297604346342e+04
1.292458171748290624e+04
1.802361962548743031e+04
-8.828392438041688592e+02
4.356468537818833283e+03
3.903138948702570815e+03
4.155753154878291753e+03
6.784168622252329442e+03
3.100914414359188413e+03
3.620341294725435546e+03
1.584996529222663412e+03
2.342613357202010957e+04
2.040615094270601548e+04
2.138058552629089718e+03
1.576768628553075177e+04
6.898367507535971527e+03
1.308386195454045446e+04
9.646723612976689765e+03
2.395899421423533931e+04
1.905201628081751551e+04
9.953662096431953614e+02
1.934074777832886321e+04
2.962625605217793418e+04
1.378197966127235668e+04
5.588423237805039207e+03
4.763597331553679396e+03
1.739802366828951199e+04
9.645991322711695830e+03
9.691061941150479470e+03
4.113578168658507821e+03
1.274932652059773682e+04
4.079354360970939160e+04
1.137284721297333090e+04
3.796180497031700725e+03
4.570803977859667611e+03
4.087756113600493677e+02
7.164094094690896782e+03
1.343586063389884430e+03
1.217862402429512622e+04
4.473495791335039030e+03
1.725440256324406073e+04
2.349888898527777201e+03
1.396108505091064899e+03
2.725599133111744959e+04
3.597121799669076609e+03
1.612267027325335039e+04
1.376750848948642670e+04
6.543665468566080108e+02
4.689912127597196559e+03
1.766307016713604753e+04
2.232036854857184517e+04
9.237496037428994896e+03
-1.424364985702433387e+03
8.120830598154388099e+03
4.034223180280982888e+03
2.793820606794480682e+03
2.019242207088389478e+04
3.331409955540748797e+03
5.915060227997926631e+03
6.104985477482237911e+03
8.170630560441889429e+03
-1.458126754923472390e+03
1.089593037985085539e+04
4.797147047967711842e+03
8.453993884793657344e+03
2.978711213961611975e+03
1.733825502913026867e+04
8.571180499936692286e+03
1.671815247832814930e+04
6.696066417018209904e+03
5.129249266738812366e+03
3.080865971331571927e+03
5.067893946518334815e+03
3.074966768689121182e+03
1.136897298660419256e+04
5.080200641825189450e+03
4.588334770961910181e+03
9.893518275708742294e+03
3.444169333945567814e+03
1.172432740486382681e+04
1.104127637000094546e+04
1.243971468586258015e+04
2.618972534083941719e+04
1.075949868674932804e+04
1.090552712869489187e+04
1.800078304100357855e+04
4.131953005822579144e+04
-1.033186230839909740e+03
3.810074228598164154e+03
1.574284159963189813e+04
5.263926893057934649e+03
5.000853365208987270e+03
9.180580638958437703e+03
5.692378391039266717e+03
2.485766851175212651e+04
3.393798055539781217e+03
1.475413669125077104e+04
1.050640760133804724e+04
3.686386824912202428e+03
4.577872297748124765e+03
1.899382784387073116e+04
1.650693175541184610e+04
2.366852397497071070e+04
2.652934298128309365e+02
2.508514600745278585e+03
8.875306934930635180e+03
1.043799108418139440e+04
1.838591356922083150e+03
2.043690060689625625e+03
6.172621472751876354e+03
1.079035241026278163e+04
1.395136456732552688e+04
4.067123296552019383e+03
7.873850632800326821e+03
2.604308726060650315e+03
8.108514351554791574e+03
8.109666638291168056e+03
7.933767020780021994e+03
5.657670302305365112e+03
-4.433401446139343989e+02
1.046417385941620341e+04
2.852389036097439384e+04
1.257433745884982818e+04
1.162331931173191879e+04
2.625747055605349487e+03
1.144538539070087791e+04
1.422475527233266985e+04
3.694206797523088608e+04
6.592471992072156354e+03
1.295396062262108717e+04
6.043997103288168546e+03
1.211385218782780066e+04
2.005406267638557620e+04
1.088986185595873030e+04
7.212828564580730927e+03
6.568911283755271143e+03
1.147295127421886536e+04
1.650267405095231516e+04
1.111449511231533324e+04
2.234694806464336580e+03
1.345259184891790210e+04
1.504513035604459674e+03
1.070622854998481853e+04
1.055081857209498412e+04
1.048981164373577121e+04
2.930932190378997348e+03
9.799314277926021532e+03
2.712202516320255199e+03
8.076194663611213400e+03
1.604147688121529973e+04
8.954702736697101500e+03
1.896135882548188238e+04
1.899288735058348175e+04
1.087418559490351981e+03
2.063972380135652929e+04
1.477313297556218458e+03
1.212870119920625257e+04
1.784072842894255518e+04
1.503626676728551502e+03
6.244708545788656920e+03
1.285390809516895752e+04
1.806655076380904211e+04
7.905575899444094148e+02
1.747756083583187501e+04
1.549405299760540584e+04
2.306690001568652860e+03
8.261100152477851225e+03
2.589438996578493516e+03
1.631644641384795796e+04
2.698126519842520793e+04
3.539079268074004176e+03
1.198576825248080240e+04
7.378953119897528268e+03
1.226225234538413815e+03
3.520120283632985957e+04
1.724062911006147260e+03
2.075758857555640589e+03
-3.049633639572407446e+02
1.166449885185240055e+04
1.243344142082311009e+04
3.788105223890591787e+03
9.638005164163754671e+03
9.318533738253738193e+03
9.450841789441161382e+03
1.021236562983903241e+04
-1.559562288189434184e+03
7.070322774824140652e+03
1.314971674009984963e+04
7.680447851546925449e+03
6.549278804586099795e+03
8.665028404024513293e+03
4.427469342482919274e+03
3.203713663976230237e+03
1.936816696356942339e+04
1.092026802968827724e+04
1.952504541088515907e+03
7.794905603105373302e+03
8.292222558032931374e+02
1.307141110346882488e+04
1.695404805877610488e+04
8.902154487348416296e+03
7.088424591282790061e+03
1.006121871846161594e+04
9.070661960638586606e+03
2.376496069302927481e+03
1.456134030269353934e+04
2.287410471625120408e+04
2.057880108909962655e+04
1.158458319107107172e+03
1.039510556626453035e+04
1.873967850361277669e+03
-3.664967184218091916e+02
5.441174032059052479e+03
1.076627930311975797e+04
5.059318720089678209e+03
7.231908921487534826e+03
7.053620173567338497e+03
1.696818220775944837e+03
4.217621567402845540e+04
1.535485165221137686e+04
8.417839963442556837e+03
1.227718809859066641e+04
2.278200943818565793e+04
4.652312704958923860e+03
-5.929232446290462804e+02
1.761155915406189888e+04
2.774679780915913580e+04
1.874777762249308944e+04
3.399329725093695743e+03
2.022227640514780069e+04
7.650524387918514549e+03
7.869557880860928890e+03
3.345455488329381296e+03
7.072647772269161578e+03
3.383939812017508757e+03
9.106600616236499263e+03
9.831360244684521604e+03
4.925716133910922508e+03
9.437705536186898826e+03
1.017943795315224816e+04
4.240658006420216225e+03
2.577849059140482132e+04
6.289582674288438284e+03
7.057228384737296437e+03
7.694956986020610202e+03
2.883999131670392217e+03
7.765439779344770614e+03
4.652388796729591377e+03
6.568654310035830349e+03
1.588485379984554493e+04
1.259311136593783522e+04
5.657306924796713247e+03
-1.472875486363345544e+03
2.100639947018296880e+04
1.513848403592217801e+04
4.211670021856388303e+03
1.615453850855012388e+04
9.163682783310649029e+03
1.016794869556786216e+04
1.704684077882317433e+04
1.408697187158623092e+04
1.227335281510735149e+04
5.802381801844444453e+03
2.324230413188303646e+04
1.414673642316165024e+04
6.055332569367628821e+03
1.074418595730048219e+04
5.994901954857041346e+03
5.965754400384333167e+03
3.725894494541082167e+03
2.323828201893572259e+04
7.534091537190235613e+03
2.826882183246963177e+04
2.347988055743555833e+03
4.495122062739158537e+03
5.157131859680568596e+03
1.689157037755706551e+04
6.982835924810647157e+02
2.086971724034989893e+04
6.214394915987589229e+03
3.707959251521749138e+03
1.199675266748314016e+03
8.987278749952411090e+03
1.539781874279891053e+04
8.408010506664882087e+02
2.866695683193255172e+04
2.567295563630436845e+03
8.360448390125077367e+02
1.456504195036295459e+04
1.345015781799310207e+04
5.106540434157978780e+03
1.592994303011994270e+04
1.934701378561728052e+04
1.162951576803013040e+03
4.815757067578180795e+03
7.141718496622835119e+03
1.863273429064778611e+03
6.364499877221258430e+03
2.854237695604535475e+04
6.593307193934244879e+02
4.776697818808790907e+04
1.228560686019127388e+04
2.458178003834525043e+03
3.268925324149231528e+03
1.006398862655577432e+03
8.858549032734947104e+03
5.925419007145863361e+03
4.143211041926625330e+04
6.946901510096068705e+03
4.451698763429419614e+00
-1.547631535011188816e+03
1.893758327540621394e+04
1.250678941886225221e+04
-9.200324021095734679e+02
1.236135776173658633e+04
2.647250604177750574e+04
8.651559251906159261e+03
9.364784691292894422e+03
1.197395851776438394e+04
1.508767561748212984e+03
1.539348895161079963e+04
9.303109920317208889e+03
3.057464559431111411e+04
8.743623645370536224e+01
6.540172729211564729e+03
1.185484814391558939e+04
1.956265218934131553e+04
3.463862411871415134e+03
8.000339021400192905e+03
2.411764932656094607e+04
1.484314053775461434e+04
9.227933599646188668e+03
1.352026004076045683e+04
2.796100022540483678e+03
6.460042560735560983e+03
2.973166322305327412e+04
6.188274337032811673e+03
1.373031455418156111e+04
1.387925597667313559e+04
1.402481262013439118e+04
8.624244193433127293e+03
1.127802627637868136e+04
3.515886341588087089e+04
1.087812411634112868e+04
1.155978538694010786e+04
1.376228496845647896e+04
2.864630259366430437e+03
1.571646187676494264e+03
2.414430298279848648e+04
2.502153103041729992e+03
2.203715766403473935e+03
2.423741077629893880e+03
2.728554198041166273e+03
4.710434504984513296e+03
3.339694700979162008e+04
4.903777360969719666e+03
2.919746513666860847e+04
2.744887105398508538e+03
2.003009782574598285e+04
4.237399272252753235e+02
-6.194939217724013361e+02
2.002443099799931952e+04
3.920582262218936648e+03
1.433378237178508243e+04
1.513008199131882429e+04
5.245779699797469220e+03
3.602714250851020552e+03
5.167802830492448720e+02
1.274640211154200188e+04
7.167095709546253602e+03
5.733193392210007914e+03
1.524620073057425543e+03
1.358828897069160848e+04
6.830049654708694106e+03
1.624513853679323438e+04
2.587205164594807229e+03
1.519647360182237026e+04
8.652192541069467552e+03
5.451394097959867395e+03
3.877285908219835983e+04
9.166806591319475501e+02
2.264335905160388575e+04
1.951873465273023157e+03
1.043686972050779514e+04
1.722870089617856502e+04
3.805678934972889692e+03
2.170219413294495462e+04
6.483221161575736005e+03
1.191821727069687313e+03
9.380560948147530098e+02
-9.427046914082826561e+02
4.762702193230012199e+03
3.070936669028276356e+03
1.509305440220318451e+04
1.586783654517541618e+04
7.325444915300524372e+03
6.360239033589889004e+03
5.716404117040585334e+03
9.727886817670378150e+03
1.422644276316261085e+03
3.286124447558425345e+03
8.443191041820784903e+02
1.344161124702372945e+04
8.688762464599747545e+03
2.185600499174908327e+04
7.421145880365340417e+03
1.870294297485941206e+04
2.239856297372277186e+04
3.317833315930390199e+03
2.307901626880581171e+04
2.904695764737882928e+04
1.046371118126711008e+04
1.270656594441579500e+03
5.609885684720365134e+03
1.181404899894121627e+04
-1.615370971821258536e+03
3.110886879161246270e+03
4.595937045744130955e+01
3.749865333524008747e+03
1.952719327635501713e+03
9.475644140339361911e+03
3.906352922397234579e+03
1.446739214714136142e+04
7.318657763915840405e+03
1.226335263365867286e+04
1.793831503202257863e+03
6.897548426577465762e+03
9.280104518175496196e+03
1.311853628857533113e+04
3.344336034134450892e+04
1.629015893131352868e+03
3.925402966404485142e+03
7.092163314261171763e+03
1.617464509201229157e+04
1.774136091203893102e+03
3.271369308469084444e+03
1.667377426863759320e+04
2.841674880304943144e+04
3.299054348349494103e+04
1.513433208661652679e+04
2.212515185334382841e+04
2.502776407250609736e+03
1.597189098127439320e+04
3.972025167831163344e+03
6.895453987508687533e+03
1.409188113101215095e+04
2.899154235379418969e+04
8.818752611247016830e+03
3.919549503522529449e+03
5.728653027066451614e+03
2.835462058355750742e+03
1.180654596492195378e+04
3.391259057156865310e+04
9.904039399736381029e+02
1.956663946587167084e+04
5.230470507682208336e+03
3.760191405450816546e+03
5.165022893351317180e+03
9.273377169194107410e+03
4.288193191236298844e+03
1.706948031944979084e+04
1.568172133684487562e+04
1.230623374645445892e+03
2.294898974074607395e+03
2.862517460988218318e+03
8.080159367450441096e+03
4.304955639067665288e+03
5.154524722605940042e+03
2.501507358845057752e+03
1.327489194861441683e+04
4.834655792229170402e+03
3.335208153448584198e+03
5.950219040973596748e+03
8.356926104792553815e+03
8.206130067493410024e+03
1.854924702251236795e+03
2.683220639514388313e+04
1.970210551354835479e+04
3.255197490260870836e+03
6.536418310944935001e+03
2.181157947522407085e+03
8.630235169861367467e+03
1.482420025655277823e+04
1.773329491113310360e+04
1.421315213161431893e+04
2.890338908009362513e+03
1.410815708651644627e+03
2.158295058883035381e+04
3.391189186338255240e+03
1.257798444008457955e+04
3.291368353703011962e+03
2.865871141094366249e+04
1.798570125289401039e+04
7.834422952707522199e+03
3.285351264575793721e+03
1.076953513372800808e+04
1.441482954084101038e+04
9.910269916968967664e+03
1.379556636295370845e+04
1.163069890289514206e+03
7.532845579260468185e+03
7.995471362293761558e+03
1.112919215672015343e+04
4.678537015023242930e+03
9.489907122989057825e+03
1.953725624150337899e+04
1.429770477332911105e+04
4.456645541297027648e+02
2.145861382373802826e+03
2.045369051464177028e+04
5.707651635049691322e+03
-1.771754156976499189e+03
9.700138297792915182e+03
5.995727212542297821e+03
2.762516695012961918e+03
4.738470246649715591e+03
1.663831463069701385e+03
1.003127954121915718e+04
1.246655915900762193e+04
5.976347253233747324e+03
1.985095185143807976e+04
4.659045431910375555e+03
6.238134395129953191e+03
5.381411098580971156e+03
3.097047112013463448e+03
1.043998969133532228e+03
1.102221596967265214e+03
2.317366693553929508e+03
1.255703892069666153e+03
1.196638739795121728e+04
2.599727257312822076e+03
1.748851626873645728e+04
2.406822623760508577e+03
5.563030263920327343e+03
2.564150611776560254e+04
4.867240427872367945e+03
4.311110053952819726e+03
-1.251871965268743224e+03
1.151319873417099870e+03
2.277193539037802111e+04
2.815813019909496688e+03
9.151153606283562112e+03
6.377209902566725759e+03
3.489612636970331369e+04
1.291604313976636877e+04
2.316212279650571145e+04
2.121271900680222643e+03
1.343152891020423885e+04
1.383467239746142695e+03
1.990808103960981316e+04
1.186229642993633752e+04
1.903740603887440375e+04
2.474038485941229737e+03
-3.583429318854251733e+02
8.513646262266938720e+03
-1.787109524933495322e+03
9.447717678293716745e+03
5.003629466743453122e+03
1.056095829320315715e+03
3.748886161580461703e+03
4.428851168833596603e+03
6.155280386850351533e+03
9.299768560882614565e+02
2.044615475884249827e+04
2.132464214608320981e+04
3.885933088657747248e+03
1.312887142356976801e+04
4.505039719929129205e+03
2.671186472162979771e+04
1.581826106812085163e+04
1.970635812108654500e+04
1.426588398171079461e+04
-2.026985564036742744e+02
4.443774517891250071e+03
9.460665348441678361e+03
1.566782103310654566e+04
7.030630276895210045e+03
5.898094396674243399e+03
2.185779509347375279e+04
4.486373510285024167e+03
9.545078151051489840e+03
8.950852734431058707e+03
1.700174395227470814e+04
1.067639512414294586e+04
-9.884349223667122715e+02
5.131161538507099067e+03
4.507533989581850165e+02
1.525013635721178616e+04
4.187748701789985716e+03
6.284432074052763710e+03
2.223597905974811147e+04
1.199885101472440965e+03
6.972878579956621252e+03
1.499155814637711228e+04
2.093546433841414546e+04
2.140647622962584592e+03
4.535937198548467131e+04
3.102740007430262267e+03
6.519326704449824319e+03
4.334183299165304561e+03
2.330636246868462331e+04
1.118626388389448039e+04
6.544019811913418607e+02
4.157520102428818063e+03
5.166440088729720446e+04
3.955194642712021960e+03
2.459486806152747886e+04
1.386402656463254971e+04
1.380412739925716778e+03
8.395628517454075336e+03
6.198691208689453561e+03
4.396674061596832325e+04
7.132541460048462795e+03
4.074128518012726659e+02
8.618627753050059255e+03
3.524841232191160543e+03
1.811453459056433348e+04
9.518316555146418978e+03
2.612072708081409473e+03
1.652572334912601946e+04
6.036247351475315099e+02
1.202273345461557801e+04
3.602272026873029972e+03
2.155662256482286102e+04
8.555777494757785462e+03
3.260940380646652557e+03
1.047678105396609681e+04
1.017025945577169841e+04
8.483779428265881506e+03
6.372058612811611965e+03
9.680438280675209171e+03
9.109836766388922115e+03
3.655322525857732398e+04
1.029655374522259808e+04
3.635582216699421224e+03
7.083627060492698320e+02
2.389761254214594373e+03
1.020029342740707216e+04
6.166734011770844518e+03
1.795575015506969794e+04
1.180321883016170432e+04
3.159239611272954335e+03
1.299687409055707576e+04
2.760568025682136431e+04
1.894323815309666315e+03
8.007324486114202955e+01
1.345409304362019793e+04
1.102858911084927058e+04
-4.137583139184856691e+02
1.075833714473786313e+04
3.493133714980510376e+03
7.177025404932986021e+03
2.735500585029945432e+04
4.035720191460844944e+03
9.339985736954846288e+03
1.245947272791777505e+04
1.550731803757889793e+04
1.981251832199703586e+03
1.348651503183271052e+04
2.089843529650478376e+04
3.719673588523196486e+03
1.329169885426837209e+04
9.123339039822725681e+03
1.775414864228672377e+04
9.407104435263903724e+03
1.116230083650138113e+04
5.305968775257542802e+03
4.286186901610937639e+03
7.407817166779474064e+03
1.837352686332669009e+03
1.710442394564219512e+03
1.302017020777153994e+04
2.099023384635415823e+03
3.880756321375536572e+03
1.519229797927203617e+04
4.030031121981352953e+03
1.132612167202855198e+04
6.390833470748857508e+03
9.081898759380393358e+02
2.396171584401378277e+04
1.252083322387720182e+04
3.057897257631595130e+04
8.563715761985840800e+03
7.441991777633222227e+03
2.486610654649480057e+04
-2.300200934125393815e+01
8.401467842618943905e+03
-6.356001191048477494e+02
2.877996820732904325e+03
1.802514080058179388e+04
2.998551112285149145e+01
9.561455209994775942e+03
1.577311012603751442e+04
6.100884194455103170e+03
6.508670064889278365e+03
2.201125099922664594e+04
7.810478834660647408e+03
1.617373261927751628e+04
-7.042491307306515864e+02
1.047697254467022503e+04
5.074222763247326839e+03
1.163281740018878281e+03
1.449195784540626482e+04
3.833412565533501947e+03
5.680150391110099008e+03
3.608926270875548653e+03
1.905636202007982138e+04
1.279270994064187835e+04
1.525567549662799684e+04
1.664891334045787880e+04
5.642494053461083240e+03
5.536934817669516633e+03
8.298396080903199618e+03
1.812558698115431253e+04
9.703709052859918302e+03
-3.975060032725951942e+02
2.663363176800242400e+03
1.502561707658792329e+02
1.999784412833773968e+04
1.351481353449030939e+04
3.662122504885046510e+04
2.129629676601198662e+04
3.974698690701359283e+03
1.810189356397798838e+04
