8.018768708033568691e+05
7.102180850726615172e+05
7.802825079419875983e+05
8.249960899526310386e+05
8.799900374801250873e+05
9.841762299299342558e+05
8.029810486218542792e+05
8.228185088764289394e+05
7.391649011843017070e+05
8.545946046827096725e+05
9.032715476215758827e+05
9.569491981930690818e+05
8.332093926098337397e+05
7.846907049495771062e+05
7.827291087774559855e+05
7.418899498689251486e+05
8.343157202988446224e+05
9.354917824762309901e+05
8.340787556887066457e+05
9.456840269769988954e+05
7.257902415200114483e+05
8.424659646466937847e+05
7.060729042190933833e+05
9.374613775874983985e+05
8.316920336210662499e+05
8.203328959509039996e+05
9.166411336212444585e+05
7.217568617336171446e+05
8.626045820065451553e+05
7.579101021505020326e+05
