8.539670410156250000e+02
7.689172363281250000e+03
9.325644531250000000e+03
1.157365429687500000e+04
1.247581445312500000e+04
1.162817187500000000e+04
1.212765625000000000e+04
1.135477734375000000e+04
1.057229492187500000e+04
1.034794042968750000e+04
1.308120800781250000e+04
1.668563476562500000e+04
1.611412500000000000e+04
1.384333496093750000e+04
1.420381640625000000e+04
1.265593652343750000e+04
1.595315625000000000e+04
1.949436718750000000e+04
1.874837109375000000e+04
1.563615722656250000e+04
1.642625390625000000e+04
1.375256640625000000e+04
1.707334765625000000e+04
1.827135351562500000e+04
1.882590429687500000e+04
2.005751757812500000e+04
1.693218554687500000e+04
1.832015429687500000e+04
1.923515234375000000e+04
1.729300976562500000e+04
1.817577929687500000e+04
1.913357617187500000e+04
1.989960937500000000e+04
1.743344531250000000e+04
1.779471093750000000e+04
1.770619531250000000e+04
1.614543359375000000e+04
1.673256054687500000e+04
1.729378125000000000e+04
2.137864453125000000e+04
1.755745898437500000e+04
1.819562109375000000e+04
1.815168359375000000e+04
2.070070703125000000e+04
1.890958984375000000e+04
1.724745117187500000e+04
2.170543750000000000e+04
1.957682421875000000e+04
1.843167578125000000e+04
1.995639843750000000e+04
1.697617968750000000e+04
1.779161328125000000e+04
1.790694140625000000e+04
1.830051562500000000e+04
1.765142187500000000e+04
1.801353906250000000e+04
2.014845312500000000e+04
1.914425195312500000e+04
1.970989062500000000e+04
2.090110937500000000e+04
1.756980273437500000e+04
1.865636328125000000e+04
1.908391796875000000e+04
1.850740234375000000e+04
1.752425781250000000e+04
2.093327343750000000e+04
2.075054687500000000e+04
2.023280664062500000e+04
1.839875195312500000e+04
2.010555078125000000e+04
1.766983789062500000e+04
1.499137304687500000e+04
2.216504687500000000e+04
1.628083203125000000e+04
1.820484765625000000e+04
1.867184765625000000e+04
1.654967968750000000e+04
1.854893164062500000e+04
1.678965429687500000e+04
1.876850000000000000e+04
1.827822656250000000e+04
1.639532421875000000e+04
1.891278906250000000e+04
1.683761132812500000e+04
1.535451953125000000e+04
1.795221093750000000e+04
1.885098437500000000e+04
1.877696289062500000e+04
1.498797656250000000e+04
1.604985742187500000e+04
1.887504101562500000e+04
1.726189453125000000e+04
1.681085156250000000e+04
2.094394531250000000e+04
1.755789843750000000e+04
2.041564843750000000e+04
1.770195312500000000e+04
1.512018945312500000e+04
1.595614550781250000e+04
1.725305859375000000e+04
1.895534960937500000e+04
1.930100000000000000e+04
1.836861914062500000e+04
1.654381250000000000e+04
1.975914843750000000e+04
1.762146093750000000e+04
1.979600000000000000e+04
1.825263867187500000e+04
1.668416796875000000e+04
1.728718359375000000e+04
1.697451757812500000e+04
1.879741796875000000e+04
1.738485937500000000e+04
1.997373046875000000e+04
1.673602929687500000e+04
1.774077539062500000e+04
1.712524023437500000e+04
1.988301757812500000e+04
1.737450585937500000e+04
1.968517773437500000e+04
1.579768945312500000e+04
1.453791406250000000e+04
1.788334765625000000e+04
1.558187792968750000e+04
1.716560156250000000e+04
1.827411328125000000e+04
1.928134765625000000e+04
1.657990820312500000e+04
2.145175390625000000e+04
2.031584375000000000e+04
1.725032812500000000e+04
1.893787500000000000e+04
1.551373632812500000e+04
2.134589843750000000e+04
1.861580078125000000e+04
1.483790039062500000e+04
1.589563085937500000e+04
1.560612500000000000e+04
1.982736718750000000e+04
2.036424609375000000e+04
1.903966015625000000e+04
1.825000976562500000e+04
1.953323437500000000e+04
1.554491601562500000e+04
1.496952734375000000e+04
2.125665429687500000e+04
1.906572460937500000e+04
1.786667968750000000e+04
1.736940234375000000e+04
2.031637890625000000e+04
1.744330859375000000e+04
1.910886718750000000e+04
1.870130273437500000e+04
1.859353125000000000e+04
1.844366406250000000e+04
1.723060742187500000e+04
2.008746484375000000e+04
2.156437500000000000e+04
1.829324609375000000e+04
2.006104687500000000e+04
1.720201562500000000e+04
1.890185156250000000e+04
1.852396093750000000e+04
1.669244921875000000e+04
1.820351562500000000e+04
1.606546875000000000e+04
1.662462109375000000e+04
1.745891796875000000e+04
1.575451855468750000e+04
1.719178125000000000e+04
1.613829101562500000e+04
2.102509375000000000e+04
1.803040820312500000e+04
1.826702734375000000e+04
1.490472363281250000e+04
2.077596289062500000e+04
1.804743554687500000e+04
1.966309375000000000e+04
2.059411523437500000e+04
1.776495703125000000e+04
1.809969531250000000e+04
1.596965722656250000e+04
1.964502343750000000e+04
2.316860937500000000e+04
1.884314257812500000e+04
1.802018164062500000e+04
1.835193945312500000e+04
1.860112890625000000e+04
2.033338476562500000e+04
1.803261914062500000e+04
2.061715234375000000e+04
1.800495117187500000e+04
1.607330273437500000e+04
1.901970703125000000e+04
1.680677929687500000e+04
1.878676953125000000e+04
1.920499023437500000e+04
1.938272656250000000e+04
1.833094531250000000e+04
1.690939843750000000e+04
1.863132812500000000e+04
1.622514160156250000e+04
2.168685546875000000e+04
1.977787109375000000e+04
1.900852148437500000e+04
1.943857617187500000e+04
1.662027343750000000e+04
1.792432031250000000e+04
1.969066796875000000e+04
2.075947656250000000e+04
1.828648046875000000e+04
1.965876757812500000e+04
2.125710546875000000e+04
2.025831054687500000e+04
1.616284375000000000e+04
1.985832226562500000e+04
2.566217187500000000e+04
1.916138867187500000e+04
1.913469140625000000e+04
1.800243359375000000e+04
1.801795117187500000e+04
1.894889062500000000e+04
2.149461718750000000e+04
2.337135351562500000e+04
1.955546875000000000e+04
2.034669531250000000e+04
2.290805859375000000e+04
1.827458203125000000e+04
2.054280859375000000e+04
1.791794531250000000e+04
1.861379101562500000e+04
2.023763085937500000e+04
1.919482812500000000e+04
1.902741601562500000e+04
1.968274609375000000e+04
1.999414843750000000e+04
2.244386718750000000e+04
2.253261718750000000e+04
1.938589648437500000e+04
1.754788281250000000e+04
1.565341210937500000e+04
1.802943359375000000e+04
1.799214257812500000e+04
1.827674414062500000e+04
1.692931054687500000e+04
1.974904296875000000e+04
2.535303125000000000e+04
2.026953125000000000e+04
1.791359765625000000e+04
2.206151562500000000e+04
1.867653125000000000e+04
1.873131640625000000e+04
1.691649609375000000e+04
1.719569726562500000e+04
2.071282421875000000e+04
1.902488281250000000e+04
1.661091210937500000e+04
2.244996875000000000e+04
2.032242382812500000e+04
2.003701953125000000e+04
1.959011914062500000e+04
1.893458203125000000e+04
1.817662695312500000e+04
2.353674609375000000e+04
2.210804492187500000e+04
2.003589648437500000e+04
2.167455468750000000e+04
1.489426953125000000e+04
2.047677929687500000e+04
1.915160156250000000e+04
1.786239257812500000e+04
1.717252148437500000e+04
2.092017187500000000e+04
1.832816015625000000e+04
1.548722851562500000e+04
2.252924609375000000e+04
1.807519531250000000e+04
2.134499804687500000e+04
1.881235546875000000e+04
2.006000390625000000e+04
2.122903125000000000e+04
1.601846093750000000e+04
1.953727734375000000e+04
2.132395312500000000e+04
2.388954687500000000e+04
1.727391796875000000e+04
1.867577734375000000e+04
2.648560546875000000e+04
1.953237890625000000e+04
2.021331054687500000e+04
1.757213671875000000e+04
1.895354492187500000e+04
1.615973828125000000e+04
2.213373242187500000e+04
2.149111718750000000e+04
2.333938085937500000e+04
1.971961132812500000e+04
1.576656445312500000e+04
2.122646484375000000e+04
2.272630078125000000e+04
1.884328515625000000e+04
1.754310546875000000e+04
2.347226953125000000e+04
1.787983203125000000e+04
2.220630078125000000e+04
2.369282812500000000e+04
1.952615820312500000e+04
1.669385546875000000e+04
2.014572656250000000e+04
2.687085546875000000e+04
1.815560351562500000e+04
1.600637695312500000e+04
1.819529296875000000e+04
1.707007812500000000e+04
1.877352148437500000e+04
1.832039257812500000e+04
1.965701757812500000e+04
1.952278710937500000e+04
1.696606445312500000e+04
2.024600976562500000e+04
1.737667968750000000e+04
1.724014062500000000e+04
2.354784179687500000e+04
1.992374609375000000e+04
1.943520703125000000e+04
1.786355859375000000e+04
1.935901953125000000e+04
2.100251171875000000e+04
2.049004687500000000e+04
2.276598632812500000e+04
1.772313085937500000e+04
1.997395312500000000e+04
2.116890625000000000e+04
1.841668554687500000e+04
2.072021093750000000e+04
1.840263671875000000e+04
1.621016113281250000e+04
1.918326953125000000e+04
1.652616992187500000e+04
1.792753906250000000e+04
2.137150000000000000e+04
1.904914648437500000e+04
1.991605078125000000e+04
1.997417578125000000e+04
2.136380273437500000e+04
2.071395312500000000e+04
1.740786718750000000e+04
1.968542773437500000e+04
1.992976171875000000e+04
1.994591992187500000e+04
1.978991015625000000e+04
1.888641015625000000e+04
2.115811523437500000e+04
1.750705468750000000e+04
1.851679687500000000e+04
1.931660156250000000e+04
1.643304101562500000e+04
2.110058203125000000e+04
1.925384375000000000e+04
1.460250585937500000e+04
1.810191406250000000e+04
1.734139843750000000e+04
2.151001953125000000e+04
1.512975195312500000e+04
1.665959179687500000e+04
2.094359765625000000e+04
1.810356250000000000e+04
1.847551953125000000e+04
1.952206640625000000e+04
1.710931445312500000e+04
2.296775976562500000e+04
1.932423437500000000e+04
2.170661132812500000e+04
1.983249804687500000e+04
2.040448242187500000e+04
1.567199121093750000e+04
2.123872460937500000e+04
1.985559375000000000e+04
1.884943945312500000e+04
2.153142578125000000e+04
2.027324218750000000e+04
2.029271484375000000e+04
1.818597656250000000e+04
1.761039062500000000e+04
1.960255859375000000e+04
1.727206054687500000e+04
1.724449414062500000e+04
1.997368164062500000e+04
2.286187109375000000e+04
2.008822851562500000e+04
2.204481640625000000e+04
1.958867187500000000e+04
1.879493554687500000e+04
1.973464843750000000e+04
1.748341015625000000e+04
1.602080273437500000e+04
1.596063867187500000e+04
1.832883593750000000e+04
1.936783593750000000e+04
2.275935546875000000e+04
1.895453125000000000e+04
1.969984375000000000e+04
2.113479687500000000e+04
1.628017285156250000e+04
1.755151953125000000e+04
1.946132421875000000e+04
1.840778320312500000e+04
2.249264257812500000e+04
1.865850000000000000e+04
1.630568847656250000e+04
1.921873046875000000e+04
2.316241992187500000e+04
1.602936328125000000e+04
2.003680078125000000e+04
1.868804492187500000e+04
1.593765429687500000e+04
2.145554492187500000e+04
1.932194140625000000e+04
1.635936816406250000e+04
1.710056640625000000e+04
1.646264257812500000e+04
1.730357421875000000e+04
2.048508398437500000e+04
2.104616406250000000e+04
2.031883203125000000e+04
2.196931640625000000e+04
1.973498828125000000e+04
2.158541210937500000e+04
1.905882617187500000e+04
1.515413085937500000e+04
1.741470898437500000e+04
2.277656835937500000e+04
1.917736914062500000e+04
1.618697265625000000e+04
1.866786718750000000e+04
2.517750585937500000e+04
1.836430859375000000e+04
1.930367187500000000e+04
1.913110937500000000e+04
1.743900195312500000e+04
1.686096484375000000e+04
2.805524609375000000e+04
1.709004296875000000e+04
1.782665625000000000e+04
1.871413671875000000e+04
2.090517578125000000e+04
2.112810156250000000e+04
2.050000585937500000e+04
1.897219726562500000e+04
2.066756640625000000e+04
1.563382519531250000e+04
2.105028125000000000e+04
2.210611328125000000e+04
1.833268359375000000e+04
2.130685546875000000e+04
1.742458593750000000e+04
2.350468945312500000e+04
1.939815039062500000e+04
2.090071679687500000e+04
1.603158984375000000e+04
2.212906640625000000e+04
1.661726171875000000e+04
1.653355273437500000e+04
1.695281835937500000e+04
1.893997656250000000e+04
1.659064843750000000e+04
2.418956640625000000e+04
1.992787109375000000e+04
2.000620898437500000e+04
1.939338281250000000e+04
1.748599218750000000e+04
1.891595507812500000e+04
1.745560156250000000e+04
1.678123437500000000e+04
2.177540820312500000e+04
1.927735351562500000e+04
1.712624804687500000e+04
1.779344140625000000e+04
1.712004101562500000e+04
1.860690625000000000e+04
2.370193164062500000e+04
1.693398632812500000e+04
1.654992187500000000e+04
1.606271875000000000e+04
2.369148828125000000e+04
1.893452148437500000e+04
1.962400585937500000e+04
1.780096289062500000e+04
1.904828515625000000e+04
1.829154492187500000e+04
1.683489648437500000e+04
1.995536718750000000e+04
1.976399804687500000e+04
1.571164062500000000e+04
1.562862109375000000e+04
2.015650390625000000e+04
1.952820312500000000e+04
1.955243554687500000e+04
1.774046484375000000e+04
1.648610351562500000e+04
1.986816210937500000e+04
1.778005078125000000e+04
1.752576562500000000e+04
1.820331640625000000e+04
1.561832812500000000e+04
1.602426074218750000e+04
2.283415625000000000e+04
2.331391406250000000e+04
2.084302929687500000e+04
1.947253710937500000e+04
2.151787109375000000e+04
2.150517187500000000e+04
1.441083593750000000e+04
1.828682031250000000e+04
2.115182812500000000e+04
1.637773339843750000e+04
1.963323632812500000e+04
2.159150000000000000e+04
2.140177148437500000e+04
1.550933789062500000e+04
2.098460156250000000e+04
2.176963281250000000e+04
1.838842968750000000e+04
1.987101757812500000e+04
1.670441796875000000e+04
1.558950781250000000e+04
2.095795507812500000e+04
2.058166015625000000e+04
2.020262109375000000e+04
1.909667382812500000e+04
1.894179882812500000e+04
1.737223437500000000e+04
1.956621093750000000e+04
1.746910351562500000e+04
2.106866406250000000e+04
1.857833984375000000e+04
2.153048242187500000e+04
2.326859765625000000e+04
2.017916601562500000e+04
2.090566601562500000e+04
2.206440234375000000e+04
1.724627734375000000e+04
1.839406054687500000e+04
1.784217187500000000e+04
1.698458789062500000e+04
1.917403710937500000e+04
1.916276953125000000e+04
1.896408789062500000e+04
1.994871484375000000e+04
2.022069335937500000e+04
2.185855078125000000e+04
2.163295898437500000e+04
1.685652148437500000e+04
1.742131835937500000e+04
1.998452343750000000e+04
1.887771484375000000e+04
2.095525390625000000e+04
1.850042187500000000e+04
2.015984179687500000e+04
2.218976953125000000e+04
2.170875781250000000e+04
2.249010742187500000e+04
1.792210937500000000e+04
2.359501562500000000e+04
1.759312500000000000e+04
2.022216601562500000e+04
2.118323046875000000e+04
1.740052734375000000e+04
1.528733789062500000e+04
1.882136718750000000e+04
1.686069921875000000e+04
1.790732812500000000e+04
1.820076171875000000e+04
2.515908398437500000e+04
1.659669726562500000e+04
1.532265039062500000e+04
2.024372656250000000e+04
1.916202343750000000e+04
1.919378515625000000e+04
1.828595312500000000e+04
1.850260937500000000e+04
1.904346875000000000e+04
1.698139843750000000e+04
2.286799609375000000e+04
1.728688476562500000e+04
1.697040625000000000e+04
2.332535156250000000e+04
1.851483398437500000e+04
2.072738671875000000e+04
1.839007617187500000e+04
2.169796679687500000e+04
1.991208789062500000e+04
2.182567578125000000e+04
1.776120703125000000e+04
2.208205859375000000e+04
2.231585937500000000e+04
2.065368164062500000e+04
1.916324609375000000e+04
1.776201953125000000e+04
1.851280273437500000e+04
2.019324023437500000e+04
2.067257031250000000e+04
1.584559472656250000e+04
1.359948632812500000e+04
2.001345312500000000e+04
1.866999023437500000e+04
1.583249218750000000e+04
1.883156250000000000e+04
1.899627734375000000e+04
1.960543359375000000e+04
2.070051953125000000e+04
1.958060546875000000e+04
2.153490820312500000e+04
2.194991796875000000e+04
1.909039453125000000e+04
1.774076171875000000e+04
1.933340625000000000e+04
1.653360742187500000e+04
2.076664453125000000e+04
2.071560937500000000e+04
2.008248828125000000e+04
1.986837695312500000e+04
2.257775390625000000e+04
2.093889648437500000e+04
2.088812109375000000e+04
2.187298828125000000e+04
1.958056640625000000e+04
1.806991796875000000e+04
1.856179492187500000e+04
2.126082812500000000e+04
1.710431054687500000e+04
2.486560351562500000e+04
2.947961523437500000e+04
2.257718945312500000e+04
2.330180078125000000e+04
1.611716992187500000e+04
1.795700976562500000e+04
1.914422656250000000e+04
1.723806835937500000e+04
2.374484375000000000e+04
1.767765820312500000e+04
2.490796679687500000e+04
1.718552343750000000e+04
1.553285546875000000e+04
2.056727929687500000e+04
1.641958007812500000e+04
1.899619921875000000e+04
1.771223437500000000e+04
2.067712890625000000e+04
2.107758203125000000e+04
1.915982812500000000e+04
2.182903515625000000e+04
2.062551367187500000e+04
2.434508593750000000e+04
1.904495703125000000e+04
1.952633203125000000e+04
2.093943554687500000e+04
1.910264843750000000e+04
1.654670117187500000e+04
1.741005468750000000e+04
1.574426757812500000e+04
2.118800585937500000e+04
1.793351953125000000e+04
1.829607617187500000e+04
2.244207031250000000e+04
1.848587109375000000e+04
1.617862207031250000e+04
1.822867187500000000e+04
2.001865625000000000e+04
2.062018750000000000e+04
2.013035351562500000e+04
1.858400000000000000e+04
2.277098437500000000e+04
1.545848046875000000e+04
2.090476367187500000e+04
1.918843750000000000e+04
2.019267968750000000e+04
1.688660742187500000e+04
2.163934765625000000e+04
2.181147656250000000e+04
2.285296484375000000e+04
2.108627734375000000e+04
1.906979882812500000e+04
2.163918359375000000e+04
1.638101367187500000e+04
1.828157812500000000e+04
1.875153125000000000e+04
1.658189648437500000e+04
1.554891210937500000e+04
1.893105859375000000e+04
1.802290234375000000e+04
2.011594531250000000e+04
2.463391210937500000e+04
1.957302734375000000e+04
1.674074023437500000e+04
1.644548632812500000e+04
2.220550390625000000e+04
1.778758789062500000e+04
1.887891796875000000e+04
1.800633203125000000e+04
1.928150000000000000e+04
1.996223437500000000e+04
1.468472558593750000e+04
2.033472265625000000e+04
2.010307421875000000e+04
2.278329492187500000e+04
1.745618164062500000e+04
1.772143164062500000e+04
1.724019140625000000e+04
1.986362304687500000e+04
2.039317382812500000e+04
1.989226562500000000e+04
2.332742187500000000e+04
2.009182617187500000e+04
1.558873632812500000e+04
2.058230468750000000e+04
1.782713867187500000e+04
1.792125000000000000e+04
2.143997656250000000e+04
2.238047851562500000e+04
2.205540820312500000e+04
2.177786718750000000e+04
1.975535351562500000e+04
2.112018750000000000e+04
1.913150390625000000e+04
1.841887500000000000e+04
1.783105078125000000e+04
1.616107226562500000e+04
1.876088867187500000e+04
1.697719921875000000e+04
1.618320312500000000e+04
1.972638085937500000e+04
1.760100781250000000e+04
1.877292968750000000e+04
1.694924023437500000e+04
2.059084960937500000e+04
1.863513671875000000e+04
2.036005859375000000e+04
1.815457812500000000e+04
2.121712304687500000e+04
1.907377539062500000e+04
1.860255468750000000e+04
1.608546386718750000e+04
2.119315625000000000e+04
2.095828906250000000e+04
1.784660937500000000e+04
1.887664062500000000e+04
1.882949609375000000e+04
2.274755273437500000e+04
2.084686718750000000e+04
1.740729492187500000e+04
2.421694921875000000e+04
1.916206250000000000e+04
1.593244921875000000e+04
2.203245312500000000e+04
2.109896484375000000e+04
1.835184375000000000e+04
2.216277343750000000e+04
2.251217968750000000e+04
1.901064843750000000e+04
1.749381250000000000e+04
2.002730664062500000e+04
1.927590820312500000e+04
2.141660937500000000e+04
2.167135742187500000e+04
1.937706640625000000e+04
2.123430664062500000e+04
1.993872265625000000e+04
2.199677734375000000e+04
1.800937695312500000e+04
2.041806250000000000e+04
1.674327734375000000e+04
1.914409765625000000e+04
1.882414648437500000e+04
2.088937695312500000e+04
2.068742382812500000e+04
1.966434375000000000e+04
2.001640820312500000e+04
2.180037109375000000e+04
1.790199023437500000e+04
2.072102539062500000e+04
2.094192968750000000e+04
2.036444335937500000e+04
1.729114453125000000e+04
1.673525781250000000e+04
2.042687500000000000e+04
1.611125195312500000e+04
1.882212890625000000e+04
2.154877929687500000e+04
1.986598046875000000e+04
2.120032226562500000e+04
2.170904101562500000e+04
1.794959570312500000e+04
1.643536718750000000e+04
2.053549414062500000e+04
1.964709960937500000e+04
2.164016406250000000e+04
1.659841796875000000e+04
2.072650390625000000e+04
2.116571093750000000e+04
2.089314648437500000e+04
2.106964648437500000e+04
2.007614843750000000e+04
1.731728515625000000e+04
1.913876367187500000e+04
1.581007519531250000e+04
1.769642187500000000e+04
1.721206250000000000e+04
1.782364843750000000e+04
2.118995312500000000e+04
1.928409375000000000e+04
1.897858789062500000e+04
1.622966601562500000e+04
2.009063281250000000e+04
2.007305664062500000e+04
1.721557031250000000e+04
1.805021875000000000e+04
2.107083789062500000e+04
1.741465234375000000e+04
1.891018750000000000e+04
1.958001562500000000e+04
1.903089453125000000e+04
1.889690234375000000e+04
1.736030078125000000e+04
1.936101953125000000e+04
1.872269335937500000e+04
2.036021484375000000e+04
2.080567578125000000e+04
1.896540625000000000e+04
1.776171875000000000e+04
1.756175781250000000e+04
2.118766796875000000e+04
2.080339257812500000e+04
1.733097656250000000e+04
2.207306250000000000e+04
2.055682031250000000e+04
1.729706445312500000e+04
2.104331054687500000e+04
1.788824414062500000e+04
2.129495312500000000e+04
1.383134375000000000e+04
1.953816210937500000e+04
2.164795312500000000e+04
1.710653515625000000e+04
1.688126562500000000e+04
2.001490820312500000e+04
2.213863085937500000e+04
2.254074609375000000e+04
1.775193164062500000e+04
1.786417578125000000e+04
1.696351367187500000e+04
2.057901171875000000e+04
1.661464453125000000e+04
2.165789062500000000e+04
2.162318945312500000e+04
2.186387304687500000e+04
1.890105664062500000e+04
1.828221679687500000e+04
1.968724609375000000e+04
2.202205468750000000e+04
1.808812695312500000e+04
1.654664648437500000e+04
1.832926562500000000e+04
1.875810937500000000e+04
2.088104687500000000e+04
1.785833789062500000e+04
1.959147265625000000e+04
1.588012304687500000e+04
2.018130859375000000e+04
2.392893164062500000e+04
2.247698242187500000e+04
1.790230468750000000e+04
1.707988671875000000e+04
1.916094335937500000e+04
1.847467773437500000e+04
2.051995703125000000e+04
1.877916601562500000e+04
1.845610546875000000e+04
1.758282421875000000e+04
1.778592968750000000e+04
2.289890039062500000e+04
1.774636328125000000e+04
1.718760546875000000e+04
1.782211523437500000e+04
1.781202734375000000e+04
1.669192773437500000e+04
2.247554882812500000e+04
1.896736914062500000e+04
1.866927734375000000e+04
2.382618750000000000e+04
1.897581250000000000e+04
1.852235937500000000e+04
2.135254882812500000e+04
1.975218945312500000e+04
2.222587109375000000e+04
1.860822851562500000e+04
2.185215820312500000e+04
1.902424609375000000e+04
1.819135742187500000e+04
1.869011718750000000e+04
1.712946875000000000e+04
2.089670312500000000e+04
1.991504296875000000e+04
2.780301757812500000e+04
1.941452343750000000e+04
2.082876953125000000e+04
1.910312109375000000e+04
1.932578515625000000e+04
2.003516015625000000e+04
1.946135742187500000e+04
1.870462500000000000e+04
2.223764062500000000e+04
1.738639648437500000e+04
2.143566796875000000e+04
1.897199218750000000e+04
2.137386523437500000e+04
2.024471875000000000e+04
2.030616601562500000e+04
1.892070898437500000e+04
1.783856835937500000e+04
2.328769531250000000e+04
1.723626171875000000e+04
1.624868945312500000e+04
1.979142968750000000e+04
1.739145898437500000e+04
2.003919335937500000e+04
2.160802343750000000e+04
1.784675781250000000e+04
1.763208203125000000e+04
2.261726171875000000e+04
2.355002929687500000e+04
1.977304296875000000e+04
1.896210546875000000e+04
1.683928125000000000e+04
1.850737109375000000e+04
1.946451562500000000e+04
2.219837304687500000e+04
2.248104687500000000e+04
1.803117968750000000e+04
1.489712304687500000e+04
2.332357812500000000e+04
2.031438867187500000e+04
2.088993750000000000e+04
2.193072656250000000e+04
1.965130273437500000e+04
2.071007421875000000e+04
2.299233789062500000e+04
2.192265039062500000e+04
1.940347656250000000e+04
1.898146484375000000e+04
2.275156250000000000e+04
2.206170117187500000e+04
2.073398828125000000e+04
2.225964843750000000e+04
2.062055859375000000e+04
2.039410546875000000e+04
1.818509570312500000e+04
2.025713476562500000e+04
1.688869726562500000e+04
1.902642187500000000e+04
2.151887890625000000e+04
2.131330664062500000e+04
1.980022265625000000e+04
1.561013867187500000e+04
2.086933203125000000e+04
1.758472851562500000e+04
1.715423828125000000e+04
1.872101953125000000e+04
1.624800585937500000e+04
1.738946484375000000e+04
1.833784375000000000e+04
1.860243359375000000e+04
1.722492382812500000e+04
1.659390234375000000e+04
2.153592578125000000e+04
1.938691015625000000e+04
1.827819531250000000e+04
1.769426757812500000e+04
1.752525781250000000e+04
2.522304296875000000e+04
1.914839648437500000e+04
1.871727929687500000e+04
1.561199609375000000e+04
1.902062109375000000e+04
1.595508398437500000e+04
2.018962109375000000e+04
1.536994726562500000e+04
1.857220312500000000e+04
1.990515234375000000e+04
1.744294140625000000e+04
2.265820507812500000e+04
1.964242578125000000e+04
1.759226562500000000e+04
2.102938085937500000e+04
2.077756445312500000e+04
1.688252148437500000e+04
1.830229296875000000e+04
2.069632812500000000e+04
1.997328515625000000e+04
1.953921289062500000e+04
1.921226171875000000e+04
1.922141015625000000e+04
2.127279296875000000e+04
1.851370703125000000e+04
2.190553906250000000e+04
1.953513671875000000e+04
1.721783203125000000e+04
1.820684179687500000e+04
1.553123046875000000e+04
1.684642968750000000e+04
1.729844531250000000e+04
2.388746289062500000e+04
1.753495312500000000e+04
1.996417187500000000e+04
2.518698046875000000e+04
1.934702539062500000e+04
1.996633398437500000e+04
2.144683007812500000e+04
1.950397851562500000e+04
1.940288476562500000e+04
1.898122265625000000e+04
2.144196093750000000e+04
2.053244921875000000e+04
2.102099609375000000e+04
2.236780859375000000e+04
1.794187109375000000e+04
1.885532421875000000e+04
1.752488281250000000e+04
2.071048828125000000e+04
2.043652539062500000e+04
2.227172265625000000e+04
1.735701757812500000e+04
1.945594726562500000e+04
1.702906250000000000e+04
1.801028906250000000e+04
1.991135742187500000e+04
1.373120898437500000e+04
2.017225390625000000e+04
2.045427343750000000e+04
1.859763671875000000e+04
1.662699414062500000e+04
2.399141406250000000e+04
1.627941796875000000e+04
2.098925000000000000e+04
2.032637304687500000e+04
1.932119335937500000e+04
1.650862695312500000e+04
2.112046875000000000e+04
2.196608789062500000e+04
1.548258496093750000e+04
1.901173828125000000e+04
1.965437695312500000e+04
2.313880859375000000e+04
2.365880078125000000e+04
1.763306250000000000e+04
2.275829101562500000e+04
1.561681542968750000e+04
2.173357226562500000e+04
2.068302343750000000e+04
1.780822656250000000e+04
2.193030859375000000e+04
1.728169140625000000e+04
2.202057226562500000e+04
1.916583984375000000e+04
2.235358203125000000e+04
1.859837304687500000e+04
1.825662890625000000e+04
1.799907226562500000e+04
2.240616406250000000e+04
1.596050000000000000e+04
2.219269335937500000e+04
2.344499609375000000e+04
2.220432617187500000e+04
2.066683007812500000e+04
1.912183593750000000e+04
2.288798828125000000e+04
1.966885546875000000e+04
1.835847656250000000e+04
2.092138671875000000e+04
1.973826171875000000e+04
1.696821093750000000e+04
1.958788085937500000e+04
1.939784570312500000e+04
2.130981054687500000e+04
1.846905859375000000e+04
1.805649023437500000e+04
1.719122851562500000e+04
1.877995898437500000e+04
1.828573437500000000e+04
1.964009960937500000e+04
1.816775781250000000e+04
1.961801562500000000e+04
1.776353125000000000e+04
1.883703125000000000e+04
1.825545312500000000e+04
1.505229296875000000e+04
1.773769726562500000e+04
1.986533007812500000e+04
1.780467773437500000e+04
2.265537109375000000e+04
1.743659765625000000e+04
2.253403125000000000e+04
1.949691796875000000e+04
1.798081054687500000e+04
1.976585156250000000e+04
1.762019921875000000e+04
2.098446875000000000e+04
2.037290625000000000e+04
1.571394726562500000e+04
2.005989843750000000e+04
1.779846093750000000e+04
1.973407226562500000e+04
1.749424414062500000e+04
1.673834375000000000e+04
1.919662109375000000e+04
1.681172265625000000e+04
1.928169140625000000e+04
1.853050390625000000e+04
1.820263281250000000e+04
2.127743945312500000e+04
1.840323046875000000e+04
1.779053710937500000e+04
1.571313476562500000e+04
2.032000195312500000e+04
1.850374218750000000e+04
1.836966406250000000e+04
1.701912695312500000e+04
2.154631640625000000e+04
1.865250390625000000e+04
1.781490625000000000e+04
1.610045312500000000e+04
1.772141796875000000e+04
2.006946093750000000e+04
1.980667578125000000e+04
2.357341796875000000e+04
2.025307421875000000e+04
1.691606640625000000e+04
1.649264062500000000e+04
1.697632031250000000e+04
1.633815234375000000e+04
1.901836132812500000e+04
1.843241406250000000e+04
1.626062109375000000e+04
1.904590234375000000e+04
2.088666406250000000e+04
2.400003320312500000e+04
1.577756054687500000e+04
2.162126562500000000e+04
1.442112402343750000e+04
1.997195507812500000e+04
2.072818750000000000e+04
2.127584375000000000e+04
1.455429492187500000e+04
1.719532421875000000e+04
2.562935937500000000e+04
1.747208984375000000e+04
1.825575000000000000e+04
1.949907226562500000e+04
2.267484375000000000e+04
1.894210937500000000e+04
1.872532226562500000e+04
2.466135351562500000e+04
1.962216796875000000e+04
2.134139453125000000e+04
2.010219726562500000e+04
1.633762304687500000e+04
2.129741015625000000e+04
2.087617578125000000e+04
2.281014843750000000e+04
1.850001171875000000e+04
2.186320312500000000e+04
1.586955468750000000e+04
2.205300390625000000e+04
1.879221679687500000e+04
2.454183398437500000e+04
1.847729492187500000e+04
1.853632812500000000e+04
1.778830468750000000e+04
1.705143945312500000e+04
2.088219921875000000e+04
2.344778125000000000e+04
1.814853515625000000e+04
1.874979882812500000e+04
2.134373437500000000e+04
1.768953515625000000e+04
2.215673828125000000e+04
2.113512304687500000e+04
1.923422460937500000e+04
1.914207421875000000e+04
1.994855078125000000e+04
2.318021875000000000e+04
1.876380468750000000e+04
2.116890234375000000e+04
1.909366406250000000e+04
2.066542382812500000e+04
2.003236328125000000e+04
2.177624609375000000e+04
2.209625585937500000e+04
1.736632421875000000e+04
1.936696875000000000e+04
1.771943359375000000e+04
1.897607812500000000e+04
2.050162695312500000e+04
2.249615820312500000e+04
1.810281445312500000e+04
1.895340234375000000e+04
2.230233593750000000e+04
1.935673242187500000e+04
1.788045312500000000e+04
1.589936523437500000e+04
1.669197656250000000e+04
1.797277734375000000e+04
1.906595898437500000e+04
1.963109765625000000e+04
1.902374023437500000e+04
2.046788671875000000e+04
2.152365234375000000e+04
1.946966992187500000e+04
1.904696093750000000e+04
1.991167578125000000e+04
1.819326953125000000e+04
2.083483398437500000e+04
2.175863281250000000e+04
1.887084960937500000e+04
1.877534375000000000e+04
1.753795312500000000e+04
1.823651953125000000e+04
1.708376953125000000e+04
1.861059960937500000e+04
1.826872265625000000e+04
1.936135742187500000e+04
2.109652343750000000e+04
1.809275000000000000e+04
1.437687597656250000e+04
1.895770312500000000e+04
1.886069140625000000e+04
1.784216796875000000e+04
2.165706054687500000e+04
2.543890234375000000e+04
1.906209375000000000e+04
1.944988867187500000e+04
2.240305859375000000e+04
1.548322167968750000e+04
2.050271484375000000e+04
1.637101660156250000e+04
2.184689453125000000e+04
2.160064843750000000e+04
2.250135937500000000e+04
1.663263281250000000e+04
1.948343359375000000e+04
1.819970312500000000e+04
1.880250976562500000e+04
2.195655664062500000e+04
2.025819531250000000e+04
2.520570312500000000e+04
1.968374609375000000e+04
1.473165625000000000e+04
2.198816015625000000e+04
2.049012890625000000e+04
2.214578515625000000e+04
2.217369140625000000e+04
1.971417773437500000e+04
2.282547265625000000e+04
1.986484765625000000e+04
1.755735156250000000e+04
2.192393359375000000e+04
2.343478710937500000e+04
2.082485156250000000e+04
2.212045898437500000e+04
1.954019726562500000e+04
1.992791601562500000e+04
2.270479687500000000e+04
1.731924218750000000e+04
2.081937890625000000e+04
2.048627539062500000e+04
1.858716601562500000e+04
1.923409570312500000e+04
1.891233593750000000e+04
2.212697656250000000e+04
1.991930859375000000e+04
1.769707812500000000e+04
1.867995312500000000e+04
1.938941015625000000e+04
2.015797265625000000e+04
1.831213281250000000e+04
1.810010937500000000e+04
1.814826367187500000e+04
2.113788671875000000e+04
1.958456640625000000e+04
1.704950585937500000e+04
2.115618164062500000e+04
2.187242578125000000e+04
1.757474609375000000e+04
1.927744140625000000e+04
1.902051171875000000e+04
2.068387890625000000e+04
2.088793750000000000e+04
2.613442382812500000e+04
2.231592187500000000e+04
1.883143164062500000e+04
1.658887304687500000e+04
2.059052343750000000e+04
1.939981640625000000e+04
2.042031835937500000e+04
2.242445312500000000e+04
1.962291015625000000e+04
2.109457031250000000e+04
1.908314453125000000e+04
1.840512890625000000e+04
1.857716015625000000e+04
2.278251562500000000e+04
2.079178515625000000e+04
1.817888281250000000e+04
2.405231640625000000e+04
2.025280468750000000e+04
1.946575000000000000e+04
1.502370117187500000e+04
1.599883398437500000e+04
2.330911328125000000e+04
2.172255078125000000e+04
1.879398046875000000e+04
1.748363085937500000e+04
1.888654687500000000e+04
1.883597265625000000e+04
1.940003125000000000e+04
1.719245117187500000e+04
1.853216796875000000e+04
1.965304687500000000e+04
1.745985742187500000e+04
1.681083203125000000e+04
1.876542968750000000e+04
1.702805859375000000e+04
1.581340820312500000e+04
2.539030859375000000e+04
1.892779687500000000e+04
1.924010156250000000e+04
1.575937988281250000e+04
1.978663671875000000e+04
1.571369335937500000e+04
1.423229101562500000e+04
1.912686718750000000e+04
1.676563867187500000e+04
2.466301953125000000e+04
1.489380859375000000e+04
1.776477343750000000e+04
1.989558789062500000e+04
1.770091015625000000e+04
2.025808203125000000e+04
1.990818750000000000e+04
1.740185351562500000e+04
2.341397070312500000e+04
1.884488671875000000e+04
2.010711328125000000e+04
2.128200390625000000e+04
1.783683203125000000e+04
2.318983593750000000e+04
2.066529296875000000e+04
1.657274804687500000e+04
1.860295117187500000e+04
2.281128125000000000e+04
2.290732617187500000e+04
1.757645898437500000e+04
1.876130468750000000e+04
1.683362500000000000e+04
2.013657812500000000e+04
1.646933984375000000e+04
2.433910546875000000e+04
1.921864453125000000e+04
1.743485546875000000e+04
1.983201757812500000e+04
1.917728515625000000e+04
2.301541796875000000e+04
1.809930468750000000e+04
1.963693554687500000e+04
1.676919335937500000e+04
1.846842578125000000e+04
1.962872460937500000e+04
1.837754296875000000e+04
2.049800781250000000e+04
2.174246875000000000e+04
1.736561718750000000e+04
2.007325390625000000e+04
1.477611718750000000e+04
1.736577343750000000e+04
1.768041601562500000e+04
1.832242382812500000e+04
2.323308203125000000e+04
1.925688867187500000e+04
2.012155078125000000e+04
1.948775000000000000e+04
2.010006054687500000e+04
2.074761718750000000e+04
1.744215820312500000e+04
1.930395312500000000e+04
1.734600195312500000e+04
1.649997460937500000e+04
1.998162304687500000e+04
1.955601562500000000e+04
2.117929882812500000e+04
2.410094726562500000e+04
1.948690625000000000e+04
1.648084960937500000e+04
2.281814257812500000e+04
2.284981250000000000e+04
2.315608984375000000e+04
1.740404687500000000e+04
1.960730664062500000e+04
2.313944531250000000e+04
1.609267187500000000e+04
2.021120117187500000e+04
2.041753320312500000e+04
2.256667187500000000e+04
1.824934375000000000e+04
1.767517773437500000e+04
2.223245312500000000e+04
1.969640625000000000e+04
1.924133398437500000e+04
1.966792968750000000e+04
1.958319726562500000e+04
1.893961718750000000e+04
2.071904101562500000e+04
1.652470117187500000e+04
1.717341406250000000e+04
2.121747265625000000e+04
1.822837500000000000e+04
1.843259375000000000e+04
2.053900781250000000e+04
1.848708789062500000e+04
1.500011132812500000e+04
1.798184765625000000e+04
2.167864648437500000e+04
2.049655859375000000e+04
1.801585937500000000e+04
2.007077539062500000e+04
1.945576171875000000e+04
2.068438281250000000e+04
1.712770312500000000e+04
2.313668359375000000e+04
2.213918750000000000e+04
1.979590234375000000e+04
1.852777343750000000e+04
1.858671875000000000e+04
1.698283984375000000e+04
1.959407617187500000e+04
2.294688671875000000e+04
2.174019726562500000e+04
1.925639648437500000e+04
1.816932031250000000e+04
2.178376367187500000e+04
1.836282617187500000e+04
1.935032812500000000e+04
1.697510156250000000e+04
2.089633593750000000e+04
1.838680273437500000e+04
1.932982031250000000e+04
1.842858593750000000e+04
2.097969140625000000e+04
1.930111328125000000e+04
2.276207226562500000e+04
2.161185156250000000e+04
1.716063476562500000e+04
1.946271093750000000e+04
1.802412890625000000e+04
1.791986132812500000e+04
2.124969921875000000e+04
2.206825000000000000e+04
1.633359570312500000e+04
2.038167773437500000e+04
1.770787304687500000e+04
1.927036718750000000e+04
1.978761718750000000e+04
1.577185742187500000e+04
1.849180468750000000e+04
1.764426953125000000e+04
2.000964648437500000e+04
1.787493945312500000e+04
2.154307617187500000e+04
1.839397460937500000e+04
1.884205468750000000e+04
1.870579101562500000e+04
2.187812890625000000e+04
2.036992382812500000e+04
1.575182226562500000e+04
1.668500585937500000e+04
1.733329687500000000e+04
1.560138671875000000e+04
2.261828320312500000e+04
2.258189648437500000e+04
1.579543164062500000e+04
2.080367968750000000e+04
1.665832031250000000e+04
1.558212109375000000e+04
1.803721093750000000e+04
1.834851562500000000e+04
2.091582031250000000e+04
2.143631835937500000e+04
2.285860742187500000e+04
1.679836132812500000e+04
2.257450390625000000e+04
2.517685937500000000e+04
