-3.884800000000000182e+03
-5.552747646340597385e+03
6.744516252858061307e+03
-7.861592264094515485e+03
-6.976255559049195654e+02
-5.525237098446315940e+03
-2.700093380433565926e+02
2.748630135190754572e+03
1.422857956778411335e+03
-3.373787120009287264e+03
5.419515116789410968e+03
3.524224686213721725e+03
1.846059540941811974e+03
6.806707058094600598e+02
5.064024013588279558e+03
1.806203037184012146e+03
1.197532700737886444e+04
4.297490122864369368e+03
-2.821184424414999739e+03
2.336293656401801400e+02
-4.963406560822382744e+03
-3.650127007525831232e+03
-1.618460793678199707e+03
-7.745062565746097789e+02
1.719731515661958838e+04
7.454980514663257964e+03
-8.712304150548084181e+02
6.201838127353847767e+02
9.638944714851109893e+03
-1.814855548773244209e+03
1.851274301087715685e+03
1.900508637940488552e+04
-2.543080409100142788e+03
-5.241936870577701484e+02
6.376481867612599217e+02
2.927077226552564753e+03
9.146803873717293754e+03
-5.353258965483819338e+02
1.766151115545093126e+04
4.949996553393720546e+02
-3.132190098639258395e+03
2.179299825245051034e+04
3.015155192922253264e+03
-4.824569466922182073e+03
4.302827099588614146e+03
-3.244800955097242877e+03
-3.502178976480340225e+03
2.249504814728451311e+04
6.147851180712650603e+03
1.763104354773630803e+03
-3.218370358230812599e+03
-4.095080311942613207e+03
-3.408560248861685523e+03
-1.884160409210215334e+02
-2.550088090550286324e+03
1.243399790508366277e+04
-2.089639904473202932e+03
8.634818438216038885e+02
-2.762949003157245897e+03
-5.346050394452912542e+02
-1.977796200928303278e+03
2.359288662705807837e+03
2.010706174231742352e+03
-5.818891073148292890e+03
-6.531830223407559970e+03
-5.086681398018501568e+03
-5.591839743269039900e+03
-6.008326672629611494e+03
8.640886825235169454e+03
9.100644866259861374e+03
1.155956786066987661e+04
-5.362142213643988725e+03
-4.573576305661576043e+03
3.206387410433074365e+03
1.837510336903876350e+03
5.700450178872986726e+03
4.071802279201368492e+03
-4.400433220968509886e+03
1.365232409440963056e+04
-2.731570150558665773e+03
1.347704382028080545e+04
-3.858559024811540439e+03
-7.445680619009345719e+03
4.572373972905950268e+02
-3.637282112429937570e+03
-6.954618514840362877e+02
3.392636604552060362e+03
7.393794189813716002e+03
1.500446744333007518e+04
3.374622147841246260e+03
-2.471164935276208325e+03
4.586018731127461251e+03
8.456899353894355954e+03
4.603395871001700471e+03
-8.896777052582838223e+02
6.773922730983783822e+02
-9.982564713367389686e+02
1.315390963733032777e+03
1.861811419523847690e+03
8.066058651558844758e+03
6.463851933917376300e+03
4.536499636743003066e+03
2.455154710699887801e+04
-2.329372908208332774e+03
2.676406532216674350e+03
-4.607503173159302605e+02
-4.519748177416229737e+03
-4.135112551753592015e+03
7.773598413078518206e+03
5.364624514947256102e+03
6.088283390493887055e+03
3.351292832242809709e+03
-6.636558685277889253e+02
5.994346742783674017e+03
-3.605073586866174082e+03
1.511196537040705334e+04
5.704859788746062804e+03
4.035417786479189544e+03
7.594154606779022288e+03
-2.680202349760150355e+03
-1.067090623755737170e+03
-2.509226936946382466e+03
1.427153015762236464e+04
1.568903580548986065e+04
3.353972028287689227e+03
1.552657996991498067e+03
-3.689782580766951469e+03
1.272182240856154067e+03
1.332282348131141134e+02
3.765135345094054173e+03
6.605117341874411068e+03
1.302548889587461235e+04
-3.012424368014714673e+03
-5.359201555398546589e+03
-2.586648122423212044e+03
-1.848333911955889107e+03
-2.334853959160492195e+03
4.650929146040720298e+03
1.495963729101109675e+04
-1.993530812393923043e+03
-5.671782647904348778e+03
8.439145588652845618e+02
-6.651464821060640134e+03
1.542701014416958515e+03
6.567976803188146278e+02
1.289604816548571580e+04
9.673365303540438617e+03
-5.184414063754768904e+03
-6.423094870625394833e+03
5.658021178803005569e+02
2.330106828516389669e+03
4.744075357451056334e+02
1.055095020811359745e+03
-3.662753572170466668e+03
8.971173611777056067e+03
-2.305783624342086114e+03
-4.304956694009319108e+03
-1.065387397173829868e+03
6.046262055417401825e+03
3.115172882750867757e+03
-5.257764718256285050e+03
-1.576446533591691605e+03
-7.781474767823974616e+02
1.495392107211628354e+04
5.189963999775344746e+03
1.336475397562038552e+03
2.633273762938522850e+03
3.738467889813148759e+03
-3.411546547437632398e+03
1.012620684816547691e+04
4.312945559531782237e+03
2.849687324566111783e+03
9.987059693421008433e+01
6.001042823131661862e+03
-2.702394692863052569e+03
1.219992772490884590e+03
6.283675651313601520e+03
1.548651966343797176e+04
7.417192312319361918e+03
-1.899101258210672313e+03
3.064506451883462887e+03
1.424189820276709543e+04
6.319016345413563613e+03
-1.329032589479289527e+03
4.813071897191737662e+03
-6.441740885701588013e+02
2.127148051398416101e+03
2.034327308727702643e+02
7.130386880973274856e+03
-4.975647802446037531e+03
-6.924942036232218015e+03
-2.566091685940915340e+03
4.681305028000541824e+03
7.371478631065132504e+03
1.727071167995941323e+03
-6.563817041140969195e+02
5.544886959512742578e+03
-2.866400011487196480e+02
4.170322363353960100e+03
2.380192464662822204e+03
6.096306478758265257e+02
-4.493147281294532149e+02
1.065250316641832342e+03
1.235032793907611813e+04
-5.098932991228211904e+02
1.291082604358786739e+04
5.485063044985217857e+03
5.843871230381244459e+03
1.506481163847458265e+04
3.949405125125902487e+03
-2.141313092423021772e+03
2.212640185405115517e+03
3.529441866943144305e+03
-1.219491726012433219e+03
3.999108478640884641e+03
1.846375788178876610e+04
1.859736323757555510e+04
-4.155189167570060818e+03
-4.015408466704358943e+03
-4.467081796758995551e+03
-6.231277353885896446e+03
-4.111142702011655274e+03
1.390192413685381507e+04
-1.567961535941166630e+03
5.935831909065489526e+03
1.405742823600801239e+04
8.286872893761923478e+03
-2.021897436082451577e+03
-2.324113043406473480e+03
6.686251897068284507e+02
2.548331740297605847e+03
1.835290715295044947e+03
1.650403527115636825e+04
-1.744231361762620054e+03
-1.148521930998959988e+02
1.863446443375158879e+03
1.317618793238175931e+04
1.204315781761059498e+03
-3.458523098164866951e+03
1.281531694872735898e+03
1.456059589820251131e+04
9.293247421681585365e+02
-8.179729059448565067e+02
1.324773816968017127e+04
-1.624289229017840626e+02
3.984556123513769853e+04
-4.006648701743788024e+03
-5.615821991481009718e+03
9.171877894936356824e+03
-3.578505924910422436e+03
3.342399162928920305e+03
-2.351230531520654495e+03
-3.064541631718915141e+03
1.173798308604126214e+04
9.763820452829921123e+03
1.380845303306922506e+04
-2.217683846547453868e+03
-5.418724142256551204e+02
6.096799645653520201e+03
3.967940828391235300e+03
-3.866705864734774877e+03
4.422543431569310997e+02
7.914720186200875105e+02
-1.869507960823300891e+03
4.740557010042344700e+03
1.078326142273504774e+04
-2.769856805775645626e+03
-1.470353630048686910e+03
-2.570458971233218563e+03
1.146252812981243369e+04
-1.074715688932394869e+03
1.490877131735153489e+04
-5.205504029133723634e+03
4.474877553569493102e+03
9.051185898357927726e+03
1.743425630010907753e+03
-3.971104152632158730e+03
1.500482065356395651e+04
-4.346869445775489112e+03
-5.110668990522966851e+03
-7.804038845166069223e+02
4.634970092268993540e+03
3.927329878774628469e+03
2.101563408098432774e+03
-5.426699577270623195e+03
3.090218819025179073e+03
5.511301941845577858e+03
-4.671892950422306967e+03
-6.196316688509890810e+03
5.954763206020721555e+03
-2.855967642579684707e+03
1.060415613475057580e+04
1.206032201634812554e+04
1.253656803359289370e+03
1.143520683680633010e+04
-9.023526853354612740e+02
6.378200924118187686e+03
6.275984817915349595e+03
-3.415046826957502162e+03
5.011144410965769111e+02
5.805620554444418303e+03
1.846007872141207554e+04
1.192247857917456031e+03
-4.518531951417273831e+02
1.178338818580325778e+03
-5.546011546982481377e+03
-4.630520673716796409e+03
7.718385051031305920e+03
-5.891406338694365331e+03
-3.320273394743715471e+03
-1.398373907831644374e+03
-1.962580814794701837e+03
4.369690552667641896e+03
4.189114148756648319e+03
5.770611032125083511e+03
-4.644945209648691161e+03
5.021115084429549825e+03
-6.418531773156564668e+03
-2.792869658673268987e+03
-5.163359234777383790e+03
6.276240547823279485e+03
-2.701199710801092806e+02
2.023177239749983710e+04
2.093922010552177198e+03
4.757107839219816015e+02
-2.630036307619588115e+03
-2.531882236908431423e+03
9.992740674674469119e+02
1.841199540192809582e+04
-4.644987205413199263e+03
-1.007485999949086136e+03
9.419148976877469977e+03
3.038019754657630983e+03
1.319347980611389903e+04
3.044991416308434054e+03
-2.211523355394229839e+03
-3.363992912507138044e+03
-6.618788559708916182e+03
1.879495031591361794e+03
-6.375641246741201030e+03
4.533823956849841124e+03
1.153899138008709269e+04
-7.558545670086195969e+03
6.738229733403517457e+03
5.765251116031170568e+03
-5.642311574400567224e+03
-3.991616470996301359e+03
-4.483664187783158013e+03
1.558874125172881122e+03
-1.334245846934889187e+03
2.009424099878110610e+03
1.914913712070268730e+02
-1.061687230936609467e+03
-3.068082758581483176e+03
1.744405259942108387e+04
4.080593001250600082e+03
1.033400974643819154e+03
-8.829009611342669359e+02
-4.325628440565838901e+03
7.855666624708239397e+03
-1.702006857473635364e+02
7.829562114818151713e+03
6.454084746919088502e+03
3.666997379096002987e+03
-1.910833029930413431e+03
1.652255239924196212e+04
5.948615570107876920e+03
-4.738977413863472066e+03
2.279971908825887112e+03
8.027901704761019573e+03
1.137862081284310079e+03
1.815034914214080345e+04
-4.905417549518328997e+03
1.534523798511153018e+03
-6.004373592158794963e+03
-2.482813592085873097e+03
-7.782884330394211247e+03
-7.729303427634154104e+03
-5.130356132992326820e+03
-8.016979429932433959e+03
-4.063227599254460984e+03
-7.994693216592337194e+03
6.655737204998255038e+03
-4.014555083692011976e+03
2.939543628379233724e+03
-1.537027976921865957e+03
1.273179707265316665e+03
1.397256647563209071e+03
-5.308490483731233326e+03
6.270899788105837615e+03
8.261300585507146025e+03
9.852971471544464293e+03
-1.126951091996360901e+03
-6.221435533715068232e+03
5.255871203109360977e+03
1.188947420830918054e+04
1.289321360915042078e+03
-1.321993613429408924e+03
9.941096230713697878e+03
-1.267228081918803582e+03
1.050450357685946074e+04
-5.694273063706373250e+03
-8.087461941631718219e+03
-2.103504946369833306e+03
-7.914875459612029772e+03
3.019861995068371016e+03
4.006544707040930007e+03
2.087895642977211537e+03
9.751790743171633949e+03
3.273213478116955685e+03
-3.410957677045653327e+03
1.236137894657020752e+03
1.763113393817830911e+03
-4.926489236146870098e+03
-3.568291336414333273e+03
-9.584198016502111841e+02
-5.537429311124056767e+03
5.638015734861000055e+03
8.081376455499560052e+01
2.094535473037030897e+03
1.127066983616814105e+04
5.533049269433366135e+03
4.650732269961979000e+03
9.914305184058746818e+03
4.095718500664850126e+03
3.684133149596845215e+03
-4.221245156499841869e+03
-1.046520166691552276e+03
-5.691346532335090160e+03
1.175548827131204234e+04
1.133005115945357466e+04
3.822118365600458219e+03
1.964359145706753225e+02
-5.277125477167396639e+02
-8.797091856293150158e+02
-8.213617894225599230e+02
9.680399544390758820e+03
4.424633325983062605e+03
4.480314708185662312e+03
4.500571926080710909e+03
6.652268012299306065e+03
3.905767549723064349e+03
-1.321629224780125014e+03
3.705416357408760177e+02
7.418307652272019368e+03
9.435287969013606926e+02
-2.291614353913046216e+02
2.220352113962701696e+04
-3.752618598245953308e+03
3.475192317294174245e+03
-1.032429138794385608e+03
1.883914194983349716e+03
2.112950361745230111e+03
1.946296155659795204e+03
-2.979016828719545629e+02
1.132677122291868363e+04
4.936803998658019736e+03
4.570193594270093854e+03
-6.739608112389211783e+03
-2.087690386422480060e+03
-3.428771636900310568e+03
2.241570806176996768e+02
-2.447474070638349986e+03
7.078797182903616886e+03
3.098106752271541154e+03
-3.721388114946652422e+03
1.920925565043521146e+03
4.964911716205000630e+03
-1.845096632487127181e+03
8.753517036348296187e+01
-5.890816543950354571e+02
7.608322820854349629e+03
4.874744676408865416e+03
1.242519117876833479e+04
-3.360394985936711237e+03
-5.204107701909238131e+03
1.211611552307628153e+04
3.659421610174988473e+02
3.168321703724801409e+03
-3.652129454951586467e+03
2.158196958831003030e+03
5.856250803781023023e+03
1.521401084159719721e+04
3.872542774168312008e+03
5.242436673719111241e+03
2.463045777069686210e+03
3.932168664152291058e+03
-7.128628769056622332e+02
1.965571247462127576e+04
-2.002437305866941642e+03
8.214939541275372903e+03
2.857969785509041230e+03
-1.072738700666437126e+03
-4.320744534205205127e+03
4.822960261706503843e+03
3.848994610923175060e+03
1.872801233619122968e+03
1.091619391654132960e+04
-1.247773394028055918e+03
-1.833438850719523543e+03
-5.397941337130310785e+03
2.060141448055687306e+03
-6.558357183502716907e+02
9.148932325967435872e+02
7.028932554839857403e+02
1.125863474362174202e+04
2.961131640606256951e+03
-3.265765473816678423e+03
-1.819574145386714008e+03
-4.529704180139615346e+03
-8.446066016832004607e+03
-7.671721511304676824e+03
5.486632545534699602e+03
-2.198309551064464813e+03
1.897202811708421359e+04
1.308461942196798191e+03
-2.073670467933759028e+03
3.512430885969461542e+03
-8.999991922878311925e+02
3.774656458969495361e+03
-4.957348664947217003e+02
2.282495590334542612e+03
-7.027339156903066169e+02
4.688131395393919775e+03
-1.276297361194794121e+03
7.425832474943792477e+03
8.675312781530326902e+03
5.225790328326326744e+03
4.090794569961886737e+03
6.664278035478689162e+03
3.222299626125794020e+03
2.878132212310222712e+03
-9.052462940220748351e+02
-2.331365787726593680e+03
2.190119738499129198e+03
-5.023951199981265745e+03
1.205318614278227187e+03
2.396665236838882265e+03
-1.225927910247764430e+03
-9.876109873486284414e+02
8.610836654676775652e+03
8.066396037546315711e+03
-1.808247536455790168e+03
1.247058702404975520e+03
5.874360106166556761e+03
1.038176477137000802e+03
1.581148688798310786e+03
1.904623363743510708e+04
-9.109354061830283626e+02
6.085398625108346096e+02
3.865632790480584390e+03
1.326076484482136402e+04
-2.092968465809327427e+03
4.752790749741015134e+03
6.004060302053194391e+03
1.129306231084057799e+04
3.910159084819127884e+01
-4.202030102173911473e+03
-6.815457164571575049e+03
-2.197744783956949959e+03
8.776872234373611718e+03
5.183893600356595925e+02
9.751298067798160218e+02
4.205308324481342424e+03
-2.451686547424776109e+03
-1.055546769529396215e+03
1.066891630534114029e+03
9.949573708827633709e+02
7.118953170128912461e+03
6.861843594120822672e+03
4.359366645885425896e+03
4.486201304693285238e+03
-3.316269578823049642e+02
5.332149024325326536e+03
1.188849040917416460e+02
5.813952892297709695e+03
-2.113918689203258509e+03
-1.172002033822672274e+03
8.793663700007717125e+03
1.007893233106584012e+04
7.086165559434275565e+03
-3.805049772278608089e+03
-2.100540997707688803e+03
-3.534354558491941134e+00
1.280750662351388019e+04
5.931524696015924746e+03
-2.782721745199926318e+03
1.053864023672994699e+04
-4.161323785842566394e+03
-5.725681215405239527e+03
7.619452576700427016e+03
1.256060040300961009e+04
3.691935865318992001e+03
1.693149791002692655e+04
-2.766026246958369029e+03
-1.691300268058134179e+03
-6.477314444973155332e+03
-4.519132657793159524e+03
-2.347623738113551553e+03
4.047181337945498399e+03
-4.843194393521702068e+02
-1.733969091672571722e+03
3.766997954725502495e+03
1.562167771135956173e+03
4.226568316024420255e+02
1.048300204100888368e+04
-1.320944167525520243e+03
7.121321633659321378e+03
5.498988792004942297e+03
2.954491425076190012e+02
6.440635906212502960e+03
-3.478047208028804107e+03
7.128291993303510935e+03
1.589857402284757427e+03
2.123866725593967431e+02
-5.808716016482897430e+03
-7.182981064455126216e+03
1.373767288957330493e+04
-6.235295887776407653e+03
-2.240469010519790572e+03
-3.928804696760465049e+03
-5.623681188079064668e+03
2.551767055794348835e+03
3.223378855395701976e+03
-2.851361198763362154e+03
-3.446532716998282922e+03
6.192703511208136661e+03
5.594023918360339849e+03
7.061071447723998062e+02
1.230935883250330517e+04
7.827415496778041415e+03
6.037739667858622852e+03
6.751554671287628480e+03
5.845555898578775668e+03
-3.184585744954040365e+03
1.137352197695700124e+04
-1.078284145443204125e+03
2.154420832877117209e+04
-4.084904101754220278e+02
3.535256791874076953e+03
5.362965485224972326e+02
-6.533824558870524015e+02
1.514154207669856532e+03
-9.974752585700906593e+02
7.984055344070918181e+03
-1.062554762744545769e+03
6.515630287040373332e+03
1.994455172070919798e+04
9.298898858117885538e+03
3.249720242697364483e+03
6.041400375028712915e+03
-3.820593001335350891e+01
-4.746934998824552167e+03
2.820167065178662597e+03
-1.433211262074492197e+03
1.175759063536960457e+04
9.052268405721135423e+03
9.248540520157005176e+02
2.135055041498773789e+03
6.450380511240742635e+03
2.401562828529289618e+03
7.726063183402988216e+03
8.978225175477018638e+01
-3.236900371339423600e+03
6.677796116782825266e+03
6.380230685998430999e+02
-3.142467833014528878e+03
-2.505950897654390246e+03
5.301194611785193047e+03
6.491120818141723248e+03
3.361545872778559897e+03
-2.675909484615520341e+03
7.965093275771472690e+03
2.843915452047991494e+03
4.871364936001457863e+03
1.580590305625292103e+03
-1.598149995193768518e+03
9.235536366522170283e+03
2.393090715097450811e+03
-3.705953989475345224e+03
1.367105876204439846e+04
1.150100444939019508e+04
7.893108577106499979e+03
9.313031372290179206e+03
-2.044346780947313619e+03
-1.065813552945453466e+02
-7.379268679833000533e+03
-1.567529912937707650e+03
8.459440405552708398e+03
-3.326475059886338840e+03
-7.838303673274760968e+02
1.253554273788078717e+03
5.079337537666193384e+03
1.228333253701684953e+04
1.612675309637178361e+04
7.133474368662607958e+03
9.804416085411153290e+02
9.596757094740398315e+03
1.312779899174774437e+04
-4.722112412422309717e+03
-1.728103855424568337e+03
3.928985438758511737e+04
4.161283757297713237e+03
-5.846948756324549322e+03
1.340567469665138196e+04
-3.232881217179004125e+03
-3.747755807515558445e+03
-2.346047033997095241e+03
-7.074337836448657981e+03
-4.453579945561668865e+02
-5.795424183283800630e+03
-1.324362043002754945e+03
4.401342580827235906e+01
2.951956718387920773e+03
4.811436494347834923e+03
2.257419866114319302e+04
-7.362432874994721715e+03
-2.837601642492852989e+03
-7.894599922212396450e+02
-7.172337131448415676e+03
5.268245893243429236e+03
-4.625450966321645865e+02
1.483132869097616822e+04
3.192778086874725432e+03
-9.693706273419235231e+02
5.515074160917195059e+02
1.369646923841524995e+03
1.647199014875966895e+03
8.933245292094492470e+03
6.749708843001593777e+03
1.417539881353178544e+03
4.532507548643550763e+03
2.652927549321227616e+03
1.076851482342434974e+04
4.284024301524395923e+03
3.717786065050506295e+03
1.218443479056018305e+03
2.744089456047981002e+03
-2.401385142753592845e+02
4.167182976005517048e+03
2.202495639764108273e+04
6.150068082239023170e+03
1.117713439578357793e+04
1.555231833727385310e+04
-2.982014935125544980e+03
-1.241428958027966928e+03
4.435589481439415977e+03
-9.227944243758487346e+02
-2.705667339489133155e+03
3.083411727920797603e+03
3.744139336079837904e+03
5.023553101428499303e+02
4.745069954262557076e+03
-3.914521250177055663e+03
-4.135872639580020405e+02
9.883950666095281122e+03
-2.119439117361701392e+03
6.721150810748482400e+03
8.983041210821560526e+03
4.486563190521602337e+03
2.458281436845703865e+03
7.742565731127653635e+03
-5.371620387459637641e+03
-5.223274909998492149e+03
-8.677297295085264750e+02
2.288655439411828638e+02
3.741569735478665280e+03
1.727703736348179882e+04
4.772795192541867436e+03
5.971195924434239259e+02
-2.666419177327135799e+02
-3.221068913209830498e+03
5.251613943944005769e+03
2.344316354641977796e+03
7.836996548500578683e+03
-1.999097854890986127e+03
4.883005835307571033e+03
2.021311353529607686e+03
-4.505372411150025982e+03
-2.011195913313886194e+02
-1.778071269127955247e+03
2.635828919874989879e+03
-1.948636966082868412e+03
7.310960318573471341e+03
8.088653167490050691e+03
3.273631988394626205e+03
-1.061347618521791901e+03
2.365994132761660148e+04
-9.239025426357749211e+02
9.809046248946429841e+03
8.080943283900812276e+03
-5.300778100080115109e+03
5.736685817160107945e+03
6.609571263553405061e+02
-1.118962873878944265e+03
1.379272218357331622e+04
1.178245868731552036e+04
6.840087777202393227e+03
-4.696690366881489354e+03
-3.548442477727228379e+03
-2.763932228120361287e+03
-2.106355770557228425e+03
7.500547557132451857e+02
3.771363471790661606e+03
-1.522663297215039620e+03
2.523211715998856107e+03
2.324015705829616309e+03
9.086571450090379585e+03
1.605789600422139301e+03
-2.656898765753414864e+03
-8.786183054296693626e+02
3.342389214099054698e+03
-6.935452054081792994e+01
4.675638979785474476e+03
6.855909685815319108e+02
-2.689150888479905916e+03
-6.224747349842700714e+02
2.155122852133758897e+03
1.305543027189170061e+03
4.806079901022105332e+03
2.533728412951378232e+03
-4.259348248871024225e+02
1.813054244330221081e+03
1.833951951426814776e+04
7.416293647034979131e+02
4.613881025016961758e+03
1.098158131385484376e+04
2.118576414293167545e+03
1.595321847678017912e+04
6.567137224975504068e+03
7.734263987958343932e+03
4.176679152822325705e+03
1.656980274399242990e+04
3.449997787702073765e+03
1.423013390695082671e+04
-3.563037208911134712e+02
6.074887332077474639e+03
-5.216150976710343457e+03
-4.806841071825770086e+03
-9.159066866420020006e+02
5.721811817924030038e+03
1.114414002774698019e+03
1.997504179063042557e+03
4.352104775975454686e+03
7.508529734041400843e+03
5.962174765516474508e+02
1.286659463091870919e+02
-3.259009452064714424e+03
3.789470923812767978e+03
-4.280584310429459947e+03
8.190562937678853814e+03
-4.109279700138647968e+03
1.095551927134260222e+04
-1.670792653908447392e+02
7.656813711263562254e+02
1.822295535226465063e+03
-1.399029757622899979e+03
1.002526000393102731e+04
1.453406980461522835e+04
1.316449137280927062e+04
2.889023813709054230e+04
-4.670228729505543924e+03
4.050102031314271699e+03
4.055906536237016553e+03
7.374435177569998814e+03
1.351353450339088340e+04
4.307047155126843791e+03
2.140807387629710502e+04
7.705243616823600860e+03
2.121928410068685480e+02
-3.476345840155241831e+02
1.896829777528888008e+04
3.989826379331627777e+03
-4.435272243956242164e+03
5.781761657841955639e+03
-2.084891227087911830e+03
1.130687676345326690e+04
-2.124616075453207031e+02
-1.669131453970416715e+03
5.204926027516443355e+03
1.891945810651590136e+02
-1.716801566883977330e+03
-1.193868940777215357e+03
3.326293047209562246e+03
2.485159384668882012e+03
7.357356045767794058e+03
1.159558770960523589e+03
3.124616317514265393e+04
1.466731050364436214e+03
5.498997169440191101e+03
1.444828233703965452e+03
5.487807774237675403e+03
5.202602519184115408e+03
-2.212570317456524663e+03
-5.191010234747866889e+03
4.623390160764980465e+03
1.841922548160186579e+03
4.677015223436072233e+02
2.670062218039203344e+03
1.675207350919743703e+03
1.078994835453327505e+04
1.137454837785930295e+03
6.429657205899385190e+03
4.641295854951947149e+03
8.722372651468409458e+03
-4.443999929555730887e+03
-2.688057139684177855e+03
1.147601842825036874e+04
-5.590614349556105481e+03
2.429507067446404108e+03
-3.626623943029610928e+03
-2.686403558685425196e+03
-4.449139636602771134e+03
4.022816554798757352e+03
8.712481961247785875e+03
1.753097555597922837e+04
-4.034315914434964725e+02
9.398135684971875889e+03
3.011390421344335664e+03
1.739488787236256030e+04
7.040219496289440940e+03
1.005299697794510053e+03
6.159545380453937469e+03
2.551311684088651418e+03
-5.123846334968879091e+03
9.704436428359076672e+01
5.479182102485708128e+03
-3.648707630613499532e+03
2.259917292081061532e+03
1.142036417010108926e+04
-4.240232609296033843e+03
-1.188181374432133907e+03
1.706786593878523490e+03
4.028594311051934710e+03
-8.658276320452359869e+02
3.449845320238858221e+03
5.684388232321230134e+02
5.911629546454725642e+03
8.186841480214603507e+03
6.208418557018462707e+03
2.591310968764248628e+03
1.651878576776372824e+02
1.716790992497579509e+03
9.144468230958980712e+03
1.904740145663115254e+04
1.963833611365989054e+04
2.417315545533706882e+03
-4.773761684047232166e+02
1.839674824254327632e+02
1.318111326146477950e+04
-3.892094352560816333e+03
-4.906584583485286203e+03
-2.681857095815176422e+02
5.189322430178554896e+03
1.056691738913725203e+03
-2.484956424713460819e+03
-8.433674582114535951e+03
2.191279318379656615e+01
-5.388274065942787274e+03
-4.670808969515688659e+03
-1.116708615848644513e+03
4.144018974222481120e+03
7.601163054031287174e+03
1.843812587464099852e+04
-1.208673177004988474e+03
6.828989189146790522e+03
-4.299830488955220744e+02
9.984208729320838756e+03
1.777584188664794283e+03
1.439672233049616261e+04
5.328060916734093553e+03
8.141465469899069376e+02
-4.497838353063499198e+03
-7.410826329355008056e+03
-2.210700226007390484e+03
5.697863235776678266e+03
5.630599334192548667e+03
-3.141812868132478343e+03
1.173131947677037260e+03
5.853723034081866672e+02
2.191461552487105564e+03
2.470188930417511983e+03
8.784202240183303729e+03
-3.960748693368605927e+03
2.003291294285199547e+04
-4.208684415703282866e+01
5.595171538434849936e+03
1.878899980033884276e+01
9.724815609198858510e+02
-1.946013985621677421e+03
1.444100194734137403e+04
-6.062114940402058892e+03
1.623571600550554103e+04
1.616091661074028252e+03
-2.977636914436661755e+03
-4.939425023470951601e+03
2.952742862967411384e+03
-7.903518458885555447e+03
-4.902756021418608725e+03
1.665556000971819003e+03
3.587834355716242499e+03
9.690787360218339018e+03
-3.793513295163877046e+03
2.437580574349841754e+03
-2.674513451858431381e+02
-3.105026336641458329e+00
2.643381449710119341e+03
6.723349138004889937e+03
1.139246952788322415e+04
9.447345453777043076e+02
1.569132437202960136e+04
6.275180011481457768e+03
3.771016504428874214e+03
4.979270331818581326e+03
5.411831586584778961e+03
1.617203680423544938e+03
1.210870296057001906e+04
-4.892919910914739376e+03
-8.795888960563646833e+03
-4.292956158774682990e+03
7.961592185465776765e+02
1.231407565055983696e+03
-1.683146247466410159e+03
1.925784188755702780e+04
5.840761719453887963e+03
8.357481055204179938e+02
1.048945920300739272e+04
-5.252459367634129194e+03
-1.241652996166853654e+03
-2.625862440103487188e+03
8.911441143243386250e+03
-3.340195043928727046e+02
1.100560040656052843e+04
-3.850780958671025473e+02
1.537137045191992115e+02
-5.814515569092513033e+03
-3.832456101651227073e+03
-4.862921626751940494e+03
-3.401106051597857913e+03
8.404150528644619044e+03
8.183359068497375119e+03
2.389502067822966637e+03
-1.773293566957762778e+03
-3.222257671496587591e+03
4.142493999802479721e+02
1.444539496010491166e+04
1.092278950123574577e+04
8.413838965123955859e+03
-4.726113906151476840e+01
-5.039541274556193457e+03
-4.101054800054979751e+03
4.781596396666737746e+03
-1.255983097479146409e+02
4.560771523557870751e+03
3.646885181293124788e+03
2.827889872798240685e+04
-1.794014650489757514e+03
1.271993189905484542e+03
-5.095413385038605156e+03
4.813421599080687884e+03
1.785145641899896873e+03
2.755854804708355914e+03
-4.498702292753680013e+03
1.248140770465687092e+04
7.221907127595772181e+03
-2.445269428134147347e+03
-7.329166649398199297e+03
6.735780317238150928e+03
3.621475332647096366e+03
4.653077304656351771e+03
2.021738663764714602e+03
1.051979869245825739e+03
1.267392397213885943e+03
1.060714543163136659e+04
1.946068379716193249e+03
-3.262822394664663534e+03
1.116688247284344834e+04
6.406534687606098487e+03
6.371516294367181217e+03
3.241987945934068193e+03
1.079859212722192387e+04
5.778724099378314349e+01
4.718925300363317774e+02
3.493816933282906575e+03
3.495394111629214422e+03
1.658486239808471873e+04
-5.490045747939805096e+02
-5.588132330629211538e+03
-2.077167870314427091e+03
4.488046637499263852e+03
7.012831315952300429e+03
-1.605231350328092503e+02
4.448101202813830241e+03
7.527959072680294412e+03
-3.524416566937054085e+03
4.538880020417467676e+03
5.949147288272039077e+03
1.624566173070064906e+03
6.268527585040405029e+03
1.869831873782618641e+04
5.050712567479788049e+03
-3.166986056927815753e+03
9.502907592623287201e+02
1.254677563961222404e+03
-1.351344986093760099e+03
-8.766375726041778762e+02
2.048423960410508244e+03
4.698266195767275349e+03
2.519994927397410720e+02
1.171438540548721903e+04
2.369913969214654117e+03
2.250399486676371907e+02
-2.617454350115281159e+03
9.862566837817139458e+03
2.260857857588331626e+03
-4.476657984828809731e+02
1.230940932090295610e+04
1.589685912956430002e+03
7.578096384927870531e+03
2.099600536886135524e+04
-4.751680821323364398e+03
1.208996981225682430e+04
-5.200501049893076015e+03
-7.689969886748262070e+03
-6.479611235366459368e+03
-3.285375668236253659e+03
-8.598564342538860728e+03
-6.675303426134542860e+03
3.627313005838265781e+03
6.091025761663176127e+03
5.644429393978369262e+03
1.319198550098971828e+04
5.146874952981756906e+03
1.033175362249997079e+03
-2.215426089846799186e+03
-4.069721998159973737e+03
-2.724387371934037674e+03
1.196809414525653301e+04
-2.648175190772017231e+03
1.635596005136540225e+04
1.419203712279276260e+04
-3.119026062322401231e+03
4.843862262448424190e+02
-3.352185932869260796e+02
-1.914985040820750555e+03
-1.658171308494647747e+03
2.932429581035659339e+03
4.747451921214063987e+03
1.169848948193666729e+03
1.008839150866554337e+04
1.978508718198604583e+03
3.614544395964510841e+03
4.348376893226241918e+03
3.864148926443686378e+03
4.369108343858199078e+03
6.173152007482742192e+03
5.620572858050322793e+03
6.412138133412543539e+03
-3.675602012512494639e+03
4.313642664804748347e+04
-6.901509449150547880e+03
-4.485335499514984804e+03
6.474415149818174541e+03
-1.453103847580451202e+03
2.790539526855202894e+03
-5.406199325225451503e+03
7.851238434338753223e+02
-3.246971221994120242e+03
-1.921316379660210259e+03
2.057566921831947184e+03
3.654083864302767324e+03
-1.502239746930524007e+03
4.344712007382052434e+03
1.454952910767064168e+04
-3.139301064064948150e+03
1.191158911828214059e+03
1.469433726025352735e+04
5.391753400842059818e+03
2.167833231395475195e+02
-4.185583297766861506e+02
9.015582649496508338e+02
8.978746739378261736e+02
3.713646365631354456e+03
1.296958769209005368e+03
5.227550539733089863e+03
2.002107248055393211e+04
1.193817608997630487e+04
2.048895921477139836e+03
1.154687444658622917e+04
5.262158620090514887e+03
6.256098362200308657e+03
-5.297247112899003696e+02
2.927648265933657967e+01
-3.345583757459079152e+03
1.060126312455126208e+04
8.261411928009243638e+03
7.112146785988215015e+03
3.812215646966038548e+03
6.297595602299548773e+03
4.952294630863735620e+03
-6.458272809668667378e+02
3.974779024611967543e+03
1.167144090642450465e+02
7.294874389327724202e+03
1.639091784080209436e+03
-2.345649012706918711e+03
5.551108956822605251e+03
7.749746918133005238e+03
-1.374365745866534780e+02
-6.926965083213294747e+02
1.070585979014029363e+04
3.493717321755299963e+03
6.722824250632321309e+03
-2.450104765995445632e+03
1.077445474452421695e+04
4.351713902305408737e+03
1.521604579732079219e+04
-5.407258165282521986e+03
-2.995764096317763688e+03
-4.395970316842017382e+03
-3.078914029403170389e+03
1.353177392704100566e+04
3.945662412535318140e+02
1.868788226905215424e+03
-4.526573366247438571e+03
5.120737193709429448e+03
1.043224505427580334e+04
3.327173300244958682e+03
8.935294488456795079e+03
-2.828607353432201762e+03
-5.212978680177640854e+03
2.627465485135715790e+04
6.200756012845541591e+03
-4.191673904252012107e+03
9.282324830553021457e+03
1.073800049738156304e+03
-2.539655634616528005e+03
-3.115125202596055715e+03
9.289275008227965372e+03
3.062444550224388877e+03
1.271102162054962901e+04
4.493136002996941897e+03
7.045414886667811516e+03
3.087830986939257855e+03
-6.112033987920653090e+03
8.445259842216073594e+02
-5.187775916278436853e+03
-3.552188030432214418e+03
1.086662618303742602e+04
-1.167634396255716638e+02
-3.798849855831058903e+03
2.526555305574594240e+04
4.542788088384783805e+03
2.143402553088047284e+02
1.114251805800359989e+03
-6.370700033729193592e+02
4.351021488945316378e+03
1.749853392749707268e+02
-2.286335837949175584e+03
1.610236241730436814e+04
-5.265747043273068812e+03
-3.546050218108383433e+03
-2.394544276900305704e+03
4.433514590047279853e+02
4.266970934821334595e+03
1.597760135742019884e+04
4.138498611422866816e+03
7.979725220338823419e+03
-1.355063571494574717e+03
5.042882166478857471e+02
1.540260876764458999e+03
3.814731026153518087e+03
1.986832088244745682e+04
2.001025768497078388e+03
2.470767817121120515e+03
-2.213309222902438705e+03
3.188767032655296134e+02
3.761066509630155451e+03
3.992216644959130463e+02
8.446510871910042624e+03
5.750770734911270665e+03
8.029573916598590586e+03
1.177952002589488438e+04
-1.565218189328369590e+03
6.942516491633800797e+03
6.527949428657028875e+03
5.483295151512591474e+03
2.989320881070958785e+04
-1.651107572518132429e+03
1.824008905108040381e+03
1.309568232790313687e+03
-6.263142718599374348e+02
-6.009578042825396551e+02
-2.988700024710982234e+03
-3.288168858979272954e+03
8.634931886137315814e+03
-4.299811579695542605e+03
-7.365480119458837862e+02
3.665533389373468253e+03
1.065944940232924455e+04
-3.538895685688114412e+01
5.397790014001961026e+03
5.043515604667665684e+03
-3.109599689105157267e+03
-3.643359513550046813e+03
-4.418250361501783118e+03
-2.791677116453526651e+03
2.211800496397457755e+04
1.118953249558589414e+04
4.307783165006517265e+02
8.917961953354419165e+03
1.160573830199455642e+03
1.223724023471953478e+04
-1.676290980073754554e+03
9.681865349777855954e+03
4.460416288648416412e+02
4.124635310059125914e+03
1.294248348259579689e+04
1.734412910936181288e+04
2.384152045607156197e+03
5.506404184414435804e+03
-1.854382734480156500e+02
2.699599247040536284e+04
-3.752909744017525099e+03
4.423339803386334097e+02
-4.032333382263198473e+03
1.386684017784717071e+04
5.166438486968701909e+03
-4.199147603067371165e+03
3.438751747397240251e+03
1.761355023970022557e+03
7.715391865124233846e+02
1.009018751171522854e+04
1.187627842666475090e+03
-2.991713114370856147e+03
1.601177658819869976e+02
2.391803350014905391e+03
-2.109002185482790082e+03
3.558213838517604927e+03
5.286644185173655387e+03
-1.125280242186699752e+03
4.937111565072365011e+03
7.063580268383475413e+03
-1.367073996504813977e+03
-5.792604533414193611e+03
4.234281221649988765e+03
1.085982975241672102e+04
6.782939739394372737e+03
1.359042940728346912e+04
4.330046721927882572e+03
4.898466190811706838e+03
6.076748457206243984e+03
9.713882051687356579e+03
-2.124370036132515452e+03
1.415928459301698695e+03
-2.711152622008466551e+03
2.243858411248418270e+04
1.000352114016274209e+04
-2.088408397157562831e+03
6.555520134527019763e+03
-5.863433604358700904e+03
-5.306022826783540950e+03
-4.687502497895014130e+03
5.798754820655017284e+03
8.543574656501803474e+03
7.613433287451228352e+03
1.466844019418785592e+03
9.565139943380603654e+03
-1.638334946418919571e+03
4.548923908125408161e+03
2.397963157870340183e+03
6.748991801446160025e+03
-5.661878179222213703e+02
3.660208048463712657e+03
3.005521313606674539e+03
1.233431617335557803e+03
-2.299144326593360347e+03
4.856742686345054608e+03
-5.742001912775590426e+03
-6.606241786093394239e+02
1.775765078231538791e+04
-1.260008879391991968e+03
9.369821979295680649e+03
3.174368868562241005e+03
3.844327695979786313e+03
1.551496344169770509e+02
8.705414267852862395e+03
8.735802135927701784e+02
1.561523230102031084e+04
3.723675826646154974e+01
1.724381823789040573e+04
2.412918846874819337e+03
5.360969086766181135e+02
-4.899466063268264406e+03
-6.378901051140926938e+03
-2.528828380145203027e+03
-3.491269000879553005e+03
-3.494264934673777589e+03
2.754493166702986855e+03
-1.077913774455577823e+03
2.786784597939561718e+04
1.951184668539487029e+04
2.240220229912881678e+03
-1.251483748148178847e+03
-5.466635502946451197e+02
-2.614648177638390280e+03
-9.476797109333087974e+02
-1.405960441632908669e+03
4.795042614862295522e+03
1.420265382949744435e+02
-5.227364447590858617e+03
-1.868846942552639348e+03
1.449410267527071665e+04
1.086593109561808888e+04
2.825156846761175984e+03
6.297562909917513707e+02
8.673146749710003860e+03
-5.259515234475761645e+02
1.422121534112105292e+04
8.675992777463895891e+02
5.226255284268955620e+03
7.509038065676673796e+03
4.751655114504468656e+03
3.712326983174710222e+03
1.274943139211654488e+04
-1.260686629748340238e+03
-5.788707269468120103e+03
4.621959300771696689e+03
1.893438628610954311e+02
2.796206377383468862e+02
-4.422418231311623458e+03
-4.847544612682045226e+02
5.248003125668366920e+03
9.984820420013145849e+03
3.922729434623006910e+03
3.178723493333238366e+03
3.858507406237512441e+03
-1.914454607153829102e+03
3.357785211327773141e+03
-3.145849847465144194e+03
-6.472281446908717953e+03
-2.351664571380115376e+02
-3.339161197626854573e+03
1.041724505276807395e+04
-1.260659266929935256e+03
-3.549586642602400389e+03
-7.633809572463120276e+03
6.558818166209233823e+03
-2.749672250374158921e+03
1.324308288261866255e+04
-1.850587852895057722e+03
-1.164320791999885387e+03
4.618366841198934708e+03
-1.305280351650899320e+03
1.372130824841518734e+04
5.249213097824414945e+03
-5.753907962721182230e+02
4.418355371772778199e+03
1.601862928959919600e+03
9.706722973726724376e+03
2.813396233706745306e+02
6.992699332676765152e+03
-1.054198063313986040e+03
8.722363742685629404e+02
4.396644893671349564e+03
1.397278355520948753e+04
-2.907576011718335394e+03
2.992597765538305339e+03
4.137503223951693144e+03
2.469840644469611107e+03
1.301110091026137889e+04
-4.831887465742644963e+03
-2.504050068205592652e+03
1.213212277715836353e+04
9.808718973286890105e+03
7.023492346301416546e+03
-4.335009864746822132e+03
1.102966690184299750e+03
2.516141138823239203e+02
1.899793881732972750e+03
3.763353003132485173e+04
-3.950557554643339245e+03
8.416451162372713952e+03
-2.684738330968864830e+03
-1.534042859479853860e+03
2.631998699850278626e+03
4.321516447833490929e+03
4.233779431887099236e+03
4.045654967508584832e+03
2.937967563531975657e+02
2.942154207171040525e+03
-1.680541406444744780e+03
7.420729373732998283e+03
6.551801309784050318e+03
6.078117300616296234e+03
1.343019494867629328e+04
3.612587667600691930e+03
4.126160531609579266e+03
6.100768850944210499e+03
-2.619755903041434067e+03
