-1.062176325704460469e+05
-5.325810554700107247e+01
-5.005754532601285689e+01
-4.647296938854348269e+01
-5.056923808754080341e+01
-4.527848320831677142e+01
-7.836319235971276953e+01
-7.053276626612016287e+01
-5.144858988454607385e+01
-5.254165668799105049e+01
-3.997401670301962184e+01
-3.822814931842832920e+01
-2.551862153267487798e+01
-6.764382672708362065e+01
-5.050051643391228851e+01
-1.798770629485655803e+01
-2.412638528845695873e+01
-2.850187170206313070e+01
-2.399968643238183930e+01
-1.734886705130978513e+01
-2.032477088025207834e+01
-3.385091337164548975e+01
-4.609135111922017103e+01
-2.628638069391349319e+01
-3.084528855532582980e+01
-2.810815108908142790e+01
-2.290209194865827413e+01
-9.172004140129819280e+04
-4.680370241497045383e+06
-1.169665197359983996e+07
-1.853004047922086716e+07
-2.512318920294738561e+07
-3.165707550388515741e+07
-3.829410471155988425e+07
-4.485633945385301113e+07
-5.161605075198912621e+07
-5.843598710209015757e+07
-6.514204428428021818e+07
-7.169371004658824205e+07
-7.816529371851868927e+07
-8.500172971953339875e+07
-9.193953457169361413e+07
-9.863998617300531268e+07
-1.051858916854134649e+08
-1.116491423704115450e+08
-1.181912103641937077e+08
-1.266828879284994602e+08
-1.398733478842777312e+08
-1.536014534956703186e+08
-1.673263643544217050e+08
-1.808166421654470563e+08
-1.943269380388991237e+08
-2.076053251669559777e+08
-2.206830308661336005e+08
-2.339157658519623280e+08
-2.471400153196501136e+08
-2.608256881821236014e+08
-9.739125743326330185e+07
-8.221172042893126607e+07
-8.864532936415085196e+07
-9.533219757240620255e+07
-1.021484003844254315e+08
-1.089626533362800777e+08
-1.158629171165176183e+08
-1.227945385414234698e+08
-1.295468392018303573e+08
-1.360212016767998338e+08
-1.425819771247854829e+08
-1.491562156338519156e+08
-1.559883192770635486e+08
-1.624823258693909049e+08
-1.689205993606740534e+08
-1.755443429868405163e+08
-1.821230668450121284e+08
-1.885960945446389914e+08
-1.952406546615343988e+08
-2.020778973521465361e+08
-2.090706438644585907e+08
-2.159706435567217767e+08
-2.225693970295571685e+08
-2.291814403520971835e+08
-2.359594083317826390e+08
-2.429348580057885647e+08
-2.496588514887762666e+08
-2.566341427271011770e+08
-2.637923497911647260e+08
-2.704035904814498425e+08
-2.773353147753718495e+08
-2.840902177305232286e+08
-2.908744297564235330e+08
-2.975316410674008131e+08
-3.041694834438575506e+08
-3.110582772965028882e+08
-3.175687791641076803e+08
-3.243791013449002504e+08
-3.310579450685365796e+08
-3.378807549816945195e+08
-3.445872930392391682e+08
-3.513016788601455092e+08
-3.578687170229539871e+08
-3.646048920266646147e+08
-3.715787392924780250e+08
-3.783350870142216086e+08
-3.850763876454600096e+08
-3.917164613207961321e+08
-3.984085881886034608e+08
-4.051517969731236696e+08
-4.123529147846894860e+08
-4.192477979641503096e+08
-4.260370106426773071e+08
-4.328600796015790105e+08
-4.393734688775861859e+08
-4.459439290664457083e+08
-4.524366424205322266e+08
-4.591010637963142395e+08
-4.657983554204884768e+08
-4.752565135701580048e+08
-4.884331960853368640e+08
-5.019825678325783610e+08
-5.156618053384099007e+08
-5.289396009104984403e+08
-5.426584042967053652e+08
-5.561623553176516294e+08
-9.244803039495386183e+07
-5.885406441293966964e+02
-5.815240566704535468e+02
-1.031757374562425184e+03
-2.456670165021002504e+03
-1.895490365437246510e+03
-1.294135297954170255e+03
-1.334717896901708173e+03
-7.730833833677060056e+02
-2.059099033192466777e+03
-1.796525464017415743e+03
-1.860018568407847397e+03
-2.712552823906176400e+03
-1.304962379999702989e+03
-1.516118680995768727e+03
-1.037742349153243367e+03
-1.868567986104739930e+03
-1.476790968499031351e+03
-1.889038008470912700e+03
-1.791440489317222728e+03
-9.217604986899865480e+02
-2.339460563345588071e+03
-1.126302118863888836e+03
-6.183351572795104403e+02
-3.361642101888903653e+02
-8.021244057533135674e+02
-8.339780594410351569e+02
-5.113456859832620580e+02
-6.287454453334222535e+02
-3.080025855192027961e+02
-2.284096577080301009e+06
-8.682656798378832638e+06
-1.516901492038714327e+07
-2.213084486523138359e+07
-2.867497357200432941e+07
-3.517054930790737271e+07
-4.180887153378627449e+07
-4.880706413008663803e+07
-5.566831789811474085e+07
-6.249402187184792757e+07
-6.917443404737737775e+07
-7.553189127808569372e+07
-8.211711167117647827e+07
-8.888371156101435423e+07
-9.568528402372325957e+07
-1.024824415225141346e+08
-1.091370876997141093e+08
-1.158485979045913219e+08
-1.225586476309019774e+08
-1.294556018152807057e+08
-1.360830486270654798e+08
-1.427515029871050715e+08
-1.495847808147909045e+08
-1.563282409660349786e+08
-1.630549588071261048e+08
-1.698066616588975191e+08
-1.765996606300796270e+08
-1.834810866784729362e+08
-1.903306475841445029e+08
-1.971307515135064721e+08
-2.040073463674653471e+08
-2.105593575570389032e+08
-2.175243728062435687e+08
-2.241780868630234599e+08
-2.312020678394393027e+08
-2.379284860373771787e+08
-2.447895601200608313e+08
-2.516090104298121929e+08
-2.599093245314127505e+08
-2.729881158058406115e+08
-2.866047845953913331e+08
-2.999326427394256592e+08
-3.132611758165282011e+08
-3.268915985934662223e+08
-3.401294811905544400e+08
-3.176655499421330690e+08
-1.041490150665170280e+06
-5.837166964297762206e+02
-3.532727910216400687e+03
-4.008225039555235526e+03
-5.815648281982497792e+03
-4.087503915942549156e+03
-8.226267736088180982e+02
-4.043579907588699029e+02
-6.005549264820944018e+02
-2.902368820467445403e+02
-4.269209809173329404e+02
-5.240846827021257468e+02
-4.154501999433146011e+02
-4.742349089224415479e+02
-5.217980704765187738e+02
-3.112771219192198942e+02
-5.708615311545573832e+02
-5.647628071489716604e+02
-1.207233604943032105e+03
-1.962175181761038857e+03
-2.279678946941758113e+03
-3.878700210361778886e+02
-3.625243275175880626e+02
-2.041743736183145472e+02
-3.098723382743000911e+02
-3.025310606760902488e+02
-1.574726872680624012e+02
-1.548524305757431136e+02
-1.364259824483965247e+02
-1.670888811291828233e+02
-2.214080235960215646e+02
-1.479376150440277229e+02
-2.132889203325193535e+02
-3.134787193632156459e+02
-2.546763163365278047e+02
-3.156227855768661357e+02
-1.658867666426262986e+02
-2.849295126257434276e+02
-2.911419347236334829e+02
-1.288906664193885376e+02
-1.405801299399630580e+02
-2.054270627036723909e+02
-1.961014933489919940e+02
-1.586320865751153804e+02
-3.745258040724962711e+02
-7.925484756156826904e+01
-1.738438651882737531e+02
-3.923722459147571158e+02
-2.022317481444915188e+02
-3.466668977812985304e+02
-1.838247079969750928e+02
-3.257385868890257825e+02
-3.207352922814267799e+02
-4.750909617947530137e+02
-3.332412479529573375e+02
-2.747593690652130363e+02
-3.264074075419972587e+02
-2.521999478183830092e+02
-2.488208558118015787e+02
-3.216181890615623047e+02
-3.474210030902535209e+02
-2.642446701194016896e+02
-2.129111281139082053e+02
-1.143355035159829356e+02
-9.265001190680544596e+01
-8.389494419293507121e+01
-6.003484235645362332e+01
-6.842817451799365358e+01
-1.074986617719540618e+02
-6.706097401795497603e+01
-2.399066041148375348e+02
-6.113968460842183106e+01
-1.157407620037816258e+02
-1.058469972244953397e+02
-8.997646889923620961e+01
-3.166662974684737151e+02
-8.125011369664227345e+01
-6.911608155541560450e+01
-9.169186991088459138e+01
-6.298232433708473366e+01
-5.110974897832421249e+01
-6.762413350829325509e+01
-5.347563605443083645e+01
-4.279310562254708117e+01
-3.159510159061207446e+01
-2.569703408872044292e+01
-5.335204784421763691e+01
-7.332809633130023030e+01
-7.079219044680857564e+01
-4.323686153428742784e+01
-4.987337451213306139e+01
-5.875284053463475686e+01
-4.574577678567922590e+01
-3.653223545475400869e+01
-4.930457262280966546e+01
-5.004537460707774699e+01
-4.462966473299623971e+01
-6.063623966678331811e+01
-6.627859128310761605e+01
-1.019389981447285720e+02
-7.797542978165749616e+01
-1.032175377986920921e+02
-1.128110059692725997e+02
-2.283941413196343433e+02
-1.662055262776017912e+02
-1.304572225769147735e+02
-1.481524201866582189e+02
-2.350990688222376832e+02
-1.846360181221643302e+02
-2.339686706184933769e+02
-3.624563670911439317e+02
-2.852979199883151296e+02
-4.150339108752654056e+02
-4.013559845371313486e+02
-4.010108363031426393e+02
-2.011526246471663910e+02
-1.938766111110716395e+02
-1.815462723921583574e+02
-1.018044176230689430e+02
-9.179729851839475430e+01
-1.026643778597710508e+02
-1.188506055655512625e+02
-2.617454413540292535e+02
-1.062862257973051499e+02
-4.883960336216504317e+01
-7.763274878588042327e+01
-9.265829490212823316e+01
-2.321243370163447253e+02
-2.971140131665880517e+02
-1.811419242743745883e+02
-9.454445702992246936e+01
-7.999020724002843963e+01
-7.796748628244337453e+01
-4.917977534410526630e+01
-8.230334921738123910e+01
-7.099427016072949925e+01
-5.569055578853338062e+01
-9.035104487153563468e+01
-6.919430138339298253e+01
-3.928643850128857196e+01
-4.700207698001374723e+01
-2.657690497154629838e+01
-2.511980280539615507e+01
-8.468731312719077664e+01
-4.838167425958233281e+01
-3.725586249396163652e+01
-8.169699718400286770e+01
-2.046679860069547630e+01
-3.988607114547379950e+01
-4.888471550125520793e+01
-3.459194515048020691e+01
-4.016941097851503173e+01
-2.420432212183494158e+01
-2.461134670834408666e+01
-5.588076607557553643e+01
-3.703884340816988896e+01
-6.831480198033816009e+01
-3.592115150938668222e+01
-2.384071975796768328e+01
-2.004234491831784482e+01
-8.769558712842268733e+01
-3.434890426127763874e+01
-8.745993125975363114e+01
-6.454018555404451263e+01
-3.700500979703175375e+01
-7.451356399120099638e+01
-6.445202339222585408e+01
-9.280720678622304831e+01
-1.072983309652239257e+02
-1.681101363622471752e+02
-5.177259318984245340e+01
-3.289784233210504283e+01
-5.312607037190618087e+01
-5.363691171042298578e+01
-2.949154707727823421e+01
-4.733581093327385503e+01
-3.862005969712139830e+01
-6.395159314072549250e+01
-3.531391116333223579e+01
-1.465330241225668928e+01
-6.396810472099146949e+01
-5.676744821615612580e+01
-5.212498478150907033e+01
-4.650725296130364228e+01
-3.740122236250694243e+01
-3.147663621905956433e+01
-2.054668689914083046e+01
-2.759779247709288796e+01
-6.128918358505782038e+01
-4.029673844948471384e+01
-6.561845507175370074e+01
-1.080381301583260409e+02
-7.163688230239208110e+01
-1.349525470234723343e+02
-9.871518868549465253e+01
-4.164401001110540790e+01
-4.206788049476470803e+01
-2.184401526447359032e+01
-5.692182350805228452e+01
-8.453476741714474940e+01
-5.324431488026916526e+01
-5.830494906026103763e+01
-5.161763062715780106e+05
-6.062867391993033700e+06
-1.266194825382240489e+07
-1.946939126604995877e+07
-2.629637416159198433e+07
-3.329695719326592237e+07
-3.993062533677078784e+07
-4.681974042529706657e+07
-5.353380804855976999e+07
-6.027863628596564382e+07
-6.701272593028601259e+07
-7.359994969047318399e+07
-8.029927179881218076e+07
-8.698740289416414499e+07
-9.368497799701896310e+07
-1.004518914292873591e+08
-1.072461856770709306e+08
-1.141779237434809506e+08
-1.208745243248680830e+08
-1.277533999253299683e+08
-1.345043038259853721e+08
-1.412146862947043180e+08
-1.479875275640282631e+08
-1.546980771742670238e+08
-1.616283590156390071e+08
-1.684555070361758173e+08
-1.748452515099900961e+08
-1.814573029590666890e+08
-1.885383240151996911e+08
-1.954527102549135089e+08
-2.024094297847212255e+08
-2.090507771900300086e+08
-2.158045610605067611e+08
-2.228991714913004339e+08
-2.297708302964333594e+08
-2.366385089237748981e+08
-2.433376624567039907e+08
-2.500185868502651751e+08
-2.566041999463276267e+08
-2.631126245886160731e+08
-2.699280703172837496e+08
-2.765529358198293447e+08
-2.832086956297596693e+08
-2.896879702104610205e+08
-2.960002090401520133e+08
-3.023354875486488342e+08
-3.091056064888952374e+08
-3.155581355373239517e+08
-3.221805838346814513e+08
-3.293804164818258286e+08
-3.361784107872235179e+08
-3.430298934570828080e+08
-3.498217991367877126e+08
-3.567969316123660207e+08
-3.637933608184801936e+08
-3.704026758286806345e+08
-3.772591311954119205e+08
-3.839650356355339885e+08
-3.906507575626425743e+08
-3.974493792257193923e+08
-4.041283843936129808e+08
-4.110022866322056055e+08
-4.176631845784203410e+08
-4.243902210410600901e+08
-4.312328990495659709e+08
-4.378380661511039734e+08
-4.447534476701780558e+08
-4.514530940716354251e+08
-4.581577055371567011e+08
-4.651756017784113884e+08
-4.721811560128645897e+08
-4.791518046850005984e+08
-4.859531557651861310e+08
-4.925068991227152944e+08
-4.989216311792502403e+08
-5.055437724677530527e+08
-5.121753538789679408e+08
-5.190471843981903791e+08
-5.261651776095178723e+08
-5.327387766420295835e+08
-5.396110781534845829e+08
-5.464124418778706789e+08
-5.529831730823895931e+08
-5.600324450370019674e+08
-5.667196016061100960e+08
-5.734344756041144133e+08
-5.803103047753986120e+08
-5.868164797512768507e+08
-5.933904014881526232e+08
-6.001554081371010542e+08
-6.069564396890374422e+08
-6.184861776875989437e+08
-6.321574573178822994e+08
-6.453680916687519550e+08
-6.588697411111620665e+08
-6.723768344041707516e+08
-6.856308794398714304e+08
-6.987551887964292765e+08
-7.118895844539300203e+08
