3.847709349697447124e+03
1.209459485878943724e+03
7.792647403338503409e+02
5.721629140183666777e+02
2.433804655428275146e+04
2.810099723240722597e+04
4.355761493479755009e+05
1.228162981726712082e+06
2.771969519405375235e+06
5.547988778589902446e+06
9.954334420146429911e+06
1.400740673596363328e+07
1.875487278884980828e+07
2.347832840545389801e+07
2.957064361453840137e+07
3.366462057840301841e+07
3.716703599533788860e+07
3.801804581058542430e+07
4.023368231435563415e+07
4.056567227645007521e+07
3.741154466626216471e+07
3.864729579618366808e+07
3.705418564625602216e+07
3.665490060106613487e+07
3.837255202519814670e+07
3.933437716922154278e+07
3.870137021401491016e+07
3.991488745812122524e+07
4.101062857061342150e+07
4.172820296611790359e+07
4.306365217378582060e+07
4.206395025340314209e+07
4.109355926367653906e+07
4.070546517937196791e+07
3.902337968463785946e+07
3.843879156555311382e+07
4.030561053224809468e+07
3.870956733742111176e+07
3.881407504478149116e+07
3.937898458133203536e+07
4.016245883865915239e+07
4.165955443285681307e+07
4.167389568652416766e+07
4.460767376896993816e+07
4.541160806678664684e+07
4.607885731722538918e+07
4.828680741788227856e+07
4.969634395508824289e+07
5.020469009677563608e+07
4.833584613561293483e+07
5.012514098122297972e+07
4.852624143920529634e+07
4.873586859067673981e+07
4.981446863932891190e+07
4.811384707969786227e+07
4.883499793998526037e+07
4.889325809531868249e+07
4.941312405701804161e+07
5.032836959964018315e+07
5.097335773636516184e+07
5.153000570850355178e+07
5.025009583033259958e+07
4.988076584006790817e+07
4.848215730467680097e+07
4.836156454944995046e+07
4.783964773873274028e+07
4.832972448871190846e+07
4.695078341350149363e+07
4.623772752930187434e+07
4.555902710021311045e+07
4.524966293213559687e+07
4.407772766833235323e+07
4.438196360561682284e+07
4.386438894569747895e+07
4.600353864083889127e+07
4.587467817353290319e+07
4.557089267828685790e+07
4.385474473972897977e+07
4.495767582331423461e+07
4.618321597516146302e+07
4.348061071911044419e+07
4.506580325117275864e+07
4.445950960544195771e+07
4.429707663062967360e+07
4.363661652734763175e+07
4.418553171883900464e+07
4.433521374889168143e+07
4.507607063976954669e+07
4.633135503759691864e+07
4.391041684820447862e+07
4.484266697324000299e+07
4.391709354769372195e+07
4.579260997278147191e+07
4.388880021049135923e+07
4.448349630575701594e+07
4.405415801349654794e+07
4.489688300876100361e+07
4.397225200550188869e+07
4.299052591300524771e+07
4.349989611570310593e+07
4.121389554732053727e+07
4.295115876694800705e+07
4.208829238113068044e+07
4.204561954361589253e+07
4.131663972020056844e+07
4.252181802149306983e+07
4.176320913655437529e+07
4.213384135710492730e+07
4.254488175587646663e+07
4.134045824703342468e+07
4.200288957130052894e+07
4.225277050065456331e+07
4.364101005835334957e+07
4.302091953891085088e+07
4.372051486803878844e+07
4.420346134404386580e+07
4.471035194913302362e+07
4.680581444312477112e+07
4.536899540100967884e+07
4.734692641291554272e+07
4.681203663056409359e+07
4.431770902297512442e+07
4.459920328079184890e+07
4.544834943915216625e+07
4.473795123784448951e+07
4.421806712828116119e+07
4.251041931104396284e+07
4.446075605384013802e+07
4.230394192135920376e+07
4.360787415572027862e+07
4.346560812405204028e+07
4.418766060438944399e+07
4.248937544814739376e+07
4.226156361380486190e+07
4.125279627372922003e+07
4.210346876178061217e+07
4.073388265188083053e+07
4.117818223632545769e+07
4.229533369810968637e+07
4.142638771205361187e+07
4.248576016286104172e+07
4.124830934367607534e+07
4.208176283440271765e+07
4.178203602970649302e+07
4.224388730919651687e+07
4.202239778180599213e+07
4.143634018175394833e+07
4.121223064294904470e+07
4.196900485347260535e+07
3.970432069490195811e+07
3.989783245274404436e+07
4.080213901097075641e+07
3.988958819886790216e+07
4.077067188117294014e+07
4.007331973113860190e+07
3.921672415465422720e+07
3.903319328651203215e+07
3.876118369677870721e+07
3.884231704153285921e+07
3.939457372910166532e+07
3.967131713807099313e+07
3.869028821539813280e+07
3.772329283327311277e+07
3.769523284780010581e+07
3.965057584435093403e+07
3.863587422289233655e+07
3.807374806265634298e+07
3.616835380906224996e+07
3.833924415599438548e+07
3.726647322054004669e+07
3.703594854890242219e+07
3.833113893904753029e+07
3.599614663531999290e+07
3.828025563161435723e+07
3.805285184053890407e+07
3.849015832853496820e+07
3.850039676079192758e+07
3.840623973482357711e+07
3.893540267408253998e+07
3.749201128142810613e+07
3.766343257071520388e+07
3.722630513072834164e+07
3.647958817051957548e+07
3.825916612049477547e+07
3.578322448333279788e+07
3.630005984643413126e+07
3.611363549016322196e+07
3.587622033728836477e+07
3.773309548735376447e+07
3.725869503796879947e+07
3.736899171396384388e+07
3.699554205240950733e+07
3.743821180542850494e+07
3.804310242141513526e+07
3.749732221607853472e+07
3.824288710559593141e+07
3.755127515472756326e+07
3.679476880599897355e+07
3.617198397505532205e+07
3.744109799859567732e+07
3.716846709748186171e+07
3.783013309327773750e+07
3.754910025606727600e+07
3.640713778503185511e+07
3.663497966543359309e+07
3.718562699487740546e+07
3.780083142485616356e+07
3.676304308794713020e+07
3.753136407813837379e+07
3.540178593461854756e+07
3.682184219708160311e+07
3.550489839751231670e+07
3.567121083000125736e+07
3.674313273913078010e+07
3.618655787475697696e+07
3.673079852287245542e+07
3.654501949713373184e+07
3.520476182019393146e+07
3.549254821193875372e+07
3.605824671158853173e+07
3.683587891227977723e+07
3.632085266131493449e+07
3.614242406748630852e+07
3.594200663727582991e+07
3.527340790270080417e+07
3.575541968002552539e+07
3.435786761789810658e+07
3.561341977625937760e+07
3.487051420331620425e+07
3.506257758806362003e+07
3.587150741616172343e+07
3.466300680195765942e+07
3.631520361081263423e+07
3.675781855396857858e+07
3.511576780279879272e+07
3.498390918203042448e+07
3.456860409786715358e+07
3.462890416824316233e+07
3.456888188012816757e+07
3.525316656155346334e+07
3.639542283481229842e+07
3.557304414687865227e+07
3.387503250166419894e+07
3.400040882847774774e+07
3.522005424826733768e+07
3.424095316642240435e+07
3.512772366472916305e+07
3.624548002324333787e+07
3.517039556065599620e+07
3.490219891093659401e+07
3.507633007109150290e+07
3.549126983292303979e+07
3.522540019341545552e+07
3.544951316198910773e+07
3.511042696255457401e+07
3.583446812258556485e+07
3.515958993832184374e+07
3.426168660825239867e+07
3.542580349125859886e+07
3.479338358640479296e+07
3.518003372251583636e+07
3.508185355790872872e+07
3.533323157840673625e+07
3.525341997233093530e+07
3.535256124413881451e+07
3.574102860144466162e+07
3.495651296559266746e+07
3.604078222179742157e+07
3.550878326146219671e+07
3.647597125495959073e+07
3.531172823036183417e+07
3.488582204307328910e+07
3.705164110230502486e+07
3.499496021331892908e+07
3.622548382155841589e+07
3.478521267227355391e+07
3.572404729476282001e+07
3.469769344532529265e+07
3.510820479580070823e+07
3.531207191361881793e+07
3.350476722713412717e+07
3.559246965608145297e+07
3.521499992916129529e+07
3.465061726530742645e+07
3.568496260358996689e+07
3.555343594607751071e+07
3.617345040013563633e+07
3.661945013178262860e+07
3.519518474878737330e+07
3.570718103190454841e+07
3.512734853900542855e+07
3.458280063394279778e+07
3.541260742838018388e+07
3.707975085647229850e+07
3.644314644010960311e+07
3.630425632216721773e+07
3.436111492853940278e+07
3.527636859871645272e+07
3.578419718410791457e+07
3.354621871475752071e+07
3.527600304905715585e+07
3.682427818002162129e+07
3.607712320381180942e+07
3.653085836791852862e+07
3.644989056698713452e+07
3.704947093817483634e+07
3.654540195247495174e+07
3.706772231528265774e+07
3.813160268501768261e+07
3.634503557188837230e+07
3.779027650511710346e+07
3.828851607030220330e+07
3.755772140011932701e+07
3.760465622946555167e+07
3.801344559544218332e+07
3.685226599346573651e+07
3.843743577954761684e+07
3.824185860185380280e+07
3.772462043036837131e+07
3.910030950756182522e+07
3.704769404783152044e+07
3.916874795245636255e+07
3.751070248908978701e+07
3.706438654015250504e+07
3.801304570143537968e+07
3.733646059471450001e+07
3.683284044782783091e+07
3.821429189519284666e+07
3.713123253431586921e+07
3.723602144528795034e+07
3.773724659359280765e+07
3.729420359339375049e+07
3.769325270375396311e+07
3.633916185576791316e+07
3.945218549738302827e+07
3.734519362645468116e+07
3.639152761369483173e+07
3.794638458083368838e+07
3.659584592123099416e+07
3.568755094952435791e+07
3.850426814038562030e+07
3.650330906279763579e+07
3.790806053765957057e+07
3.802235919555454701e+07
3.695574764102651924e+07
3.763120850738754869e+07
3.711428106893867999e+07
3.728125361541242898e+07
3.780494120267422497e+07
3.754466499875698239e+07
3.654887467636123300e+07
3.851387564679885656e+07
3.792166255766805261e+07
3.877957333185195923e+07
3.781999104033119977e+07
3.719048269706211984e+07
3.771079584016672522e+07
3.774520106843164563e+07
3.714526730505940318e+07
3.785739046248815209e+07
3.577777359054189920e+07
3.668391564985017478e+07
3.689636716145509481e+07
3.701517207378489524e+07
3.676357710033548623e+07
3.760608658643485606e+07
3.755587983590845764e+07
3.822168168015338480e+07
3.629635529922369123e+07
3.670644548125668615e+07
3.652997843200600147e+07
3.732425447708304226e+07
3.709067622552377731e+07
3.739201177825561911e+07
3.813355154737137258e+07
3.614293607404966652e+07
3.758207421696291864e+07
3.640229601974858344e+07
3.822109843985187262e+07
3.720112629575206339e+07
3.677140702836664021e+07
3.633556336826214194e+07
3.858661724622882903e+07
3.777216204166033119e+07
3.662140549188585579e+07
3.637144209326766431e+07
3.762541338053916395e+07
3.606750891667615622e+07
3.540819827410805225e+07
3.613904198276299983e+07
3.493944852134956419e+07
3.618893787968052924e+07
3.627549796419350803e+07
3.601009233452266455e+07
3.559798652186523378e+07
3.589906124769277126e+07
3.553300697909320146e+07
3.603560533986897767e+07
3.613097396809516102e+07
3.620541228648915142e+07
3.614811672641986609e+07
3.587773857894579321e+07
3.463484009343576431e+07
3.541817025922784209e+07
3.649251573618151248e+07
3.428939638367824256e+07
3.656046348813688010e+07
3.480468286743569374e+07
3.539691833853336424e+07
3.480504072298831493e+07
3.507963123840209842e+07
3.478419225904762745e+07
3.482219089687623084e+07
3.479233900225558877e+07
3.352974807757553458e+07
3.439607086329934001e+07
3.511503296633768827e+07
3.540159474343330413e+07
3.365499960824581981e+07
3.439032412728566676e+07
3.649857567318151891e+07
3.436645615139881521e+07
3.456556479936486483e+07
3.572665294509410113e+07
3.563174159055751562e+07
3.370021215850694478e+07
3.487434111789470911e+07
3.464708288065451384e+07
3.615065703657428175e+07
3.429088615674053133e+07
3.584347490589161217e+07
3.440565551649235934e+07
3.459055139187900722e+07
3.424997874428947270e+07
3.396402841214237362e+07
3.422124155650758743e+07
3.483791098888172209e+07
3.341928001912229136e+07
3.370662360612583160e+07
3.516245124596079439e+07
3.414910646286120266e+07
3.485511192105540633e+07
3.433245172778544575e+07
3.441537561495076120e+07
3.398529093013702333e+07
3.418209693507195264e+07
3.349854743478352576e+07
3.336028238529198617e+07
3.324659597880639508e+07
3.317688944290743023e+07
3.337940558695314452e+07
3.345177903318223357e+07
3.442103005828221142e+07
3.422340034552688897e+07
3.415251198299111426e+07
3.241666155608204007e+07
3.317675015495511889e+07
3.363674321128599346e+07
3.311657424057955667e+07
3.324598613058938831e+07
3.420312179230588675e+07
3.314708092141743377e+07
3.304262355526847392e+07
3.393558731487398595e+07
3.330490525844751671e+07
3.433372793812737614e+07
3.371408447963742167e+07
3.397355677775067091e+07
3.445566329911187291e+07
3.305977887500435859e+07
3.434151304962664843e+07
3.362746565136374533e+07
3.309718025720030814e+07
3.305982177875853330e+07
3.477565876205547899e+07
3.302749122333676741e+07
3.235121847144611552e+07
3.319437290342018753e+07
3.234225043438261002e+07
3.343493115808407217e+07
3.303824403092628717e+07
3.239797985800062865e+07
3.306641890622407943e+07
3.327859154688543826e+07
3.177754574101525545e+07
3.381670901533213258e+07
3.298481444832421467e+07
3.356339816442385316e+07
3.218693546448422223e+07
3.323900987390266731e+07
3.304341548081194609e+07
3.127720638846711069e+07
3.108032978354690596e+07
3.269935627895819023e+07
3.216861670396484807e+07
3.333263137397850677e+07
3.419913269948071986e+07
3.288637386090257764e+07
3.398073201263420284e+07
3.428934347380666435e+07
