2.659237281002344025e+04
1.804158443678973708e+04
2.537443894793851359e+04
1.841031198226633933e+04
2.596166112978857564e+04
1.838555921036659493e+04
2.084974142666691114e+04
1.837870226536238260e+04
1.750879063152764866e+04
2.137020571669763740e+04
2.459167166109244135e+04
1.904144899330854969e+04
2.119847657883632564e+04
2.486361812834374723e+04
2.128552171421107050e+04
1.388653151360107040e+04
1.784431208983665420e+04
1.625920758702336207e+04
2.430227488270550020e+04
2.800464390929352885e+04
2.310740950909224193e+04
2.793723361777917671e+04
2.033057433514755394e+04
2.968918642786538840e+04
2.626445417494878711e+04
1.991391757342206620e+04
2.309457698833586619e+04
2.500881228535541595e+04
3.189053444430277887e+04
2.086271846903438563e+04
2.977368073455102422e+04
2.246516240417720837e+04
1.976677900470473833e+04
2.645289237366548696e+04
2.368203626523938874e+04
2.216454239656326536e+04
2.645034393675729370e+04
2.851397491483360500e+04
2.730007756821619114e+04
2.216510380926433572e+04
2.463035296024026684e+04
2.052313818529716809e+04
2.374420803821604204e+04
2.280797880561414786e+04
2.515789569157410369e+04
2.870401003511664385e+04
2.239617940495593939e+04
2.600559172976528498e+04
2.171146891239230172e+04
3.114396602488728968e+04
2.119857099904573261e+04
1.929857377059164719e+04
2.731971995811305169e+04
2.672942258517214213e+04
2.767474583674558744e+04
2.725871851889517711e+04
1.765497094692647806e+04
2.873643232999235624e+04
3.388096106639692152e+04
3.179971320127843137e+04
