2.197996826171875000e+03
6.146739257812500000e+03
6.719824218750000000e+03
8.752505859375000000e+03
1.212419628906250000e+04
1.012294335937500000e+04
1.165488281250000000e+04
1.819534375000000000e+04
1.346550488281250000e+04
2.067357421875000000e+04
1.702366406250000000e+04
1.675151953125000000e+04
2.500508007812500000e+04
1.770116015625000000e+04
2.251900390625000000e+04
2.241752929687500000e+04
2.430871289062500000e+04
2.057490625000000000e+04
2.108468750000000000e+04
2.492355859375000000e+04
2.393039062500000000e+04
2.471621093750000000e+04
2.171963281250000000e+04
2.037561328125000000e+04
2.415455078125000000e+04
2.364960351562500000e+04
3.105928125000000000e+04
2.997359960937500000e+04
2.847258398437500000e+04
2.950135546875000000e+04
2.170532812500000000e+04
2.650332226562500000e+04
2.865987890625000000e+04
2.809581835937500000e+04
3.063953125000000000e+04
2.787438281250000000e+04
3.391750000000000000e+04
2.724645312500000000e+04
3.179680273437500000e+04
2.841003906250000000e+04
2.689542773437500000e+04
2.907147265625000000e+04
2.837820117187500000e+04
2.737658984375000000e+04
2.763161523437500000e+04
2.668795312500000000e+04
2.836989843750000000e+04
3.130965234375000000e+04
2.913690820312500000e+04
2.980008398437500000e+04
3.448084765625000000e+04
3.353388671875000000e+04
2.618323828125000000e+04
3.316938281250000000e+04
2.860179687500000000e+04
3.659303125000000000e+04
3.055382031250000000e+04
2.853023828125000000e+04
3.076964843750000000e+04
2.626082421875000000e+04
3.044523828125000000e+04
2.982375195312500000e+04
3.035976171875000000e+04
3.314864062500000000e+04
3.119123242187500000e+04
3.133348046875000000e+04
2.814329492187500000e+04
2.768500000000000000e+04
2.846343359375000000e+04
2.688196484375000000e+04
2.648574414062500000e+04
3.265386328125000000e+04
2.823294140625000000e+04
2.821457617187500000e+04
3.040197265625000000e+04
3.426116796875000000e+04
3.192203710937500000e+04
3.123736132812500000e+04
3.260459375000000000e+04
2.784604492187500000e+04
2.738125000000000000e+04
2.936812890625000000e+04
2.645005078125000000e+04
3.282220312500000000e+04
3.259083398437500000e+04
3.034340234375000000e+04
3.027100390625000000e+04
2.837216992187500000e+04
2.858654687500000000e+04
3.045575781250000000e+04
2.927872656250000000e+04
3.294765234375000000e+04
3.085841406250000000e+04
2.482215234375000000e+04
2.810465625000000000e+04
2.795104296875000000e+04
3.244853320312500000e+04
3.002621093750000000e+04
2.782197265625000000e+04
2.953053320312500000e+04
2.981179687500000000e+04
3.554412109375000000e+04
3.004646679687500000e+04
3.074653710937500000e+04
2.647429882812500000e+04
2.748860937500000000e+04
2.786717968750000000e+04
2.746343750000000000e+04
3.308930078125000000e+04
3.043718750000000000e+04
2.770582812500000000e+04
3.532187500000000000e+04
2.804800000000000000e+04
3.092217187500000000e+04
2.820756054687500000e+04
3.200068554687500000e+04
2.984011328125000000e+04
3.358576171875000000e+04
2.835120703125000000e+04
3.125676562500000000e+04
2.694881445312500000e+04
3.124745117187500000e+04
3.459061328125000000e+04
3.167650195312500000e+04
2.502213476562500000e+04
3.527041015625000000e+04
2.892270312500000000e+04
3.062334375000000000e+04
2.830394531250000000e+04
3.391043750000000000e+04
3.074559179687500000e+04
3.202470898437500000e+04
3.206374218750000000e+04
3.464766406250000000e+04
3.228928125000000000e+04
3.112275000000000000e+04
2.719695507812500000e+04
2.801534765625000000e+04
3.639744140625000000e+04
2.775463671875000000e+04
3.386696093750000000e+04
2.951233593750000000e+04
3.413141406250000000e+04
3.206036328125000000e+04
3.386822265625000000e+04
3.322144531250000000e+04
2.951191992187500000e+04
2.917089453125000000e+04
3.002535937500000000e+04
2.909944140625000000e+04
3.201714062500000000e+04
3.846199609375000000e+04
3.209835546875000000e+04
3.075606835937500000e+04
2.862930078125000000e+04
2.538293359375000000e+04
3.673747265625000000e+04
2.795214453125000000e+04
3.427127343750000000e+04
3.480193359375000000e+04
2.756054687500000000e+04
2.918840429687500000e+04
3.380103515625000000e+04
2.878830273437500000e+04
2.740580859375000000e+04
3.457758593750000000e+04
3.171545703125000000e+04
3.248554687500000000e+04
3.459966406250000000e+04
3.034585156250000000e+04
3.177653906250000000e+04
2.571322656250000000e+04
2.738889648437500000e+04
2.746025000000000000e+04
3.290801562500000000e+04
3.381826562500000000e+04
3.071102148437500000e+04
2.781076953125000000e+04
3.060716406250000000e+04
3.389698828125000000e+04
3.065182421875000000e+04
2.329464843750000000e+04
2.812724609375000000e+04
3.144098828125000000e+04
2.820624218750000000e+04
3.291087109375000000e+04
2.845582617187500000e+04
3.140690625000000000e+04
3.428229687500000000e+04
2.934629492187500000e+04
3.055672460937500000e+04
3.334995703125000000e+04
2.734044140625000000e+04
2.791207812500000000e+04
2.894260742187500000e+04
3.231279492187500000e+04
2.389311132812500000e+04
2.919923437500000000e+04
2.713864062500000000e+04
3.623156640625000000e+04
3.227966601562500000e+04
2.980260546875000000e+04
2.639549609375000000e+04
3.229847265625000000e+04
3.151135742187500000e+04
3.334265625000000000e+04
2.643230078125000000e+04
2.923712890625000000e+04
2.714685742187500000e+04
3.027053125000000000e+04
2.841975000000000000e+04
3.534714062500000000e+04
2.589710937500000000e+04
3.558161718750000000e+04
3.202710351562500000e+04
3.477858203125000000e+04
3.479747265625000000e+04
3.211063281250000000e+04
3.101634375000000000e+04
2.948716406250000000e+04
2.922254687500000000e+04
2.649617382812500000e+04
3.340787890625000000e+04
3.002655078125000000e+04
3.393810937500000000e+04
2.852655078125000000e+04
3.060585937500000000e+04
3.433575781250000000e+04
3.158162109375000000e+04
3.482084375000000000e+04
3.179615234375000000e+04
2.939343554687500000e+04
3.796099218750000000e+04
3.406827734375000000e+04
2.844689062500000000e+04
3.043614062500000000e+04
2.888168164062500000e+04
3.250863281250000000e+04
3.522287500000000000e+04
3.262842187500000000e+04
3.205117578125000000e+04
3.358886328125000000e+04
2.648660546875000000e+04
2.683038671875000000e+04
3.049283593750000000e+04
3.099648632812500000e+04
2.950447656250000000e+04
3.626936718750000000e+04
3.190713867187500000e+04
2.891721875000000000e+04
2.784112695312500000e+04
2.966485351562500000e+04
2.916724414062500000e+04
3.394673046875000000e+04
2.946294140625000000e+04
2.812972265625000000e+04
3.162163671875000000e+04
2.974296679687500000e+04
3.045513671875000000e+04
3.283073437500000000e+04
2.948378125000000000e+04
3.074832421875000000e+04
3.123668945312500000e+04
3.427206640625000000e+04
2.870587109375000000e+04
3.250158398437500000e+04
2.750345312500000000e+04
2.794296484375000000e+04
2.850602343750000000e+04
3.072619531250000000e+04
3.296124609375000000e+04
3.098883984375000000e+04
2.841406640625000000e+04
3.085898046875000000e+04
3.276440234375000000e+04
2.633110742187500000e+04
3.620815234375000000e+04
2.819043164062500000e+04
3.147400000000000000e+04
3.173307617187500000e+04
3.301712890625000000e+04
3.173681640625000000e+04
3.119877734375000000e+04
3.527671875000000000e+04
2.978647656250000000e+04
3.274894921875000000e+04
3.150674609375000000e+04
2.761175195312500000e+04
3.189635546875000000e+04
3.202398242187500000e+04
3.079918750000000000e+04
2.690083007812500000e+04
2.925172265625000000e+04
3.120906250000000000e+04
3.465392187500000000e+04
3.105593359375000000e+04
2.959878125000000000e+04
2.823517968750000000e+04
3.098374023437500000e+04
3.344230468750000000e+04
3.139359765625000000e+04
3.001727148437500000e+04
2.815026171875000000e+04
2.892253515625000000e+04
3.527633593750000000e+04
3.094824609375000000e+04
3.080273046875000000e+04
3.076051171875000000e+04
3.067431054687500000e+04
3.144501953125000000e+04
3.397767968750000000e+04
3.412691406250000000e+04
3.038038085937500000e+04
2.721896289062500000e+04
2.861601953125000000e+04
3.189320703125000000e+04
3.165708593750000000e+04
3.822282812500000000e+04
3.476053906250000000e+04
2.889788867187500000e+04
3.650807812500000000e+04
3.073330664062500000e+04
2.831067382812500000e+04
2.841639257812500000e+04
3.069136914062500000e+04
3.809842187500000000e+04
3.424644531250000000e+04
3.337352734375000000e+04
3.096544921875000000e+04
3.350370312500000000e+04
3.348506250000000000e+04
3.445462500000000000e+04
2.789430664062500000e+04
3.116301757812500000e+04
2.704695312500000000e+04
2.939615625000000000e+04
3.007206640625000000e+04
3.374054296875000000e+04
3.251403710937500000e+04
2.742703906250000000e+04
2.524464453125000000e+04
3.029661328125000000e+04
2.679084570312500000e+04
2.811244531250000000e+04
3.537303125000000000e+04
2.975306054687500000e+04
2.928208789062500000e+04
3.232591210937500000e+04
3.214196875000000000e+04
2.743695117187500000e+04
3.049354882812500000e+04
2.892783203125000000e+04
3.326030468750000000e+04
2.948576171875000000e+04
3.140170507812500000e+04
3.718783593750000000e+04
3.550969531250000000e+04
3.239632812500000000e+04
3.104542187500000000e+04
2.815738476562500000e+04
3.003976953125000000e+04
2.986894140625000000e+04
3.143533203125000000e+04
3.374833593750000000e+04
3.374431640625000000e+04
3.148898632812500000e+04
2.640365234375000000e+04
2.882045507812500000e+04
3.073525585937500000e+04
3.032969531250000000e+04
3.749978125000000000e+04
3.289494140625000000e+04
3.026697656250000000e+04
2.671309765625000000e+04
2.820134570312500000e+04
2.876049414062500000e+04
3.093034765625000000e+04
2.869860742187500000e+04
3.085987890625000000e+04
2.829917773437500000e+04
3.054738281250000000e+04
3.505921875000000000e+04
3.125884765625000000e+04
3.140297851562500000e+04
3.375241015625000000e+04
3.172914062500000000e+04
2.870405468750000000e+04
3.005639843750000000e+04
3.103775000000000000e+04
3.334490234375000000e+04
2.914298828125000000e+04
3.275490234375000000e+04
3.209981250000000000e+04
2.975966796875000000e+04
2.696302734375000000e+04
3.104130859375000000e+04
3.204876757812500000e+04
3.041446875000000000e+04
3.274667968750000000e+04
3.082708203125000000e+04
3.506839843750000000e+04
3.365249218750000000e+04
3.407746484375000000e+04
3.306121875000000000e+04
3.472500000000000000e+04
2.382051953125000000e+04
2.849884765625000000e+04
3.585195703125000000e+04
3.072021875000000000e+04
3.192275390625000000e+04
3.476792187500000000e+04
3.178672656250000000e+04
2.967898437500000000e+04
3.129269531250000000e+04
3.246316015625000000e+04
3.071927343750000000e+04
3.306203906250000000e+04
2.967575585937500000e+04
2.929016015625000000e+04
3.134235156250000000e+04
2.617490625000000000e+04
3.609952343750000000e+04
3.092137500000000000e+04
2.674855664062500000e+04
2.824380468750000000e+04
3.517118359375000000e+04
2.902339453125000000e+04
3.066567578125000000e+04
2.679222656250000000e+04
3.183126562500000000e+04
3.102358789062500000e+04
2.988667578125000000e+04
2.808585156250000000e+04
3.156476171875000000e+04
3.470268750000000000e+04
2.861839062500000000e+04
3.367767578125000000e+04
2.914310546875000000e+04
2.912273437500000000e+04
3.594268750000000000e+04
2.610512109375000000e+04
3.022103710937500000e+04
3.169803710937500000e+04
2.870073828125000000e+04
3.197860156250000000e+04
3.006724609375000000e+04
3.228075000000000000e+04
3.261953906250000000e+04
3.632334375000000000e+04
2.923367968750000000e+04
2.950251953125000000e+04
3.611208593750000000e+04
3.597751562500000000e+04
2.763638671875000000e+04
3.158562890625000000e+04
3.081865625000000000e+04
3.242130078125000000e+04
3.006649609375000000e+04
3.095530078125000000e+04
2.823767382812500000e+04
2.557380859375000000e+04
3.141644531250000000e+04
3.125221875000000000e+04
2.869016601562500000e+04
3.049192773437500000e+04
3.006696093750000000e+04
2.907777734375000000e+04
2.798844921875000000e+04
2.922682812500000000e+04
3.131845703125000000e+04
3.569049609375000000e+04
3.321420312500000000e+04
2.743300195312500000e+04
2.898397070312500000e+04
3.072312109375000000e+04
3.061496679687500000e+04
2.947452148437500000e+04
2.853966796875000000e+04
2.573065039062500000e+04
3.173287304687500000e+04
3.008813671875000000e+04
2.671050781250000000e+04
3.143710156250000000e+04
2.883574218750000000e+04
3.097053515625000000e+04
3.103548437500000000e+04
2.813503515625000000e+04
2.874874609375000000e+04
3.456720312500000000e+04
2.926755078125000000e+04
3.264801171875000000e+04
3.086878125000000000e+04
3.279460937500000000e+04
3.245409375000000000e+04
3.359319140625000000e+04
3.011214843750000000e+04
3.170844726562500000e+04
3.003510546875000000e+04
2.993674804687500000e+04
2.874534179687500000e+04
2.631848046875000000e+04
3.338843750000000000e+04
3.006684375000000000e+04
2.758743945312500000e+04
2.743119335937500000e+04
2.982243359375000000e+04
2.690649023437500000e+04
2.706020507812500000e+04
3.001123828125000000e+04
2.941612304687500000e+04
3.144088281250000000e+04
2.749705078125000000e+04
3.192661718750000000e+04
3.370943750000000000e+04
3.029028515625000000e+04
2.865748632812500000e+04
2.891881835937500000e+04
3.329207031250000000e+04
3.385817578125000000e+04
2.808331835937500000e+04
3.331083203125000000e+04
3.262297265625000000e+04
2.860520117187500000e+04
3.179341406250000000e+04
3.713870703125000000e+04
2.865284375000000000e+04
2.832725781250000000e+04
3.291330468750000000e+04
3.418804687500000000e+04
2.566487695312500000e+04
2.595041796875000000e+04
3.146309570312500000e+04
2.638703710937500000e+04
3.402232812500000000e+04
2.875475390625000000e+04
3.447921093750000000e+04
3.262447851562500000e+04
3.055993554687500000e+04
3.340346875000000000e+04
3.224931250000000000e+04
2.988925976562500000e+04
3.136132031250000000e+04
2.848199414062500000e+04
3.146301757812500000e+04
3.067150781250000000e+04
3.038864648437500000e+04
3.197218359375000000e+04
3.054805273437500000e+04
3.565330468750000000e+04
3.237513085937500000e+04
3.310644140625000000e+04
3.122945312500000000e+04
2.826342968750000000e+04
2.837842578125000000e+04
2.803496093750000000e+04
3.146209765625000000e+04
2.703677734375000000e+04
3.032384375000000000e+04
3.164766015625000000e+04
3.235966601562500000e+04
3.364929687500000000e+04
2.976674218750000000e+04
3.269964257812500000e+04
3.287873437500000000e+04
2.904060156250000000e+04
2.671263281250000000e+04
3.124374609375000000e+04
2.989114843750000000e+04
3.012452734375000000e+04
3.088305078125000000e+04
3.141455859375000000e+04
2.682419921875000000e+04
2.825770703125000000e+04
3.399659375000000000e+04
3.161554687500000000e+04
3.146552148437500000e+04
3.067603515625000000e+04
2.711043750000000000e+04
2.893502343750000000e+04
3.483010156250000000e+04
3.217557812500000000e+04
3.332274218750000000e+04
3.291935546875000000e+04
2.868287304687500000e+04
2.767144531250000000e+04
3.320698828125000000e+04
3.455528906250000000e+04
2.921717187500000000e+04
3.600279687500000000e+04
2.878264453125000000e+04
3.426514062500000000e+04
3.080399023437500000e+04
3.431521875000000000e+04
2.956978906250000000e+04
2.710642187500000000e+04
3.025297265625000000e+04
2.936775781250000000e+04
3.287429687500000000e+04
2.860788671875000000e+04
3.167753515625000000e+04
3.298641406250000000e+04
2.751603906250000000e+04
2.740003906250000000e+04
3.228885156250000000e+04
2.934439648437500000e+04
3.601161718750000000e+04
3.023601562500000000e+04
3.240645312500000000e+04
2.683945703125000000e+04
2.826934960937500000e+04
3.165770117187500000e+04
2.851696484375000000e+04
3.097960937500000000e+04
3.018058007812500000e+04
3.068215234375000000e+04
3.182707421875000000e+04
3.375000000000000000e+04
3.128822265625000000e+04
3.342680468750000000e+04
2.667971875000000000e+04
2.844767187500000000e+04
3.073617382812500000e+04
3.327328906250000000e+04
2.852701953125000000e+04
3.310511718750000000e+04
2.962227734375000000e+04
2.772983593750000000e+04
3.059019921875000000e+04
2.969624414062500000e+04
3.230246484375000000e+04
3.164022656250000000e+04
2.970593359375000000e+04
3.064089257812500000e+04
2.665282812500000000e+04
2.983183984375000000e+04
2.869479101562500000e+04
3.102799218750000000e+04
2.972942382812500000e+04
2.764399609375000000e+04
2.983129296875000000e+04
2.889489843750000000e+04
3.067739257812500000e+04
3.716799218750000000e+04
2.927620507812500000e+04
3.013856250000000000e+04
3.650457812500000000e+04
3.222539062500000000e+04
3.423589453125000000e+04
3.506012500000000000e+04
2.922135546875000000e+04
2.759749218750000000e+04
2.848826171875000000e+04
2.880983789062500000e+04
2.947279882812500000e+04
3.021361328125000000e+04
2.671433203125000000e+04
2.819944726562500000e+04
2.942891015625000000e+04
2.798973437500000000e+04
2.869533789062500000e+04
3.649978906250000000e+04
2.801938867187500000e+04
3.249964257812500000e+04
3.194429296875000000e+04
2.913868359375000000e+04
2.739128515625000000e+04
2.993792382812500000e+04
3.311750390625000000e+04
3.604904687500000000e+04
3.133000000000000000e+04
3.105738867187500000e+04
2.623081250000000000e+04
3.129181640625000000e+04
3.330960156250000000e+04
2.784654101562500000e+04
3.556144531250000000e+04
2.734366210937500000e+04
3.082825195312500000e+04
3.369656250000000000e+04
3.003253906250000000e+04
3.217552343750000000e+04
2.873812304687500000e+04
3.123458007812500000e+04
3.404238281250000000e+04
3.060333007812500000e+04
2.834852929687500000e+04
2.896455078125000000e+04
2.972471484375000000e+04
2.709045312500000000e+04
3.149837890625000000e+04
2.992909765625000000e+04
3.462394921875000000e+04
2.877023242187500000e+04
3.383057031250000000e+04
2.924070312500000000e+04
3.088981054687500000e+04
3.565912109375000000e+04
2.975404296875000000e+04
2.993487890625000000e+04
3.229303710937500000e+04
3.588576171875000000e+04
3.174559570312500000e+04
3.461534375000000000e+04
3.334823437500000000e+04
2.919449218750000000e+04
3.027756640625000000e+04
2.704806640625000000e+04
2.759696875000000000e+04
3.037937109375000000e+04
3.046283593750000000e+04
2.894213867187500000e+04
2.649384765625000000e+04
2.688682617187500000e+04
2.853486718750000000e+04
3.301683593750000000e+04
2.990461328125000000e+04
3.143889843750000000e+04
3.037889648437500000e+04
3.274707812500000000e+04
2.767208593750000000e+04
3.041353515625000000e+04
2.994548828125000000e+04
3.048835546875000000e+04
2.961423046875000000e+04
3.016676562500000000e+04
3.151957617187500000e+04
2.866700195312500000e+04
2.786801562500000000e+04
3.459491406250000000e+04
3.784143750000000000e+04
3.159939648437500000e+04
2.899676757812500000e+04
3.128407031250000000e+04
3.033150976562500000e+04
3.108333984375000000e+04
3.219523437500000000e+04
3.158514453125000000e+04
3.146461328125000000e+04
3.427812890625000000e+04
3.358512500000000000e+04
3.071107031250000000e+04
2.529500976562500000e+04
2.849196875000000000e+04
3.580295703125000000e+04
3.402021484375000000e+04
3.264187890625000000e+04
2.864728515625000000e+04
3.352936328125000000e+04
2.982376953125000000e+04
2.911332812500000000e+04
3.293924218750000000e+04
2.603741210937500000e+04
3.137131445312500000e+04
3.045430273437500000e+04
3.037133593750000000e+04
3.159523046875000000e+04
3.064861132812500000e+04
4.051003125000000000e+04
3.392459765625000000e+04
3.158313671875000000e+04
3.552168750000000000e+04
3.201168359375000000e+04
3.028348046875000000e+04
3.016894726562500000e+04
3.482447656250000000e+04
3.078555078125000000e+04
2.657220117187500000e+04
3.259328515625000000e+04
3.101800000000000000e+04
3.364762500000000000e+04
3.051800390625000000e+04
2.759748437500000000e+04
3.027604687500000000e+04
3.539434765625000000e+04
2.968300195312500000e+04
3.460816796875000000e+04
3.139061328125000000e+04
2.346304492187500000e+04
2.996306250000000000e+04
3.108534570312500000e+04
3.289757421875000000e+04
3.074817382812500000e+04
2.885960937500000000e+04
3.052059179687500000e+04
3.492139453125000000e+04
3.751035937500000000e+04
3.542491796875000000e+04
2.701456250000000000e+04
3.214735156250000000e+04
3.398453906250000000e+04
3.202864453125000000e+04
3.229808789062500000e+04
2.964372265625000000e+04
3.201824609375000000e+04
3.359685937500000000e+04
3.454135937500000000e+04
3.376718750000000000e+04
2.898266406250000000e+04
3.045254492187500000e+04
3.164028710937500000e+04
2.972317382812500000e+04
2.928955859375000000e+04
2.937260742187500000e+04
3.190985937500000000e+04
2.732167187500000000e+04
2.804267578125000000e+04
3.264638085937500000e+04
3.283714453125000000e+04
2.713886718750000000e+04
2.818071875000000000e+04
3.446002343750000000e+04
2.758540625000000000e+04
3.537316796875000000e+04
2.775025585937500000e+04
3.170248046875000000e+04
3.381406640625000000e+04
3.166813085937500000e+04
2.991267187500000000e+04
3.347150781250000000e+04
3.335864453125000000e+04
2.707990820312500000e+04
3.321366015625000000e+04
3.688323828125000000e+04
2.734327929687500000e+04
3.214248437500000000e+04
3.314223437500000000e+04
3.071797265625000000e+04
3.009294140625000000e+04
3.188400585937500000e+04
3.364612500000000000e+04
2.709055859375000000e+04
3.241307226562500000e+04
3.695951953125000000e+04
2.904558593750000000e+04
3.322805468750000000e+04
3.181496875000000000e+04
3.055516015625000000e+04
3.108367968750000000e+04
2.770471093750000000e+04
2.775241796875000000e+04
2.647992578125000000e+04
3.277093359375000000e+04
2.980844726562500000e+04
3.011596679687500000e+04
3.171175781250000000e+04
2.756105468750000000e+04
3.159769140625000000e+04
2.857738867187500000e+04
2.974483984375000000e+04
3.160759960937500000e+04
2.559219140625000000e+04
2.858498242187500000e+04
3.185694531250000000e+04
3.624103125000000000e+04
2.988528515625000000e+04
3.051433984375000000e+04
2.736647265625000000e+04
3.724745703125000000e+04
3.222765820312500000e+04
2.908591210937500000e+04
3.616323046875000000e+04
2.953099218750000000e+04
2.968833398437500000e+04
3.485718750000000000e+04
3.139317578125000000e+04
2.922680859375000000e+04
2.767612890625000000e+04
3.400375781250000000e+04
3.224508593750000000e+04
3.630707812500000000e+04
2.737333984375000000e+04
3.136025390625000000e+04
3.148211328125000000e+04
2.963881054687500000e+04
2.927446875000000000e+04
3.186596093750000000e+04
2.985101953125000000e+04
2.626636718750000000e+04
2.894604296875000000e+04
3.484049609375000000e+04
2.704779296875000000e+04
2.880289062500000000e+04
2.520375781250000000e+04
3.291387109375000000e+04
3.070869921875000000e+04
2.961220507812500000e+04
2.821569921875000000e+04
2.952169726562500000e+04
3.512619921875000000e+04
3.196647851562500000e+04
3.003602343750000000e+04
3.290326562500000000e+04
3.064949023437500000e+04
2.645403906250000000e+04
3.272374804687500000e+04
3.203908593750000000e+04
2.991802343750000000e+04
3.458905468750000000e+04
3.237554492187500000e+04
3.547598046875000000e+04
3.422371875000000000e+04
2.867933398437500000e+04
3.065656640625000000e+04
2.976744531250000000e+04
2.883499218750000000e+04
3.198613085937500000e+04
2.755631054687500000e+04
3.337640234375000000e+04
2.776337500000000000e+04
3.040624609375000000e+04
3.163657421875000000e+04
3.035169531250000000e+04
2.815654687500000000e+04
3.078808007812500000e+04
2.849767968750000000e+04
2.852474218750000000e+04
3.154883203125000000e+04
2.991947265625000000e+04
3.137974609375000000e+04
2.735790820312500000e+04
2.540748437500000000e+04
3.059072070312500000e+04
2.625792773437500000e+04
2.877956640625000000e+04
3.137389648437500000e+04
3.234005468750000000e+04
3.299962109375000000e+04
3.556389453125000000e+04
3.076079687500000000e+04
3.025701367187500000e+04
3.188921289062500000e+04
3.451483593750000000e+04
2.883608984375000000e+04
2.726547656250000000e+04
3.274172851562500000e+04
3.032631250000000000e+04
3.405979687500000000e+04
3.183755859375000000e+04
3.038836328125000000e+04
3.030372265625000000e+04
2.861271289062500000e+04
3.197413867187500000e+04
3.374286718750000000e+04
2.997484765625000000e+04
3.365226562500000000e+04
2.886267968750000000e+04
2.790198437500000000e+04
3.027296093750000000e+04
2.917307031250000000e+04
3.115505859375000000e+04
2.977072656250000000e+04
3.356182421875000000e+04
3.179813671875000000e+04
3.111957812500000000e+04
3.134064062500000000e+04
3.260611718750000000e+04
3.394457421875000000e+04
2.958010156250000000e+04
2.782315234375000000e+04
3.314444531250000000e+04
3.145634765625000000e+04
3.109597851562500000e+04
3.275394921875000000e+04
2.996491601562500000e+04
3.060617968750000000e+04
3.606454687500000000e+04
3.555860937500000000e+04
3.079353906250000000e+04
3.483523437500000000e+04
3.115085937500000000e+04
3.094501953125000000e+04
2.978907617187500000e+04
3.473134765625000000e+04
3.628175781250000000e+04
3.083156640625000000e+04
3.117254882812500000e+04
3.219462890625000000e+04
3.040526757812500000e+04
3.089817968750000000e+04
2.783804687500000000e+04
2.822805468750000000e+04
2.847673046875000000e+04
2.534097851562500000e+04
2.478937500000000000e+04
2.997336328125000000e+04
2.997117578125000000e+04
3.482080468750000000e+04
3.342126953125000000e+04
2.706317968750000000e+04
2.961047851562500000e+04
3.320137500000000000e+04
3.463602343750000000e+04
2.993999218750000000e+04
2.858049218750000000e+04
3.435474218750000000e+04
3.043855859375000000e+04
3.336737500000000000e+04
3.238478515625000000e+04
3.194138867187500000e+04
3.172712500000000000e+04
3.518042187500000000e+04
2.836042382812500000e+04
3.294591406250000000e+04
3.282612109375000000e+04
3.274648632812500000e+04
2.903454296875000000e+04
2.724117187500000000e+04
3.411689843750000000e+04
3.038693945312500000e+04
2.809096289062500000e+04
3.626960156250000000e+04
3.541817578125000000e+04
2.806377734375000000e+04
2.824638281250000000e+04
2.321431835937500000e+04
2.821011328125000000e+04
2.754287109375000000e+04
3.420656250000000000e+04
2.980489648437500000e+04
2.554023632812500000e+04
2.930726562500000000e+04
2.875895312500000000e+04
3.554178906250000000e+04
3.010954492187500000e+04
3.177507031250000000e+04
3.155960937500000000e+04
2.841232226562500000e+04
3.274314843750000000e+04
2.994389257812500000e+04
3.394140625000000000e+04
3.110742578125000000e+04
2.528328515625000000e+04
2.711033789062500000e+04
3.117788867187500000e+04
3.163248242187500000e+04
2.927879687500000000e+04
3.393441406250000000e+04
2.957183203125000000e+04
2.895999023437500000e+04
2.727297851562500000e+04
3.057457226562500000e+04
3.234172851562500000e+04
2.492689648437500000e+04
3.214883984375000000e+04
3.156988281250000000e+04
2.825191015625000000e+04
2.794438671875000000e+04
3.052884765625000000e+04
3.430191406250000000e+04
3.011458984375000000e+04
3.494558593750000000e+04
3.036373632812500000e+04
2.871600390625000000e+04
3.068168164062500000e+04
3.595753125000000000e+04
3.005412500000000000e+04
2.856663281250000000e+04
2.824753320312500000e+04
2.943936718750000000e+04
3.120341601562500000e+04
3.346992187500000000e+04
3.079132031250000000e+04
3.138262500000000000e+04
3.296642187500000000e+04
2.884807226562500000e+04
3.350953906250000000e+04
2.931443945312500000e+04
3.287675390625000000e+04
2.812549609375000000e+04
3.199001367187500000e+04
2.907505273437500000e+04
3.175059765625000000e+04
2.819216015625000000e+04
3.043935742187500000e+04
2.940419531250000000e+04
3.068619531250000000e+04
3.152665429687500000e+04
3.127716015625000000e+04
3.402092187500000000e+04
2.797086523437500000e+04
3.152187695312500000e+04
3.628482031250000000e+04
3.126665039062500000e+04
3.281340625000000000e+04
3.025815820312500000e+04
3.321230468750000000e+04
3.586278515625000000e+04
3.561046093750000000e+04
2.758112109375000000e+04
3.129108789062500000e+04
3.029273828125000000e+04
3.103258984375000000e+04
3.018863671875000000e+04
3.131135351562500000e+04
3.256317968750000000e+04
3.206772265625000000e+04
3.322295312500000000e+04
3.153343164062500000e+04
3.157432226562500000e+04
3.110856640625000000e+04
3.188519921875000000e+04
3.056332031250000000e+04
2.976454687500000000e+04
2.731554882812500000e+04
3.407920312500000000e+04
3.274525195312500000e+04
3.317197265625000000e+04
2.958804492187500000e+04
2.978071484375000000e+04
3.165847656250000000e+04
3.173495703125000000e+04
3.121856250000000000e+04
2.669712500000000000e+04
2.892083203125000000e+04
3.438535546875000000e+04
3.076703515625000000e+04
3.303898437500000000e+04
3.355079687500000000e+04
2.916477539062500000e+04
2.753607226562500000e+04
3.260936914062500000e+04
3.157416406250000000e+04
2.649116406250000000e+04
2.830879296875000000e+04
3.330436718750000000e+04
3.557506250000000000e+04
3.192060546875000000e+04
3.030232617187500000e+04
3.077442578125000000e+04
3.498134375000000000e+04
2.923063867187500000e+04
3.188184960937500000e+04
2.953089843750000000e+04
2.860907031250000000e+04
3.088313867187500000e+04
3.314967187500000000e+04
2.907121289062500000e+04
3.144203125000000000e+04
3.355178515625000000e+04
3.296030468750000000e+04
2.967210937500000000e+04
3.031579296875000000e+04
2.755770703125000000e+04
3.581534375000000000e+04
3.466345312500000000e+04
3.221183789062500000e+04
3.122318750000000000e+04
2.922894335937500000e+04
3.375938281250000000e+04
3.119792187500000000e+04
3.146700781250000000e+04
3.137154687500000000e+04
3.167929687500000000e+04
3.216299804687500000e+04
3.483246093750000000e+04
2.994768164062500000e+04
3.141839843750000000e+04
2.836952343750000000e+04
2.891908789062500000e+04
3.326690625000000000e+04
2.978801367187500000e+04
3.435460156250000000e+04
2.858817187500000000e+04
3.153148828125000000e+04
3.839434765625000000e+04
2.790554296875000000e+04
2.855984765625000000e+04
3.805476562500000000e+04
3.223970507812500000e+04
3.115382421875000000e+04
2.934220507812500000e+04
3.289413671875000000e+04
3.161688671875000000e+04
3.129062890625000000e+04
2.682885937500000000e+04
2.993393359375000000e+04
3.184745312500000000e+04
3.211942382812500000e+04
3.016992578125000000e+04
3.019003125000000000e+04
2.793815234375000000e+04
3.491387109375000000e+04
2.886491601562500000e+04
2.964984375000000000e+04
3.195480859375000000e+04
2.956788085937500000e+04
3.344639453125000000e+04
3.248826562500000000e+04
3.770578906250000000e+04
3.186822460937500000e+04
2.939016601562500000e+04
3.247030468750000000e+04
2.860935156250000000e+04
3.050277343750000000e+04
3.549841406250000000e+04
3.192606445312500000e+04
2.995849804687500000e+04
2.931055468750000000e+04
3.009007226562500000e+04
3.133289257812500000e+04
2.627812109375000000e+04
3.490459765625000000e+04
3.343666406250000000e+04
2.950267187500000000e+04
3.048384765625000000e+04
3.540053515625000000e+04
3.207691601562500000e+04
3.245736328125000000e+04
3.194384765625000000e+04
2.954392968750000000e+04
3.623673828125000000e+04
3.170354101562500000e+04
3.431592187500000000e+04
2.936154687500000000e+04
2.928052734375000000e+04
2.838228125000000000e+04
2.371282421875000000e+04
3.097632812500000000e+04
3.263004296875000000e+04
3.269347656250000000e+04
3.253853515625000000e+04
3.162382812500000000e+04
3.420452343750000000e+04
3.255483203125000000e+04
3.358350000000000000e+04
2.764040234375000000e+04
2.746010546875000000e+04
3.147862109375000000e+04
3.325721484375000000e+04
3.264574023437500000e+04
2.637886718750000000e+04
2.915758593750000000e+04
3.438794921875000000e+04
3.115558593750000000e+04
2.867865039062500000e+04
3.126291210937500000e+04
3.008226953125000000e+04
3.343959375000000000e+04
3.595619531250000000e+04
2.914577343750000000e+04
3.258890234375000000e+04
2.949261718750000000e+04
3.336939062500000000e+04
3.255443554687500000e+04
3.273207421875000000e+04
3.101444140625000000e+04
3.125005078125000000e+04
2.950466210937500000e+04
3.610014453125000000e+04
3.280108593750000000e+04
2.910675000000000000e+04
2.631647656250000000e+04
2.776688085937500000e+04
2.851217187500000000e+04
3.066955664062500000e+04
3.853903515625000000e+04
3.321155078125000000e+04
3.455689062500000000e+04
3.093892187500000000e+04
2.834449609375000000e+04
3.732697656250000000e+04
4.120721484375000000e+04
3.204638281250000000e+04
3.825015234375000000e+04
3.542704687500000000e+04
3.068462500000000000e+04
3.210359375000000000e+04
2.920727343750000000e+04
2.805106250000000000e+04
3.014938476562500000e+04
3.233899804687500000e+04
3.164367578125000000e+04
2.814264257812500000e+04
3.131726953125000000e+04
3.176551171875000000e+04
2.968844335937500000e+04
3.252319921875000000e+04
3.351103906250000000e+04
3.334762500000000000e+04
3.052619531250000000e+04
3.402643359375000000e+04
2.980939062500000000e+04
3.182634375000000000e+04
3.092750195312500000e+04
3.045598242187500000e+04
2.882181640625000000e+04
2.935421679687500000e+04
2.952474609375000000e+04
3.366676562500000000e+04
3.002830468750000000e+04
3.101637500000000000e+04
3.450117187500000000e+04
3.127720507812500000e+04
3.055875781250000000e+04
3.637382031250000000e+04
3.093919140625000000e+04
3.110894921875000000e+04
3.084979687500000000e+04
4.102187500000000000e+04
2.896794335937500000e+04
3.287492968750000000e+04
3.124920312500000000e+04
3.119413281250000000e+04
3.172799804687500000e+04
3.489117187500000000e+04
3.048244921875000000e+04
2.959825000000000000e+04
2.964083398437500000e+04
3.139566210937500000e+04
3.201542578125000000e+04
2.930495703125000000e+04
3.886657812500000000e+04
3.170164062500000000e+04
3.368076562500000000e+04
2.914229492187500000e+04
3.593467187500000000e+04
2.897773828125000000e+04
2.963641796875000000e+04
3.100373046875000000e+04
2.800491601562500000e+04
3.109341992187500000e+04
3.072390234375000000e+04
3.639119531250000000e+04
3.295467187500000000e+04
2.843016796875000000e+04
3.329537890625000000e+04
3.225741992187500000e+04
3.540710156250000000e+04
3.205812500000000000e+04
3.373430468750000000e+04
3.191089648437500000e+04
3.357167578125000000e+04
3.076818750000000000e+04
3.444093750000000000e+04
3.053660156250000000e+04
3.533322265625000000e+04
2.707144921875000000e+04
2.818300781250000000e+04
3.312209375000000000e+04
3.038668554687500000e+04
3.224928906250000000e+04
2.944255468750000000e+04
2.905862890625000000e+04
3.223537890625000000e+04
3.834220312500000000e+04
2.965662890625000000e+04
2.895963867187500000e+04
2.887092382812500000e+04
3.089446875000000000e+04
3.236861328125000000e+04
3.292280078125000000e+04
3.003216796875000000e+04
3.222856250000000000e+04
2.735641992187500000e+04
2.804455468750000000e+04
3.001895703125000000e+04
3.425425000000000000e+04
2.953948437500000000e+04
2.912036132812500000e+04
3.763393359375000000e+04
3.182597851562500000e+04
3.147261132812500000e+04
2.916558007812500000e+04
3.084050195312500000e+04
3.106153125000000000e+04
3.121904882812500000e+04
3.172865039062500000e+04
3.439671875000000000e+04
2.862319140625000000e+04
2.964046093750000000e+04
3.170421093750000000e+04
3.491592187500000000e+04
2.767618164062500000e+04
3.402605859375000000e+04
3.302362890625000000e+04
3.057336523437500000e+04
3.329357031250000000e+04
3.090735351562500000e+04
3.136313671875000000e+04
3.402955078125000000e+04
2.975269531250000000e+04
3.661453125000000000e+04
3.171102343750000000e+04
3.283268750000000000e+04
3.064505859375000000e+04
3.507311718750000000e+04
3.000625195312500000e+04
2.952068945312500000e+04
2.393625390625000000e+04
3.112404296875000000e+04
3.187825390625000000e+04
3.472714843750000000e+04
3.333341015625000000e+04
2.821804687500000000e+04
3.247644921875000000e+04
3.226689453125000000e+04
3.203245312500000000e+04
2.730032226562500000e+04
2.820574218750000000e+04
3.577967187500000000e+04
3.567862890625000000e+04
3.726260937500000000e+04
2.706947265625000000e+04
2.981496875000000000e+04
3.399544531250000000e+04
3.601243750000000000e+04
3.477342578125000000e+04
2.774662695312500000e+04
2.957591992187500000e+04
3.381288281250000000e+04
3.029815429687500000e+04
3.681161328125000000e+04
3.326081250000000000e+04
3.592328125000000000e+04
3.173222070312500000e+04
2.966264453125000000e+04
3.008844726562500000e+04
2.717096875000000000e+04
3.352211328125000000e+04
3.779771875000000000e+04
2.947374218750000000e+04
2.696061328125000000e+04
3.042910937500000000e+04
3.234069335937500000e+04
3.274258398437500000e+04
3.563547265625000000e+04
2.895708203125000000e+04
3.479598828125000000e+04
3.174606250000000000e+04
3.123661328125000000e+04
3.517880078125000000e+04
3.779384765625000000e+04
3.073295312500000000e+04
2.993767773437500000e+04
3.731853906250000000e+04
2.917277734375000000e+04
3.023037304687500000e+04
3.080507421875000000e+04
3.301829687500000000e+04
2.986860742187500000e+04
3.084011523437500000e+04
2.960993359375000000e+04
3.169284179687500000e+04
3.052788085937500000e+04
3.092172656250000000e+04
2.832617773437500000e+04
3.319494531250000000e+04
2.991213281250000000e+04
2.800705273437500000e+04
3.035926757812500000e+04
3.184913671875000000e+04
3.166300390625000000e+04
2.822502343750000000e+04
3.144623828125000000e+04
3.120271875000000000e+04
3.343253906250000000e+04
3.087147265625000000e+04
3.442928906250000000e+04
3.249095507812500000e+04
3.687239843750000000e+04
3.135762500000000000e+04
3.016003906250000000e+04
3.458168359375000000e+04
2.887497460937500000e+04
3.700674218750000000e+04
3.344262109375000000e+04
3.303509375000000000e+04
3.334703125000000000e+04
3.229429687500000000e+04
3.215632031250000000e+04
3.278933203125000000e+04
3.031485546875000000e+04
3.117366796875000000e+04
3.522863281250000000e+04
3.274307812500000000e+04
3.363541796875000000e+04
2.901938867187500000e+04
3.411717968750000000e+04
3.458982812500000000e+04
3.323694531250000000e+04
3.112110546875000000e+04
3.064058593750000000e+04
3.735121484375000000e+04
2.732337500000000000e+04
2.885942578125000000e+04
3.264608984375000000e+04
3.357367968750000000e+04
3.318116015625000000e+04
3.004047656250000000e+04
2.922455859375000000e+04
3.040254687500000000e+04
3.027982226562500000e+04
2.987937109375000000e+04
3.105214843750000000e+04
3.184788281250000000e+04
2.819264062500000000e+04
2.980190234375000000e+04
3.008225976562500000e+04
2.883327734375000000e+04
3.305077343750000000e+04
3.218813085937500000e+04
3.327105468750000000e+04
2.930503515625000000e+04
3.532146484375000000e+04
3.589598437500000000e+04
2.892148046875000000e+04
2.907068359375000000e+04
2.687962304687500000e+04
2.934120703125000000e+04
2.836046484375000000e+04
3.164158789062500000e+04
2.836520312500000000e+04
3.062351562500000000e+04
2.967845703125000000e+04
3.025946093750000000e+04
2.822927929687500000e+04
2.704390625000000000e+04
3.374853125000000000e+04
2.788361523437500000e+04
2.925323632812500000e+04
2.818442578125000000e+04
3.051091406250000000e+04
2.640916015625000000e+04
2.642761328125000000e+04
3.072284375000000000e+04
3.525640625000000000e+04
3.335406250000000000e+04
2.807735546875000000e+04
3.371482421875000000e+04
3.274370507812500000e+04
2.790009375000000000e+04
3.372555078125000000e+04
3.414856250000000000e+04
3.165354687500000000e+04
3.422864062500000000e+04
2.930665820312500000e+04
2.893670117187500000e+04
3.235225781250000000e+04
3.240144140625000000e+04
3.284782812500000000e+04
3.350739843750000000e+04
3.494179687500000000e+04
3.057472851562500000e+04
2.855608984375000000e+04
3.379489453125000000e+04
3.071210546875000000e+04
3.222472656250000000e+04
2.828306054687500000e+04
2.858163867187500000e+04
3.252727734375000000e+04
3.293750000000000000e+04
3.028170507812500000e+04
3.115095898437500000e+04
3.031326757812500000e+04
2.775315039062500000e+04
3.466993359375000000e+04
3.162331640625000000e+04
3.394600390625000000e+04
2.979351562500000000e+04
3.044104687500000000e+04
3.117841015625000000e+04
3.026416796875000000e+04
3.667316796875000000e+04
3.016450000000000000e+04
3.589746093750000000e+04
2.730364453125000000e+04
2.964542382812500000e+04
3.479429687500000000e+04
2.770372656250000000e+04
3.473939843750000000e+04
3.182895507812500000e+04
2.891994140625000000e+04
3.179346484375000000e+04
3.400801953125000000e+04
2.972008789062500000e+04
2.982381640625000000e+04
3.148079687500000000e+04
3.104570312500000000e+04
3.270462500000000000e+04
2.799973828125000000e+04
2.881860546875000000e+04
3.072936328125000000e+04
3.180208593750000000e+04
2.776590234375000000e+04
3.519259765625000000e+04
3.589700781250000000e+04
3.075910156250000000e+04
3.107960156250000000e+04
2.942670117187500000e+04
3.820307031250000000e+04
2.993677343750000000e+04
3.018974609375000000e+04
3.240700390625000000e+04
2.951463281250000000e+04
3.020082812500000000e+04
2.836349023437500000e+04
2.925620898437500000e+04
2.763900000000000000e+04
3.303549218750000000e+04
3.271665820312500000e+04
2.981469726562500000e+04
3.306877343750000000e+04
2.998305468750000000e+04
3.015107031250000000e+04
2.974644140625000000e+04
2.768196484375000000e+04
2.947727539062500000e+04
2.717386718750000000e+04
3.036504492187500000e+04
3.352037109375000000e+04
2.818317578125000000e+04
2.888667968750000000e+04
2.945332812500000000e+04
2.881505859375000000e+04
3.297941796875000000e+04
3.370402734375000000e+04
3.051606835937500000e+04
3.494829296875000000e+04
3.100743359375000000e+04
2.669540429687500000e+04
3.149751953125000000e+04
3.859823828125000000e+04
3.197794335937500000e+04
3.214122265625000000e+04
3.360918750000000000e+04
3.381208593750000000e+04
3.046857031250000000e+04
2.571156835937500000e+04
2.669396875000000000e+04
3.423734375000000000e+04
3.294444921875000000e+04
2.778929687500000000e+04
3.254403515625000000e+04
3.173029296875000000e+04
3.163002343750000000e+04
3.042112890625000000e+04
3.699650000000000000e+04
3.118147656250000000e+04
2.972286328125000000e+04
3.386163281250000000e+04
2.614374414062500000e+04
2.968064843750000000e+04
3.138111914062500000e+04
3.284644531250000000e+04
3.218116601562500000e+04
3.328101562500000000e+04
3.322920703125000000e+04
3.340574609375000000e+04
3.174105859375000000e+04
2.685117578125000000e+04
3.453716406250000000e+04
3.470995312500000000e+04
3.059948046875000000e+04
3.380214843750000000e+04
3.150966796875000000e+04
3.080395507812500000e+04
3.430546093750000000e+04
3.429151171875000000e+04
2.662029101562500000e+04
2.935847460937500000e+04
2.897279687500000000e+04
3.375300000000000000e+04
3.488055078125000000e+04
3.543233593750000000e+04
3.013819335937500000e+04
2.876667968750000000e+04
3.094692773437500000e+04
3.567182421875000000e+04
2.993513476562500000e+04
3.411733984375000000e+04
3.620564453125000000e+04
3.188885937500000000e+04
3.053450000000000000e+04
3.366915625000000000e+04
3.055796484375000000e+04
3.175856250000000000e+04
3.126508007812500000e+04
3.157566210937500000e+04
3.490280468750000000e+04
3.111250781250000000e+04
3.301332812500000000e+04
3.486968359375000000e+04
3.084893359375000000e+04
3.158936132812500000e+04
2.714108984375000000e+04
2.849681835937500000e+04
3.163310546875000000e+04
3.009950195312500000e+04
3.253081054687500000e+04
2.446027734375000000e+04
3.137934765625000000e+04
2.978726757812500000e+04
3.109829687500000000e+04
2.728891992187500000e+04
2.581567578125000000e+04
3.197654296875000000e+04
3.456121093750000000e+04
3.220065820312500000e+04
2.921411914062500000e+04
3.816473437500000000e+04
3.081699609375000000e+04
3.265073828125000000e+04
3.808251953125000000e+04
3.308207031250000000e+04
3.490007031250000000e+04
3.243744140625000000e+04
2.875078320312500000e+04
2.834885546875000000e+04
3.503563671875000000e+04
3.337403125000000000e+04
3.207540820312500000e+04
3.041362500000000000e+04
3.084809179687500000e+04
3.365886718750000000e+04
3.033199414062500000e+04
3.434091406250000000e+04
2.646181640625000000e+04
3.387921093750000000e+04
2.866194335937500000e+04
3.271221679687500000e+04
3.149013867187500000e+04
3.136104882812500000e+04
3.471465234375000000e+04
2.793765234375000000e+04
3.238515625000000000e+04
2.894208984375000000e+04
3.255832031250000000e+04
3.384380078125000000e+04
3.306757031250000000e+04
3.434878906250000000e+04
3.012774218750000000e+04
3.182760156250000000e+04
3.042471289062500000e+04
3.192987890625000000e+04
3.053891015625000000e+04
3.524931250000000000e+04
2.959384375000000000e+04
3.280016796875000000e+04
2.870343359375000000e+04
3.356336718750000000e+04
3.149010156250000000e+04
3.235375781250000000e+04
3.041186132812500000e+04
3.302391406250000000e+04
2.849054687500000000e+04
3.239293359375000000e+04
3.689929687500000000e+04
3.267322851562500000e+04
3.247193750000000000e+04
2.969940234375000000e+04
3.447467578125000000e+04
2.990243554687500000e+04
3.078853515625000000e+04
3.701173046875000000e+04
3.741286718750000000e+04
3.011710742187500000e+04
3.397870312500000000e+04
2.965532421875000000e+04
3.053125781250000000e+04
3.037514843750000000e+04
2.572977734375000000e+04
3.209846875000000000e+04
3.452707031250000000e+04
2.807653906250000000e+04
3.237846679687500000e+04
3.167890625000000000e+04
3.124319726562500000e+04
3.311055859375000000e+04
3.264611718750000000e+04
2.944325000000000000e+04
3.190416992187500000e+04
3.689001562500000000e+04
3.058007031250000000e+04
3.468106250000000000e+04
3.198476562500000000e+04
2.843785937500000000e+04
3.275263476562500000e+04
3.100067187500000000e+04
2.938725976562500000e+04
3.091454492187500000e+04
2.879665234375000000e+04
3.157916796875000000e+04
3.104212695312500000e+04
3.152513085937500000e+04
2.974520507812500000e+04
3.273390429687500000e+04
3.046211914062500000e+04
3.622080078125000000e+04
3.001867578125000000e+04
3.014012500000000000e+04
3.161452343750000000e+04
3.259130664062500000e+04
3.782096875000000000e+04
3.216284375000000000e+04
3.007085351562500000e+04
3.187003515625000000e+04
3.168020312500000000e+04
3.300021093750000000e+04
2.970661132812500000e+04
3.206343554687500000e+04
3.375543359375000000e+04
3.620821093750000000e+04
3.158094531250000000e+04
3.342304296875000000e+04
3.168801562500000000e+04
3.606107421875000000e+04
3.908633593750000000e+04
3.333950000000000000e+04
3.087337890625000000e+04
3.102501953125000000e+04
3.065205859375000000e+04
3.405764843750000000e+04
3.164974414062500000e+04
3.342377343750000000e+04
2.647921093750000000e+04
3.229853906250000000e+04
2.754550390625000000e+04
3.041684179687500000e+04
3.309541406250000000e+04
3.396813281250000000e+04
3.444623437500000000e+04
2.959489843750000000e+04
3.322885156250000000e+04
3.289399218750000000e+04
2.999917968750000000e+04
3.296467968750000000e+04
3.204454296875000000e+04
3.076866601562500000e+04
3.054047265625000000e+04
3.395819140625000000e+04
3.452892968750000000e+04
3.143847070312500000e+04
3.371844531250000000e+04
2.754001953125000000e+04
3.685084765625000000e+04
3.584469531250000000e+04
3.693316015625000000e+04
3.087304296875000000e+04
3.115773632812500000e+04
3.361475781250000000e+04
3.258633203125000000e+04
3.151222070312500000e+04
2.953271093750000000e+04
3.197736523437500000e+04
2.911026367187500000e+04
3.068307031250000000e+04
2.855840234375000000e+04
3.308157812500000000e+04
3.348682421875000000e+04
2.963959375000000000e+04
3.635304687500000000e+04
2.824793359375000000e+04
2.950721093750000000e+04
3.225291796875000000e+04
3.137290625000000000e+04
3.244752734375000000e+04
3.402716015625000000e+04
2.878934960937500000e+04
3.278112890625000000e+04
3.306909765625000000e+04
3.266274804687500000e+04
3.006892578125000000e+04
2.954387500000000000e+04
3.058844335937500000e+04
3.384427343750000000e+04
3.180206640625000000e+04
3.144664453125000000e+04
3.128925390625000000e+04
3.220149414062500000e+04
2.836655664062500000e+04
3.567528125000000000e+04
3.350121875000000000e+04
2.557677148437500000e+04
3.305355078125000000e+04
3.214883203125000000e+04
3.223843750000000000e+04
3.492614062500000000e+04
2.786131640625000000e+04
2.958446484375000000e+04
3.301100000000000000e+04
3.178728906250000000e+04
3.192310937500000000e+04
2.977578125000000000e+04
2.973958593750000000e+04
3.170534570312500000e+04
2.821538671875000000e+04
2.796043359375000000e+04
2.994997851562500000e+04
3.130057812500000000e+04
2.749854296875000000e+04
2.720434375000000000e+04
3.398966015625000000e+04
3.008178320312500000e+04
3.146076953125000000e+04
3.057643750000000000e+04
3.621678515625000000e+04
2.815728320312500000e+04
2.725303125000000000e+04
3.259305273437500000e+04
2.713282812500000000e+04
2.796655078125000000e+04
2.956493359375000000e+04
3.304842187500000000e+04
3.178810937500000000e+04
3.349262500000000000e+04
3.266706640625000000e+04
3.602287890625000000e+04
3.370327343750000000e+04
2.977083203125000000e+04
2.930684375000000000e+04
3.114380859375000000e+04
3.453420312500000000e+04
2.774089062500000000e+04
3.071262109375000000e+04
3.429122656250000000e+04
3.286924218750000000e+04
3.432456250000000000e+04
3.463702343750000000e+04
2.815286718750000000e+04
2.974715234375000000e+04
3.114696875000000000e+04
3.254358203125000000e+04
3.189150781250000000e+04
3.226624414062500000e+04
3.089094921875000000e+04
3.090335351562500000e+04
2.903684375000000000e+04
3.152938671875000000e+04
3.100276953125000000e+04
3.068188671875000000e+04
3.218923437500000000e+04
2.943569921875000000e+04
3.058002539062500000e+04
3.422521093750000000e+04
2.884787890625000000e+04
3.300474218750000000e+04
3.029454687500000000e+04
3.273805468750000000e+04
2.773020312500000000e+04
2.709226562500000000e+04
3.077614648437500000e+04
3.392148828125000000e+04
3.844233984375000000e+04
3.573144140625000000e+04
3.058900390625000000e+04
3.469148437500000000e+04
3.337855078125000000e+04
2.979604296875000000e+04
3.252280078125000000e+04
2.548567187500000000e+04
2.923691015625000000e+04
3.420600000000000000e+04
3.675085937500000000e+04
3.080345312500000000e+04
2.615328906250000000e+04
3.258625976562500000e+04
3.251057421875000000e+04
3.100264453125000000e+04
3.046665820312500000e+04
3.427114062500000000e+04
3.082061132812500000e+04
3.347250000000000000e+04
3.241694140625000000e+04
2.762845117187500000e+04
3.116165429687500000e+04
3.467366406250000000e+04
3.611342578125000000e+04
2.937492773437500000e+04
3.228790625000000000e+04
3.391309375000000000e+04
2.946099804687500000e+04
2.871541210937500000e+04
3.215503515625000000e+04
3.243913281250000000e+04
3.030073242187500000e+04
3.309000390625000000e+04
2.829088281250000000e+04
3.085360351562500000e+04
3.099253906250000000e+04
2.825424609375000000e+04
3.815586328125000000e+04
3.509083593750000000e+04
3.628007031250000000e+04
3.505548828125000000e+04
3.394598046875000000e+04
3.268170507812500000e+04
2.874986914062500000e+04
3.349458984375000000e+04
3.451164843750000000e+04
3.181065625000000000e+04
3.136227734375000000e+04
3.047854296875000000e+04
2.792601953125000000e+04
3.023763281250000000e+04
3.153560937500000000e+04
2.925616406250000000e+04
3.094379296875000000e+04
2.912323046875000000e+04
3.126793554687500000e+04
3.219191992187500000e+04
3.087245117187500000e+04
3.710419140625000000e+04
3.195500390625000000e+04
2.510746679687500000e+04
2.742833593750000000e+04
3.270779492187500000e+04
2.859505468750000000e+04
2.972903906250000000e+04
3.332276171875000000e+04
3.054015039062500000e+04
3.171132031250000000e+04
3.247398828125000000e+04
3.154602148437500000e+04
2.990205664062500000e+04
2.693883593750000000e+04
3.324657812500000000e+04
3.473184375000000000e+04
3.120691015625000000e+04
3.067562500000000000e+04
3.085154101562500000e+04
3.237470312500000000e+04
2.655305664062500000e+04
3.156057812500000000e+04
2.975058007812500000e+04
3.195840234375000000e+04
2.930429296875000000e+04
3.183027539062500000e+04
3.184087890625000000e+04
3.156525585937500000e+04
3.355580468750000000e+04
3.462032812500000000e+04
3.396241796875000000e+04
3.002007812500000000e+04
3.098330468750000000e+04
3.001038281250000000e+04
2.967501562500000000e+04
3.293002343750000000e+04
3.021119921875000000e+04
3.158048632812500000e+04
3.083570703125000000e+04
3.100199609375000000e+04
2.724834375000000000e+04
2.923027734375000000e+04
3.017744921875000000e+04
3.037016796875000000e+04
2.861440625000000000e+04
3.051336523437500000e+04
3.480134375000000000e+04
3.322394531250000000e+04
3.584185937500000000e+04
2.857022851562500000e+04
3.262820312500000000e+04
3.220964257812500000e+04
2.760931835937500000e+04
2.809737109375000000e+04
3.148061132812500000e+04
2.908493359375000000e+04
2.760808203125000000e+04
2.873211523437500000e+04
3.086082421875000000e+04
3.660839843750000000e+04
3.739297656250000000e+04
3.399051562500000000e+04
3.665455859375000000e+04
2.981089062500000000e+04
2.988530273437500000e+04
2.856889453125000000e+04
2.889670312500000000e+04
3.405165625000000000e+04
3.223139453125000000e+04
3.217245312500000000e+04
3.264284765625000000e+04
3.318244921875000000e+04
3.401721875000000000e+04
3.235117968750000000e+04
2.970024414062500000e+04
3.050530078125000000e+04
3.524164843750000000e+04
2.631945703125000000e+04
3.411099609375000000e+04
3.122061328125000000e+04
3.071410156250000000e+04
3.110709570312500000e+04
3.199051562500000000e+04
3.034425000000000000e+04
2.842492382812500000e+04
3.240095898437500000e+04
3.185558593750000000e+04
3.567685937500000000e+04
3.400850781250000000e+04
3.340663281250000000e+04
3.303326562500000000e+04
3.050625781250000000e+04
3.346875000000000000e+04
2.941033007812500000e+04
2.833582421875000000e+04
3.237238671875000000e+04
3.188422656250000000e+04
3.767312890625000000e+04
3.211465429687500000e+04
3.082326171875000000e+04
3.147162109375000000e+04
3.040876562500000000e+04
3.084030468750000000e+04
3.355632421875000000e+04
2.889503515625000000e+04
2.847877734375000000e+04
2.884476171875000000e+04
2.824746484375000000e+04
2.773092382812500000e+04
2.915370703125000000e+04
3.597004296875000000e+04
2.927850195312500000e+04
3.844394140625000000e+04
3.029562500000000000e+04
3.557002343750000000e+04
3.475135937500000000e+04
3.063639257812500000e+04
3.109936914062500000e+04
3.097710937500000000e+04
3.105441015625000000e+04
2.935115429687500000e+04
3.206895117187500000e+04
2.782776757812500000e+04
3.277267187500000000e+04
3.205680859375000000e+04
3.135630859375000000e+04
3.060868750000000000e+04
2.886211328125000000e+04
2.755869140625000000e+04
3.168234375000000000e+04
2.855986718750000000e+04
3.167220703125000000e+04
2.961691796875000000e+04
3.242954492187500000e+04
3.086834960937500000e+04
3.345169921875000000e+04
3.273249414062500000e+04
3.087576562500000000e+04
3.613935937500000000e+04
2.778380273437500000e+04
3.325777734375000000e+04
3.388867187500000000e+04
3.334755859375000000e+04
3.441838281250000000e+04
3.499312500000000000e+04
3.063794726562500000e+04
3.053968164062500000e+04
2.906946679687500000e+04
3.159812890625000000e+04
3.473646093750000000e+04
3.046625781250000000e+04
3.302239062500000000e+04
3.203748242187500000e+04
3.443596484375000000e+04
3.003926562500000000e+04
2.752488867187500000e+04
2.923498046875000000e+04
3.749978906250000000e+04
3.182558984375000000e+04
3.591393750000000000e+04
3.317694140625000000e+04
2.917893359375000000e+04
3.346451171875000000e+04
2.628369921875000000e+04
2.703729687500000000e+04
3.459181250000000000e+04
2.917435351562500000e+04
3.396198437500000000e+04
3.269974804687500000e+04
2.787981640625000000e+04
3.094548437500000000e+04
3.262827343750000000e+04
2.872065820312500000e+04
3.329154296875000000e+04
3.495189453125000000e+04
4.038316015625000000e+04
3.232623437500000000e+04
3.570535937500000000e+04
3.525473046875000000e+04
3.247606250000000000e+04
3.026673046875000000e+04
2.824182421875000000e+04
3.064380078125000000e+04
2.905259179687500000e+04
2.999953906250000000e+04
3.397992187500000000e+04
3.844796093750000000e+04
2.527271093750000000e+04
2.992892968750000000e+04
3.217633789062500000e+04
3.040016992187500000e+04
2.927969335937500000e+04
3.008117187500000000e+04
3.333076953125000000e+04
3.562539062500000000e+04
3.285317968750000000e+04
3.158837109375000000e+04
2.689975390625000000e+04
2.889122070312500000e+04
3.002609375000000000e+04
2.797563085937500000e+04
3.017941406250000000e+04
3.327215625000000000e+04
3.176175781250000000e+04
3.378944531250000000e+04
2.896143164062500000e+04
3.672651562500000000e+04
3.010626367187500000e+04
3.224110156250000000e+04
3.040633203125000000e+04
2.834914843750000000e+04
3.013633203125000000e+04
3.379878125000000000e+04
3.199887500000000000e+04
3.509217187500000000e+04
3.671561328125000000e+04
3.223171093750000000e+04
3.395301562500000000e+04
3.123326171875000000e+04
3.614420312500000000e+04
2.837527734375000000e+04
3.372447265625000000e+04
3.293713671875000000e+04
2.897357812500000000e+04
3.305139453125000000e+04
3.073722265625000000e+04
3.498576171875000000e+04
2.872040234375000000e+04
3.056648828125000000e+04
3.185849023437500000e+04
2.765546484375000000e+04
3.647100000000000000e+04
3.193088281250000000e+04
3.433064062500000000e+04
3.321120703125000000e+04
3.291086718750000000e+04
3.064730859375000000e+04
3.002250000000000000e+04
3.192020117187500000e+04
3.221773632812500000e+04
3.544466406250000000e+04
3.539535156250000000e+04
3.580092187500000000e+04
3.654052343750000000e+04
3.005592968750000000e+04
3.102738476562500000e+04
3.552280468750000000e+04
3.497901953125000000e+04
3.071919921875000000e+04
2.896207812500000000e+04
2.679534375000000000e+04
2.939375000000000000e+04
2.919808984375000000e+04
3.201149218750000000e+04
3.505709375000000000e+04
3.076937109375000000e+04
3.407448437500000000e+04
3.188713867187500000e+04
2.809903710937500000e+04
3.057359765625000000e+04
3.186209765625000000e+04
3.143048242187500000e+04
3.557342187500000000e+04
3.152591992187500000e+04
3.520382031250000000e+04
3.117315625000000000e+04
3.442656640625000000e+04
3.088363476562500000e+04
3.107200390625000000e+04
2.689489648437500000e+04
2.845865234375000000e+04
3.316896875000000000e+04
3.156882031250000000e+04
3.408639062500000000e+04
2.888508984375000000e+04
3.037546875000000000e+04
3.415205468750000000e+04
3.413560546875000000e+04
2.879243750000000000e+04
3.227058398437500000e+04
3.317287109375000000e+04
3.530692187500000000e+04
3.258600781250000000e+04
2.893722460937500000e+04
2.960426171875000000e+04
3.499787890625000000e+04
2.891884375000000000e+04
2.727102343750000000e+04
3.525565234375000000e+04
2.823136718750000000e+04
3.044025390625000000e+04
2.872765820312500000e+04
3.286724609375000000e+04
2.950508398437500000e+04
3.408435546875000000e+04
3.011847656250000000e+04
3.457489062500000000e+04
2.701772851562500000e+04
3.285506250000000000e+04
2.909552734375000000e+04
2.986167187500000000e+04
2.984710546875000000e+04
2.989986914062500000e+04
3.173647851562500000e+04
3.517637109375000000e+04
3.174381835937500000e+04
3.502798828125000000e+04
3.005878125000000000e+04
2.814758203125000000e+04
3.427581250000000000e+04
3.862714843750000000e+04
3.501089843750000000e+04
2.477171093750000000e+04
2.922047265625000000e+04
3.070905468750000000e+04
3.282972265625000000e+04
3.233161914062500000e+04
3.175845117187500000e+04
3.315900781250000000e+04
3.567076953125000000e+04
2.891296093750000000e+04
2.786748632812500000e+04
2.841017578125000000e+04
2.984642773437500000e+04
2.985351171875000000e+04
3.157406835937500000e+04
3.121410156250000000e+04
3.478049609375000000e+04
3.512089453125000000e+04
3.070535742187500000e+04
3.403912500000000000e+04
3.074373046875000000e+04
2.784475781250000000e+04
3.795531640625000000e+04
3.015257421875000000e+04
3.521490625000000000e+04
3.492781640625000000e+04
3.275954296875000000e+04
3.259229492187500000e+04
3.020077734375000000e+04
3.470879296875000000e+04
3.293326171875000000e+04
2.875853710937500000e+04
3.275632421875000000e+04
2.919032617187500000e+04
2.746800585937500000e+04
3.348486718750000000e+04
3.417689843750000000e+04
3.131173437500000000e+04
3.142293359375000000e+04
3.212295117187500000e+04
2.939775585937500000e+04
3.772477343750000000e+04
3.285350781250000000e+04
2.842196484375000000e+04
2.981725781250000000e+04
3.432215625000000000e+04
3.579442968750000000e+04
3.047430078125000000e+04
3.046262890625000000e+04
3.134212109375000000e+04
3.080587304687500000e+04
2.952258984375000000e+04
3.029930468750000000e+04
3.341250390625000000e+04
2.926161523437500000e+04
2.887103515625000000e+04
2.952175781250000000e+04
3.177067578125000000e+04
2.919551757812500000e+04
2.992925781250000000e+04
3.053442382812500000e+04
3.471280468750000000e+04
3.477002343750000000e+04
3.438107812500000000e+04
3.242254882812500000e+04
3.363044921875000000e+04
3.338959765625000000e+04
3.068702148437500000e+04
3.171842187500000000e+04
2.927557226562500000e+04
2.783577539062500000e+04
3.321163671875000000e+04
3.363556250000000000e+04
2.802767578125000000e+04
3.543140625000000000e+04
2.897052343750000000e+04
3.021925390625000000e+04
3.328733593750000000e+04
2.879618750000000000e+04
3.367550781250000000e+04
2.957066796875000000e+04
3.124058203125000000e+04
3.351000781250000000e+04
2.948800585937500000e+04
3.373922656250000000e+04
3.119868945312500000e+04
2.874090234375000000e+04
2.944236132812500000e+04
2.869751953125000000e+04
2.918255859375000000e+04
2.955334960937500000e+04
3.233401562500000000e+04
3.178434570312500000e+04
2.820605859375000000e+04
3.039509179687500000e+04
3.197607226562500000e+04
2.802887109375000000e+04
3.377557031250000000e+04
3.367685937500000000e+04
2.992227343750000000e+04
3.174801171875000000e+04
3.352469531250000000e+04
3.789210937500000000e+04
3.060643164062500000e+04
2.825406445312500000e+04
3.242208984375000000e+04
3.539138281250000000e+04
3.229667968750000000e+04
3.384807421875000000e+04
3.256437695312500000e+04
3.514220703125000000e+04
3.664192968750000000e+04
2.929652734375000000e+04
3.009528906250000000e+04
3.265932031250000000e+04
3.167732226562500000e+04
3.304150781250000000e+04
2.670979296875000000e+04
3.572601562500000000e+04
3.079565820312500000e+04
2.991408398437500000e+04
3.033190234375000000e+04
3.139258789062500000e+04
3.674038281250000000e+04
2.924586328125000000e+04
3.173501562500000000e+04
3.367455468750000000e+04
3.314950390625000000e+04
3.076165039062500000e+04
2.912744921875000000e+04
2.815486718750000000e+04
3.366797656250000000e+04
3.504824218750000000e+04
3.486317968750000000e+04
3.323414843750000000e+04
3.016784960937500000e+04
3.150724218750000000e+04
3.195282226562500000e+04
3.136524023437500000e+04
2.988184570312500000e+04
3.814503125000000000e+04
2.725345898437500000e+04
2.856897070312500000e+04
3.004438671875000000e+04
3.041674218750000000e+04
3.240468750000000000e+04
2.908780078125000000e+04
2.966879687500000000e+04
3.305841796875000000e+04
2.807429296875000000e+04
3.674702343750000000e+04
3.331077343750000000e+04
3.063595312500000000e+04
2.713122656250000000e+04
3.016986914062500000e+04
3.374697656250000000e+04
2.746564843750000000e+04
2.985175390625000000e+04
3.517939843750000000e+04
3.458935937500000000e+04
2.991328515625000000e+04
3.244866015625000000e+04
3.162005468750000000e+04
2.797600781250000000e+04
3.500773437500000000e+04
3.093663476562500000e+04
3.120687500000000000e+04
3.242404492187500000e+04
3.435920703125000000e+04
2.965713671875000000e+04
3.056214843750000000e+04
3.189282031250000000e+04
3.320314843750000000e+04
3.053794531250000000e+04
3.190918750000000000e+04
3.354226562500000000e+04
2.961143945312500000e+04
2.878184765625000000e+04
3.591879687500000000e+04
3.493299609375000000e+04
3.154803125000000000e+04
3.229546289062500000e+04
3.233310351562500000e+04
3.679133984375000000e+04
3.041792578125000000e+04
3.027451367187500000e+04
2.968805273437500000e+04
3.404893750000000000e+04
3.286708593750000000e+04
3.169345312500000000e+04
2.888355859375000000e+04
3.154730078125000000e+04
3.279684375000000000e+04
3.391408593750000000e+04
2.817571484375000000e+04
3.509261718750000000e+04
3.171005664062500000e+04
3.162759179687500000e+04
3.726011718750000000e+04
3.045921875000000000e+04
3.703675781250000000e+04
3.569411718750000000e+04
3.260974218750000000e+04
3.175451757812500000e+04
2.997592773437500000e+04
3.294581250000000000e+04
3.220280078125000000e+04
3.328445312500000000e+04
3.235819335937500000e+04
3.190987109375000000e+04
3.159652539062500000e+04
3.134330664062500000e+04
2.899294140625000000e+04
3.844490625000000000e+04
2.914966796875000000e+04
3.447578906250000000e+04
3.602296875000000000e+04
3.076995898437500000e+04
3.271676171875000000e+04
3.027037500000000000e+04
3.330091015625000000e+04
3.433751562500000000e+04
3.502291015625000000e+04
3.597603125000000000e+04
3.468015234375000000e+04
3.401797656250000000e+04
3.108156640625000000e+04
2.997972460937500000e+04
3.187566601562500000e+04
3.043252929687500000e+04
2.653553515625000000e+04
3.518325390625000000e+04
3.185552929687500000e+04
3.631554296875000000e+04
2.848406835937500000e+04
3.060776367187500000e+04
3.493966015625000000e+04
3.216878906250000000e+04
2.962918945312500000e+04
3.474290625000000000e+04
3.171997070312500000e+04
3.170172656250000000e+04
3.348291015625000000e+04
2.761203125000000000e+04
3.016996093750000000e+04
3.071414453125000000e+04
3.305500781250000000e+04
2.791891601562500000e+04
3.323928515625000000e+04
3.322591406250000000e+04
3.360200781250000000e+04
3.041988867187500000e+04
3.027598437500000000e+04
3.325097656250000000e+04
2.998414062500000000e+04
3.017875000000000000e+04
3.170911914062500000e+04
3.155939648437500000e+04
2.856469531250000000e+04
2.911072265625000000e+04
3.296883593750000000e+04
2.983474218750000000e+04
2.956100976562500000e+04
2.953424023437500000e+04
3.105932421875000000e+04
3.002338671875000000e+04
2.967211328125000000e+04
3.021325390625000000e+04
2.883568164062500000e+04
3.683335546875000000e+04
2.706062500000000000e+04
3.429817968750000000e+04
3.402262500000000000e+04
3.327867968750000000e+04
3.287204687500000000e+04
2.638124609375000000e+04
2.868931640625000000e+04
2.984362109375000000e+04
2.859035351562500000e+04
2.629435546875000000e+04
3.193559179687500000e+04
3.488218750000000000e+04
3.139969140625000000e+04
3.401636718750000000e+04
3.397902343750000000e+04
2.743811328125000000e+04
2.608172656250000000e+04
3.223629882812500000e+04
3.052388281250000000e+04
3.475658593750000000e+04
3.094388671875000000e+04
2.950061132812500000e+04
3.084400390625000000e+04
3.073159765625000000e+04
3.354893750000000000e+04
2.439411132812500000e+04
3.241291796875000000e+04
3.647427734375000000e+04
3.162964453125000000e+04
2.918918750000000000e+04
2.827618945312500000e+04
3.411041015625000000e+04
3.052851562500000000e+04
3.699506640625000000e+04
3.297528125000000000e+04
3.168941406250000000e+04
3.355617578125000000e+04
3.055653125000000000e+04
3.179445507812500000e+04
3.141856054687500000e+04
3.232587890625000000e+04
3.326227734375000000e+04
3.300784375000000000e+04
3.129767773437500000e+04
3.264593359375000000e+04
3.280591796875000000e+04
3.035392578125000000e+04
3.511403125000000000e+04
3.077235156250000000e+04
3.341784375000000000e+04
3.201563281250000000e+04
3.323691015625000000e+04
2.776234960937500000e+04
2.812638671875000000e+04
2.908185156250000000e+04
2.868650781250000000e+04
2.718929101562500000e+04
2.940792968750000000e+04
3.109582421875000000e+04
3.033748242187500000e+04
3.359139062500000000e+04
3.148705859375000000e+04
3.277944921875000000e+04
2.412979296875000000e+04
3.001617968750000000e+04
3.116199609375000000e+04
3.321772656250000000e+04
3.070177539062500000e+04
3.081525976562500000e+04
3.118231640625000000e+04
2.729764453125000000e+04
3.176823046875000000e+04
3.145514843750000000e+04
3.092797070312500000e+04
3.215176562500000000e+04
2.935606054687500000e+04
3.476550000000000000e+04
2.951365820312500000e+04
3.129723632812500000e+04
3.410321484375000000e+04
3.193057617187500000e+04
3.313457812500000000e+04
2.905265234375000000e+04
3.219168750000000000e+04
3.001100781250000000e+04
3.182772265625000000e+04
3.176660546875000000e+04
3.108131640625000000e+04
3.186503906250000000e+04
3.015507031250000000e+04
3.050682617187500000e+04
3.235437109375000000e+04
3.253879882812500000e+04
2.916378515625000000e+04
3.431501171875000000e+04
2.925822851562500000e+04
3.149171484375000000e+04
2.983164453125000000e+04
3.345344921875000000e+04
3.228162890625000000e+04
3.261374609375000000e+04
3.353652734375000000e+04
3.034865820312500000e+04
2.919746875000000000e+04
3.339285546875000000e+04
3.247825000000000000e+04
2.945717382812500000e+04
2.828048046875000000e+04
3.267785742187500000e+04
2.954052929687500000e+04
2.992785742187500000e+04
3.577608593750000000e+04
3.467621875000000000e+04
3.811087890625000000e+04
3.007085546875000000e+04
3.094800390625000000e+04
3.281280468750000000e+04
3.021120898437500000e+04
3.238078906250000000e+04
3.554928906250000000e+04
3.207619140625000000e+04
3.389701562500000000e+04
3.102100390625000000e+04
3.258728125000000000e+04
3.165928906250000000e+04
3.237459375000000000e+04
3.201678125000000000e+04
3.569607812500000000e+04
3.319640234375000000e+04
3.058360937500000000e+04
2.909878125000000000e+04
3.356678125000000000e+04
2.991548242187500000e+04
3.225723046875000000e+04
3.092798632812500000e+04
2.987762109375000000e+04
2.827804687500000000e+04
3.322623046875000000e+04
2.909875195312500000e+04
3.316414062500000000e+04
3.386779296875000000e+04
2.673183984375000000e+04
3.301860937500000000e+04
3.021918945312500000e+04
3.193719140625000000e+04
3.347894140625000000e+04
2.992344140625000000e+04
3.418914062500000000e+04
3.294011328125000000e+04
3.261033789062500000e+04
3.315314843750000000e+04
3.345283984375000000e+04
2.869163867187500000e+04
3.021566601562500000e+04
2.992759375000000000e+04
3.272820312500000000e+04
2.783864062500000000e+04
3.867898437500000000e+04
3.182094531250000000e+04
3.251352539062500000e+04
3.418145703125000000e+04
2.913178515625000000e+04
3.102404101562500000e+04
3.373859375000000000e+04
2.970978125000000000e+04
3.252598828125000000e+04
3.182113867187500000e+04
3.664428125000000000e+04
3.234907421875000000e+04
3.317856250000000000e+04
3.179192968750000000e+04
3.338085156250000000e+04
3.091355859375000000e+04
3.411928515625000000e+04
3.600032812500000000e+04
3.127692578125000000e+04
3.253381445312500000e+04
3.004385937500000000e+04
3.162359179687500000e+04
3.032329882812500000e+04
3.218124023437500000e+04
2.713208398437500000e+04
2.683823242187500000e+04
3.418001171875000000e+04
3.143347460937500000e+04
2.961930468750000000e+04
2.768679492187500000e+04
3.301413281250000000e+04
2.812201953125000000e+04
2.910949804687500000e+04
3.263866406250000000e+04
2.974314453125000000e+04
3.108134765625000000e+04
3.113139062500000000e+04
3.052508203125000000e+04
2.605493359375000000e+04
2.645294726562500000e+04
2.900303125000000000e+04
3.721966406250000000e+04
3.054332031250000000e+04
3.489562500000000000e+04
3.108670117187500000e+04
3.250689843750000000e+04
2.922807812500000000e+04
3.214157421875000000e+04
3.347695312500000000e+04
3.168195117187500000e+04
3.053276171875000000e+04
3.178923828125000000e+04
3.504189843750000000e+04
3.174188085937500000e+04
3.183843359375000000e+04
2.678583984375000000e+04
2.840645507812500000e+04
3.109940625000000000e+04
2.788160156250000000e+04
3.059007812500000000e+04
4.193979687500000000e+04
3.473548046875000000e+04
3.018930859375000000e+04
3.162177734375000000e+04
2.986533007812500000e+04
3.292468359375000000e+04
2.838776367187500000e+04
3.492049218750000000e+04
3.122673828125000000e+04
3.679451953125000000e+04
3.096119531250000000e+04
3.139950390625000000e+04
3.234761132812500000e+04
3.600860156250000000e+04
3.334842968750000000e+04
3.558324218750000000e+04
3.309715234375000000e+04
3.301860156250000000e+04
3.177028515625000000e+04
3.233990039062500000e+04
2.945141406250000000e+04
3.157763671875000000e+04
3.383913281250000000e+04
2.793988671875000000e+04
2.974678710937500000e+04
2.931680859375000000e+04
2.868933398437500000e+04
3.289725000000000000e+04
3.469633593750000000e+04
3.085494726562500000e+04
3.381942187500000000e+04
3.298753125000000000e+04
2.743080273437500000e+04
3.362074609375000000e+04
2.940393164062500000e+04
2.826755078125000000e+04
3.249168359375000000e+04
3.822656250000000000e+04
3.337258593750000000e+04
2.972813671875000000e+04
3.894283593750000000e+04
3.459891406250000000e+04
2.540633398437500000e+04
3.152934960937500000e+04
3.497603906250000000e+04
3.458132421875000000e+04
3.288276562500000000e+04
3.245407031250000000e+04
3.246901562500000000e+04
2.977144531250000000e+04
2.657576171875000000e+04
3.344886718750000000e+04
2.836472265625000000e+04
3.091835351562500000e+04
3.565807812500000000e+04
2.539090234375000000e+04
3.037864062500000000e+04
3.376788671875000000e+04
2.891533593750000000e+04
3.434581640625000000e+04
3.491053906250000000e+04
2.794743750000000000e+04
3.469342187500000000e+04
3.318171875000000000e+04
3.054310937500000000e+04
3.282489062500000000e+04
2.685529296875000000e+04
3.797707812500000000e+04
3.099191406250000000e+04
3.627699218750000000e+04
3.080669531250000000e+04
3.407444140625000000e+04
3.128068750000000000e+04
3.273278906250000000e+04
3.428960937500000000e+04
2.765371679687500000e+04
3.514989062500000000e+04
3.643411718750000000e+04
3.630000000000000000e+04
3.236060546875000000e+04
3.235704101562500000e+04
3.209355078125000000e+04
3.000766796875000000e+04
3.092783984375000000e+04
3.081168359375000000e+04
3.252721875000000000e+04
3.407875000000000000e+04
3.365897656250000000e+04
3.414946484375000000e+04
2.558610937500000000e+04
3.658895703125000000e+04
3.158903515625000000e+04
3.576901562500000000e+04
3.194624609375000000e+04
2.763563281250000000e+04
3.466615625000000000e+04
2.986876953125000000e+04
3.004988281250000000e+04
3.109661132812500000e+04
2.821148242187500000e+04
2.845361718750000000e+04
3.308104296875000000e+04
2.884853710937500000e+04
3.168799609375000000e+04
3.291919531250000000e+04
3.561478125000000000e+04
3.427814843750000000e+04
3.020226953125000000e+04
3.314508593750000000e+04
2.898993750000000000e+04
2.960146093750000000e+04
3.457382031250000000e+04
3.628291015625000000e+04
2.979498046875000000e+04
3.240240429687500000e+04
2.652770312500000000e+04
3.337956250000000000e+04
2.985693359375000000e+04
2.914371484375000000e+04
2.892170117187500000e+04
2.986873046875000000e+04
3.056873046875000000e+04
3.586967187500000000e+04
2.813286914062500000e+04
3.525358203125000000e+04
3.060291992187500000e+04
3.226894531250000000e+04
3.200628906250000000e+04
3.739549609375000000e+04
2.891360156250000000e+04
3.300009765625000000e+04
3.351392578125000000e+04
3.293346875000000000e+04
3.490156250000000000e+04
3.128719921875000000e+04
3.226731640625000000e+04
3.118079882812500000e+04
3.150187500000000000e+04
3.429432421875000000e+04
3.728508593750000000e+04
3.387125000000000000e+04
2.706603125000000000e+04
2.881090625000000000e+04
3.335387109375000000e+04
2.935735546875000000e+04
2.952305468750000000e+04
2.990194921875000000e+04
3.085641796875000000e+04
3.122367578125000000e+04
2.880010546875000000e+04
3.015849023437500000e+04
3.082940039062500000e+04
3.219856640625000000e+04
3.140707617187500000e+04
2.779028125000000000e+04
2.890728320312500000e+04
3.430316796875000000e+04
3.176288281250000000e+04
3.122781640625000000e+04
3.386893750000000000e+04
2.991113867187500000e+04
3.395743359375000000e+04
2.958231250000000000e+04
3.519850000000000000e+04
2.942340234375000000e+04
3.069417187500000000e+04
3.183870312500000000e+04
3.423893750000000000e+04
3.027167773437500000e+04
3.145778320312500000e+04
3.473877734375000000e+04
2.814326562500000000e+04
2.913796093750000000e+04
2.852002734375000000e+04
3.332504687500000000e+04
3.602716015625000000e+04
3.354795312500000000e+04
3.153010156250000000e+04
3.498635546875000000e+04
3.127004296875000000e+04
3.251337304687500000e+04
3.368182031250000000e+04
3.499610156250000000e+04
3.043168750000000000e+04
3.352813671875000000e+04
3.180810156250000000e+04
3.540025781250000000e+04
3.338140234375000000e+04
3.379725781250000000e+04
2.981566992187500000e+04
3.069764257812500000e+04
2.557531250000000000e+04
3.577194921875000000e+04
3.068859375000000000e+04
3.313107812500000000e+04
3.106067968750000000e+04
3.028246484375000000e+04
3.044888281250000000e+04
2.862436523437500000e+04
3.018637500000000000e+04
3.484290234375000000e+04
