-7.910115186184052436e+04
-6.306981756483950885e+05
-7.374388144724564627e+05
-1.321720523949131835e+06
-7.281119018267107895e+05
-6.612461754061549436e+05
-5.696983690816093003e+05
-1.273549210653373739e+06
-1.688375307886128547e+06
-5.332256310653656255e+05
-4.082309705352908350e+05
-1.095898913201369112e+06
-1.051857747647379525e+06
-1.823588676522934111e+06
-1.053701824278805638e+06
-6.115609963875869289e+05
-2.996784685884683859e+05
-1.055132603291865904e+06
-1.669704917033931473e+06
-2.612442429153947625e+06
-2.729637337801715825e+06
-3.752834550624505617e+06
-4.359864592634165660e+06
-5.022511448967086151e+06
-5.491229974736092612e+06
-5.428905333728463389e+06
-3.742186602793038823e+06
-6.161311054589122068e+05
-5.410387577197009232e+05
-8.591946145280192140e+05
-5.557006317868239712e+05
-5.823913750967793167e+05
-7.348687907252563164e+05
-1.482791047926430358e+06
-1.023074809543064446e+06
-4.609269424538111198e+05
-1.327668185735315550e+06
-6.306474392827199772e+05
-6.289988076578523032e+05
-1.021647032660471508e+06
-1.457732789416101296e+06
-1.036471985694083618e+06
-1.045257373751806095e+06
-2.025704377987846266e+06
-1.634356790866108146e+06
-6.322345645878526848e+05
-8.223191852678668220e+05
-1.125733851950903889e+06
-1.377945424889823422e+06
-1.969296081698742462e+06
-2.011709504406642867e+06
-2.673218336195223965e+06
-3.617214511512222700e+06
-4.090138138235322200e+06
-4.533412020075418986e+06
-5.269207761286808178e+06
-6.089399314125368372e+06
-6.907571264241318218e+06
-8.210122973810213618e+06
-8.374729269937867299e+06
-8.022233549928724766e+06
-3.847020657239058055e+05
-7.253455101481024758e+04
-2.307726195484011550e+05
-4.113850021104773623e+05
-1.173352272889185697e+06
-1.927036964154259767e+06
-1.801350374281165423e+06
-8.659251339703591075e+05
-1.534526146961994236e+06
-2.424742712157451082e+06
-3.101973332026352640e+06
-2.589390687043269165e+06
-4.335817364748715190e+05
-2.331957620922224596e+05
-2.625405667108800262e+05
-5.991351056275374722e+05
-6.504652391944655683e+05
-7.681006306683062576e+05
-1.113034613398307469e+06
-1.357047222667566733e+06
-2.241456501149537973e+06
-4.427111698045406374e+05
-1.042425713631091348e+05
-6.184865893332592677e+05
-1.123023900550373364e+06
-1.025083283167937072e+06
-1.078390703756374773e+06
-1.702279945609516930e+06
-2.119210089167869650e+06
-3.230519098866941640e+05
-4.303443927238788456e+05
-6.305519226383247878e+05
-5.614072468721081968e+05
-3.331689329675278859e+05
-9.196567485561433714e+05
-4.143144624149787123e+05
-3.617807370898274239e+05
-2.349786716975581949e+05
-4.488712526635919930e+05
-5.379710056342396419e+05
-1.369688567821959499e+06
-1.305438817560210358e+06
-1.213923942553997040e+06
-1.512184196697520791e+06
-8.668244634697728325e+05
-2.496298317763796949e+05
-2.362882712401470635e+05
-5.892585054153098026e+05
-4.048881134608172579e+05
-1.026139398747535772e+06
-1.425872883376376005e+06
-1.421961138616080862e+06
-9.639563577524188440e+05
-9.306786929729012772e+05
-6.039908215462962398e+05
-7.156098576734765666e+05
-1.180830713260002900e+06
-1.571816222096955171e+06
-3.499898950078870403e+05
-8.542164316423989367e+05
-1.270295020031446125e+06
-1.308108136304874904e+06
-1.006341456853093347e+06
-8.185197793415540364e+05
-4.568542033264978672e+05
-1.343351466449816246e+06
-1.228225831294009928e+06
-7.372545144645175897e+05
-7.673807555834713858e+05
-1.077802049361393321e+06
-1.810706894555863459e+06
-1.816675101866141660e+06
-1.237891690180413891e+06
-9.506356481350141112e+05
-6.898054898067994509e+05
-4.410434579210350057e+05
-4.321862338091786951e+05
-6.078160063146708999e+05
-6.700524078451336827e+05
-2.912701672457066597e+05
-9.386340727588643786e+05
-5.929177590688182972e+05
-2.523279366544905934e+05
-6.054834153842830565e+05
-1.102413702553796349e+06
-1.293482887202059384e+06
-2.922971297987861326e+05
-1.993911113115335465e+05
-6.280405899718281580e+05
-3.624806731727233273e+05
-3.973400871438743197e+05
-6.036786716824424220e+05
-1.077876667954039993e+06
-1.201878588234749623e+06
-1.513136034827044932e+06
-5.079833209318140289e+05
-4.561381908943960443e+05
-7.127470658762224484e+05
-1.247983824991218513e+06
-3.666649662443734123e+05
-3.149747865545055829e+05
-3.594587842717015883e+05
-2.965528389888919774e+05
-5.337126431748025352e+05
-9.592913213452916825e+05
-1.117099961007470032e+06
-1.534873347154589370e+06
-8.850529872630443424e+05
-2.899941339381606085e+05
-4.358922330109629547e+05
-9.565652079339798074e+05
-1.148997003532840405e+06
-1.063183457901063608e+06
-3.617775735236836481e+05
-4.646321941947983578e+05
-6.008294677152753575e+05
-5.195614727647056570e+05
-1.107024356640324695e+06
-1.514429561487902189e+06
-3.121416123535899678e+05
-3.283612130943829543e+05
-3.302481083228884963e+05
-6.490412955470301677e+05
-5.132621940201072721e+05
-1.050307411357731326e+06
-4.338359398705213098e+05
-2.953253712584526511e+05
-7.128365842250512214e+05
-8.411158930184794590e+05
-3.581626139782126411e+05
-6.153185890570579795e+05
-7.374127266969295451e+05
-1.043677553518127301e+06
-2.239837198998833483e+05
-5.125952221246661502e+05
-1.570328541968026911e+04
-5.804253393009928986e+05
-9.441008706268828828e+05
-2.752455865151071339e+05
-7.877079421196308685e+05
-8.122593642448745668e+05
-5.256016231131020468e+05
-5.774751404235835653e+05
-9.433716669298941270e+05
-5.463345306818842655e+05
-2.097089543098359427e+05
-7.630830117209020536e+05
-1.318268367297841236e+06
-2.230202545821035746e+06
-9.694553219336916227e+05
-1.389939215420532564e+05
-8.311792821430863114e+05
-3.726785025698625250e+05
-4.335450040118337492e+05
-2.086752659735617635e+05
-6.668398210560572334e+05
-5.710228225626213243e+05
-7.854992521840881091e+05
-3.940582482471956173e+05
-4.992688763816106948e+05
-6.404355092512473930e+05
-3.287994019606385846e+05
-4.429067608545412077e+05
-3.829354499762331252e+05
-1.321753987176793453e+05
-2.764175225487353746e+05
-9.031544357149309944e+05
-1.620213429868022504e+05
-8.260028361639232608e+05
-5.437213529610058758e+05
-1.133347884257239290e+06
-1.314124365982552525e+06
-4.667717023526380071e+05
-5.617249697465649806e+05
-5.064996713964133523e+05
-3.569686990109487670e+05
-3.295592347187111154e+05
-3.306576075773260673e+05
-4.045986080601720605e+05
-5.597430028530301061e+05
-9.427011544969746610e+05
-8.585698319431946147e+05
-6.143072267189017730e+05
-1.482090320634241798e+05
-3.311382954915839946e+05
-3.421944633961884538e+05
-3.550611092369675171e+05
-5.973518573327930644e+05
-3.745458685478442931e+05
-5.153369711155652767e+05
-6.305991535239295335e+05
-3.001911452730459860e+05
-6.807559788069732022e+05
-2.528357140976954252e+05
-7.346153687136437511e+05
-7.301354690932132071e+05
-5.173935937381446129e+05
-7.349149412807238987e+05
-8.858561033843202749e+05
-1.061820450372577179e+06
-1.022947379214333952e+06
-2.120648955322176625e+05
-9.032729328748832922e+05
-3.717985476134554483e+05
-4.220727076048607123e+05
-6.502341902667346876e+05
-4.106638854071035748e+05
-1.071256067469590576e+06
-9.228776495983902132e+05
-2.071830475991032552e+06
-2.138336922697842587e+06
-1.601230042935682926e+06
-2.051753538493603934e+06
-2.709511926450499333e+06
-4.865269086699308828e+05
-4.820959538408363005e+05
-3.637664168027527048e+05
-2.619734350406954472e+05
-4.979922401125858305e+05
-1.793437706917951000e+05
-5.094772648965647677e+05
-8.410097194998912746e+05
-5.959820673107262701e+05
-3.609946781015003216e+05
-8.341230676746038953e+05
-4.953528148619749700e+05
-1.910443323411636811e+05
-3.382228156297158566e+05
-5.117682868161118822e+05
-9.277420222547715530e+05
-8.284737548502255231e+05
-4.925830726601954666e+05
-7.130768687735553249e+04
-5.448974011982342927e+05
-1.506408332957871899e+05
-5.479652220816689078e+05
-5.028047160848475760e+05
-2.424557878394933941e+05
-8.062303810182297602e+05
-6.955969690417506499e+05
-8.110998350685955957e+05
-5.509188049779203720e+05
-3.617349571944162017e+05
-7.525177388545167632e+05
-1.570059783605837030e+06
-1.509519185211295728e+06
-3.686743311163723702e+05
-5.122782122469041497e+05
-9.380116491784353275e+05
-6.957482315281836782e+05
-1.273142653957038652e+06
-8.898176038591729011e+05
-4.325189496267637005e+05
-6.027976453901923960e+05
-1.262792471655099187e+06
-4.456159961483065272e+05
-2.002313061766252213e+05
-4.961939593673165655e+05
-2.391448900239287759e+05
-5.517803637346649775e+05
-3.628817845561014256e+05
-1.721311286284259404e+05
-5.601913336140218889e+05
-8.468868261752643157e+05
-1.199449660727561917e+06
-1.579936752712410409e+06
-1.561734362694704905e+06
-9.485026963525809115e+05
-1.060885657098771771e+06
-3.869848104591676965e+05
-3.862104102256854530e+05
-5.989604638938979479e+05
-6.720972504463087535e+05
-3.548928595939661609e+05
-6.198378698837845586e+05
-1.001456684306032257e+06
-4.876779062492711237e+05
-2.720646999932575272e+05
-4.106512200082788477e+05
-5.488527274969241116e+05
-5.533454378405647585e+05
-5.172230133629707852e+05
-2.169965985582145804e+05
-5.578202549649636494e+05
-5.301507556513759773e+05
-5.244148634114147717e+04
-6.356618116358190309e+05
-1.439170587878809078e+06
-6.668378513798720669e+05
-4.921943575228602858e+05
-4.291496229789665085e+05
-5.391300548368163873e+05
-4.627734766269881511e+05
-5.376330604337716941e+05
-7.023338907814893173e+05
-2.682526818213764345e+05
-7.640537133947272087e+05
-4.187627424470214173e+05
-1.047512741493797628e+06
-2.112448593773302622e+06
-3.239919710443338379e+06
-7.685816891157164937e+05
-4.889214961632880149e+05
-7.361146743399787229e+05
-5.873527071464292239e+05
-5.626031241614733590e+05
-4.373379514567711158e+05
-4.965217211757673067e+05
-6.822859866438263562e+05
-5.742338159993420122e+05
-9.249582670815829188e+05
-1.807943648829286452e+06
-2.054425999367062701e+06
-1.945227330141521292e+06
-4.932458428271978046e+05
-6.388584185103860218e+05
-8.125389232470601564e+05
-1.571111326510095387e+05
-4.752081279719654704e+05
-8.936813944945264375e+05
-3.304003174895498669e+05
-8.877412592017032439e+05
-9.709312579644799698e+05
-3.009091583555481629e+05
-2.684370011244908674e+05
-4.997934262903438648e+05
-2.987935850322676706e+05
-8.096992669028027449e+05
-1.150555061977740144e+06
-3.523854831403604476e+05
-1.123930387442356441e+06
-1.103507732747703092e+06
-3.793985450374613283e+05
-9.049780899894675240e+05
-7.393866990470673190e+05
-5.469815472863939067e+04
-5.747238635863810778e+05
-1.006570900873477571e+06
-6.126723720880838810e+05
-7.574314993269633269e+05
-4.215602164514079923e+05
-3.332805589543600217e+05
-3.141183903753863415e+05
-7.727388094713004539e+05
-1.108977852592780255e+06
-1.453308123562222172e+05
-8.040518678811963182e+05
-8.650852804129192373e+05
-9.625835221604572143e+05
-9.531230002017717343e+05
-5.325782237653536722e+05
-9.207462800095288549e+05
-1.934809070269342628e+05
-3.780984944781118538e+05
-2.728687715335008106e+05
-3.752760206575760385e+05
-6.451672135200877674e+05
-4.212128773227821803e+05
-8.202902203499495517e+05
-6.163760131719824858e+05
-1.017050622283586650e+06
-5.713878384078516392e+05
-4.455689167265618453e+05
-5.984042445227545686e+05
-2.798190347875494626e+05
-7.179695932381006423e+05
-5.584918385138836456e+05
-8.357151099464015570e+05
-4.947795050404767389e+05
-2.894264121021765168e+05
-4.737519724596509477e+05
-6.486458105115836952e+05
-1.598475888852386968e+06
-2.066478684223145945e+06
-6.469199588939781534e+05
-1.669493575093518593e+05
-3.567229245245325146e+05
-6.595807208188872319e+05
-5.607208636547958013e+05
-7.801841781539666699e+05
-1.067306722037316300e+06
-1.322662516348507721e+06
-6.813403453764093574e+05
-3.838898528102284763e+05
-8.755981313752857968e+05
-1.223465917916033941e+05
-3.697921317363931448e+05
-1.157682897220899584e+06
-3.865218799429944484e+05
-7.591246310313603608e+05
-7.692399340262413025e+05
-1.268543740047624335e+06
-1.165717159702371137e+05
-5.708341738513286691e+05
-8.166280607292103814e+05
-1.586546697592539014e+06
-1.295108542948754271e+06
-5.390276806956391083e+05
-7.414346973566981032e+05
-1.109296762737402227e+06
-6.564944645108899567e+05
-7.699278258085977286e+05
-5.866628579229979077e+05
-7.240492259989551967e+05
-1.079868188932612073e+06
-5.727135032642529113e+05
-7.978174160928634228e+05
-1.221111752538204426e+06
-3.654874783193161129e+05
-2.320637441424469871e+05
-5.747164343558044638e+05
-3.021717338556523318e+05
-6.724291384876755765e+05
-5.114185306089613587e+05
-7.183270089782736031e+05
-9.576039746425421908e+05
-3.681184829511685530e+05
-4.246945746608197805e+05
-4.156478544499290292e+05
-4.255614232710792567e+05
-4.171098073794322554e+05
-5.580006677035696339e+05
-2.868419676935594762e+05
-1.068329661470686551e+06
-5.747700319045659853e+05
-8.474498908164178720e+05
-4.326437513182098046e+05
-6.757643217241027160e+05
-5.376607505013605114e+05
-7.280662997496869648e+05
-5.486757053050890099e+05
-6.619329718873063102e+05
-3.464407697232470382e+05
-1.036876321073836647e+06
-5.579039914270957233e+05
-7.638099549582696054e+05
-6.247740207046640571e+05
-5.750900921740478370e+05
-8.235985736327825580e+05
-9.240632000754105393e+05
-1.518262544346828945e+06
-4.038003205909692915e+05
-3.359619315924581606e+05
-1.389823708556774072e+05
-6.335430687907545362e+05
-2.262250849570783321e+05
-7.119247354438951006e+05
-6.886932459465319989e+05
-2.468302373695739952e+05
-7.043699855240370380e+05
-1.072733226042626891e+06
-1.315165046675342601e+06
-3.792370527992887655e+05
-2.999316487935788464e+05
-5.054876046244854806e+05
-9.366867922549188370e+05
-3.982540686762689147e+05
-7.089566518122374546e+05
-9.654153364041969180e+05
-5.371412416355947498e+05
-5.487718636377716903e+05
-2.483362278002911771e+05
-2.075951057430893125e+05
-5.124091517184350523e+05
-5.694948174888363574e+05
-3.940183421463264385e+05
-5.022377519356639823e+05
-3.575757176630916656e+05
-6.798576155438311398e+05
-3.198947855217665201e+05
-2.804086200588458451e+05
-3.838242220329052070e+05
-2.640792851477536606e+05
-1.367331540247414378e+05
-2.259158578480966389e+05
-5.247179570986414328e+05
-1.070130485903955298e+06
-1.361722083154938882e+06
-1.751859844195998507e+06
-5.841652353597035399e+05
-8.628734718047442148e+05
-1.220819415118658450e+06
-1.258706028953591827e+06
-1.047557756815835601e+06
-4.693463494935967028e+05
-4.997043698851260124e+05
-1.535505869705545250e+06
-2.057257679459300591e+06
-1.850230368002992123e+06
-1.065720250278873602e+06
-8.202384359212667914e+05
-4.354321003047770937e+05
-4.017894572463886579e+05
-9.779571002812186489e+05
-1.090201845259869937e+06
-2.368025210392978624e+05
-3.903142868389465148e+05
-8.056393055694842478e+05
-4.259566803712685360e+05
-4.463778060177910957e+05
-6.424320475593239535e+05
-5.470204989648108603e+05
-7.764598554949476384e+05
-5.044306213882335578e+05
-9.150740114974189783e+05
-9.605769831152722472e+05
-3.918421822864053538e+05
-3.733012406725747278e+05
-6.408227338218895020e+05
-1.044147193734608358e+06
-4.607558488327967934e+05
-6.522921980566541897e+05
-4.488412071016946575e+05
-2.484980345680206083e+05
-3.954265085008501192e+05
-2.335358867373390531e+05
-4.606256949144409737e+05
-5.008776562215907616e+05
-5.448242241423573578e+05
-4.749477790494695073e+05
-4.868886082246588776e+05
-1.007528065524750389e+06
-1.039674001316659385e+06
-1.537475335686678067e+06
-9.010254968988162000e+05
-4.193623268311261781e+05
-8.057202410198372090e+05
-7.800809851989118615e+05
-2.422559659338808269e+05
-2.802033403862850391e+05
-5.849397154489784734e+05
-9.412266990722781047e+05
-2.783733258515733178e+05
-5.527152786211237544e+05
-1.193269826512438711e+06
-6.032675715264591854e+05
-5.468119622943808790e+05
-9.562552019111001864e+05
-1.666100002222926822e+06
-1.576383905436666450e+06
-1.908708661242707400e+06
-2.653075520428103628e+05
-9.195206104390954133e+05
-2.462986894170382875e+05
-3.208572919206725783e+05
-6.065033200596345123e+05
-4.781896411852459423e+05
-3.334066278226198046e+05
-3.062963567475099117e+05
-5.558970094628247898e+05
-6.098401976516806753e+05
-9.223766787962680683e+05
-1.438896351685292553e+06
-8.063614279341131914e+05
-2.995484898172801477e+05
-3.538296368645621114e+05
-8.366130908330606762e+05
-2.017340442941382353e+05
-2.889678451508654398e+05
-3.380768387752275448e+05
-5.717718486979592126e+05
-1.967622901994451822e+05
-5.632389573292953428e+05
-1.276476050269231899e+06
-6.211753440623533679e+05
-1.087070507514975499e+06
-1.628921399084384320e+06
-1.964306984679555986e+06
-2.361132050604319666e+06
-3.154481238877486438e+06
-4.184691720026853494e+06
-5.193035632726824842e+06
-2.777712975090862717e+06
-7.878672996689192951e+05
-4.012619086436408106e+05
-8.075911914812572068e+05
-3.384388091347007430e+05
-8.622071571316020563e+05
-2.191494544136140903e+05
-7.121963709464216372e+05
-1.603753149856030010e+06
-1.797090271138424752e+06
-7.784165583333800314e+05
-4.450334692927722936e+05
-4.651658489557751454e+05
-4.505681399653638946e+05
-5.062346590766160516e+05
-8.192371486866235500e+05
-5.146811898553151404e+05
-4.842224995898301713e+05
-1.478365706969197490e+05
-4.392003061849198421e+05
-3.558988678318954771e+05
-4.634172800791750778e+05
-4.393736448062566924e+05
-1.108399064215177903e+06
-2.406036831065047591e+05
-4.662062831850955263e+05
-9.139615027675598394e+05
-4.735597954769532080e+05
-8.140710719351433218e+05
-5.090518167991931550e+05
-3.229554499477907666e+05
-5.948897616249051644e+05
-8.225679353131259559e+05
-1.036350785051655024e+06
-7.205543403859634418e+04
-2.766459581390359090e+05
-6.711442047065685038e+05
-1.138619250642641447e+06
-3.773036249910371262e+05
-1.034996064911865280e+06
-8.486043613853202260e+04
-1.530191862171941320e+05
-4.396411114120345446e+05
-7.054054343989511253e+05
-2.622622085318384925e+05
-4.904901050602303003e+05
-1.309025885782669066e+06
-1.180131159977490548e+06
-1.250039860289645614e+06
-8.091333506511910819e+05
-3.757449290917271283e+05
-3.670024437789532822e+05
-7.061918978276149137e+05
-6.282490204597860575e+05
-7.019063906360391993e+05
-8.329830890229095239e+05
-5.358168248579187784e+05
-1.230841331490303855e+06
-2.220366820298900828e+06
-2.299450465725500602e+06
-1.263821742523173452e+04
-1.609967474749450630e+05
-5.356854179123468930e+05
-9.716232099763916340e+05
-3.149842150703441002e+05
-4.928024472642562469e+05
-4.941658296421882696e+05
-9.630663118050018093e+05
-7.529514396667475812e+05
-3.252779439127062797e+05
-1.008743130440630019e+06
-1.227946116843760479e+06
-9.102952650388392794e+04
-9.500835515040870523e+05
-9.764983749941682909e+05
-1.285103870461630868e+05
-3.441837994931316352e+05
-2.936787199740565266e+05
-6.328393615236643236e+05
-1.423814434209591127e+05
-3.400587287563976715e+05
-1.184648791970270220e+06
-1.393881046279185917e+06
-1.679573213398374151e+06
-3.706368308244317886e+05
-1.386168903923172620e+05
-3.790449382331274101e+05
-7.728805814249127870e+05
-4.140060057043115958e+05
-1.183347216113499831e+06
-1.320697743499433389e+06
-1.276978474027783144e+06
-1.373100869163952302e+05
-3.280332381030148827e+05
-4.039469830626145704e+05
-5.234033821718520485e+05
-6.296564134797260631e+05
-1.675911668769564945e+06
-3.950629556004723418e+05
-2.161987563134396041e+05
-5.870084401312165428e+05
-7.736346297374655842e+04
-1.116689249785444408e+05
-2.427710412875461334e+05
-7.797631668611102505e+05
-1.810110584928677999e+05
-5.263580862198651303e+05
-7.014778668731667567e+05
-1.039539527784613660e+06
-3.359225968980417820e+05
-2.399003005439030821e+05
-7.265017166279575322e+05
-5.126215016925918171e+05
-2.490793509384997305e+05
-4.044668835977661656e+05
-9.358927063826855738e+05
-8.778280473343847552e+05
-1.629963534001818392e+06
-6.789383938540794188e+05
-5.838648761951533379e+05
-1.015201748602085980e+06
-1.439080795089398045e+06
-1.144408179612895707e+06
-1.390180832748751156e+06
-1.966563407842888846e+05
-1.002578439007367939e+06
-1.068117877378138481e+06
-1.670824805173650850e+06
-2.465258849747813307e+06
-2.093385780064862221e+06
-2.190083815035160165e+06
-3.207441305332452757e+05
-3.154637729071137146e+05
-3.940466108015314094e+05
-3.536712811852843151e+05
-6.682792839709483087e+05
-7.483322084614802152e+05
-4.999828872843913850e+05
-4.980374727302707033e+05
-4.488809282437125221e+05
-9.813324814955822658e+05
-6.288043395269289613e+05
-5.860242763422590215e+05
-1.077777567574255634e+06
-1.200264294190186774e+06
-1.466601634920573561e+06
-1.987267814561275300e+06
-4.315775573377758265e+05
-1.367811201926154899e+05
-2.997283992199276690e+05
-2.855132256368065136e+05
-7.502072726211689878e+05
-1.309769577659035800e+06
-5.300899474781175377e+05
-9.618094372496034484e+05
-3.880172047387304483e+05
-1.165969430805484531e+06
-8.642465048838111106e+05
-1.283426052352236147e+05
-7.899804059047156479e+05
-9.151040375511609018e+05
-7.748742432182627963e+05
-3.528835189958838746e+05
-1.084841006086132023e+06
-5.198715378482266096e+05
-2.429894846437620872e+05
-9.438534753993854392e+05
-7.437722188542716904e+05
-7.653356493063945090e+05
-7.146399819575438742e+05
-3.774650826228385558e+05
-6.331833767082332633e+05
-6.689388204319622600e+05
-5.460225609624667559e+05
-3.881571325138160610e+05
-4.806175753640094772e+05
-8.282770569302199874e+05
-5.339502828181723598e+05
-8.928675542378636310e+05
-5.161529419257274130e+05
-3.502340881803900702e+05
-3.373394599288276513e+05
-8.551933006446713116e+05
-1.332130940991479671e+06
-1.920994721021500649e+06
-1.438900783825755585e+06
-6.373701238356556278e+05
-4.390012338321975549e+05
-5.967676500973264920e+05
-1.202390243346482981e+06
-7.245777468779405172e+04
-5.909989661103907274e+05
-6.352328392179509392e+05
-2.759344345783545286e+05
-3.905961660249503911e+05
-4.896710031359541463e+05
-4.979047303479952971e+05
-4.449768988264985383e+05
-2.941170019675316289e+05
-1.007483745165475411e+06
-1.611126098513770383e+06
-8.741429273408867884e+05
-6.483259333306018962e+05
-4.611770499639147893e+05
-1.490907853782196180e+05
-4.057936170893445378e+05
-5.227469747035719338e+05
-2.583000679046838486e+05
-3.834094370395726874e+05
-1.500380114263135009e+06
-1.045954012573591433e+06
-5.714754927875463618e+05
-5.328866535563978832e+05
-2.729152244599902770e+05
-3.551761118993760902e+05
-1.400430441170989070e+05
-6.976858718721965561e+05
-1.316410682365001121e+05
-3.734983232955414569e+05
-5.007883635432884912e+05
-2.562596007492186909e+05
-1.737231249512903451e+05
-2.081117650098770391e+05
-3.041980143104952294e+05
-2.334550869502517744e+05
-9.739788553293453297e+05
-9.049160328018302098e+05
-1.239640095388629008e+06
-9.579470334863243625e+05
-4.374434451885183225e+05
-3.857772758601134410e+05
-5.688316252754541347e+05
-7.860805866503843572e+05
-4.131386334811364650e+05
-1.443264740214195917e+05
-3.457857152524737176e+05
-2.971597852550541866e+05
-8.237925358152904082e+05
-5.893211150617365493e+05
-6.361222923007124336e+05
-3.879193040875824518e+05
-6.637674138867540751e+05
-2.166005481654424802e+05
-1.058038028836161131e+06
-1.515386905749855097e+06
-5.345963625962787773e+05
-7.176275645173105877e+05
-6.723177031026170589e+05
-3.566999058766476228e+05
-7.968670504067038419e+05
-3.688451759768481134e+05
-2.897104555976507836e+05
-1.058775503414660227e+06
-1.223457586009036284e+06
-1.707921263439486793e+05
-6.144766171951926081e+05
-1.090698892063953448e+06
-2.423056234274338058e+05
-2.543385387240873533e+05
-6.720138847444662824e+05
-8.294900593259233283e+05
-8.216251845803762553e+05
-1.659253683782176580e+06
-8.393535763410544023e+05
-4.135600565662775771e+05
-4.452766832681178930e+05
-7.258404204432133120e+05
-6.896872233965628548e+05
-3.256323519274331629e+05
-7.479203421880067326e+05
-4.004196096079713898e+05
-3.522197990217537154e+05
-4.242724349468137370e+05
-1.815472766060092545e+05
-8.917953287196995225e+05
-2.862702639256264665e+05
-2.283907828670529125e+05
-4.744841990612099180e+05
-6.404982905924844090e+05
-1.169278944323672913e+06
-1.198403797772950726e+06
-6.869733985672446433e+05
-6.380301800900528906e+05
-5.014511209364227252e+05
-8.687503279565327102e+05
-1.917406850529839750e+06
-1.944604494897137862e+06
-1.356842401435670909e+06
-2.049276433423376409e+06
-1.049849125913113588e+06
-5.768419873713991838e+05
-1.424696124783068430e+06
-3.170864729086669395e+05
-3.725466711368515389e+05
-1.071214571466812398e+06
-1.001263649628693005e+06
-1.108082778282474261e+06
-4.230774194492216920e+05
-3.018180648744841455e+05
-8.490499828706424451e+05
-7.290812794749580789e+05
-3.752430496789674507e+05
-7.843045240248381160e+05
-4.003500536025789334e+05
-3.384408653219518601e+05
-3.328212605745680630e+05
-8.122256650038507069e+05
-1.207666880817320198e+05
-4.822872208766026306e+05
-3.684473057864813018e+05
-7.796081591299639549e+05
-6.608249307780376403e+05
-1.447665816035198513e+05
-6.051122231674779905e+05
-3.491678607670914498e+05
-6.036470531005852390e+05
-8.331062108419088181e+05
-6.526422974909229670e+05
-1.146916866913692793e+06
-5.760809303932732437e+05
-9.572699099076570710e+05
-2.482025252307817864e+05
-3.643563237349250121e+05
-1.085490783839883050e+06
-1.093896817685783142e+06
-5.857123597828581696e+05
-1.283397362352958648e+06
-4.457890016246176092e+05
-6.765846410700752167e+05
-3.517745663817573804e+05
-6.654312832156426739e+05
-4.532317503643515520e+05
-1.192412783767119516e+06
-1.546249204561297665e+05
-8.336432940063864226e+05
-2.352035027342856338e+05
-4.792655667241861811e+05
-4.567409365088150953e+05
-7.782635780855149496e+05
-1.276903755438836757e+06
-1.036305239326598356e+06
-7.026462871438279981e+05
-4.771939535040509072e+05
-7.256624682419537567e+05
-4.289926376123019727e+05
-2.765998785416911705e+05
-1.797094060673982603e+05
-1.699343114774152345e+05
-6.143861419539537746e+05
-3.460672907405419974e+05
-6.565779357511190465e+05
-3.761718269881716114e+05
-7.601705056917587062e+05
-6.745802846448562341e+05
-9.298246633599050110e+05
-7.398146808645215351e+05
-1.591190492373265792e+06
-2.845623306744289584e+05
-6.924551662317765877e+05
-8.373020001092849998e+05
-7.403771463131167693e+05
-6.930175390909539419e+04
-6.158933759337434312e+05
-7.958548629063681001e+05
-4.292976994241769426e+05
-7.022857530294358730e+05
-2.182793483659101767e+05
-7.299928272425635951e+05
-6.496641935957018286e+05
-5.559873126549425069e+05
-2.166373931060960167e+05
-6.670876794337012107e+05
-1.299857915681086015e+06
-5.903351332234321162e+05
-6.765669948930088431e+05
-2.538189373061844090e+05
-8.112720342993304366e+05
-1.493569086134829326e+06
-2.032329377136685420e+06
-1.291640822262528120e+06
-2.201982747746906825e+05
-3.461745162948031793e+05
-8.804568647430110723e+05
-1.383876675285406411e+06
-7.270352477528892632e+04
-3.740191807084134198e+05
-8.821318408308824291e+05
-4.079489829625404673e+05
-4.894159455582090886e+05
-3.416028820118096191e+05
-7.197634166585524799e+05
-1.150019111781653482e+05
-4.672972768914555199e+05
-6.964761785919265822e+04
-3.546989325725119561e+05
-2.912044437581017846e+05
-1.482049854407235107e+05
-3.847571683247570181e+05
-5.707874038486189675e+05
-1.007648195660960628e+06
-3.984875283891680010e+04
-4.812727319152702694e+05
-3.017387453626567731e+05
-4.259817416037819348e+05
-4.272831778488935670e+05
-1.013691512617200846e+06
-3.345590755797079764e+05
-2.541923059270411322e+05
-7.301799287841594778e+05
-5.603526179317908827e+05
-4.750712971346791019e+05
-8.144508816136033274e+05
-4.522034694198707002e+05
-6.620106326630384428e+05
-3.566796567983095301e+05
-2.443152743173912168e+05
-3.856734537204919616e+05
-2.063809675182771171e+05
-6.221406783891976811e+05
-1.436879754878395470e+06
-1.378497476679281332e+06
-5.835466718286122195e+05
-6.045005968576662708e+05
-9.156388524498039624e+05
-2.442658878498176928e+05
-5.556502114469669759e+05
-4.690168577260246384e+05
-3.943565703331179684e+05
-4.152040845469165943e+05
-4.324387418498416664e+05
-1.096972696682457346e+06
-1.490495911791210761e+06
-1.600639236102115829e+06
-1.445668925306134392e+06
-4.906259337383072125e+05
-8.572254916012017056e+05
-6.937072763417020906e+05
-3.861698748707176419e+05
-6.745423875603229972e+05
-7.974987668966881465e+05
-1.625522585414058995e+06
-1.177787293027488515e+06
-5.868509823346431367e+05
-9.723130860536169494e+05
-9.189375817751141731e+05
-5.502873505915479036e+05
-3.896615902241723961e+05
-4.763852278308211826e+05
-7.708520979651046218e+05
-7.970552467380499002e+05
-1.793480887825004058e+06
-1.612398322897804319e+05
-4.404730477635780117e+05
-6.085426901571780909e+05
-7.633749013559834566e+05
-8.556142626289402833e+05
-2.865326858107481385e+05
-2.817932676743863849e+05
-5.301639611632816959e+05
-3.021793418603093596e+05
-7.776414901612614049e+05
-1.437809450385156553e+06
-1.452459453312502592e+05
-6.585957294535108376e+05
-8.852014977034742478e+05
-1.731606346796626225e+06
-3.640116481993584894e+05
-1.932685328811523796e+05
-8.258412169364941074e+05
-4.919111339820261928e+05
-5.916795489174294053e+05
-3.295148223035766277e+05
-9.620378212019151542e+05
-6.338380018924854230e+05
-6.157473780720400391e+05
-4.198971568210845580e+05
-7.606518581263333326e+05
-2.898175855799303972e+05
-4.475036416732767830e+05
-3.569112325115614221e+05
-2.455539849744477833e+05
-1.056244297267269809e+06
-7.591011163957347162e+05
-2.751653209321332979e+05
-6.346473782058416400e+05
-1.134568518166217022e+06
-9.635057821286476683e+05
-9.002557749192599440e+05
-4.923140382779880310e+05
-1.303965815591891995e+06
-6.174142685630155029e+05
-4.221639604735773755e+05
-9.612875484590239357e+05
-1.298460785199839156e+06
-1.690149984460345935e+06
-7.851195017699669115e+05
-3.525248477318048244e+05
-5.906944588518438395e+05
-3.258013983715242939e+05
-4.926053161823562114e+05
-3.016521344118138077e+05
-5.441245550358135952e+05
-7.247296498845869210e+05
-8.280197612597981934e+05
-1.843028572372151830e+05
-2.700057850301640574e+05
-1.808619004736931529e+05
-3.693320600887705223e+05
-4.004790204261514591e+05
-7.195645951838565525e+05
-1.120821838336308021e+06
-6.893363538798040245e+05
-6.949344578280423302e+05
-1.197904478924865602e+06
-3.152186381728632841e+05
-6.941264902106935624e+05
-8.836771825839459780e+04
-3.649982129782519769e+05
-2.936252057890891447e+05
-5.479800586031831335e+05
-6.655692477468320867e+05
-3.395727704682227923e+05
-7.443164139272122411e+05
-8.256376868957357947e+05
-8.146862244646551553e+05
-1.443139850690373918e+06
-2.947838111071241437e+05
-2.702466819799292134e+05
-3.964194316704968805e+05
-6.887658244110031519e+05
-1.263224699838707689e+06
-6.952591570222398732e+05
-4.785396249085857417e+05
-1.178822808177776169e+06
-1.363673252987349872e+06
-6.488387378213056363e+05
-4.327951049226769246e+05
-4.267307283905346994e+05
-9.845081311795192305e+05
-1.100733576675353106e+06
-8.332982565851637628e+05
-4.777567461698746192e+05
-9.337998214459531009e+05
-1.595522533787826775e+06
-1.735414916223895969e+06
-2.381082076830248407e+05
-6.841679087105904473e+05
-5.991254070672505768e+05
-5.575971472021504305e+05
-1.299444983041352127e+06
-9.247823240603077284e+04
-7.228116213812077185e+05
-1.146187088038577698e+06
-1.258535786569736898e+06
-1.537311846067174803e+06
-7.337170813334074337e+05
-6.132559723232903052e+05
-1.566240664262601407e+06
-9.324035766990749398e+05
-3.068212459434309276e+05
-1.764430679266454827e+05
-5.370201139714539750e+05
-7.421952001602902310e+05
-3.573562704859963269e+05
-5.088317112510073930e+05
-1.526911265644421335e+06
-1.543971639605849516e+06
-2.094261270411197096e+06
-2.211736755921728327e+05
-3.613640774437166401e+05
-1.575021106870516669e+06
-8.217376452058488503e+05
-8.058503446798193036e+05
-3.902815902254501707e+05
-6.802547016782851424e+05
-7.007074327726312913e+05
-3.693429160569132073e+05
-8.636395487221892690e+05
-1.050655706366038183e+06
-9.988109307261046488e+05
-3.784026887548371451e+05
-5.610137221588359680e+05
-5.667559367045665858e+05
-4.048587006645255024e+05
-6.418810981590189040e+05
-6.453385413839661051e+05
-1.215775400617767300e+05
-5.610062007073111599e+05
-3.663943356804944342e+05
-4.019798971056487062e+05
-6.567827606025238056e+05
-3.238009184679473401e+05
-3.549819872240942786e+05
-2.836454547784333699e+05
-6.099127359067867510e+05
-1.338568552595674118e+05
-2.275075321871312917e+05
-6.812669004191961722e+04
-3.445372120911721140e+05
-3.284559212807490258e+05
-7.150131621594560565e+05
-6.596201733766751131e+05
-2.160650183866845327e+05
-6.018203747945157811e+05
-3.758271406847680337e+05
-3.260082476490012486e+05
-6.359137647232204909e+05
-1.073771696733193938e+06
-9.049810207699841121e+05
-6.407548218453150475e+05
-1.793297940967041301e+06
-5.050691736511038616e+05
-7.441000605810538400e+05
-1.773543008814907516e+05
-7.096010458015458426e+05
-1.178008726756271441e+06
-5.096068578250033897e+05
-6.020420462731496664e+05
-3.343909625764898956e+05
-3.396846756181315286e+05
-4.961026352297075209e+05
-2.949624900380075560e+05
-8.607003395353838569e+05
-1.125608555100729223e+06
-6.835717137785870582e+05
-1.371821919998281635e+06
-1.357429613491598982e+06
-1.097429233358822996e+06
-9.478283061245353892e+05
-8.761246756376326084e+05
-5.628343953081571963e+05
-1.131740810916875955e+06
-5.971041389959199296e+04
-3.507450417227108846e+05
-2.093808384696558060e+05
-3.560034038531501428e+05
-5.142079848122399999e+05
-4.353543766643388080e+05
-4.087573248716272064e+05
-7.598929944025247823e+05
-3.365236771250345046e+05
-2.773663574697479999e+04
-5.892879501079719048e+05
-8.788121289204980712e+05
-2.063170200401057373e+05
-2.947254142828271142e+05
-3.948574318321124883e+05
-7.421340255775144324e+05
-7.236089987577880966e+05
-1.130899817051847233e+06
-1.065509035743795801e+06
-6.535794329361385899e+05
-4.489454244063567603e+05
-1.655931957285340759e+05
-5.772281685801108833e+05
-1.037908080707002082e+06
-2.819041928550071316e+05
-1.603436531878646056e+05
-6.962585315391577315e+05
-1.099067116971132578e+06
-7.544011215535537340e+05
-7.700091557807241334e+05
-7.152823343401576858e+05
-1.149199911415049806e+06
-1.198309964505661977e+06
-9.547017428795660380e+05
-2.633178016939209192e+05
-5.092963810320975026e+05
-6.235235198722986970e+05
-3.747057702579431934e+05
-6.348921636256168131e+05
-4.700583502236519707e+05
-1.882730390743675234e+05
-5.547821169990642229e+05
-7.470311676373260561e+05
-1.068095461900998838e+06
-5.484482346672683489e+05
-4.577483510933996295e+05
-6.083469713744220790e+05
-1.156648815797525458e+06
-5.713297932328542229e+05
-1.711863952940382587e+05
-2.807712560434331535e+05
-6.939070284917238168e+05
-8.302783959739992861e+05
-1.652645087578842416e+06
-1.750747089417579817e+06
-1.894954179762288462e+06
-4.268191038129747030e+05
-8.650189691484163050e+05
-4.262542716128298780e+05
-3.764538924704111414e+05
-4.273945169481793419e+05
-4.399808714673222858e+05
-6.482349179392973892e+05
-6.097274104069031309e+05
-1.015316417467039428e+06
-4.426779883726878325e+05
-7.110480517139033182e+05
-9.021005417183565442e+05
-1.432670613392406376e+06
-9.458259566654309165e+05
-6.937574500588558149e+05
-4.394869990804271656e+05
-7.498574819491767557e+05
-2.148533054480900173e+05
-1.484903259579994774e+05
-5.550772517532077618e+05
-6.925863214806175092e+05
-1.838713739343020134e+05
-9.779275105646774173e+05
-7.403647182466427330e+05
-6.758092112878796179e+05
-8.621285785497881079e+03
-7.698905700507375877e+05
-1.019199402167386026e+06
-3.030300248151227133e+05
-4.323256743300367380e+05
-7.036426815059805522e+05
-1.850485147703408729e+05
-2.915399638907568296e+05
-3.053000603506449843e+05
-5.439218132768186042e+05
-1.250591541224470129e+05
-4.826278900850393693e+05
-9.358915952173959231e+05
-8.286160732704149559e+05
-1.304416811089137103e+06
-5.080844750900793006e+05
-5.596289622084826697e+05
-5.240698120839134790e+05
-4.110620741390369949e+05
-3.824498181020162301e+05
-8.980480763306192821e+05
-1.471712903519513551e+06
-1.718840923030144302e+06
-1.623862042341914494e+06
-6.598631048945910297e+05
-6.162167117225837428e+05
-8.363783852169306483e+05
-3.595025162719786167e+05
-7.092699825747112045e+05
-3.833654945569129195e+05
-1.050024911362345796e+06
-9.022261179184385110e+05
-6.736691621660197852e+05
-9.406211142690200359e+05
-1.299003745340479072e+06
-1.963702917606216506e+05
-2.834511595083376160e+05
-1.236130832678133593e+05
-4.571321874732999131e+05
-8.294143274273137795e+05
-1.577417379816098837e+06
-2.002478843077582540e+06
-4.817525949200434843e+05
-5.226252396199750947e+05
-6.197717561445749598e+05
-9.909793679055408575e+04
-9.340515354720698670e+05
-4.877042462885520654e+05
-5.833443444345253520e+05
-3.490062369883164647e+05
-4.357981070439244504e+05
-6.628534506166691426e+05
-9.956385111347401980e+05
-1.399176842108531157e+06
-8.607449805801507318e+05
-1.303627207295914413e+06
-1.944664605077496963e+06
-1.996827668957340298e+06
-2.253347291668021120e+06
-3.111448758787274710e+05
-7.620415903244471410e+05
-8.118375457439897582e+05
-1.244075065357975196e+06
-1.363552475317068864e+06
-1.094530868616532243e+05
-4.649178247342924587e+05
-6.086543461359043140e+05
-4.570718967852623900e+05
-2.805710864379710401e+05
-3.521727491964490036e+05
-5.978906543602866586e+05
-4.808092430288091418e+05
-5.498991045880260644e+05
-6.251224789896418806e+05
-1.843444118171369191e+06
-4.483674184852587059e+05
-3.691570654997034580e+05
-5.868788986820738064e+05
-2.267717203831104562e+05
-6.061439529476666357e+05
-5.871793990477406187e+05
-1.589300245046470081e+06
-2.014413764915033709e+06
-7.564998309368012706e+05
-8.169161584500732133e+05
-1.539903269550068770e+06
-3.627516251835703151e+05
-7.487194842919334769e+05
-4.106507263923259452e+05
-4.836998506292131497e+05
-1.226743081563930493e+06
-1.082962522801593179e+06
-1.080936587812578306e+06
-6.342998215240616119e+05
-8.188287313551915577e+05
-6.405994145732951583e+05
-1.474560996421756572e+05
-1.398572074389320624e+05
-3.023592184775333153e+05
-8.098761123554657679e+05
-5.346007282448399346e+05
-4.500902259627248277e+05
-5.965521867463055532e+05
-4.735188129349048249e+05
-2.336854172000563121e+05
-4.291532742737811059e+05
-8.059196149025927298e+05
-1.131238473186294315e+06
-3.732338942791925510e+05
-4.812876079371465603e+05
-9.383355743977297097e+05
-2.552712976571369509e+05
-2.977296646675443044e+05
-6.672471881297167856e+05
-1.037099756636719801e+06
-3.087742160091415863e+05
-6.426702976721249288e+05
-4.173377045086182188e+05
-5.419257511476819636e+05
-3.760325890602272702e+05
-9.408307919834584463e+05
-1.351390299761387287e+06
-3.781978418292898568e+05
-1.190472248150368454e+06
-6.532222407006731955e+05
-3.810922646769001149e+05
-8.241838043696137611e+05
-8.831290751792611554e+05
-3.678419901886688895e+05
-5.082148287196814781e+05
-4.798679170942233759e+05
-5.139879917199296178e+05
-8.077100056557974312e+05
-7.733316485216529109e+05
-1.204929941616307478e+06
-9.239923960386172403e+05
-6.898677201229459606e+05
-2.596146394533226849e+05
-5.753220375215372769e+05
-3.198358088220026111e+05
-6.438069984925941098e+05
-7.775151432089849841e+05
-6.232214910785467364e+05
-3.483228161113642273e+05
-2.813675375975611387e+05
-4.882183038784371456e+05
-9.089379346302269259e+05
-1.582766008952756878e+06
-9.447355734985269373e+05
-6.368621343247783370e+05
-2.718274726693539997e+05
-2.281726807552769314e+05
-4.382629744881486404e+05
-2.465077466739892552e+05
