-7.402426461646410823e+07
-9.684676041388405859e+07
-4.419836304371777177e+07
-3.368491255456266552e+07
-2.975187406158745661e+07
-3.566908070200171322e+07
-3.436213044069348276e+07
-3.892082946089856327e+07
-3.274856137583183497e+07
-3.401498180192800611e+07
-3.537741482847583294e+07
-3.313633614627274871e+07
-5.070328389332331717e+07
-3.276878889245697483e+07
-3.113025873178858683e+07
-4.362050524473033100e+07
-3.232970575719460845e+07
-3.032557170324465260e+07
-3.518988363329407573e+07
-3.206527319889111817e+07
-2.875580500318498537e+07
-3.808122388175922632e+07
-3.154394632246487588e+07
-3.951959555464344472e+07
-3.068073120355852321e+07
-3.249278671594833955e+07
-3.363001632506751269e+07
-3.570698863894229382e+07
-3.970790405736537278e+07
-3.138450263015189767e+07
