1.118543199482365708e+04
1.147402751474393881e+04
1.418043227634654613e+04
1.135420155274084573e+04
6.493614077371571511e+03
1.032427291812849762e+04
1.160915639669396114e+04
9.052645406341081980e+03
1.202067714714325120e+04
1.706619770408387558e+04
1.569283786323887398e+04
9.203905748466229852e+03
1.925244229650833586e+04
6.942403072678583158e+03
1.474167065192533846e+04
1.299949984739571119e+04
1.168044535674371946e+04
1.036620530066021820e+04
1.171905212708829640e+04
1.545214508436811957e+04
9.461768279724918102e+03
1.539556038858244210e+04
9.713274591911263997e+03
1.567875494367201100e+04
1.331414853967472663e+04
7.164599788313772478e+03
1.537124272978828230e+04
1.293938809298934211e+04
1.197539769193503344e+04
2.005102281896215209e+04
