-3.004000000000000000e+03
-3.982198879101652437e+03
-5.060846804871291170e+03
-3.446805768337842892e+03
-1.138199323150070541e+03
2.855172646975716361e+03
-2.714696835694058450e+02
2.639870690063573420e+03
6.013768886055286202e+03
1.950498788565097129e+04
1.731168866847822937e+04
7.559248032293968208e+03
1.335182943829586293e+04
2.523732144203750431e+04
1.843897170520914005e+04
1.885288428983444464e+04
1.173098476279864371e+04
9.995073490334343660e+02
5.162193942502462050e+03
1.108564396435831077e+04
8.826207352772473314e+03
2.880686841492083840e+04
5.555517236231553397e+02
7.087761144242022965e+03
1.100517779643631911e+03
1.385578638827219766e+04
1.240492858827870805e+04
2.382043317435221252e+04
2.094675083415688277e+04
1.565135352707917991e+04
1.319317058072824511e+04
1.447112228751699377e+03
1.359141158029470171e+04
1.395498574973548421e+04
8.211532311119901806e+02
3.464386702152164798e+04
3.739038475094183923e+03
9.857799975320398516e+03
4.634005349556053989e+04
9.793553127417395444e+03
1.082430085931528993e+04
1.041795987248921483e+04
1.663227705369060641e+04
6.679374593932241623e+03
1.370131342665048578e+03
2.225434887774451272e+04
6.124007746175219836e+03
1.332790651679635084e+04
1.549127643594830988e+04
8.732736649479769767e+03
7.720196900748548615e+03
1.461970942501722129e+04
2.719655325535563679e+04
1.704267179520882564e+04
1.309506783159327642e+04
3.174627700092232772e+03
6.056005401482632806e+03
9.896961570698706055e+03
1.305877223109865372e+04
2.156616907170603008e+04
2.022623061246426732e+04
9.861627551568992203e+03
1.320281515328080059e+04
1.450013857928389007e+04
6.146402736864480539e+04
9.043557966491771367e+03
1.476224579573535721e+03
7.358644167348379597e+03
2.455242109349313978e+03
6.036860719898642856e+03
3.669629516345527918e+03
6.780901348629729000e+03
5.713671956804704678e+03
4.516606740381637792e+03
1.254177763771669743e+04
2.539335950116414460e+04
1.226437602904660889e+04
2.483558243311435217e+04
5.422821465223398718e+02
8.866980339330773859e+03
2.133068410420223518e+04
9.808859184302807989e+03
1.852094135302896757e+04
2.160409966288598753e+03
9.805182239744712206e+03
4.019080800544030353e+03
1.395400110295176637e+04
2.312345710030042756e+04
2.103982462204209878e+04
2.489289018003061938e+04
2.804756334443783089e+03
1.598930332577907393e+04
5.932461338416791477e+03
1.021849533150772186e+04
3.127941692436987182e+02
3.193537502908025635e+04
1.302919924157365358e+03
-1.194537244080381242e+03
2.218887495349052188e+04
2.524983198540055673e+04
1.038234640756868794e+04
3.732892551252202338e+03
-7.095262203389638671e+02
9.389079353298825481e+02
-1.222189169599075740e+02
2.023139367945999402e+04
1.646725051054620053e+04
4.753971054231228482e+04
7.505936710611852504e+03
9.831721166378254566e+03
2.665583182821530499e+03
-1.814373704642885059e+03
2.584542496092468355e+04
2.462062038992646558e+04
1.561753063461767852e+04
8.623249352384307713e+03
1.284897609052175540e+04
-1.504916592983288410e+02
1.761645090492028612e+04
-1.819616533680732573e+02
7.542096924611889335e+03
1.642781007789574505e+04
2.288195935588135399e+04
1.267319502489192382e+04
4.472505114547413541e+03
1.531605155176959488e+04
1.041754863126587588e+04
-6.747136091207706841e+02
4.278337300098917694e+03
5.345389076185752856e+03
9.818224581122403833e+03
4.024044905061855388e+03
2.247845326003788068e+04
1.809816214133871836e+04
1.031261950619107120e+04
3.455314242253122939e+04
7.823862941349693756e+03
4.408654791518304592e+03
1.230651211059810157e+04
5.370375511928305059e+03
8.077224046992248986e+03
9.650407308950821971e+03
2.367015123338202466e+04
2.652157052003706485e+04
8.052711653196230145e+03
2.080604519529693425e+04
1.852888341833954473e+04
2.480239305844864430e+04
-1.468064326382917898e+03
3.163000655204845771e+03
2.073960104846007016e+04
2.343088899029608456e+03
-4.380281205677442813e+03
1.008765343517132715e+04
1.919292834027517893e+04
4.862568912508459107e+02
6.621505619436413326e+03
1.667952177192024101e+04
9.071142316179475529e+02
1.403324259864192754e+04
1.959917489884088718e+04
1.459587673071200879e+04
4.487505802857531307e+02
1.199374163786093777e+04
3.108801117370434895e+03
2.238406646474385343e+04
1.069922944254536560e+04
5.992378923764658794e+02
9.549179626654313324e+03
1.624993043322674748e+04
1.889397761925709347e+03
2.594545454222561966e+04
2.425141739230013627e+04
1.716826361047104001e+04
4.936838287426403440e+03
8.185956670250199750e+03
8.548507508939128456e+03
5.134788196585019250e+03
1.203925931391643826e+04
1.222220223327176063e+04
1.031491361353626598e+04
5.516969027018828456e+03
2.150775853586784706e+03
5.290294065963462344e+02
1.382288953287283402e+04
3.710531071793998126e+04
-1.008650819878997936e+03
9.446884189777117626e+02
1.548601927647054981e+04
-1.770503716890700616e+03
2.497755352729843253e+03
1.317946361551958398e+04
7.388054682044239598e+03
1.170372361530347371e+04
1.326781342140668312e+04
7.559048937747134914e+03
1.228199637088226336e+04
1.291017218898954343e+04
7.564896971932198539e+03
2.518909037085348973e+04
1.572038456083107849e+04
1.058225357830790381e+04
1.519058801872444747e+04
1.606301401332309251e+04
2.644801240268621041e+04
1.082319057725617495e+04
3.465238073734481986e+03
1.435993171293439264e+04
1.956079978906340693e+04
2.743693078200420132e+04
1.846175932895932056e+04
7.973017071955930078e+03
-4.234991130623082540e+02
1.206266901596580283e+04
1.068873645788484282e+04
8.504849830172053771e+03
1.186855894947862544e+04
5.850804263287946924e+03
2.768335140220967151e+04
1.691050828050625569e+03
6.281875621137477538e+03
1.821354887328947007e+04
3.044802650963811175e+03
6.677595498096237861e+03
1.851434055539751716e+04
8.520544677501133265e+03
1.153258327893041132e+04
1.534070403434375066e+03
9.450549418129967307e+03
2.468280337821015564e+04
2.396310039430261895e+03
1.951193934874916886e+04
2.132058675127431707e+04
1.723195271510344537e+04
3.143671729440668423e+04
1.776124355191245559e+04
1.493586955560319257e+04
1.007156269982621961e+04
1.264605105678648397e+04
4.998346231741303200e+03
4.325605493769146960e+03
1.368805083441872193e+04
2.269264050885850338e+03
1.384279019909375847e+03
7.114750959086959483e+02
3.533880005165342027e+03
7.451207215216034456e+03
5.376270296321141359e+03
9.339662824171422471e+03
1.685644593794998582e+04
9.850473602661792029e+03
3.715233327037940762e+04
4.140928921307981000e+03
1.883438474646087116e+03
1.171185756600450259e+04
2.078872731577870582e+04
5.190370981287999166e+04
2.475431939909809444e+03
1.418572897745686532e+04
-1.071756074331049604e+03
3.476599921926866500e+03
3.987094006503424680e+03
-1.851357648731857807e+03
2.690801767369826121e+04
2.317639331084120204e+04
2.373410004236481109e+04
1.825597020293005335e+04
1.439147791600298842e+04
5.172911399177699423e+03
1.471254969576144322e+04
9.369934099965210407e+03
1.682592935359617968e+03
4.407281679811023423e+03
1.596802665675490789e+04
2.111764875458161259e+04
4.154578522425678966e+04
1.231381445133474517e+04
6.036887824108841414e+03
9.519610791429146047e+03
2.688330963127122232e+03
2.802625935111454237e+04
9.960146170095214984e+03
8.287556089697993229e+03
1.354925459211206726e+04
1.739322962904761516e+04
1.666986778024999876e+04
2.666350230412536621e+04
1.071715550943856579e+04
1.805005029642779118e+04
5.990405992628008971e+04
8.660819143394664934e+03
1.556404481373710223e+04
7.175024662929160513e+03
2.123015851172014663e+04
2.025826599110898314e+03
7.111200404392370729e+03
1.096643681484464105e+04
1.555261677189110560e+04
9.386806620928009579e+03
5.569794838336883913e+03
1.685061842977944252e+04
-2.253952156087504136e+03
3.396763973635136608e+03
1.569799987575429077e+04
1.253043865185497089e+04
1.580612810020991674e+03
1.579456977350044326e+04
1.597306177498315265e+04
1.305397212846821276e+04
3.377812249960865302e+04
9.098403944013560249e+03
3.637952174755731903e+03
3.201785296354514685e+03
1.406780734600780488e+04
3.032238692521245866e+03
2.105154094447829266e+04
1.777758498306766705e+04
9.577990219899538715e+03
1.041566955240319658e+04
4.914942148589164390e+03
4.021975379862038244e+04
4.350908125360917620e+04
1.296916779257353119e+04
5.691922207960095875e+03
-2.917681138660261126e+02
-1.168487191375746988e+03
5.122575152831119340e+03
2.842994178611103416e+04
1.925806762520452685e+04
1.206518793269477101e+04
1.093756824632881580e+04
4.502154149724506715e+04
6.832076203965182685e+03
2.473972990333208872e+04
2.417928988276301243e+04
8.523945883985084947e+03
-2.618183548591285671e+03
7.591818699230604579e+03
-4.699027688885676071e+03
3.125528286627506986e+03
7.083786328732958282e+03
2.664536815957630824e+04
4.792623018948502249e+03
6.539044852161940980e+03
1.592614351732348950e+04
2.474158265855582431e+04
3.484981643804777832e+03
5.030905384212869649e+03
6.012812394893433520e+03
1.583431600872951094e+04
1.082598490877927179e+04
2.395651806283681435e+04
1.090681391939663808e+04
1.438580139171380688e+04
1.908899338167543465e+04
-3.614935747611476472e+03
-3.868653415554173989e+03
1.913275211852272150e+03
3.897761918705681637e+03
1.886915966143820697e+04
7.478881465447613664e+03
2.012595344741212466e+04
3.422202192089503569e+03
4.645526829001385522e+03
1.014534753615820773e+04
2.052685995818748779e+04
1.216188086043259318e+04
3.486112069900842471e+04
3.871895153872937499e+03
1.195198466093768548e+04
1.825262110445908911e+04
2.578988548541257842e+04
3.724656358606735466e+03
1.261210270108484110e+04
1.950437418243020511e+04
1.752435005249735696e+04
5.250064975377343217e+03
8.698173563577915047e+03
1.580905232118330605e+04
2.039466730554288006e+03
4.925730374222476712e+03
1.554089305257302658e+04
3.749369847198153002e+04
1.697197097905648843e+04
3.534723576646215861e+03
-2.079059704918789976e+03
6.355571255521383137e+03
6.828627124336792804e+03
1.141079702362311946e+04
1.541873158138831786e+04
2.929821262805289007e+04
6.417902555517845030e+03
1.443718028349059750e+04
4.045287256401815284e+03
6.473351557671826413e+03
5.015595987060418338e+03
5.477641634483933558e+03
1.634245365853811109e+03
1.203138193639618657e+04
5.695654858481508199e+03
1.994447837437954877e+04
1.342515137967027658e+04
1.274505224933160753e+04
1.217205335784605268e+04
7.562549767483846153e+03
1.887553699871320714e+04
6.200475640384220242e+03
1.679106225941667799e+04
1.688131715542511665e+04
2.734108433078246162e+04
2.521462395728995034e+03
3.242977955360147462e+04
1.487362306783289387e+04
1.677949296421987310e+04
5.960117847129152324e+03
6.687385876570517212e+03
5.447684437389441882e+03
1.194171620868200444e+04
1.452864704825224726e+04
3.930828376919548646e+03
3.206772011423801814e+03
8.396344050576281006e+03
1.436026816630874055e+04
9.804155066651816014e+03
1.630360185981348150e+04
3.113146357942062605e+04
2.175778001104683790e+04
4.129498556681244736e+03
2.022503208242953042e+04
1.654554756165664730e+04
5.100916515360388075e+03
1.435801433734069906e+04
2.799249145008235064e+04
4.804349944000092364e+03
3.937233986311675380e+03
1.757512255201547305e+04
1.430855015323996486e+04
2.741873638237745399e+04
2.803658074649381433e+03
1.569195763189605259e+03
5.013723302807690743e+03
1.261434225951349254e+04
1.755038518730167561e+04
7.299322479972663132e+03
4.439297013147454891e+03
2.269262240813509925e+04
3.813622643128641357e+03
1.443588419096889811e+04
1.062587473184256669e+04
2.172169725461434064e+04
3.081470843410570524e+04
7.770200019440612778e+03
4.436460182139493554e+03
2.157270182144457067e+04
3.241283777992061732e+04
6.046087604942266807e+03
1.119126835870103241e+04
2.122204512480801350e+04
1.338798160709284639e+04
1.781562301924671920e+04
2.400924537377159140e+03
4.300347643307220096e+03
7.223822509453865678e+03
3.416231348159674781e+03
3.126584026642301615e+04
3.569832184306140698e+04
1.295388790073275231e+04
1.362166065473000344e+04
2.456900235119884383e+04
1.547591880367753038e+04
1.318684951965472646e+04
1.233989512515828937e+04
1.714978985408462177e+04
-1.838803509212392783e+03
5.764525591649339731e+03
-1.524683763688358795e+03
2.976143720190489603e+03
8.543971485619158557e+03
-1.039981561712056418e+03
3.601522595932536206e+03
4.446692870123515604e+04
1.961296146103171486e+04
2.701420743578605470e+04
1.989608700470133044e+04
-8.879292480794899802e+02
2.381689841462491131e+03
1.930678250366971042e+04
2.654117910903377378e+03
7.451910794913795144e+03
5.006919382681633579e+03
5.293779700556133321e+02
2.734467414616606766e+04
2.199353362365829889e+04
1.826411715998279396e+04
3.625697748810612393e+04
2.418789714985717183e+03
1.457820358653175026e+04
1.171805492927673640e+03
1.461369529533686000e+04
3.349080256308784737e+04
9.383485294450279980e+03
7.825154760620171146e+03
1.157629434404254243e+04
2.827426610485371930e+04
-1.089295015689242064e+03
1.552109208335108269e+04
5.265869607283165351e+03
1.393822520984625044e+04
-1.813953997946010759e+03
2.764375050290908803e+03
-2.002389045818757495e+03
2.281677713426931587e+04
2.079704392144949816e+04
2.191462147252427530e+04
-9.060198805466407066e+02
1.429828610156865125e+03
1.518658302461476887e+04
1.028978024458048822e+04
1.907390724031099307e+04
1.190843566808560718e+04
1.250137696697673528e+04
3.156539035720715219e+03
-2.408546625932020561e+03
3.543703899883385475e+03
2.181829987505581084e+04
4.562247338084556395e+04
9.915254358618460174e+03
2.531693517912555762e+03
2.839196748551676137e+04
8.213303258830455889e+03
3.833575121196682630e+03
9.076665593022626126e+03
1.033172137268546430e+04
2.204721621233773476e+04
9.076596023990176036e+03
2.314405978616359062e+04
-2.989779916430038611e+03
2.896535208935137416e+04
4.558740452541504965e+03
3.857554702398229438e+03
3.329749447679193963e+03
1.128575477073376169e+04
1.208775547753301544e+04
2.058011804712479352e+04
4.377331507397479982e+03
1.197887647084413402e+04
4.215691400421039725e+04
1.302528030368312557e+03
4.372934354359389545e+03
4.545641652213827183e+04
-2.455613033993339286e+03
6.799394733159811040e+03
2.871070399064455160e+03
6.976224202663011056e+03
1.972653362807640224e+04
1.942027267361700069e+04
1.837096535165282694e+04
2.041162107785391072e+03
5.551369261294872558e+03
3.669737341876057599e+03
8.303958349677792285e+03
-2.002963341033808774e+03
9.436461650098208338e+02
6.666501633933458834e+03
6.770386828417565994e+03
1.269932531684758214e+04
6.315917162274815382e+03
3.150901909755042288e+04
4.875216829113600397e+04
1.449584462400997108e+04
2.822186940494282317e+04
3.138422360145249331e+04
5.961547358390764202e+03
1.512286120408820352e+04
1.218878129016218372e+04
5.183947266900017894e+03
1.678887767311876814e+04
1.429420446540274133e+04
8.204753742046521438e+03
8.210014572960813894e+03
2.969586555318771207e+04
2.457221629219543502e+01
2.156961317904873795e+04
2.327062303744962719e+03
5.695819809484894904e+03
9.262264719676511959e+03
5.682655764367905249e+03
1.081761508066397801e+04
1.536873606256124913e+04
5.168954024125373689e+04
8.619927896847688316e+03
2.694381284813964157e+04
1.005794597778407842e+04
6.368104786545247407e+03
6.282698129507414706e+03
1.163660107296037313e+04
8.998711788179549330e+03
-2.125813690108464471e+03
1.694684394447810519e+03
1.356238428035895231e+04
6.719708156384108406e+03
1.405060943319746002e+04
9.391004523982426690e+03
7.205626110769499064e+03
2.928854538352420423e+04
6.076645269123303478e+03
3.931178317215497373e+04
1.610784661696364856e+04
8.305975375975285715e+03
1.140399130108327154e+04
9.545001813292183215e+03
4.537055213414118043e+03
1.676189425155865320e+04
1.099343289945821743e+04
5.092359616459685640e+03
9.364415290168599313e+03
7.453260369097733019e+03
1.051454209407556482e+04
1.682200625398524789e+04
2.609320587456459180e+03
1.333970822140878954e+04
2.018790054850624529e+03
1.418269181860820390e+04
2.601348986209018767e+04
2.563577814184351155e+04
3.889700727154308879e+03
3.037530757642527533e+03
1.051090093762349534e+04
7.286718453513270106e+03
1.727390304552606176e+04
1.668108156103370493e+04
2.114974231810639321e+04
-1.404568742421497518e+03
9.447566172500195535e+03
6.764982161900707069e+03
5.496085383728522174e+03
6.891312730763934269e+03
3.150111429603785291e+04
7.850791593341013140e+03
4.698927554625269295e+03
1.014113977588928719e+04
2.341247976974486664e+04
2.496754539448356081e+04
9.659051198876521084e+03
2.901164809710424015e+04
6.485348426528119489e+03
3.427780135012774554e+04
9.785340126662260900e+02
1.367215175063863353e+04
3.991872318902413826e+04
1.295502554261766818e+04
5.102910417421921011e+03
-1.260052951548591409e+03
2.298119541138827117e+03
2.749084082461299840e+04
2.489898022544837295e+04
2.070175218482672790e+04
1.339159841906478505e+04
1.616224201761235963e+04
7.730481332356924213e+03
8.918103908579345443e+03
1.352308879398044701e+04
2.554201996319689442e+03
4.019232349615032581e+04
9.253751264045704374e+03
6.211065698174235877e+03
1.024965330234993962e+04
3.122959578235492518e+04
1.087093248625805063e+04
6.292321175266944010e+03
6.977467247491191301e+03
6.859597306086623576e+03
3.043928867247532253e+04
3.006170330722529798e+02
1.835796453511816253e+03
2.659970869095175658e+04
6.269166734399163033e+03
3.351694524426652151e+03
3.909993178350432572e+03
1.482626911039182050e+04
5.148039476327481680e+04
3.557905335527331772e+03
1.197497625687237087e+04
1.308627463771509247e+04
5.077195481901102539e+03
2.276123127335658410e+03
1.134897178470002473e+04
1.263467694649891928e+04
9.562917517585950918e+03
2.511439237143780338e+04
8.518922215490603776e+03
1.036227719192561926e+04
7.374663860451739311e+03
9.673216378792899377e+02
1.665549422932852758e+04
-2.258596855220386715e+03
7.006571886912282935e+03
8.513347644491546816e+03
1.101504959449256785e+04
1.268979321034046279e+03
1.053084638093180911e+04
1.191544463540940524e+04
9.473016056100086644e+03
2.730600234367338999e+03
8.539535913915933634e+03
4.331024638823193527e+03
7.566119122901159244e+03
1.195745879319173764e+04
3.048315773497187365e+03
1.322430024851000962e+04
2.489352621620547870e+04
3.455702236033934605e+04
8.798898424312523275e+03
1.787085730855332440e+04
2.336301535131124183e+03
4.581010546423343840e+03
4.235012314485981733e+03
9.578422898288119541e+03
1.200917929818978155e+04
1.237171984627192433e+04
6.960063398001468158e+03
1.483150735753555819e+04
6.263467832560193528e+03
1.452185071795773547e+04
1.677793327523460539e+04
8.906890399619254822e+03
2.303127985291665027e+03
2.410632824817514484e+04
7.400433065093340701e+03
1.282725773613015008e+04
2.746888546943529491e+03
2.554454120195329597e+04
-2.712960749302807017e+03
2.645488411046965848e+04
4.539704008782860910e+04
-1.649906407017031142e+02
2.203626118801066241e+03
3.911926199864629325e+03
2.505246373935778320e+04
6.389478761005288106e+03
2.812804179724938149e+04
3.049472552183773951e+04
1.139051978881730975e+04
-4.383632302909647478e+03
3.524373959404225025e+04
1.315488316656225834e+04
7.742704954385557357e+03
3.781786461416493694e+03
2.152869620013350504e+04
3.352413377185328613e+02
7.961764804640183684e+03
2.843768471634451089e+03
1.150697972591066718e+04
2.155549565646679184e+04
3.413839713104423572e+04
1.083332438641859335e+04
1.075879014840324089e+04
1.582235282570520212e+04
-2.452164690498792879e+03
-1.293805530682109747e+03
7.635710385593765750e+03
3.625793063947524206e+04
1.085238993634202416e+03
5.611523947194586071e+03
2.242415801283610199e+04
1.393628084713744647e+04
6.724582510661979541e+03
8.269444630999820220e+03
1.746315297709405058e+04
1.031852116649073650e+04
1.112401463121923371e+04
2.322904242652731045e+04
1.449969532161202733e+04
3.296709193154002423e+04
3.176227100501666428e+03
2.207778489239171176e+04
1.135174221497906183e+04
2.295649707818362367e+04
1.243355083067888336e+04
7.051020371111884742e+03
1.030117284976260999e+04
1.221241050129348196e+03
4.813759101619302965e+04
4.277646554775583354e+02
6.635977356741304902e+03
1.876830628483903638e+03
3.767096857047321100e+04
1.203047252940714679e+04
9.756778891438384562e+02
5.463262673586222263e+03
2.703757268106190895e+04
3.816994199985613523e+04
-9.008644175326224968e+02
9.630878955520925956e+03
4.844231729777299734e+03
1.836749134199986202e+03
2.890245963612438209e+04
8.225596236295172275e+03
-1.029549706891849837e+03
1.327798222554577478e+04
1.946317771305194037e+04
3.765869330755506235e+04
3.391110122569443774e+03
1.011181814713954918e+04
8.380315179317023649e+03
1.097384403688848397e+04
9.007109209716425539e+03
-1.342462397404622152e+02
8.028872463389597215e+03
8.740810733062764484e+03
2.393455829204598103e+03
5.242085430221004572e+03
1.980111503750206612e+04
1.137854033593118220e+04
8.723397103122435510e+03
3.413358643272745212e+03
1.383932994540531035e+04
-1.276416229849746287e+03
7.255888827915307502e+02
2.170228556769796342e+04
9.054994672513916157e+03
3.844124275975379987e+03
6.260685529139398568e+03
2.088126541774023281e+04
1.841228360465096921e+04
1.279213799451457635e+04
9.884789543419214169e+03
1.092186199883607333e+04
5.758543675683118636e+04
2.043420821111803161e+04
2.853802480733890661e+03
1.713239427962515765e+04
-3.113789193042976422e+03
1.246303959901093913e+04
3.330467064415664936e+03
8.330874564347608612e+03
2.863416331776170409e+04
1.883158019736460119e+04
9.285159506945575458e+02
1.650811434694972922e+04
9.248784173625372205e+03
8.989454988614013928e+03
2.967140921557119327e+03
5.799060603552918110e+03
1.272920581329068045e+04
1.257470557217196756e+03
4.963952232396573891e+03
1.464526079627199761e+04
2.521078468256723863e+04
3.099333879834409527e+04
2.025145838630841899e+04
-2.992374884040807956e+03
7.919980950943765492e+03
4.774302000797040819e+03
2.841141676741479023e+04
3.066969212856774539e+04
2.558879560389517064e+04
8.177366488239147657e+03
1.465915393281712750e+04
1.397973851107415067e+04
1.417032866140832630e+04
2.523130120020871800e+03
4.781720821568924293e+03
2.746023931429203458e+03
4.480072075406997101e+03
1.310316676335384182e+04
8.341377986746938404e+03
2.617468752173156099e+04
-1.048405145717056712e+03
3.590147473688589344e+03
1.586865307756344009e+04
2.262760242071715038e+04
2.039654009180668072e+04
1.200296551134335459e+04
3.035462175744034539e+04
1.887992547203967479e+04
1.654588774028119951e+04
2.895666280970959269e+04
6.494501850137247857e+03
1.300606307605637085e+04
-3.794044295040401948e+02
3.122379227880524195e+04
2.639452513705488309e+04
8.831276860982663493e+03
-2.364432378366395824e+02
1.701127704808244380e+04
2.179666950037354036e+04
1.513580624402050307e+04
1.072280249106159681e+04
7.886095825895873531e+03
1.075214477622132472e+04
1.975566200537988334e+04
8.940488801129853528e+03
1.393614004454617316e+04
1.221913736652347870e+04
1.845168628921582058e+04
1.345905736085428907e+04
6.599047533390071294e+02
3.286006935060723663e+03
2.201824674331633105e+03
7.210060772419874411e+03
2.299729302364118485e+04
2.558386772875627867e+04
1.624270722321368885e+04
1.577134100417045011e+04
2.948552444280840064e+03
3.484194804772546922e+04
2.940230345991734066e+04
3.130984332065638228e+04
1.772916540825660923e+04
1.432968129875753766e+04
1.673627256804342687e+04
3.320761812042554811e+04
2.686900452049457817e+04
4.013238011244016525e+04
1.047640285396083709e+04
3.584535725922737038e+04
7.713077469422555623e+03
1.648727176174909255e+04
1.837275821020996227e+04
-3.722684390412622633e+03
5.863923001543636929e+03
2.021099442370437146e+03
5.555076860504271281e+03
7.196582149373272841e+03
5.511787200460836175e+03
2.661219030197447137e+04
2.224458971208801449e+04
1.394090684451630295e+04
1.849614859416483159e+04
6.273762772355624293e+03
-1.817307821708152915e+03
5.879910160950763384e+03
1.388334582359353954e+04
1.629098166573733943e+04
5.709690025567656448e+02
3.075269761834293240e+04
1.038221142094579955e+04
-1.234842164686258684e+03
3.540452053870098553e+03
1.911110228349160388e+04
2.599700014762070168e+03
2.703725379353120661e+04
2.809473707795901191e+03
2.548242202331121371e+04
6.416620032163903488e+03
1.624018055630939853e+04
2.791422730361099184e+03
9.440852052705888582e+02
1.375826092388598408e+04
8.062837847745151521e+03
7.296357291334713864e+02
4.627723145650995866e+04
3.782325887887160206e+03
8.888202523738671061e+02
4.232152469370551989e+04
1.764852060730952508e+04
6.207443436188025316e+02
1.927861113443633440e+04
1.637287418738906308e+04
1.065075436269394413e+04
3.684953495694892354e+02
2.390435621603624895e+04
1.539901186247259375e+03
5.291303572281935885e+03
7.011969587776074150e+03
6.245602267311100150e+03
4.014581135337440173e+03
1.605328455596243657e+04
9.545891317810877808e+03
2.118918931669910307e+04
8.047979601851816369e+03
5.390435220223997021e+03
1.200803895270450448e+04
5.211429399600394390e+03
1.604911763637614422e+04
4.742067582485118692e+03
4.306333625917572135e+03
1.638583924130488595e+04
6.465714892145990234e+03
8.790408570469355254e+03
9.718218420441438866e+03
7.503642808242406318e+03
-6.743315453747040920e+02
3.168001844690577127e+04
3.143566752052642551e+04
2.348150702370991348e+04
8.183421864861880749e+03
2.068454590256385563e+04
2.911273243959263345e+04
6.547368871703363766e+03
1.605797870203607818e+04
4.969070351697732804e+03
2.816856427057995825e+04
8.163572116133422242e+03
-4.109412375269940867e+02
1.540636492968244283e+03
-2.096987958918129607e+03
7.626624253233954369e+04
1.531594670266796857e+04
1.017648563199628734e+04
8.446901595967807225e+03
4.963556514384815273e+03
1.507499446055173757e+04
1.588646695970769906e+04
1.108451383983456253e+04
2.213593481650717422e+03
2.269890745205407075e+04
8.568291102022847554e+03
3.833730684684940206e+04
-1.316055299527452007e+03
1.407335000745377329e+03
2.698819017603207158e+03
1.987831370916221658e+02
5.957571430246689488e+03
1.411687471191096301e+04
8.961303005225688594e+02
7.905855307757212358e+03
1.052786961194464675e+04
1.024260311567391909e+04
1.325311308688356257e+04
7.493332801977158852e+03
8.347250502508615682e+03
1.574933895054031927e+04
7.834330015089397421e+03
2.292793425160369588e+04
1.362669922193145248e+04
3.234906665326758230e+03
3.088767249359145353e+04
-5.073903819339469692e+02
2.589450964492431740e+04
4.280284683037680225e+03
1.147289630116027547e+04
1.435865916808274960e+04
1.889036277613691709e+04
2.807598160031139923e+04
1.039262420178384127e+04
3.203436808936782199e+03
2.584873046907255775e+04
2.438140044543692784e+04
5.214037158993600315e+03
1.378502773253070700e+04
1.163280715923534808e+04
2.320373933908225354e+03
1.436499404777367999e+03
2.410802865042018675e+04
6.267554132025604304e+03
4.389294363528439135e+03
8.256876772626674210e+03
1.720718348920302378e+04
4.642733370164966800e+03
2.091081390028540773e+04
1.065095892786601144e+04
6.267111997585402605e+03
1.331842744475780273e+04
9.157785256841985756e+03
1.574631849690466697e+04
3.872812841026434398e+02
1.408733923304167547e+04
8.307018191149694758e+03
8.539775558084300428e+03
1.773392560888532898e+04
1.323513038958423203e+04
8.706480753743215246e+03
1.701352274567970380e+04
2.739520944849360603e+04
4.750598517181940224e+03
1.141669896163173235e+03
3.910559758643100395e+03
1.189558302118997381e+04
1.159941167048795432e+04
3.575772411959817691e+04
1.949652315993253433e+04
8.337671881063193723e+03
7.638768028960755601e+02
1.340328638337326447e+04
2.680145078876010302e+04
4.108967969860527774e+03
1.872738046004870921e+04
6.186784592007168612e+03
2.830540080361896253e+04
6.840490481597901635e+03
1.542134557036601836e+04
2.206801994282571286e+03
1.224333311381276690e+04
1.804939003077002099e+03
1.673618026823391119e+04
8.413346307586840339e+03
1.933327453988813795e+04
4.956453302982468449e+04
7.701664898875658764e+03
6.579965545518033650e+03
3.252021363902347366e+04
4.133034069262420417e+03
3.133394795521374817e+03
1.013387840545126528e+04
2.720249512068400873e+04
5.673321058614951653e+03
4.198039756990480964e+04
1.489723878296839212e+04
2.611360830067130883e+04
9.617394759857348618e+03
1.480083779826239515e+04
3.185894213420026063e+04
7.755972417430511996e+03
6.900385483682654012e+03
7.616772772154372433e+03
2.883637402402058433e+04
6.175697791472711287e+03
1.657147218577252352e+04
1.880204737826421479e+04
2.702312912443948153e+04
1.818151008809852647e+04
8.146702255320042241e+02
1.073036075828263529e+04
3.939945807052688906e+03
9.091596812874882744e+03
-1.916891792358324437e+03
6.911657473343315360e+03
2.632885717220781225e+04
6.852229064701164134e+03
1.427245634513059485e+04
2.866254726435630801e+04
5.519042358359552054e+03
1.901144271952107010e+04
6.511378568417127099e+03
1.175833953672088137e+04
1.754922891133144731e+04
5.793348913488758626e+03
7.166856277742969723e+03
2.328430579164258234e+04
1.163379936734239709e+04
2.010705813119182039e+02
1.487208504483096840e+04
2.639490016952721999e+04
6.515203835077045369e+03
3.208336538081518029e+03
9.246126792188830223e+03
2.713877518959358895e+03
4.750521511590277441e+03
4.805007557530719168e+03
9.087939860441192650e+03
7.597139781658326683e+03
6.613548730797449934e+03
3.155333214986126222e+03
3.297410637900603433e+03
2.285689232726576302e+04
2.301564284362423678e+03
4.849439766748903821e+03
3.256846975742113864e+04
1.864092224688781062e+04
1.267072385361682063e+04
5.940370361878047333e+03
2.840570635171707909e+04
1.281535064582908672e+04
2.895641046937988904e+03
3.874995106876775026e+03
1.248965198316106944e+04
2.794623955740524980e+04
7.293385090327574289e+03
6.869575857459227336e+03
2.394729172489775010e+04
1.099809485446302824e+04
1.270146547794873914e+04
4.813769541852290786e+03
8.459291352541498782e+03
7.951484959590898143e+03
1.275536363024802085e+04
1.582164661974357841e+04
1.488507961763202547e+04
1.570877048222945814e+04
2.109968855068973880e+03
2.258907540560658163e+04
5.253052771098417907e+03
-9.973427072946072940e+02
1.235843316856923411e+04
8.270638407680598903e+03
4.373681797452307364e+03
1.040038946553480491e+04
4.608577008310134261e+03
1.015007630292410977e+04
4.654824884823411594e+03
2.656342887139945378e+04
9.897396154219157324e+03
-1.596457278026448421e+03
1.009309384329140630e+04
8.778817200768758994e+03
6.398334609755071142e+03
1.342156492729415550e+04
6.825427596155759602e+03
2.269847614693436844e+04
1.225733273708819070e+04
1.410984347676172001e+04
1.477653602779829089e+04
3.078392149808468093e+04
5.627832040400585356e+02
1.064745961319026173e+04
7.650786779530534659e+03
1.673807918230781070e+04
2.656233077098420836e+04
2.413628717617176153e+04
2.579747541916601222e+03
2.372708126405765506e+04
1.008560326300465204e+04
1.959917713267893851e+04
1.688300205898608328e+04
9.615484116756691947e+03
1.302976981779769812e+04
7.812808790580891582e+03
3.173093027126672496e+03
1.790756044613140330e+04
9.245439865975349676e+03
1.698790095642597953e+04
1.738317330934342317e+04
1.093032924720861229e+04
7.281962791239444414e+03
1.735411594580546080e+04
8.669633097274314423e+03
1.955474049406006452e+04
1.742174149296873657e+04
4.054839832025871601e+03
9.068849863919234849e+03
-7.428274509601141062e+02
3.541410151797278559e+03
1.466324918810664485e+03
2.234107159876355945e+04
1.594012190914659732e+04
5.440901195668932360e+02
-5.535540134600690862e+02
5.470001733346371111e+03
1.952275766546150408e+03
8.026765302740680454e+03
6.619440523990210750e+03
1.351047242130428640e+04
1.072544149677615678e+04
7.037751326056892140e+03
7.573766101825818623e+03
9.123780757724740397e+03
2.458709724108913360e+04
1.934517046403551285e+04
1.359741318634651725e+04
1.688790891071316219e+04
1.100887027982629661e+04
3.351990513717055819e+03
1.357545101268999497e+04
2.471321429902372620e+04
6.823797190650218909e+03
6.510268884908056862e+03
1.602249822116114956e+04
2.065007289771107753e+04
6.116234254608129049e+03
1.586285675245165476e+04
9.970456159941613805e+03
7.072561595462316291e+03
3.921457433590740402e+04
3.364706783348693989e+03
-5.652238345427724653e+01
1.216444495228512460e+04
1.014753635963908164e+04
2.378152540880548622e+04
1.236302856876902297e+04
-1.519343507258912041e+03
7.877490051120079443e+03
8.518551248778016088e+03
8.148942784929162372e+03
2.725954078073692290e+04
1.161056049524613627e+04
1.566055961587957972e+04
2.856808240622180892e+04
1.938734270061050120e+04
5.161442549061487171e+02
2.640925223363969781e+04
2.315908248353239742e+03
4.119411854711992419e+03
2.109308617093528028e+03
4.028297956518198134e+03
4.689944630420799513e+03
1.280774279229935928e+04
2.081207080913987375e+04
1.560941506318533720e+04
2.360913224999790691e+04
-2.868139710820137225e+02
1.319386922679120653e+04
1.278305636167047851e+04
1.774778775626969582e+04
4.177276080857717716e+03
1.118907204892509253e+04
1.545577625213492320e+04
4.856201858166431521e+03
3.143441950423518938e+04
3.632810684160957862e+03
3.268598552664219460e+04
1.081148800897522506e+03
2.257191989951572759e+04
7.658364957251540545e+03
5.265413125496852444e+03
-2.246156738464460432e+03
3.623541696140143813e+02
5.887922052918904683e+02
4.536525273148622261e+01
1.167937803167611673e+04
1.862084955541769523e+04
1.285250922445409742e+04
6.454319428643540050e+03
1.111925073220841841e+04
3.937085492665854872e+03
6.407132771318851155e+03
2.862374841002244648e+04
1.615597019258479304e+04
3.614961823365083546e+03
1.841911648605943265e+04
2.331737959312222665e+04
2.660144220731537644e+03
2.965091530976173090e+04
1.128825757276187505e+04
2.293223869218322216e+04
2.055311544064222107e+04
8.712479513234824481e+03
3.280030906937992404e+04
1.120443529098995714e+04
7.829852225502051624e+03
1.458467724227092731e+04
1.335899003071235711e+04
1.515196000041988736e+04
6.626928485427974920e+02
6.908696565244559679e+03
5.501070207972571552e+03
1.926663038861940004e+04
1.268310335932077214e+04
5.767479747244369719e+03
1.044290220737076015e+04
1.283405845003356808e+04
8.476962781558836468e+02
1.731513652820911375e+04
4.974878696262173435e+03
1.094852664312967318e+04
1.215743867515886814e+04
8.720537864546397032e+03
1.837067813344188835e+04
1.359365109766264868e+04
2.453742821449692201e+04
7.193632433359624883e+03
2.640272830477553725e+04
1.570842526564191758e+03
4.331665312426383025e+04
1.704931281093530924e+04
1.113186901784909060e+04
9.295474659928982874e+03
-8.476389519069859944e+02
1.406212515761630857e+04
-1.293637292109882765e+03
1.324272187402350755e+04
2.499859278223053116e+04
3.384864414627391670e+04
3.395726197815206251e+04
7.767373213892480635e+03
1.496477943089760629e+03
2.575327048909335281e+04
7.430637358494254840e+03
1.860770764667275944e+04
3.224247699911439486e+04
7.706615872684448732e+03
1.270552572965565560e+04
1.917780399577019853e+04
1.377290938274567816e+04
1.755512293117574154e+04
-3.038848773048910971e+03
-7.835864790154391812e+02
-3.396581917082139626e+02
1.313042697353135918e+04
1.859411122920689013e+04
7.408212808129218502e+03
2.490832880620043579e+04
3.138665733249117693e+03
2.138376794158568373e+04
2.270689563554798224e+04
5.673613039569222565e+03
6.123723323884394631e+03
9.039093398552660801e+03
2.006792178267226700e+04
7.759968482342263997e+03
1.793888510884004427e+04
1.271302106630520211e+04
2.561059536757172464e+04
-1.990905218445580886e+03
2.403781377980851903e+04
1.820520585075656345e+04
5.646635406827784209e+03
1.683876872017873666e+03
4.835016224751787377e+04
1.079808217217250558e+03
5.928605205743477200e+03
1.767238989599751949e+04
8.848861055914921963e+02
5.646609512996428748e+03
1.137113254713427159e+04
1.860003560500139793e+04
4.085017810089563864e+04
1.242113511897426906e+04
1.493910062034168004e+04
1.207006001475239464e+04
5.346891833260669955e+03
5.853010371568805567e+03
1.988033068028079288e+04
-1.933684398323293863e+02
1.261135018383369606e+04
7.722634723411691084e+03
7.630479101007078498e+03
1.235207040652282558e+03
4.334953116807357583e+04
2.821107846645338213e+04
1.371250939997762998e+03
2.715421438509671498e+04
2.449926842089544516e+04
2.460238641389104305e+04
2.811319441121163618e+04
2.541032479401929777e+03
1.320766531408084484e+04
6.199440407510588557e+03
5.187311911044576118e+04
6.169917676890921030e+03
5.565085786366962566e+03
1.513243216448198837e+04
3.862764819625004020e+04
1.438936989536657711e+04
1.142462843785267432e+04
1.238440236719202221e+04
9.684731158081260219e+03
7.488082851103408757e+03
3.404053313455912576e+04
1.920683055749171763e+04
1.435876331970048705e+04
2.006117578912385852e+03
1.734779638276492733e+03
-1.523175106954504372e+02
1.234764964024285291e+04
3.961725122929512872e+04
1.702335174595865465e+04
4.290897074275952036e+03
6.306751445918098398e+01
1.070273760179246892e+04
3.449993743102656026e+03
1.501124857782872823e+03
9.025987668558420410e+03
1.094638711068110752e+04
2.224314991531963096e+04
1.862551054020049196e+04
1.102691790450123881e+04
1.090330163672122580e+04
2.132886594069021521e+04
7.954609028967664017e+03
1.412839038940872706e+04
1.181146391321531155e+04
2.108874317294346110e+04
4.392698656283061609e+03
8.467819868542443146e+03
5.902134000111619571e+03
-1.778875877478297070e+03
1.395700575797359852e+04
2.033710592966910917e+04
2.105566110815593856e+04
1.487002398049323165e+04
4.917025209170527523e+04
8.855371239901436638e+03
2.972892752045670932e+03
2.360233282512463848e+04
1.285125158843898316e+04
9.922209386104266741e+03
8.634606520249504683e+03
7.201440247225244093e+03
2.010385707224502767e+04
4.703249481005099369e+03
1.387287555769224855e+04
7.796537145662045077e+03
1.209798815110847499e+04
2.122054476528967643e+04
1.245184556345075725e+04
1.668132428969921239e+04
1.683140278668709288e+04
-2.473139856420136766e+03
1.713527656351702535e+04
4.049018718041543252e+02
1.957039549113681278e+04
-4.971174348424710843e+02
1.065727816447672012e+03
1.443577479354083152e+04
7.504327338523677099e+03
1.238444482894537396e+04
1.169299671301045237e+04
1.530564620930921046e+04
3.658330086654880142e+04
2.754907617512140860e+04
1.269329637756073498e+04
3.605551616343786009e+04
4.661865489003750554e+03
1.765427324538689845e+03
7.834984605458258557e+03
2.829947327799812774e+04
2.675678861145148039e+04
1.831049929850242552e+04
