5.361331775856714230e+05
6.475728774408381432e+05
5.911679772481387481e+05
5.128941628096923232e+05
5.897110759174077539e+05
7.220983545377721312e+05
6.287094166409112513e+05
5.616852573688057018e+05
6.529750028657676885e+05
6.943207536967842607e+05
6.142702270538037410e+05
6.071588037874297006e+05
6.663456937470852863e+05
5.856743933578237193e+05
6.116870764569208259e+05
6.570040715322612086e+05
5.943396493982860120e+05
6.574836546282880008e+05
7.296392281271941029e+05
6.648426934560652589e+05
5.743505607226397842e+05
6.778065706264899345e+05
5.992041837446965510e+05
5.888253510845955461e+05
5.761524272973036859e+05
5.647364010754001793e+05
6.666366813389273593e+05
7.063313121727512917e+05
7.084359764014065731e+05
6.881962239165148931e+05
