3.003581054687500000e+03
4.524280761718750000e+03
5.960408203125000000e+03
7.327422851562500000e+03
7.982459472656250000e+03
9.556414062500000000e+03
1.047006152343750000e+04
1.238819531250000000e+04
1.115118261718750000e+04
1.200137500000000000e+04
1.490897265625000000e+04
1.419727832031250000e+04
1.552777734375000000e+04
1.584014453125000000e+04
1.677701367187500000e+04
1.816974804687500000e+04
1.928477734375000000e+04
1.667541796875000000e+04
1.744347265625000000e+04
1.843805273437500000e+04
1.909872265625000000e+04
1.904800781250000000e+04
1.696171289062500000e+04
1.773226953125000000e+04
1.889971484375000000e+04
2.030764062500000000e+04
1.984862500000000000e+04
1.858255859375000000e+04
2.037879101562500000e+04
1.792673632812500000e+04
2.098583984375000000e+04
1.967643359375000000e+04
2.023562500000000000e+04
2.020332617187500000e+04
2.050526562500000000e+04
1.801794140625000000e+04
1.847315429687500000e+04
1.932466796875000000e+04
2.036018359375000000e+04
1.908761914062500000e+04
1.989110546875000000e+04
2.122654882812500000e+04
2.193946484375000000e+04
2.386179492187500000e+04
2.128016796875000000e+04
2.416836523437500000e+04
1.855801953125000000e+04
1.878303125000000000e+04
2.039411132812500000e+04
2.032837890625000000e+04
1.941723242187500000e+04
1.998121093750000000e+04
2.083685546875000000e+04
2.164099609375000000e+04
2.108183203125000000e+04
1.956013281250000000e+04
2.025779687500000000e+04
1.967802734375000000e+04
2.109029492187500000e+04
1.965214062500000000e+04
2.172592187500000000e+04
2.453584179687500000e+04
1.925008398437500000e+04
2.163536718750000000e+04
2.078140820312500000e+04
2.361102539062500000e+04
2.330153320312500000e+04
2.271045117187500000e+04
2.255055468750000000e+04
2.364461718750000000e+04
2.175250781250000000e+04
2.162650390625000000e+04
2.080050000000000000e+04
2.032007226562500000e+04
2.421078515625000000e+04
2.073323632812500000e+04
1.888122656250000000e+04
2.142802734375000000e+04
2.397229101562500000e+04
2.131063281250000000e+04
2.289002343750000000e+04
2.109383593750000000e+04
2.090612695312500000e+04
2.261500390625000000e+04
2.315578515625000000e+04
2.373226953125000000e+04
2.286119140625000000e+04
2.310471484375000000e+04
2.395629101562500000e+04
1.996743359375000000e+04
2.176308593750000000e+04
2.086652734375000000e+04
2.211434765625000000e+04
2.006737890625000000e+04
1.975217968750000000e+04
2.564777343750000000e+04
2.491396679687500000e+04
2.213578515625000000e+04
2.202833984375000000e+04
2.539125781250000000e+04
2.136291406250000000e+04
2.206934570312500000e+04
1.791951562500000000e+04
2.221546875000000000e+04
2.196998632812500000e+04
2.219639453125000000e+04
1.845295312500000000e+04
2.025494335937500000e+04
2.077023242187500000e+04
1.954871679687500000e+04
2.232098437500000000e+04
2.024573828125000000e+04
1.953433203125000000e+04
2.235097656250000000e+04
1.891016796875000000e+04
2.440110156250000000e+04
1.939984960937500000e+04
2.201317578125000000e+04
2.071556054687500000e+04
2.089586718750000000e+04
1.698384179687500000e+04
2.072693750000000000e+04
2.274392382812500000e+04
2.153941992187500000e+04
2.367301562500000000e+04
2.059550195312500000e+04
2.076766015625000000e+04
2.227787890625000000e+04
2.173416210937500000e+04
2.373012890625000000e+04
2.276939453125000000e+04
2.090425781250000000e+04
2.042211132812500000e+04
2.266470703125000000e+04
2.171632421875000000e+04
1.993560937500000000e+04
2.265213867187500000e+04
2.208418945312500000e+04
2.021992187500000000e+04
2.182719726562500000e+04
1.996185742187500000e+04
2.032150195312500000e+04
1.792397851562500000e+04
2.453156445312500000e+04
2.256307421875000000e+04
2.232558593750000000e+04
2.292197460937500000e+04
1.955576171875000000e+04
2.260719726562500000e+04
2.074743164062500000e+04
2.203456250000000000e+04
2.130028125000000000e+04
2.069444531250000000e+04
2.163663281250000000e+04
1.986266015625000000e+04
2.355946093750000000e+04
2.172588867187500000e+04
2.250542968750000000e+04
1.842648437500000000e+04
1.892920312500000000e+04
1.829429101562500000e+04
2.104973437500000000e+04
2.482797656250000000e+04
2.055489648437500000e+04
2.367459179687500000e+04
2.258689453125000000e+04
2.250473632812500000e+04
1.950415234375000000e+04
1.977112695312500000e+04
2.333340820312500000e+04
1.945104296875000000e+04
1.981533007812500000e+04
2.225050585937500000e+04
2.368892968750000000e+04
2.098286132812500000e+04
2.054351171875000000e+04
2.105781250000000000e+04
1.875104882812500000e+04
2.317021875000000000e+04
2.060337695312500000e+04
2.253165820312500000e+04
2.461178125000000000e+04
2.269117578125000000e+04
2.149361718750000000e+04
2.355359765625000000e+04
2.129355078125000000e+04
2.353465820312500000e+04
2.171851953125000000e+04
2.166655273437500000e+04
2.292982617187500000e+04
1.947965625000000000e+04
2.059421484375000000e+04
2.140530664062500000e+04
2.384200781250000000e+04
2.162628125000000000e+04
1.905255859375000000e+04
1.968346875000000000e+04
2.207046484375000000e+04
1.914356445312500000e+04
1.931497265625000000e+04
2.199833984375000000e+04
2.200920312500000000e+04
2.320980468750000000e+04
2.082858593750000000e+04
2.399723632812500000e+04
2.393818164062500000e+04
2.218458593750000000e+04
2.259043359375000000e+04
2.214733789062500000e+04
2.298633007812500000e+04
2.479258398437500000e+04
1.890730664062500000e+04
2.168104101562500000e+04
2.020643359375000000e+04
2.210842968750000000e+04
2.001637500000000000e+04
1.997803515625000000e+04
2.126401953125000000e+04
2.336688281250000000e+04
2.002346093750000000e+04
2.074033984375000000e+04
2.018800781250000000e+04
2.098316796875000000e+04
2.090838671875000000e+04
2.076235351562500000e+04
2.088615429687500000e+04
2.175180468750000000e+04
1.892202929687500000e+04
2.106216601562500000e+04
2.288906445312500000e+04
2.146606640625000000e+04
2.291554296875000000e+04
2.172633593750000000e+04
2.306217578125000000e+04
2.128291015625000000e+04
2.183611914062500000e+04
1.993440039062500000e+04
2.268101171875000000e+04
2.076867968750000000e+04
2.384162695312500000e+04
2.300708203125000000e+04
2.031098242187500000e+04
2.067640625000000000e+04
2.119720312500000000e+04
1.943503320312500000e+04
1.881415625000000000e+04
2.175587109375000000e+04
2.127323828125000000e+04
2.316352343750000000e+04
1.986635156250000000e+04
1.905720703125000000e+04
1.857441406250000000e+04
2.234779687500000000e+04
2.037689453125000000e+04
1.892965039062500000e+04
1.963115429687500000e+04
2.136163867187500000e+04
2.242047070312500000e+04
2.114467382812500000e+04
2.118361523437500000e+04
2.264907226562500000e+04
1.965579882812500000e+04
2.234887304687500000e+04
2.147699609375000000e+04
2.252555078125000000e+04
2.168981250000000000e+04
2.165633984375000000e+04
2.131403906250000000e+04
2.358613671875000000e+04
1.909633398437500000e+04
2.176636914062500000e+04
2.508636523437500000e+04
2.371937304687500000e+04
2.239466992187500000e+04
2.624602343750000000e+04
2.181835937500000000e+04
2.108995312500000000e+04
2.137531054687500000e+04
2.135132226562500000e+04
2.626466210937500000e+04
2.086592578125000000e+04
2.280470312500000000e+04
2.259147851562500000e+04
1.849664648437500000e+04
2.171869140625000000e+04
2.056697070312500000e+04
2.371772851562500000e+04
1.921045703125000000e+04
2.307814843750000000e+04
2.687636914062500000e+04
2.221234765625000000e+04
2.317542187500000000e+04
2.139619531250000000e+04
2.251890625000000000e+04
2.103827734375000000e+04
1.863395117187500000e+04
2.197406250000000000e+04
2.163022265625000000e+04
2.286557812500000000e+04
2.379707031250000000e+04
2.146389257812500000e+04
2.267720117187500000e+04
2.396070117187500000e+04
2.083973828125000000e+04
1.917984765625000000e+04
2.082775195312500000e+04
2.177178710937500000e+04
2.452194921875000000e+04
2.160705859375000000e+04
2.210075000000000000e+04
2.025869531250000000e+04
2.385415625000000000e+04
2.242495898437500000e+04
2.223885937500000000e+04
2.040744335937500000e+04
2.235012695312500000e+04
1.891126953125000000e+04
2.343211523437500000e+04
2.283877929687500000e+04
2.110934375000000000e+04
2.195685156250000000e+04
2.418112890625000000e+04
2.475538281250000000e+04
2.226160937500000000e+04
2.424269531250000000e+04
2.158438281250000000e+04
1.861023437500000000e+04
1.942595703125000000e+04
2.168177734375000000e+04
2.127362304687500000e+04
2.312138671875000000e+04
2.110801367187500000e+04
2.342488867187500000e+04
2.229624023437500000e+04
2.363061328125000000e+04
2.444805859375000000e+04
2.197167187500000000e+04
2.001424023437500000e+04
2.419180664062500000e+04
2.138865820312500000e+04
2.206580859375000000e+04
2.240532031250000000e+04
1.779831250000000000e+04
2.154966601562500000e+04
2.362407226562500000e+04
2.257624218750000000e+04
2.316957617187500000e+04
2.072078125000000000e+04
1.991728710937500000e+04
2.104751562500000000e+04
2.052229687500000000e+04
2.626853125000000000e+04
2.317271289062500000e+04
2.179727734375000000e+04
2.317620507812500000e+04
2.343295312500000000e+04
2.000261523437500000e+04
2.296436718750000000e+04
2.256878125000000000e+04
1.924539453125000000e+04
2.209839453125000000e+04
1.933554296875000000e+04
2.421459570312500000e+04
2.191979882812500000e+04
2.334657812500000000e+04
2.161150390625000000e+04
1.927109570312500000e+04
1.897756250000000000e+04
2.122687500000000000e+04
2.113895898437500000e+04
2.426275000000000000e+04
2.170104296875000000e+04
1.931642968750000000e+04
1.883274218750000000e+04
2.242834179687500000e+04
2.193292578125000000e+04
2.127724414062500000e+04
2.140430273437500000e+04
2.012382031250000000e+04
2.241720898437500000e+04
2.501530468750000000e+04
2.094976953125000000e+04
2.264783398437500000e+04
1.944286328125000000e+04
2.347889648437500000e+04
2.213724218750000000e+04
2.246519921875000000e+04
2.002064062500000000e+04
2.285347070312500000e+04
2.222922851562500000e+04
2.298702148437500000e+04
2.235400585937500000e+04
2.312618554687500000e+04
2.136496484375000000e+04
2.262382421875000000e+04
2.455523242187500000e+04
2.003739062500000000e+04
2.117753125000000000e+04
2.109901171875000000e+04
2.187242968750000000e+04
2.215104882812500000e+04
1.946880859375000000e+04
2.050138867187500000e+04
2.340990234375000000e+04
2.260152734375000000e+04
2.173746679687500000e+04
2.189144531250000000e+04
2.211717382812500000e+04
2.265533007812500000e+04
2.209625976562500000e+04
1.989994531250000000e+04
2.106058203125000000e+04
2.590386718750000000e+04
2.119978710937500000e+04
2.262316406250000000e+04
2.144938867187500000e+04
2.293496093750000000e+04
1.999711328125000000e+04
2.187823046875000000e+04
2.427864062500000000e+04
2.003380078125000000e+04
2.461653125000000000e+04
2.215117968750000000e+04
2.388459570312500000e+04
2.356281640625000000e+04
2.470222070312500000e+04
2.206017187500000000e+04
2.131071484375000000e+04
2.184925585937500000e+04
2.283173242187500000e+04
2.067042382812500000e+04
2.260365234375000000e+04
2.300525000000000000e+04
2.212908593750000000e+04
2.142953515625000000e+04
2.390750195312500000e+04
1.853925781250000000e+04
1.793327929687500000e+04
2.219628515625000000e+04
2.570595507812500000e+04
2.383855273437500000e+04
2.447907812500000000e+04
2.070589843750000000e+04
2.169398828125000000e+04
1.947993359375000000e+04
2.485019531250000000e+04
2.103260937500000000e+04
2.191019921875000000e+04
2.348044921875000000e+04
2.316617578125000000e+04
2.177216015625000000e+04
2.114116406250000000e+04
2.314850195312500000e+04
2.206042382812500000e+04
2.112700781250000000e+04
2.420997851562500000e+04
2.469677539062500000e+04
2.052947265625000000e+04
2.366057617187500000e+04
2.372857226562500000e+04
2.080044921875000000e+04
1.983260546875000000e+04
2.085072656250000000e+04
2.330310156250000000e+04
2.390544921875000000e+04
2.309591601562500000e+04
2.259953125000000000e+04
2.235905664062500000e+04
2.497314843750000000e+04
2.335927929687500000e+04
2.227598242187500000e+04
2.140493750000000000e+04
2.209449414062500000e+04
2.346334375000000000e+04
2.364165039062500000e+04
2.197870703125000000e+04
2.300060351562500000e+04
2.519304296875000000e+04
2.184339648437500000e+04
2.500800000000000000e+04
1.981191992187500000e+04
2.131119726562500000e+04
2.195597851562500000e+04
1.695638281250000000e+04
2.046474609375000000e+04
2.072344531250000000e+04
2.296321093750000000e+04
2.273008984375000000e+04
2.272466992187500000e+04
2.131452929687500000e+04
2.081816210937500000e+04
2.283028515625000000e+04
2.009659765625000000e+04
2.204504687500000000e+04
2.375701953125000000e+04
2.187096093750000000e+04
2.156323242187500000e+04
2.183485156250000000e+04
2.229917578125000000e+04
2.071534570312500000e+04
2.165462890625000000e+04
2.031071484375000000e+04
2.282967968750000000e+04
2.538654101562500000e+04
2.107672656250000000e+04
2.425670117187500000e+04
1.875917187500000000e+04
2.213351562500000000e+04
2.324414062500000000e+04
2.323652929687500000e+04
2.065894921875000000e+04
2.021411718750000000e+04
2.048728710937500000e+04
1.927386914062500000e+04
2.139593359375000000e+04
2.274791796875000000e+04
2.079029101562500000e+04
2.215669531250000000e+04
2.287465039062500000e+04
2.276354101562500000e+04
2.364066796875000000e+04
2.145024804687500000e+04
2.372999218750000000e+04
2.102257031250000000e+04
2.397266796875000000e+04
2.071405468750000000e+04
2.372368164062500000e+04
2.216404296875000000e+04
2.254646484375000000e+04
2.247672656250000000e+04
1.968543359375000000e+04
2.347844140625000000e+04
2.218416992187500000e+04
2.321174609375000000e+04
2.128891796875000000e+04
2.139629687500000000e+04
2.391351562500000000e+04
2.341067578125000000e+04
2.408335546875000000e+04
2.575066015625000000e+04
2.219088671875000000e+04
2.505495898437500000e+04
2.334768359375000000e+04
2.474514648437500000e+04
2.285859375000000000e+04
1.895604101562500000e+04
2.311684765625000000e+04
2.222461914062500000e+04
2.213445312500000000e+04
2.060512500000000000e+04
2.039980859375000000e+04
2.648574609375000000e+04
2.347377343750000000e+04
2.296522656250000000e+04
2.219167578125000000e+04
1.976128710937500000e+04
2.297759765625000000e+04
2.391323242187500000e+04
1.898906054687500000e+04
2.220356054687500000e+04
2.360907617187500000e+04
2.084096289062500000e+04
2.156019531250000000e+04
2.084359765625000000e+04
2.074679687500000000e+04
2.376623046875000000e+04
2.369468359375000000e+04
2.319396484375000000e+04
2.315545507812500000e+04
2.107223242187500000e+04
2.255318750000000000e+04
2.259480859375000000e+04
2.020847656250000000e+04
2.368544531250000000e+04
2.310827539062500000e+04
2.061817968750000000e+04
2.113246484375000000e+04
2.237705078125000000e+04
2.256335937500000000e+04
2.383446875000000000e+04
2.041999804687500000e+04
2.487026953125000000e+04
2.096375585937500000e+04
2.231635742187500000e+04
2.087211328125000000e+04
2.236323437500000000e+04
2.168618359375000000e+04
2.192261718750000000e+04
2.253950195312500000e+04
2.215325195312500000e+04
2.308309375000000000e+04
2.312975976562500000e+04
2.273438867187500000e+04
2.208657617187500000e+04
2.160359375000000000e+04
2.088174218750000000e+04
2.452127343750000000e+04
2.034387109375000000e+04
2.263909960937500000e+04
2.409328515625000000e+04
2.242050585937500000e+04
1.954650585937500000e+04
2.466456054687500000e+04
1.906562304687500000e+04
2.253923437500000000e+04
2.231355468750000000e+04
1.992022851562500000e+04
2.249673828125000000e+04
2.195667578125000000e+04
2.394045703125000000e+04
2.334602539062500000e+04
2.302694531250000000e+04
2.323655664062500000e+04
2.508282421875000000e+04
1.998437500000000000e+04
2.198108984375000000e+04
2.082455859375000000e+04
2.323463867187500000e+04
2.472497265625000000e+04
2.373545703125000000e+04
2.151991210937500000e+04
2.404102148437500000e+04
2.317763867187500000e+04
2.332453125000000000e+04
2.261162500000000000e+04
2.092826171875000000e+04
2.136757617187500000e+04
2.594439062500000000e+04
2.268130078125000000e+04
2.205998828125000000e+04
2.376843945312500000e+04
2.224824609375000000e+04
2.356647656250000000e+04
2.254508398437500000e+04
2.228547070312500000e+04
2.211045312500000000e+04
2.125804492187500000e+04
2.380825000000000000e+04
2.226126562500000000e+04
2.517907421875000000e+04
2.033247656250000000e+04
2.216433398437500000e+04
2.245571875000000000e+04
2.553498437500000000e+04
2.438653906250000000e+04
2.248730468750000000e+04
2.259192773437500000e+04
2.480910937500000000e+04
2.400206445312500000e+04
2.211263476562500000e+04
2.118656640625000000e+04
1.993094531250000000e+04
2.012181054687500000e+04
2.055463867187500000e+04
2.142284570312500000e+04
2.463313671875000000e+04
2.301214453125000000e+04
2.380823046875000000e+04
2.321506835937500000e+04
2.065015234375000000e+04
2.025456250000000000e+04
2.177666796875000000e+04
2.284061328125000000e+04
2.236544921875000000e+04
2.015858593750000000e+04
2.103083203125000000e+04
2.309038281250000000e+04
2.031693164062500000e+04
2.297435937500000000e+04
2.198434570312500000e+04
2.322595898437500000e+04
2.311634765625000000e+04
1.848464257812500000e+04
2.277261523437500000e+04
2.157504492187500000e+04
2.515021679687500000e+04
2.399683203125000000e+04
2.419950781250000000e+04
2.379785937500000000e+04
2.119350781250000000e+04
2.199548046875000000e+04
2.526514648437500000e+04
2.503703906250000000e+04
2.548421875000000000e+04
2.891195898437500000e+04
1.974312890625000000e+04
2.453897851562500000e+04
2.197549218750000000e+04
2.178171093750000000e+04
2.474946289062500000e+04
2.353987304687500000e+04
2.352104687500000000e+04
2.258804296875000000e+04
2.343614062500000000e+04
1.933973046875000000e+04
2.217605468750000000e+04
2.024000000000000000e+04
2.160029296875000000e+04
2.072276367187500000e+04
2.510326953125000000e+04
2.202489453125000000e+04
2.232382031250000000e+04
2.189833593750000000e+04
2.320708398437500000e+04
2.400188671875000000e+04
2.392958984375000000e+04
2.322821484375000000e+04
2.250569140625000000e+04
2.401834375000000000e+04
2.282985937500000000e+04
2.443513281250000000e+04
2.157634570312500000e+04
2.303989257812500000e+04
1.987592773437500000e+04
2.482621679687500000e+04
2.251662500000000000e+04
2.434269335937500000e+04
2.089996484375000000e+04
2.412575781250000000e+04
2.556063085937500000e+04
2.012518554687500000e+04
2.183476953125000000e+04
2.281739257812500000e+04
2.089238476562500000e+04
2.168431640625000000e+04
2.239708593750000000e+04
2.160693164062500000e+04
2.373032812500000000e+04
2.137287109375000000e+04
2.558851757812500000e+04
2.057342968750000000e+04
2.285368359375000000e+04
2.226861328125000000e+04
2.160703320312500000e+04
2.352141992187500000e+04
2.331899218750000000e+04
2.161511718750000000e+04
2.336978125000000000e+04
2.241880859375000000e+04
2.099017382812500000e+04
2.506781250000000000e+04
1.733785546875000000e+04
2.213616015625000000e+04
2.204506445312500000e+04
2.390319531250000000e+04
2.128204882812500000e+04
2.500337695312500000e+04
2.392503710937500000e+04
2.307454882812500000e+04
1.839600976562500000e+04
2.388052343750000000e+04
1.944685937500000000e+04
2.099303320312500000e+04
2.362076562500000000e+04
2.312968945312500000e+04
2.272178906250000000e+04
2.268792773437500000e+04
2.219521875000000000e+04
2.031331835937500000e+04
2.102541015625000000e+04
2.191414062500000000e+04
2.129755859375000000e+04
2.011194726562500000e+04
2.193016406250000000e+04
2.306596484375000000e+04
2.291786328125000000e+04
2.135426171875000000e+04
2.304641992187500000e+04
2.103613085937500000e+04
2.308090625000000000e+04
2.085635351562500000e+04
2.192822851562500000e+04
2.167944140625000000e+04
2.295968750000000000e+04
1.889708007812500000e+04
2.688487890625000000e+04
2.366510546875000000e+04
2.318610937500000000e+04
1.968120703125000000e+04
2.230633984375000000e+04
2.309966210937500000e+04
2.055385156250000000e+04
2.362808203125000000e+04
2.149228906250000000e+04
2.513884375000000000e+04
2.145144335937500000e+04
1.997533984375000000e+04
2.370458593750000000e+04
2.144852539062500000e+04
2.128067578125000000e+04
2.070612500000000000e+04
2.393434570312500000e+04
2.316093359375000000e+04
2.399366015625000000e+04
2.320406250000000000e+04
2.160561328125000000e+04
2.059798242187500000e+04
2.070690234375000000e+04
2.216518359375000000e+04
2.475732031250000000e+04
2.450030078125000000e+04
2.440628710937500000e+04
2.291575976562500000e+04
2.242495703125000000e+04
2.277904492187500000e+04
2.329875000000000000e+04
2.390200976562500000e+04
2.538656640625000000e+04
2.315542187500000000e+04
1.982895898437500000e+04
2.189934375000000000e+04
2.244664453125000000e+04
2.306102734375000000e+04
2.466955664062500000e+04
2.082988476562500000e+04
2.641761914062500000e+04
2.222713476562500000e+04
2.551440234375000000e+04
2.036992187500000000e+04
2.106968164062500000e+04
2.164818164062500000e+04
2.082103515625000000e+04
2.338741796875000000e+04
1.901364257812500000e+04
2.116998437500000000e+04
2.159515625000000000e+04
2.042665820312500000e+04
2.057126953125000000e+04
2.419489648437500000e+04
2.399561523437500000e+04
2.491767578125000000e+04
2.133103906250000000e+04
2.304581250000000000e+04
2.256465625000000000e+04
2.071188671875000000e+04
2.121243750000000000e+04
2.125968164062500000e+04
2.358143164062500000e+04
2.386042578125000000e+04
2.251467968750000000e+04
2.158967187500000000e+04
2.158954296875000000e+04
2.022952929687500000e+04
2.363011718750000000e+04
2.196457812500000000e+04
2.575021679687500000e+04
1.981933007812500000e+04
2.010601953125000000e+04
2.005783789062500000e+04
1.989028320312500000e+04
2.059112109375000000e+04
2.266113281250000000e+04
2.283565039062500000e+04
2.021471289062500000e+04
2.233155078125000000e+04
2.185946679687500000e+04
2.432070703125000000e+04
2.262321289062500000e+04
2.379553125000000000e+04
2.012684375000000000e+04
2.057837695312500000e+04
2.014415820312500000e+04
2.228503320312500000e+04
2.148076953125000000e+04
2.176120507812500000e+04
2.099586328125000000e+04
2.188451562500000000e+04
2.045295703125000000e+04
1.796909765625000000e+04
2.218564843750000000e+04
2.263641406250000000e+04
2.082477734375000000e+04
2.014020312500000000e+04
2.527398046875000000e+04
2.120715234375000000e+04
2.350389843750000000e+04
2.560783984375000000e+04
2.049415625000000000e+04
2.470248437500000000e+04
2.248656250000000000e+04
2.310727929687500000e+04
2.391583789062500000e+04
2.179949609375000000e+04
2.323115625000000000e+04
2.419540234375000000e+04
2.204326171875000000e+04
2.165319335937500000e+04
2.334364257812500000e+04
2.049956835937500000e+04
2.166110937500000000e+04
2.359017187500000000e+04
2.117824804687500000e+04
2.369869140625000000e+04
2.368808398437500000e+04
2.295444335937500000e+04
2.294421875000000000e+04
1.997210351562500000e+04
2.363583203125000000e+04
2.164712500000000000e+04
2.277673437500000000e+04
1.937350000000000000e+04
2.393119140625000000e+04
2.621093164062500000e+04
2.326709765625000000e+04
2.083217382812500000e+04
2.121034375000000000e+04
2.007683398437500000e+04
2.250670898437500000e+04
2.311524609375000000e+04
2.473273437500000000e+04
2.097144335937500000e+04
2.237123242187500000e+04
2.190120898437500000e+04
2.156547656250000000e+04
2.209231835937500000e+04
2.143399609375000000e+04
2.037060546875000000e+04
2.476194140625000000e+04
2.241312890625000000e+04
2.394092968750000000e+04
2.397452343750000000e+04
2.049543554687500000e+04
2.164067968750000000e+04
2.319795703125000000e+04
2.367100000000000000e+04
2.504131250000000000e+04
2.188565429687500000e+04
2.234240820312500000e+04
2.164635156250000000e+04
1.993845507812500000e+04
1.862893359375000000e+04
2.267948437500000000e+04
2.319690429687500000e+04
2.308876171875000000e+04
2.504936132812500000e+04
2.377401562500000000e+04
2.370293554687500000e+04
2.244762109375000000e+04
2.251010937500000000e+04
2.286254101562500000e+04
2.546882812500000000e+04
2.243994140625000000e+04
2.353643359375000000e+04
2.200399804687500000e+04
2.186516210937500000e+04
2.495907031250000000e+04
2.267929687500000000e+04
2.397021093750000000e+04
2.399111132812500000e+04
2.079427734375000000e+04
2.278298437500000000e+04
2.037327343750000000e+04
2.785557812500000000e+04
2.456300585937500000e+04
2.335141015625000000e+04
2.251447070312500000e+04
2.627257421875000000e+04
2.170540820312500000e+04
2.438470117187500000e+04
2.083786718750000000e+04
2.453643164062500000e+04
2.244965234375000000e+04
2.395479296875000000e+04
2.231118359375000000e+04
2.451462695312500000e+04
2.259885937500000000e+04
2.584350781250000000e+04
2.410980468750000000e+04
2.475233398437500000e+04
2.460135546875000000e+04
2.328051367187500000e+04
2.337717187500000000e+04
2.591007617187500000e+04
2.354200000000000000e+04
2.358007812500000000e+04
2.057353515625000000e+04
2.372681835937500000e+04
2.691466992187500000e+04
2.245331445312500000e+04
2.496943164062500000e+04
2.198155078125000000e+04
2.081186328125000000e+04
2.370243164062500000e+04
2.007694726562500000e+04
2.378820312500000000e+04
2.532706640625000000e+04
2.166143359375000000e+04
2.078624414062500000e+04
2.529735742187500000e+04
2.269435156250000000e+04
2.038167578125000000e+04
2.401284375000000000e+04
2.489906640625000000e+04
2.398237304687500000e+04
2.284316796875000000e+04
2.280458007812500000e+04
2.092734179687500000e+04
2.291512890625000000e+04
2.493280664062500000e+04
2.296832812500000000e+04
2.343631250000000000e+04
2.329357421875000000e+04
2.109508398437500000e+04
2.270958398437500000e+04
2.372537500000000000e+04
2.288783203125000000e+04
2.112550000000000000e+04
2.255878320312500000e+04
2.287615820312500000e+04
2.653441015625000000e+04
2.356189257812500000e+04
2.170460742187500000e+04
2.557881445312500000e+04
2.279979492187500000e+04
2.110153125000000000e+04
2.088530859375000000e+04
2.465510156250000000e+04
2.284826953125000000e+04
2.505486328125000000e+04
2.298695898437500000e+04
2.539371875000000000e+04
2.767025195312500000e+04
2.322719726562500000e+04
2.096994531250000000e+04
2.324450585937500000e+04
1.966450781250000000e+04
2.118803710937500000e+04
2.282202734375000000e+04
2.304668750000000000e+04
2.219250781250000000e+04
2.512369335937500000e+04
2.060187500000000000e+04
2.193191601562500000e+04
2.382814843750000000e+04
2.215232031250000000e+04
2.435338671875000000e+04
2.489238867187500000e+04
2.347358789062500000e+04
2.355054882812500000e+04
2.305771484375000000e+04
2.210210742187500000e+04
2.290695898437500000e+04
2.183512695312500000e+04
2.000737109375000000e+04
2.184439648437500000e+04
2.315335742187500000e+04
2.437619921875000000e+04
2.222214062500000000e+04
2.363878906250000000e+04
2.062252148437500000e+04
2.369409765625000000e+04
2.121896484375000000e+04
2.177656250000000000e+04
2.136716601562500000e+04
2.753281445312500000e+04
2.186088671875000000e+04
2.555171484375000000e+04
1.965267968750000000e+04
2.358586328125000000e+04
2.094987109375000000e+04
2.042272460937500000e+04
1.992726562500000000e+04
2.385663671875000000e+04
1.799332617187500000e+04
2.559525390625000000e+04
2.319578515625000000e+04
2.260946289062500000e+04
2.330607226562500000e+04
2.337072656250000000e+04
2.407291406250000000e+04
2.179855859375000000e+04
2.103694921875000000e+04
1.932717578125000000e+04
2.309980468750000000e+04
2.562818750000000000e+04
2.084084570312500000e+04
2.212469140625000000e+04
2.327991796875000000e+04
2.429359765625000000e+04
2.206358593750000000e+04
2.586359960937500000e+04
2.096921679687500000e+04
1.999625976562500000e+04
2.329857812500000000e+04
2.165706054687500000e+04
2.153975000000000000e+04
2.212649023437500000e+04
2.145840039062500000e+04
2.376247656250000000e+04
2.875780078125000000e+04
2.182848046875000000e+04
2.046686523437500000e+04
2.376167187500000000e+04
2.211478906250000000e+04
2.356237890625000000e+04
2.485155468750000000e+04
2.263447265625000000e+04
2.017344140625000000e+04
2.349793359375000000e+04
2.249096093750000000e+04
2.380019140625000000e+04
2.293638671875000000e+04
2.400380468750000000e+04
2.456653906250000000e+04
2.373864843750000000e+04
2.289740625000000000e+04
2.295755664062500000e+04
1.968883203125000000e+04
2.319650781250000000e+04
2.269001562500000000e+04
2.009645117187500000e+04
2.269148046875000000e+04
2.558293750000000000e+04
1.791743750000000000e+04
2.397953710937500000e+04
2.343762890625000000e+04
2.152164648437500000e+04
2.429451367187500000e+04
2.060198437500000000e+04
2.271384375000000000e+04
2.076073437500000000e+04
2.302952148437500000e+04
2.486157617187500000e+04
2.162475390625000000e+04
2.150234179687500000e+04
2.281066406250000000e+04
2.377692968750000000e+04
2.187738281250000000e+04
2.431606445312500000e+04
2.536559960937500000e+04
2.373885546875000000e+04
2.632254296875000000e+04
2.303028906250000000e+04
2.359921093750000000e+04
2.358406054687500000e+04
2.112562890625000000e+04
2.112984960937500000e+04
1.974678320312500000e+04
2.251149804687500000e+04
2.336805468750000000e+04
1.892872265625000000e+04
2.062875000000000000e+04
2.109518945312500000e+04
2.292059765625000000e+04
1.924780859375000000e+04
2.435860351562500000e+04
2.273121484375000000e+04
2.260515429687500000e+04
2.461948632812500000e+04
2.256387890625000000e+04
2.027896679687500000e+04
2.479465234375000000e+04
2.648209375000000000e+04
2.165584179687500000e+04
2.260010937500000000e+04
2.312463671875000000e+04
2.142980859375000000e+04
2.415090625000000000e+04
2.186903906250000000e+04
2.076701171875000000e+04
2.056057617187500000e+04
2.002035351562500000e+04
2.357285937500000000e+04
2.302397070312500000e+04
1.979715625000000000e+04
2.169176757812500000e+04
2.358421093750000000e+04
2.111182421875000000e+04
2.143385937500000000e+04
2.403910937500000000e+04
2.170575781250000000e+04
2.094195703125000000e+04
2.003132421875000000e+04
2.193655859375000000e+04
2.010187304687500000e+04
2.232404296875000000e+04
2.352202734375000000e+04
2.302391406250000000e+04
2.033521679687500000e+04
2.286578320312500000e+04
2.370082031250000000e+04
2.140666406250000000e+04
2.529516015625000000e+04
2.121957226562500000e+04
2.286493359375000000e+04
2.011712304687500000e+04
2.210210156250000000e+04
2.290710546875000000e+04
2.305224609375000000e+04
1.982760742187500000e+04
2.136167382812500000e+04
2.312369531250000000e+04
2.360236132812500000e+04
1.984672070312500000e+04
2.133616796875000000e+04
1.995453320312500000e+04
2.379501953125000000e+04
2.659760156250000000e+04
2.354560156250000000e+04
2.107464453125000000e+04
2.193015625000000000e+04
2.216482812500000000e+04
2.565239453125000000e+04
2.271320703125000000e+04
2.119581054687500000e+04
2.076178125000000000e+04
2.307751171875000000e+04
2.171086914062500000e+04
2.020759179687500000e+04
2.197250781250000000e+04
2.252275976562500000e+04
2.409708398437500000e+04
2.024826171875000000e+04
2.339046875000000000e+04
2.201947656250000000e+04
2.386783984375000000e+04
2.338684375000000000e+04
1.963656640625000000e+04
2.412526367187500000e+04
2.400489453125000000e+04
2.296503906250000000e+04
2.414155078125000000e+04
2.273467187500000000e+04
2.371780078125000000e+04
2.512437500000000000e+04
2.510117382812500000e+04
2.293357617187500000e+04
2.111762890625000000e+04
2.332195703125000000e+04
2.159883984375000000e+04
2.345357421875000000e+04
2.361647656250000000e+04
2.705017187500000000e+04
2.153952539062500000e+04
2.364630468750000000e+04
2.128877539062500000e+04
2.173531445312500000e+04
2.044138671875000000e+04
1.932676367187500000e+04
2.319432226562500000e+04
2.256076171875000000e+04
2.054304687500000000e+04
2.276942187500000000e+04
2.224752734375000000e+04
2.193820898437500000e+04
2.364466015625000000e+04
1.941790234375000000e+04
2.419277734375000000e+04
2.121569531250000000e+04
2.176915234375000000e+04
2.179148437500000000e+04
1.957902343750000000e+04
2.259986718750000000e+04
2.271752734375000000e+04
2.348130859375000000e+04
2.529702539062500000e+04
2.195028906250000000e+04
2.308621484375000000e+04
2.145494726562500000e+04
2.557325195312500000e+04
2.082809179687500000e+04
2.340294921875000000e+04
1.962383984375000000e+04
2.152527539062500000e+04
2.367034765625000000e+04
2.455667968750000000e+04
2.307042968750000000e+04
2.143509960937500000e+04
2.121550976562500000e+04
2.362768359375000000e+04
2.119908984375000000e+04
2.358508984375000000e+04
2.045616601562500000e+04
2.019028515625000000e+04
2.213868750000000000e+04
2.245129296875000000e+04
2.333703125000000000e+04
2.279007812500000000e+04
2.165938085937500000e+04
2.240310937500000000e+04
2.161166992187500000e+04
2.492680468750000000e+04
2.085079882812500000e+04
2.456818164062500000e+04
2.253607617187500000e+04
2.184078710937500000e+04
2.182537109375000000e+04
2.118241601562500000e+04
2.204458789062500000e+04
2.492171093750000000e+04
2.466543164062500000e+04
2.301949218750000000e+04
1.877225195312500000e+04
1.942799609375000000e+04
2.336294531250000000e+04
2.576026562500000000e+04
2.229098828125000000e+04
2.161283593750000000e+04
2.143722070312500000e+04
2.406152734375000000e+04
2.298642382812500000e+04
2.601712890625000000e+04
2.501453125000000000e+04
1.965682617187500000e+04
2.217649218750000000e+04
2.206453125000000000e+04
2.113355078125000000e+04
2.027453515625000000e+04
2.662508984375000000e+04
2.529746093750000000e+04
2.272707031250000000e+04
2.453960546875000000e+04
2.422049804687500000e+04
2.292046484375000000e+04
2.076786718750000000e+04
2.110816992187500000e+04
2.285222070312500000e+04
2.243120117187500000e+04
2.196529687500000000e+04
2.072391796875000000e+04
2.357847265625000000e+04
2.029322265625000000e+04
2.581683203125000000e+04
2.194329296875000000e+04
2.187715429687500000e+04
2.403708984375000000e+04
1.602732812500000000e+04
2.232506250000000000e+04
2.041781054687500000e+04
2.195464453125000000e+04
1.905038476562500000e+04
2.569687500000000000e+04
2.440606250000000000e+04
2.317231054687500000e+04
2.423663671875000000e+04
2.268678320312500000e+04
2.416105468750000000e+04
2.420646484375000000e+04
2.145519140625000000e+04
2.092631445312500000e+04
2.663293750000000000e+04
2.495462890625000000e+04
2.135742187500000000e+04
2.203943945312500000e+04
2.402385546875000000e+04
1.982234765625000000e+04
2.305982421875000000e+04
2.394700390625000000e+04
2.214360351562500000e+04
2.200441015625000000e+04
2.423611328125000000e+04
1.919111328125000000e+04
1.903654687500000000e+04
2.232412890625000000e+04
2.286479101562500000e+04
1.985494140625000000e+04
2.284953320312500000e+04
2.077055273437500000e+04
2.272699218750000000e+04
2.368451953125000000e+04
2.180970312500000000e+04
2.655246875000000000e+04
2.215577343750000000e+04
2.051914453125000000e+04
2.250591406250000000e+04
2.120107031250000000e+04
2.497935351562500000e+04
2.274829687500000000e+04
2.406326953125000000e+04
2.272116015625000000e+04
2.205244335937500000e+04
2.582517773437500000e+04
2.268886328125000000e+04
2.316634960937500000e+04
2.159054687500000000e+04
2.195029687500000000e+04
2.270143750000000000e+04
1.988675976562500000e+04
2.053023242187500000e+04
2.343024609375000000e+04
2.371491406250000000e+04
2.474833593750000000e+04
2.216640234375000000e+04
2.473031835937500000e+04
2.029181640625000000e+04
2.408886718750000000e+04
2.434829296875000000e+04
2.209520703125000000e+04
2.177020312500000000e+04
2.071052343750000000e+04
2.344538671875000000e+04
2.340099804687500000e+04
2.477747656250000000e+04
2.340778125000000000e+04
2.269861718750000000e+04
1.920867578125000000e+04
2.094499023437500000e+04
2.136669140625000000e+04
2.216625781250000000e+04
2.258145507812500000e+04
2.513767968750000000e+04
2.197000781250000000e+04
2.113801171875000000e+04
2.357097070312500000e+04
2.496669335937500000e+04
2.253041992187500000e+04
2.192658203125000000e+04
2.009808593750000000e+04
2.565171679687500000e+04
2.227656054687500000e+04
2.401896093750000000e+04
2.546390234375000000e+04
2.648463671875000000e+04
2.318191210937500000e+04
2.423015820312500000e+04
2.019906445312500000e+04
2.355912109375000000e+04
2.716046484375000000e+04
2.162093554687500000e+04
2.357656640625000000e+04
1.982679687500000000e+04
2.327328515625000000e+04
1.919388671875000000e+04
2.283928906250000000e+04
2.030089648437500000e+04
2.015040625000000000e+04
2.332285742187500000e+04
2.078102343750000000e+04
2.038613671875000000e+04
2.181636328125000000e+04
2.227057421875000000e+04
2.291157226562500000e+04
2.251611718750000000e+04
2.376842382812500000e+04
2.025801757812500000e+04
2.193806054687500000e+04
2.669446093750000000e+04
2.268475000000000000e+04
2.363357031250000000e+04
2.500961328125000000e+04
2.535037109375000000e+04
2.062207031250000000e+04
2.327498437500000000e+04
2.369467968750000000e+04
2.266196289062500000e+04
2.362165234375000000e+04
2.366973046875000000e+04
2.303214843750000000e+04
2.248485156250000000e+04
2.300456250000000000e+04
2.273835546875000000e+04
2.356698437500000000e+04
2.183805859375000000e+04
2.253812695312500000e+04
2.405865234375000000e+04
2.154216796875000000e+04
2.268994140625000000e+04
2.398748046875000000e+04
2.305479492187500000e+04
2.139315625000000000e+04
2.312674804687500000e+04
2.445030859375000000e+04
2.411121093750000000e+04
2.590655468750000000e+04
2.294902929687500000e+04
2.160890625000000000e+04
2.077464062500000000e+04
2.510343359375000000e+04
2.326954882812500000e+04
2.304469726562500000e+04
2.414864453125000000e+04
2.349670312500000000e+04
2.353899414062500000e+04
2.090034960937500000e+04
1.767323242187500000e+04
2.120544921875000000e+04
2.477025000000000000e+04
2.266637890625000000e+04
2.121828125000000000e+04
2.129985351562500000e+04
2.385418359375000000e+04
2.157786132812500000e+04
2.565870703125000000e+04
2.244650390625000000e+04
2.103726562500000000e+04
2.220267968750000000e+04
2.203689843750000000e+04
2.097569335937500000e+04
2.540835156250000000e+04
2.398326171875000000e+04
2.119965429687500000e+04
2.480115039062500000e+04
2.695241015625000000e+04
2.111204492187500000e+04
2.057142968750000000e+04
2.384937500000000000e+04
2.107006445312500000e+04
2.498423437500000000e+04
2.241702148437500000e+04
2.222590234375000000e+04
