4.513761198537885793e+05
5.641495111100614304e+05
5.655622023146082647e+05
4.936853245069536497e+05
4.817409028913207003e+05
5.456109415334986988e+05
4.042503046755068935e+05
5.957463766068752157e+05
4.488552572940858081e+05
4.945152081200807588e+05
6.263988612510380335e+05
5.246264531961149769e+05
5.789239533663623733e+05
5.596570115019337973e+05
6.676935968509291997e+05
6.110358723608771106e+05
4.349441622026072582e+05
5.053396089000598877e+05
5.283555677461801097e+05
4.767625687629558379e+05
5.218481227203475428e+05
5.201004976790302899e+05
5.327930499449892668e+05
4.662618538349540904e+05
5.086577288043022272e+05
4.680375686337712104e+05
4.470413371975400369e+05
5.662471165702652652e+05
4.661226521422235528e+05
5.290047225960915675e+05
