1.040978776825652225e+06
8.116682014892871957e+05
7.038179918029704131e+05
6.732783745754652191e+05
8.710801973135035951e+04
1.028234055550501449e+06
8.410381082322009606e+05
5.076352693866588525e+05
8.327680250656155404e+05
9.200642344839973375e+05
6.162285046496596187e+05
-9.277047308628448809e+04
-2.303203113840995939e+05
1.058416750753368484e+06
1.079850650605319533e+06
1.005943746959687211e+06
-9.294982560696806468e+04
-1.322661086151726777e+06
-2.501279735374005046e+06
-2.146898651800407562e+06
1.157862569525743020e+05
8.783801001679276815e+05
8.663809492374532856e+05
9.435846132510507014e+05
8.658572881309092045e+05
7.277640624024874996e+05
5.553257375852622790e+05
-1.184597054662531009e+05
-1.250878308154132217e+06
-1.842445804079196416e+06
