3.559583984375000000e+03
1.638050000000000000e+04
1.862740625000000000e+04
1.424371679687500000e+04
2.010217187500000000e+04
2.661880468750000000e+04
2.467107031250000000e+04
3.359176562500000000e+04
3.116025000000000000e+04
3.066934375000000000e+04
3.064442968750000000e+04
3.656870312500000000e+04
3.181840234375000000e+04
3.547050781250000000e+04
3.568009765625000000e+04
3.333739843750000000e+04
3.548298046875000000e+04
3.193830078125000000e+04
3.969696093750000000e+04
3.675237109375000000e+04
3.335046093750000000e+04
3.531858593750000000e+04
3.617825000000000000e+04
3.445964843750000000e+04
3.688569531250000000e+04
3.021481640625000000e+04
3.923325781250000000e+04
4.092722656250000000e+04
3.399807031250000000e+04
3.575785156250000000e+04
2.856437109375000000e+04
3.650344531250000000e+04
3.364057031250000000e+04
3.990146093750000000e+04
3.671316406250000000e+04
3.764292968750000000e+04
3.749000781250000000e+04
3.448718750000000000e+04
3.483889453125000000e+04
3.547766406250000000e+04
3.743807031250000000e+04
3.403031250000000000e+04
3.828992968750000000e+04
4.290898046875000000e+04
3.615598437500000000e+04
3.359925390625000000e+04
3.525771875000000000e+04
3.718911328125000000e+04
3.861659765625000000e+04
3.430818750000000000e+04
3.327295312500000000e+04
3.747828515625000000e+04
3.533079687500000000e+04
3.961222656250000000e+04
4.331330468750000000e+04
3.373041796875000000e+04
4.117331640625000000e+04
3.590614453125000000e+04
3.807625000000000000e+04
3.963398046875000000e+04
2.807980859375000000e+04
3.805719531250000000e+04
3.585703125000000000e+04
4.254116015625000000e+04
3.523419531250000000e+04
3.497269140625000000e+04
3.531644140625000000e+04
4.194475390625000000e+04
4.324665234375000000e+04
3.395634765625000000e+04
4.092630859375000000e+04
3.595938281250000000e+04
3.258143359375000000e+04
3.700291406250000000e+04
4.363196093750000000e+04
3.935324609375000000e+04
3.699489843750000000e+04
4.283601562500000000e+04
4.191908203125000000e+04
3.822939062500000000e+04
3.851251171875000000e+04
4.146185156250000000e+04
3.417028906250000000e+04
3.816250000000000000e+04
3.534360937500000000e+04
3.985425000000000000e+04
3.627839843750000000e+04
4.103161328125000000e+04
3.673334765625000000e+04
3.837727734375000000e+04
3.489725000000000000e+04
3.966167968750000000e+04
3.804395703125000000e+04
3.668011718750000000e+04
3.799571875000000000e+04
3.674626562500000000e+04
4.247862109375000000e+04
4.036902343750000000e+04
4.317813281250000000e+04
3.556125781250000000e+04
3.731619140625000000e+04
3.952807812500000000e+04
4.108600781250000000e+04
3.776684375000000000e+04
3.514328906250000000e+04
3.841632031250000000e+04
3.726217968750000000e+04
3.672832031250000000e+04
4.052641406250000000e+04
3.673253515625000000e+04
4.153290234375000000e+04
3.391474609375000000e+04
3.708908203125000000e+04
3.419112109375000000e+04
4.182086718750000000e+04
3.868873437500000000e+04
4.019505078125000000e+04
3.570174609375000000e+04
3.904091796875000000e+04
3.348967187500000000e+04
3.600508984375000000e+04
3.739813281250000000e+04
3.619647656250000000e+04
3.100457617187500000e+04
3.515122656250000000e+04
3.839448828125000000e+04
3.667448046875000000e+04
4.088730468750000000e+04
3.860341015625000000e+04
3.634235937500000000e+04
3.937021875000000000e+04
3.978240625000000000e+04
4.300140625000000000e+04
4.447631250000000000e+04
4.146112890625000000e+04
3.455173046875000000e+04
3.695005078125000000e+04
3.559765625000000000e+04
4.038215625000000000e+04
3.967457812500000000e+04
3.739978515625000000e+04
4.220094921875000000e+04
3.755566406250000000e+04
4.395498437500000000e+04
4.162022656250000000e+04
3.920140234375000000e+04
3.946901953125000000e+04
4.323603125000000000e+04
4.339272656250000000e+04
4.272021093750000000e+04
3.698451953125000000e+04
4.072200390625000000e+04
3.905126171875000000e+04
4.707133984375000000e+04
4.081235937500000000e+04
4.142134375000000000e+04
4.188280468750000000e+04
3.995180859375000000e+04
3.645258203125000000e+04
4.522937109375000000e+04
4.463584375000000000e+04
4.569816406250000000e+04
3.781016015625000000e+04
3.851371875000000000e+04
3.747097265625000000e+04
4.348671484375000000e+04
4.551433203125000000e+04
4.280389062500000000e+04
4.494321484375000000e+04
4.172217968750000000e+04
3.895742187500000000e+04
3.844295312500000000e+04
3.990882812500000000e+04
4.277515625000000000e+04
4.458173828125000000e+04
3.857400000000000000e+04
4.224169531250000000e+04
3.904910937500000000e+04
3.865322265625000000e+04
4.449195703125000000e+04
4.441102343750000000e+04
4.884296093750000000e+04
4.718364062500000000e+04
3.579730468750000000e+04
4.649499218750000000e+04
4.170509375000000000e+04
4.585766015625000000e+04
4.107084765625000000e+04
4.012565234375000000e+04
4.547661718750000000e+04
4.357567578125000000e+04
4.208539062500000000e+04
4.350222656250000000e+04
4.824578906250000000e+04
4.299517968750000000e+04
4.539746093750000000e+04
4.380507812500000000e+04
4.410202343750000000e+04
4.132499609375000000e+04
4.298645312500000000e+04
4.171510937500000000e+04
4.356015625000000000e+04
4.037745703125000000e+04
4.526757031250000000e+04
4.523602343750000000e+04
4.355306640625000000e+04
4.310743359375000000e+04
4.509850781250000000e+04
3.992315625000000000e+04
4.310016015625000000e+04
4.427080078125000000e+04
4.232030468750000000e+04
4.203071093750000000e+04
4.477689453125000000e+04
4.259853125000000000e+04
4.628220312500000000e+04
4.390527343750000000e+04
3.606754296875000000e+04
4.701904296875000000e+04
4.636091796875000000e+04
4.246084375000000000e+04
4.558754687500000000e+04
4.914114843750000000e+04
4.057200781250000000e+04
4.546249218750000000e+04
4.557681250000000000e+04
4.846276562500000000e+04
4.326120312500000000e+04
4.687125390625000000e+04
4.556465234375000000e+04
4.219846875000000000e+04
4.161652734375000000e+04
4.928376171875000000e+04
4.531271093750000000e+04
5.136569140625000000e+04
4.399707812500000000e+04
4.212439062500000000e+04
4.863516406250000000e+04
4.617725781250000000e+04
4.199700000000000000e+04
4.782509765625000000e+04
4.673518359375000000e+04
4.594682031250000000e+04
4.628656250000000000e+04
4.459001171875000000e+04
4.721677343750000000e+04
4.618354687500000000e+04
4.156549218750000000e+04
4.802308593750000000e+04
4.300677343750000000e+04
4.698539062500000000e+04
4.353034375000000000e+04
4.369489843750000000e+04
4.578533203125000000e+04
4.840627734375000000e+04
4.893018750000000000e+04
4.270844921875000000e+04
5.120389062500000000e+04
4.847721093750000000e+04
4.806332031250000000e+04
4.558368359375000000e+04
4.435691015625000000e+04
5.314445312500000000e+04
4.376706640625000000e+04
5.086384765625000000e+04
4.432607812500000000e+04
4.743025390625000000e+04
4.577882421875000000e+04
4.422585546875000000e+04
4.467935937500000000e+04
4.648731640625000000e+04
5.614794921875000000e+04
4.331627734375000000e+04
4.831505078125000000e+04
4.584249218750000000e+04
4.284071875000000000e+04
4.761570703125000000e+04
4.548132421875000000e+04
3.889696875000000000e+04
4.529182031250000000e+04
4.324019921875000000e+04
4.356945703125000000e+04
4.563400781250000000e+04
4.688058593750000000e+04
4.486539843750000000e+04
4.927354296875000000e+04
4.571317578125000000e+04
4.240998437500000000e+04
4.587414843750000000e+04
4.621973046875000000e+04
5.054185156250000000e+04
4.806391406250000000e+04
4.604117187500000000e+04
4.124805468750000000e+04
4.583216796875000000e+04
4.929547265625000000e+04
4.622188281250000000e+04
5.018605078125000000e+04
4.318221093750000000e+04
5.070208593750000000e+04
4.800059375000000000e+04
4.992488671875000000e+04
5.027888281250000000e+04
4.232260937500000000e+04
4.670543359375000000e+04
4.450826171875000000e+04
4.435664843750000000e+04
5.109326562500000000e+04
4.581982812500000000e+04
5.071856250000000000e+04
4.837319140625000000e+04
4.691745312500000000e+04
4.508316015625000000e+04
4.576885156250000000e+04
5.079362500000000000e+04
4.476142187500000000e+04
4.402687109375000000e+04
4.179203125000000000e+04
4.851983203125000000e+04
4.347874609375000000e+04
5.599084765625000000e+04
4.073348046875000000e+04
4.217060156250000000e+04
4.750954687500000000e+04
4.743730468750000000e+04
4.618662890625000000e+04
4.685965625000000000e+04
4.210166796875000000e+04
4.947696093750000000e+04
4.401112500000000000e+04
5.047617187500000000e+04
4.166300000000000000e+04
5.245219140625000000e+04
4.548842578125000000e+04
4.680953125000000000e+04
4.577264843750000000e+04
4.201321484375000000e+04
4.708685546875000000e+04
4.215110156250000000e+04
4.299767187500000000e+04
4.640994921875000000e+04
4.078870312500000000e+04
4.560087500000000000e+04
4.342367968750000000e+04
4.519884375000000000e+04
4.252586718750000000e+04
4.688371875000000000e+04
4.671357031250000000e+04
4.896057031250000000e+04
4.218737500000000000e+04
5.171512500000000000e+04
4.906141796875000000e+04
4.789717187500000000e+04
4.562368750000000000e+04
4.848567968750000000e+04
3.933533984375000000e+04
4.483184765625000000e+04
4.011151562500000000e+04
4.534756250000000000e+04
4.255926953125000000e+04
4.807164062500000000e+04
4.111205468750000000e+04
4.879696875000000000e+04
4.793802343750000000e+04
4.778419140625000000e+04
5.040726953125000000e+04
4.523591406250000000e+04
4.590264062500000000e+04
4.155444531250000000e+04
4.387229296875000000e+04
4.826032812500000000e+04
4.019289843750000000e+04
4.850117187500000000e+04
3.940303515625000000e+04
4.650390625000000000e+04
4.217853515625000000e+04
4.263183593750000000e+04
5.129476562500000000e+04
4.466645312500000000e+04
4.522923828125000000e+04
4.746188281250000000e+04
4.552187109375000000e+04
4.597489843750000000e+04
4.238408203125000000e+04
4.697694531250000000e+04
4.887258203125000000e+04
5.014070703125000000e+04
4.296572265625000000e+04
4.854702343750000000e+04
4.510495703125000000e+04
4.229821093750000000e+04
4.685367968750000000e+04
4.807744531250000000e+04
5.051612890625000000e+04
4.770539843750000000e+04
4.491362500000000000e+04
4.565577343750000000e+04
5.012481640625000000e+04
4.412422656250000000e+04
4.778866015625000000e+04
4.348946875000000000e+04
4.538248437500000000e+04
4.976667578125000000e+04
4.577426562500000000e+04
4.748645703125000000e+04
4.412510546875000000e+04
4.188942187500000000e+04
4.023487500000000000e+04
4.857619531250000000e+04
4.298945312500000000e+04
4.948621484375000000e+04
4.252129687500000000e+04
4.680119531250000000e+04
4.576728906250000000e+04
4.950783984375000000e+04
4.795535156250000000e+04
4.372879687500000000e+04
4.871256250000000000e+04
4.796673046875000000e+04
4.647323828125000000e+04
4.835370312500000000e+04
4.728773046875000000e+04
5.176940625000000000e+04
4.964799218750000000e+04
4.777285156250000000e+04
4.811267187500000000e+04
4.447267187500000000e+04
5.011930468750000000e+04
4.250650000000000000e+04
4.543449609375000000e+04
4.098475000000000000e+04
4.482368359375000000e+04
4.686630078125000000e+04
4.846832812500000000e+04
4.455067968750000000e+04
4.347841406250000000e+04
4.771063281250000000e+04
4.752341015625000000e+04
4.452451171875000000e+04
4.285468750000000000e+04
4.406522265625000000e+04
4.560058593750000000e+04
4.162435937500000000e+04
4.173642968750000000e+04
4.405257812500000000e+04
4.674875000000000000e+04
4.930564843750000000e+04
4.930973828125000000e+04
4.688862890625000000e+04
4.866000000000000000e+04
4.838284375000000000e+04
4.441737500000000000e+04
4.603629687500000000e+04
4.635813281250000000e+04
4.594650781250000000e+04
4.298159375000000000e+04
4.554458203125000000e+04
4.495154687500000000e+04
4.500957812500000000e+04
4.749802343750000000e+04
5.005556640625000000e+04
5.030537500000000000e+04
4.765305859375000000e+04
5.408823437500000000e+04
4.268311718750000000e+04
5.259978125000000000e+04
4.389800390625000000e+04
4.496185156250000000e+04
5.212767968750000000e+04
4.574777343750000000e+04
4.661885546875000000e+04
4.591942578125000000e+04
4.611296484375000000e+04
4.487751953125000000e+04
4.900027734375000000e+04
4.692329296875000000e+04
4.641748437500000000e+04
4.530697656250000000e+04
4.392019531250000000e+04
4.571725390625000000e+04
4.354137500000000000e+04
4.479311718750000000e+04
5.104385156250000000e+04
4.490203515625000000e+04
4.248576562500000000e+04
4.771621484375000000e+04
4.141737109375000000e+04
4.174748437500000000e+04
4.372742187500000000e+04
4.446405468750000000e+04
5.370184765625000000e+04
4.435642187500000000e+04
4.848332421875000000e+04
4.758017578125000000e+04
4.456141406250000000e+04
4.349607031250000000e+04
4.848600390625000000e+04
4.677864062500000000e+04
4.445755468750000000e+04
4.394057812500000000e+04
4.602337109375000000e+04
4.731879687500000000e+04
5.190142187500000000e+04
4.149554687500000000e+04
4.657739453125000000e+04
4.271651562500000000e+04
5.081710156250000000e+04
4.784594531250000000e+04
4.200553906250000000e+04
3.958710546875000000e+04
4.497714843750000000e+04
4.392749218750000000e+04
4.321957031250000000e+04
4.284565234375000000e+04
4.756796484375000000e+04
4.444949218750000000e+04
3.721980468750000000e+04
4.519592187500000000e+04
4.456387890625000000e+04
4.861289062500000000e+04
4.099360546875000000e+04
4.413989843750000000e+04
4.754539062500000000e+04
4.609824609375000000e+04
4.493905468750000000e+04
3.946632812500000000e+04
4.245008593750000000e+04
4.357467968750000000e+04
4.216301171875000000e+04
4.279947656250000000e+04
4.676289843750000000e+04
4.352525390625000000e+04
4.645809375000000000e+04
4.145435156250000000e+04
4.213986328125000000e+04
4.418670703125000000e+04
4.401881250000000000e+04
4.535699218750000000e+04
4.966650781250000000e+04
4.239667968750000000e+04
4.569314062500000000e+04
3.866442968750000000e+04
4.672165625000000000e+04
5.140253125000000000e+04
4.558793359375000000e+04
4.414084375000000000e+04
4.338330859375000000e+04
4.246367968750000000e+04
4.285018750000000000e+04
4.793679296875000000e+04
4.679830859375000000e+04
4.551331250000000000e+04
4.805996484375000000e+04
5.122881250000000000e+04
4.733956250000000000e+04
4.081587109375000000e+04
4.966732031250000000e+04
4.765224218750000000e+04
4.405146093750000000e+04
4.415466406250000000e+04
4.535948437500000000e+04
5.077685937500000000e+04
4.055463671875000000e+04
4.554134375000000000e+04
4.644988281250000000e+04
4.521507421875000000e+04
4.343411718750000000e+04
4.423185156250000000e+04
4.753609375000000000e+04
4.594087500000000000e+04
4.661475000000000000e+04
4.403760937500000000e+04
4.606401562500000000e+04
4.945923437500000000e+04
4.761884765625000000e+04
4.429325000000000000e+04
4.633042187500000000e+04
4.145746093750000000e+04
4.481515625000000000e+04
4.264168359375000000e+04
4.603858593750000000e+04
4.198726953125000000e+04
4.365976171875000000e+04
4.846260156250000000e+04
4.674635937500000000e+04
4.926992187500000000e+04
4.050387109375000000e+04
4.538682031250000000e+04
4.745043750000000000e+04
5.268244531250000000e+04
4.550173437500000000e+04
4.815822656250000000e+04
4.465560156250000000e+04
4.819344921875000000e+04
4.423700000000000000e+04
5.049573046875000000e+04
4.463673046875000000e+04
4.590741796875000000e+04
4.361739062500000000e+04
4.539989453125000000e+04
4.553976171875000000e+04
4.476619531250000000e+04
4.033566406250000000e+04
4.736160546875000000e+04
4.576235156250000000e+04
4.957571093750000000e+04
4.739441406250000000e+04
4.506440234375000000e+04
4.657262890625000000e+04
4.360527734375000000e+04
4.683146875000000000e+04
4.580308984375000000e+04
4.811601953125000000e+04
4.470559375000000000e+04
4.640468359375000000e+04
4.904210156250000000e+04
5.221077734375000000e+04
4.821802734375000000e+04
4.489889062500000000e+04
4.440015625000000000e+04
4.220294140625000000e+04
4.722525781250000000e+04
5.098864062500000000e+04
5.115956250000000000e+04
4.187680078125000000e+04
4.382680859375000000e+04
5.027837890625000000e+04
4.816261718750000000e+04
4.861637890625000000e+04
4.697694531250000000e+04
4.641572656250000000e+04
4.823507812500000000e+04
4.869383203125000000e+04
5.121058203125000000e+04
4.819728125000000000e+04
4.603425781250000000e+04
5.001461718750000000e+04
4.846115625000000000e+04
4.371088281250000000e+04
4.566421093750000000e+04
4.623744531250000000e+04
5.145069531250000000e+04
5.294568750000000000e+04
4.761860937500000000e+04
4.815158203125000000e+04
5.142043750000000000e+04
4.555967968750000000e+04
4.705467968750000000e+04
4.441624609375000000e+04
4.547415625000000000e+04
4.811401562500000000e+04
4.695221093750000000e+04
4.828831640625000000e+04
5.011867187500000000e+04
5.249671093750000000e+04
5.135982812500000000e+04
4.937018750000000000e+04
4.747967187500000000e+04
4.997235937500000000e+04
5.106974609375000000e+04
5.178657812500000000e+04
4.582021875000000000e+04
4.548582812500000000e+04
4.500922265625000000e+04
4.816792968750000000e+04
4.482266796875000000e+04
4.771062500000000000e+04
5.059885156250000000e+04
5.406621093750000000e+04
5.127242968750000000e+04
4.773348046875000000e+04
4.169721875000000000e+04
5.594576562500000000e+04
5.024063281250000000e+04
5.463796093750000000e+04
4.655893750000000000e+04
4.132308593750000000e+04
4.539404296875000000e+04
4.884151562500000000e+04
4.711032812500000000e+04
4.785386718750000000e+04
5.383747656250000000e+04
4.632236328125000000e+04
4.784591406250000000e+04
4.343803515625000000e+04
4.706549218750000000e+04
5.067384375000000000e+04
4.768114062500000000e+04
5.126558984375000000e+04
4.515555468750000000e+04
4.885517187500000000e+04
4.996621484375000000e+04
4.601504687500000000e+04
4.831450781250000000e+04
4.749002343750000000e+04
5.284892968750000000e+04
4.767775000000000000e+04
4.642357421875000000e+04
4.538782031250000000e+04
4.864797265625000000e+04
4.622216015625000000e+04
4.328794140625000000e+04
4.446840625000000000e+04
4.498939062500000000e+04
4.433961328125000000e+04
5.039601562500000000e+04
4.236815234375000000e+04
4.610724609375000000e+04
4.333662109375000000e+04
4.669356640625000000e+04
5.071754687500000000e+04
4.340891796875000000e+04
4.769520703125000000e+04
4.261534765625000000e+04
4.909655078125000000e+04
4.567703125000000000e+04
4.779403125000000000e+04
5.125015234375000000e+04
4.105175781250000000e+04
4.436278515625000000e+04
4.714508593750000000e+04
4.962289843750000000e+04
4.869502343750000000e+04
4.372052343750000000e+04
4.343037890625000000e+04
4.683900000000000000e+04
5.021647656250000000e+04
4.523171093750000000e+04
4.832185937500000000e+04
4.469006250000000000e+04
4.543869531250000000e+04
5.054876562500000000e+04
4.588220312500000000e+04
4.435889843750000000e+04
5.189751562500000000e+04
4.511210156250000000e+04
4.354382812500000000e+04
4.816237500000000000e+04
4.142291796875000000e+04
4.449917187500000000e+04
4.591762500000000000e+04
4.700031640625000000e+04
4.583953906250000000e+04
4.596693750000000000e+04
4.543818750000000000e+04
4.416398437500000000e+04
4.879350781250000000e+04
4.826803515625000000e+04
4.544608593750000000e+04
4.676328125000000000e+04
4.155508984375000000e+04
4.221698828125000000e+04
4.440236328125000000e+04
5.048621484375000000e+04
4.391967968750000000e+04
4.324297656250000000e+04
4.941673437500000000e+04
4.626375781250000000e+04
4.262867187500000000e+04
4.848257812500000000e+04
4.660953906250000000e+04
4.704959765625000000e+04
4.673568750000000000e+04
4.359205859375000000e+04
4.325230859375000000e+04
4.317767968750000000e+04
4.364945312500000000e+04
4.769463281250000000e+04
4.968356640625000000e+04
4.284976562500000000e+04
4.365035156250000000e+04
4.046333984375000000e+04
4.417453906250000000e+04
4.929243750000000000e+04
4.827121093750000000e+04
4.671844531250000000e+04
4.458627343750000000e+04
4.833706640625000000e+04
4.093541406250000000e+04
4.912738281250000000e+04
4.479551953125000000e+04
4.776892187500000000e+04
4.851899218750000000e+04
4.329802343750000000e+04
4.991715625000000000e+04
4.506520312500000000e+04
4.247009375000000000e+04
4.985896875000000000e+04
4.674907421875000000e+04
4.937584375000000000e+04
4.869133984375000000e+04
4.336003906250000000e+04
4.730938281250000000e+04
4.649230468750000000e+04
4.315823437500000000e+04
4.632908203125000000e+04
4.859737500000000000e+04
5.102376562500000000e+04
4.804069140625000000e+04
4.818937890625000000e+04
4.714973437500000000e+04
4.795293750000000000e+04
5.143550781250000000e+04
4.915828125000000000e+04
4.507924218750000000e+04
4.329965625000000000e+04
4.938273437500000000e+04
4.581267578125000000e+04
4.826689843750000000e+04
4.668617187500000000e+04
4.731807812500000000e+04
4.968587500000000000e+04
4.274537500000000000e+04
4.785232031250000000e+04
4.492092187500000000e+04
4.693765625000000000e+04
4.416055468750000000e+04
4.589139062500000000e+04
4.710201953125000000e+04
4.732003515625000000e+04
4.736192968750000000e+04
4.846758984375000000e+04
5.069855468750000000e+04
4.565539062500000000e+04
4.830200000000000000e+04
4.516057421875000000e+04
5.030884375000000000e+04
4.581056640625000000e+04
4.556209375000000000e+04
4.775046875000000000e+04
4.799950781250000000e+04
4.637646875000000000e+04
4.571442968750000000e+04
4.221907031250000000e+04
4.634821875000000000e+04
4.797351171875000000e+04
4.431216796875000000e+04
4.518034375000000000e+04
4.538174609375000000e+04
4.559505078125000000e+04
4.710577343750000000e+04
5.121059375000000000e+04
4.838310937500000000e+04
4.989031250000000000e+04
4.958937500000000000e+04
4.714648828125000000e+04
4.662595312500000000e+04
5.560446484375000000e+04
4.674869140625000000e+04
4.876397265625000000e+04
4.550244531250000000e+04
5.275938281250000000e+04
5.413032031250000000e+04
4.931945312500000000e+04
4.967095312500000000e+04
4.839236718750000000e+04
5.438321875000000000e+04
4.719437500000000000e+04
5.084617187500000000e+04
5.034690625000000000e+04
4.973893750000000000e+04
4.485766796875000000e+04
5.080751562500000000e+04
4.629641406250000000e+04
5.016578906250000000e+04
4.820545312500000000e+04
4.657083984375000000e+04
4.563863281250000000e+04
4.868698437500000000e+04
4.988528515625000000e+04
4.630946875000000000e+04
5.029559765625000000e+04
5.200253906250000000e+04
4.835968750000000000e+04
4.576317968750000000e+04
4.321807812500000000e+04
4.595498828125000000e+04
4.708525781250000000e+04
4.974797265625000000e+04
5.556674609375000000e+04
4.726937500000000000e+04
4.899315625000000000e+04
4.394793359375000000e+04
4.805580078125000000e+04
4.624860937500000000e+04
4.786378906250000000e+04
4.836224609375000000e+04
4.825823046875000000e+04
4.711093359375000000e+04
4.575913281250000000e+04
4.758996875000000000e+04
5.451314843750000000e+04
5.411317968750000000e+04
5.081583203125000000e+04
4.642630468750000000e+04
4.941758593750000000e+04
4.955826562500000000e+04
4.453190625000000000e+04
5.165278906250000000e+04
5.549095312500000000e+04
5.262660156250000000e+04
5.280796093750000000e+04
4.746433593750000000e+04
4.897473046875000000e+04
4.808090234375000000e+04
4.430550390625000000e+04
5.302329687500000000e+04
5.316877343750000000e+04
5.370764453125000000e+04
5.022584765625000000e+04
4.808364843750000000e+04
5.692175781250000000e+04
5.105419531250000000e+04
4.961483984375000000e+04
5.246453906250000000e+04
5.191221093750000000e+04
5.331541406250000000e+04
5.129042968750000000e+04
5.086516406250000000e+04
4.680600390625000000e+04
5.028586718750000000e+04
4.853759375000000000e+04
4.764493750000000000e+04
5.574370703125000000e+04
4.586454296875000000e+04
4.752462500000000000e+04
5.199135937500000000e+04
5.095058984375000000e+04
5.200887890625000000e+04
5.092695312500000000e+04
4.549358203125000000e+04
5.143047656250000000e+04
4.949502343750000000e+04
5.492533984375000000e+04
6.056547656250000000e+04
4.872746093750000000e+04
5.041050781250000000e+04
5.198237500000000000e+04
5.183197656250000000e+04
5.538928125000000000e+04
4.572766406250000000e+04
5.451646875000000000e+04
5.835516406250000000e+04
5.639855078125000000e+04
5.267848437500000000e+04
5.560590625000000000e+04
6.139442187500000000e+04
4.643614062500000000e+04
5.389420703125000000e+04
5.691882421875000000e+04
4.985541406250000000e+04
5.696971093750000000e+04
5.290901171875000000e+04
5.017888671875000000e+04
5.742266406250000000e+04
5.760003906250000000e+04
4.781589062500000000e+04
5.177457421875000000e+04
5.468589062500000000e+04
5.673819531250000000e+04
5.846742187500000000e+04
5.467264843750000000e+04
4.938751562500000000e+04
5.717275781250000000e+04
5.534946093750000000e+04
5.257116406250000000e+04
5.843042187500000000e+04
5.395135156250000000e+04
5.780939843750000000e+04
5.005978906250000000e+04
5.829677343750000000e+04
4.952758593750000000e+04
5.477303125000000000e+04
5.696657812500000000e+04
5.396774609375000000e+04
5.053791406250000000e+04
5.420196484375000000e+04
5.970588281250000000e+04
5.223659765625000000e+04
4.974535937500000000e+04
5.704776953125000000e+04
5.021067187500000000e+04
5.653395312500000000e+04
4.467842968750000000e+04
5.780372656250000000e+04
5.031333203125000000e+04
5.659790625000000000e+04
5.164307031250000000e+04
5.773579687500000000e+04
5.698635937500000000e+04
5.419712500000000000e+04
5.644881640625000000e+04
5.952724218750000000e+04
5.043045312500000000e+04
5.536144531250000000e+04
5.423816015625000000e+04
5.354101953125000000e+04
4.828155859375000000e+04
5.865023046875000000e+04
5.332543359375000000e+04
5.568539843750000000e+04
5.331495312500000000e+04
5.364651171875000000e+04
5.500384375000000000e+04
5.514060156250000000e+04
5.135091796875000000e+04
5.553156250000000000e+04
5.051314843750000000e+04
5.594962500000000000e+04
4.544064843750000000e+04
5.598419531250000000e+04
5.094125781250000000e+04
5.149720312500000000e+04
5.771144921875000000e+04
5.620405859375000000e+04
5.535380468750000000e+04
5.277589843750000000e+04
5.685036718750000000e+04
5.065208593750000000e+04
5.709363671875000000e+04
5.711645312500000000e+04
6.025082031250000000e+04
5.770477343750000000e+04
5.886115234375000000e+04
6.302578906250000000e+04
5.065496093750000000e+04
5.301005859375000000e+04
5.462609765625000000e+04
5.100034375000000000e+04
5.403221093750000000e+04
5.167301953125000000e+04
5.473284375000000000e+04
4.758149218750000000e+04
5.573468750000000000e+04
5.238418750000000000e+04
5.897886328125000000e+04
5.283345312500000000e+04
6.116454687500000000e+04
5.612631250000000000e+04
6.058481250000000000e+04
5.449846875000000000e+04
5.577933203125000000e+04
5.711467187500000000e+04
5.951204687500000000e+04
4.973724218750000000e+04
5.609259765625000000e+04
5.542146875000000000e+04
5.056802343750000000e+04
4.558087890625000000e+04
5.674154296875000000e+04
5.854375390625000000e+04
5.476971875000000000e+04
5.888886718750000000e+04
5.937576562500000000e+04
6.109115625000000000e+04
5.330073437500000000e+04
5.786614453125000000e+04
4.861374218750000000e+04
5.721539843750000000e+04
5.470998437500000000e+04
5.427060156250000000e+04
5.621491015625000000e+04
5.532316406250000000e+04
5.688326562500000000e+04
5.629654687500000000e+04
6.118243359375000000e+04
5.057003906250000000e+04
5.808506250000000000e+04
5.421952343750000000e+04
5.956038281250000000e+04
4.773189843750000000e+04
6.247162109375000000e+04
5.216303125000000000e+04
4.898941796875000000e+04
6.087961328125000000e+04
5.681858593750000000e+04
5.123546484375000000e+04
5.099511328125000000e+04
5.268218750000000000e+04
5.165422656250000000e+04
5.572303125000000000e+04
5.333845312500000000e+04
5.077028125000000000e+04
5.706407031250000000e+04
5.455820312500000000e+04
5.601228906250000000e+04
4.743217187500000000e+04
5.472615625000000000e+04
5.487610156250000000e+04
5.264553906250000000e+04
5.727570312500000000e+04
5.438111718750000000e+04
5.563047265625000000e+04
5.646128906250000000e+04
5.597316015625000000e+04
5.602525390625000000e+04
5.897890234375000000e+04
5.433593750000000000e+04
5.735753125000000000e+04
5.944610937500000000e+04
4.888522265625000000e+04
5.813626562500000000e+04
4.812991796875000000e+04
5.522709765625000000e+04
5.630754687500000000e+04
4.944286718750000000e+04
5.683904296875000000e+04
5.259043750000000000e+04
5.018582421875000000e+04
5.354629296875000000e+04
5.772131640625000000e+04
5.456740625000000000e+04
5.330508203125000000e+04
5.749978125000000000e+04
5.615275781250000000e+04
5.721831250000000000e+04
5.906951953125000000e+04
5.843694531250000000e+04
5.618938671875000000e+04
5.069770312500000000e+04
5.990199218750000000e+04
5.873052343750000000e+04
5.909592578125000000e+04
5.346281250000000000e+04
6.059162890625000000e+04
5.494239843750000000e+04
5.779881250000000000e+04
5.696409375000000000e+04
5.586464843750000000e+04
5.795628125000000000e+04
5.275347656250000000e+04
5.395178125000000000e+04
5.457410546875000000e+04
5.507821875000000000e+04
5.267630859375000000e+04
5.172148437500000000e+04
5.275340625000000000e+04
6.018152343750000000e+04
5.346645312500000000e+04
5.318984375000000000e+04
5.432044140625000000e+04
4.892070703125000000e+04
5.621579687500000000e+04
5.019571093750000000e+04
5.697801953125000000e+04
5.074895703125000000e+04
5.298413671875000000e+04
5.461751171875000000e+04
5.355456640625000000e+04
5.254936328125000000e+04
5.452062500000000000e+04
5.759323828125000000e+04
5.294197265625000000e+04
5.579973046875000000e+04
5.683521093750000000e+04
5.509629687500000000e+04
5.166995312500000000e+04
5.647212109375000000e+04
5.992781250000000000e+04
5.151402343750000000e+04
5.076625390625000000e+04
5.968277734375000000e+04
6.109838281250000000e+04
5.305199218750000000e+04
5.146617968750000000e+04
5.263943750000000000e+04
5.384430859375000000e+04
5.611849218750000000e+04
5.754416406250000000e+04
4.954523046875000000e+04
5.726377343750000000e+04
6.090504687500000000e+04
5.738887109375000000e+04
5.390949218750000000e+04
5.191654296875000000e+04
5.475276953125000000e+04
5.260445312500000000e+04
4.934617578125000000e+04
6.097032812500000000e+04
5.891857812500000000e+04
5.877910156250000000e+04
5.426000000000000000e+04
5.753010937500000000e+04
5.264913281250000000e+04
4.786086328125000000e+04
5.868160937500000000e+04
5.624312500000000000e+04
5.872945312500000000e+04
5.020715625000000000e+04
6.131182812500000000e+04
5.640551953125000000e+04
6.262500390625000000e+04
5.315772265625000000e+04
5.029780859375000000e+04
5.831759765625000000e+04
5.867595312500000000e+04
5.266291015625000000e+04
5.538336328125000000e+04
5.638735156250000000e+04
5.711251953125000000e+04
5.074892578125000000e+04
4.800443750000000000e+04
5.597938281250000000e+04
5.043010156250000000e+04
5.003986718750000000e+04
5.340537109375000000e+04
5.347107421875000000e+04
5.386875781250000000e+04
5.612403125000000000e+04
5.329579296875000000e+04
5.534721875000000000e+04
5.324402734375000000e+04
5.895328515625000000e+04
5.455964453125000000e+04
5.025456250000000000e+04
5.927238671875000000e+04
5.192160937500000000e+04
5.635243750000000000e+04
5.452804687500000000e+04
5.903842187500000000e+04
5.862603125000000000e+04
5.335038281250000000e+04
5.620664062500000000e+04
5.349791406250000000e+04
5.641632812500000000e+04
6.058498437500000000e+04
4.938721875000000000e+04
5.794042578125000000e+04
6.030710156250000000e+04
5.446948046875000000e+04
4.657206640625000000e+04
5.014312500000000000e+04
5.531749218750000000e+04
4.862494921875000000e+04
5.444951562500000000e+04
5.711497265625000000e+04
5.271028906250000000e+04
5.272996093750000000e+04
5.568879687500000000e+04
5.510796875000000000e+04
5.484683984375000000e+04
5.452721875000000000e+04
5.185648828125000000e+04
5.635021093750000000e+04
4.607582812500000000e+04
5.483625000000000000e+04
5.302120703125000000e+04
5.771972265625000000e+04
4.995639453125000000e+04
5.624968750000000000e+04
5.080007031250000000e+04
5.775792968750000000e+04
5.317135546875000000e+04
4.467600390625000000e+04
5.283702343750000000e+04
5.538842187500000000e+04
4.966422656250000000e+04
5.925053125000000000e+04
5.117852734375000000e+04
5.318279687500000000e+04
4.946588671875000000e+04
5.688789062500000000e+04
5.746030078125000000e+04
4.996056250000000000e+04
5.521605078125000000e+04
5.162875781250000000e+04
4.941481640625000000e+04
5.577697265625000000e+04
5.142352343750000000e+04
5.124395703125000000e+04
6.062525781250000000e+04
5.045785156250000000e+04
5.145828515625000000e+04
4.590470312500000000e+04
5.375187500000000000e+04
5.393391796875000000e+04
4.623963281250000000e+04
5.149576171875000000e+04
5.534592187500000000e+04
5.758379687500000000e+04
5.126098046875000000e+04
5.877441406250000000e+04
5.396103906250000000e+04
4.938751953125000000e+04
5.541404296875000000e+04
5.028305859375000000e+04
5.160932812500000000e+04
4.894482812500000000e+04
5.377066015625000000e+04
5.730806250000000000e+04
6.054935546875000000e+04
5.182990625000000000e+04
5.377854687500000000e+04
5.190620703125000000e+04
4.625257812500000000e+04
5.222540234375000000e+04
5.362128906250000000e+04
5.490564453125000000e+04
4.781464843750000000e+04
5.376721875000000000e+04
5.063586718750000000e+04
5.017716406250000000e+04
5.097467187500000000e+04
4.982018750000000000e+04
5.758440625000000000e+04
5.598364843750000000e+04
5.377163281250000000e+04
5.186441015625000000e+04
4.554232031250000000e+04
4.882475000000000000e+04
5.812735937500000000e+04
5.328676562500000000e+04
5.202303906250000000e+04
5.483422656250000000e+04
5.532954296875000000e+04
5.668052343750000000e+04
5.273106250000000000e+04
5.384034765625000000e+04
5.155478906250000000e+04
5.139999218750000000e+04
5.346415234375000000e+04
5.727746875000000000e+04
5.342670312500000000e+04
5.292797656250000000e+04
5.321151562500000000e+04
5.323313671875000000e+04
5.541271875000000000e+04
5.416171093750000000e+04
4.935936718750000000e+04
5.896858593750000000e+04
5.225729687500000000e+04
5.428514843750000000e+04
5.384615625000000000e+04
5.165849218750000000e+04
4.817902734375000000e+04
5.140569531250000000e+04
5.663333593750000000e+04
5.484508593750000000e+04
5.260454687500000000e+04
5.046730468750000000e+04
5.067944921875000000e+04
5.489418750000000000e+04
4.958928125000000000e+04
5.395520312500000000e+04
5.780001562500000000e+04
5.340015625000000000e+04
5.454968750000000000e+04
5.720292968750000000e+04
6.042800000000000000e+04
4.907042968750000000e+04
4.504158203125000000e+04
5.573209375000000000e+04
5.187849218750000000e+04
5.538047656250000000e+04
5.190669140625000000e+04
6.323385546875000000e+04
5.400151171875000000e+04
5.253933593750000000e+04
5.546876562500000000e+04
5.106174609375000000e+04
6.061238281250000000e+04
5.617473828125000000e+04
5.368400390625000000e+04
5.718978906250000000e+04
5.466520312500000000e+04
5.249967187500000000e+04
5.858041796875000000e+04
5.296710156250000000e+04
5.574978125000000000e+04
5.785636718750000000e+04
4.970282031250000000e+04
5.207741796875000000e+04
5.736475781250000000e+04
5.286266406250000000e+04
5.338416406250000000e+04
4.808349218750000000e+04
5.064150000000000000e+04
5.290691015625000000e+04
5.078865625000000000e+04
5.227418750000000000e+04
6.016789062500000000e+04
5.648333984375000000e+04
4.851124609375000000e+04
5.703278125000000000e+04
5.210045312500000000e+04
5.394725000000000000e+04
5.306377343750000000e+04
5.194537500000000000e+04
5.245990625000000000e+04
5.449244531250000000e+04
5.382074218750000000e+04
4.740569531250000000e+04
4.774369531250000000e+04
5.261583203125000000e+04
5.245789453125000000e+04
5.811250000000000000e+04
5.471470312500000000e+04
5.349540625000000000e+04
4.821419140625000000e+04
4.949320312500000000e+04
5.546025390625000000e+04
5.213255468750000000e+04
5.426951953125000000e+04
6.200432812500000000e+04
5.457202734375000000e+04
5.812113671875000000e+04
6.149899218750000000e+04
6.147791015625000000e+04
5.759844531250000000e+04
6.035795312500000000e+04
5.344965625000000000e+04
5.163369921875000000e+04
5.167308593750000000e+04
5.218664843750000000e+04
5.502018750000000000e+04
5.166062500000000000e+04
5.873646484375000000e+04
5.315442578125000000e+04
4.807817578125000000e+04
5.665266406250000000e+04
5.768520312500000000e+04
5.539101562500000000e+04
5.472039062500000000e+04
4.982125000000000000e+04
4.704069921875000000e+04
5.537332031250000000e+04
4.922481250000000000e+04
5.891460937500000000e+04
5.166772656250000000e+04
5.180645703125000000e+04
5.711860937500000000e+04
5.303301953125000000e+04
5.745567187500000000e+04
5.589413281250000000e+04
5.862333593750000000e+04
5.206175390625000000e+04
5.083578515625000000e+04
4.827109375000000000e+04
5.435974218750000000e+04
4.743481250000000000e+04
5.759116406250000000e+04
5.800783593750000000e+04
5.776263281250000000e+04
5.773620703125000000e+04
5.604494140625000000e+04
5.214863281250000000e+04
5.630914453125000000e+04
5.836149218750000000e+04
5.394319140625000000e+04
5.667922656250000000e+04
4.748346875000000000e+04
5.354723828125000000e+04
5.335959375000000000e+04
5.545052734375000000e+04
5.706286718750000000e+04
5.282854687500000000e+04
6.157361718750000000e+04
5.131802734375000000e+04
5.338156250000000000e+04
5.414468750000000000e+04
5.568948437500000000e+04
5.232606250000000000e+04
5.812097265625000000e+04
5.574194531250000000e+04
5.449817578125000000e+04
5.293082031250000000e+04
5.473572265625000000e+04
5.157578906250000000e+04
5.907850000000000000e+04
5.418138281250000000e+04
5.507532812500000000e+04
5.760778515625000000e+04
6.136424609375000000e+04
5.624435546875000000e+04
5.477632812500000000e+04
6.213543750000000000e+04
5.227282031250000000e+04
5.011233984375000000e+04
6.123036718750000000e+04
5.546191406250000000e+04
4.906077343750000000e+04
5.453330468750000000e+04
5.928040234375000000e+04
5.404189062500000000e+04
5.640606640625000000e+04
4.578844921875000000e+04
5.611894921875000000e+04
5.213641406250000000e+04
5.336303515625000000e+04
5.008162109375000000e+04
5.631773828125000000e+04
5.533335546875000000e+04
5.675789843750000000e+04
6.457248437500000000e+04
6.093101953125000000e+04
5.943400781250000000e+04
5.219650781250000000e+04
5.668350781250000000e+04
5.651016015625000000e+04
5.471892578125000000e+04
