-3.952000000000000000e+03
-5.436995417183923564e+03
-2.831503635579678075e+02
-4.023869226683609668e+03
-1.035457641257464047e+03
-4.169139114529672952e+03
-1.209983058699911908e+03
-5.230285793141047179e+03
8.851280209829728847e+02
2.908075102900679667e+03
-7.886792473736309148e+02
3.328002004941659834e+03
-4.213291457781587269e+03
2.628591384544407902e+03
9.709580013410595711e+03
-2.802918753054152603e+02
3.426441546019072121e+03
1.592205585086853353e+04
2.086327043322127793e+03
-7.426999217593498770e+02
-5.393629092404364656e+02
7.038624436163368955e+03
2.465667082698772447e+03
1.894149904498241767e+03
9.079236388738190726e+02
1.472619883259477319e+03
1.426785046285772660e+04
3.077014565462357950e+03
3.789456829634759288e+03
7.324995434847692195e+03
6.723935829995133645e+03
-3.394974197651435134e+03
3.116171423586795754e+03
1.010648736662447300e+04
3.802782511089351374e+03
5.490340637888175479e+03
-1.472479797036777427e+02
-2.110444656200179452e+03
1.240419872344705072e+04
1.087532151920176329e+04
3.507564782785318585e+03
1.537787304980308591e+03
9.214191737505156198e+03
4.154318444322283540e+03
3.322610307772019041e+03
1.607560963974150354e+03
6.316527349241335969e+02
7.388553606900630939e+02
2.435519785054759996e+04
1.989772892272828176e+04
-3.502894133932832119e+03
-1.299833030257478185e+03
3.080243866792445260e+03
-6.543753568016778445e+03
-3.780865888861482290e+03
8.692976368583040312e+03
-1.331922879080246275e+03
-9.734215109696415311e+02
-1.047562398792960721e+03
-1.521050747837906101e+03
2.010783838942093098e+03
6.109891428301452834e+02
6.196141861027555024e+03
3.205080842418725297e+03
2.434216292262462957e+03
7.128770939167698089e+02
8.661753732867719009e+03
4.199553375306218186e+03
9.864522021560258509e+03
8.813194430302257388e+03
1.458019256341105029e+04
1.267198565330491874e+03
-4.254627568245060502e+03
-3.857942430185268222e+03
-1.618408165307498621e+02
6.740329401842003790e+03
6.716453313125570276e+03
1.347879787876486807e+04
1.221137797007513473e+04
3.582360302996886276e+03
3.288475044780409462e+03
2.575400253951389823e+04
1.739329182844946263e+04
-6.229000840037469970e+03
-5.319270222361766173e+03
4.076875035766034216e+03
-6.331211974898005792e+03
2.783444424492077360e+03
-3.081142126870695392e+03
-2.488833560426141503e+03
1.840395930863242938e+03
4.220729590968146113e+03
5.185590978015143264e+03
1.814513468098938063e+02
1.339024897925145888e+04
5.242405242791157434e+03
8.522257520006978666e+03
2.597263208578645208e+04
-1.287137435025033028e+03
1.819764318624030921e+03
-4.689798984956896675e+02
1.110391983386198035e+03
6.345745024528009708e+02
2.552305361205424560e+03
-3.513924870102772275e+03
-8.527508128278072945e+02
-1.959297003675222641e+03
4.084497675423462624e+03
-3.326998413148349755e+03
1.115015026059212232e+03
1.768927201069570583e+04
4.576113324547764023e+03
9.429930663401401034e+03
1.074876402438152036e+04
-4.924036771560184206e+03
5.190800438717787074e+03
7.819325450956888744e+03
2.677104182870536170e+04
-1.975240733839681980e+03
5.508828354555679653e+03
-2.790806761102294331e+03
3.517493350943886526e+03
2.046429260291567061e+03
3.981022686938734296e+03
-2.685053167849814599e+03
1.810784763337242111e+02
3.180566394351496456e+03
-1.333617704329938533e+03
-5.318968442641709771e+03
4.211932795919708042e+03
4.900389734156887243e+03
4.125570848470630153e+03
6.178623417158162738e+03
-2.533618390147066293e+03
1.514346099429117385e+04
2.312292857557204570e+03
-2.814371056150641834e+02
2.200038860898034272e+03
2.875662115390967301e+03
3.794911225641675264e+04
-2.217193805085186796e+03
-2.833283479832670309e+03
-4.272043408873772933e+03
-1.493394048756657071e+02
-1.132096423188993640e+03
2.975086420620561967e+03
-1.449247960924684776e+03
6.801542806521189050e+03
1.515495559645686444e+04
-5.581170860148351949e+02
1.523760453377162548e+03
1.300027824889023395e+04
1.937901892699929704e+03
-4.159866240467613352e+02
3.600265500507056458e+03
9.803205383174076815e+01
6.357710414608192877e+03
1.730127364064623544e+04
9.989684726086827141e+03
3.487510067838672057e+03
-1.275948012856152445e+03
1.194602618259989686e+04
-1.897036338257854368e+03
2.948402520037528120e+03
4.460731063869990976e+03
1.558764938238524337e+03
-2.657950930224111744e+03
6.457868366560152936e+03
4.387784709272319560e+03
9.858931057778905597e+03
1.461370572049517068e+04
1.255355724121345702e+04
1.263679307271918333e+04
1.418237359536101849e+03
-1.211277900974302383e+03
4.677766468167354105e+03
9.003082895305662532e+03
-1.143406976931323129e+02
-1.245813954077819744e+03
6.162198666071286425e+03
1.125328948849235076e+03
8.170210997961926296e+03
6.183741117636568561e+02
1.316075347366217284e+04
2.038296868318588167e+03
7.361771737659018982e+03
-2.830581244308054011e+03
4.962860128287018597e+03
-1.345634501833564514e+02
1.050134085285194669e+04
1.239487010283362906e+03
-2.986547991294285566e+03
-2.213354621389157728e+03
-5.232176481536275787e+02
8.714522804687050666e+03
7.595735434252066625e+03
1.412100508271745639e+03
-4.968182052355959968e+02
2.860741506467582440e+04
6.094655294619383312e+03
-4.962863708047374530e+03
-1.387010087458818816e+03
8.882622356296480575e+03
-4.668666396741025892e+03
-1.309246658118188407e+03
1.046377721931032647e+04
3.767669468562166003e+04
1.465778920639779608e+04
7.249841023331175165e+03
1.006736293186182047e+04
5.491802785022720855e+03
-6.209029395306685728e+03
8.433047561831800749e+02
-3.355616019130693985e+03
5.665442049725776997e+03
-1.821250680746584521e+03
1.035777881671298474e+03
2.272288419651174081e+03
-1.216349318336118358e+03
1.329361594245313972e+04
-7.144649174504861548e+02
1.125371894876343504e+04
4.593222014726743510e+03
1.032030853482129169e+04
-7.379313877427401280e+01
-3.234722802837429299e+03
1.214660377178257249e+03
-5.657264981048273285e+02
1.466645589157526229e+04
7.721395833777212374e+02
-3.926605147991158447e+03
4.368423664233700947e+02
2.327364075013586262e+04
7.278042647885851693e+03
1.252854548934744162e+04
5.402550263679482669e+03
-3.391010279055017236e+03
-1.991377129774617515e+03
5.809430564771940226e+03
8.016009152678434475e+02
1.332411739302181741e+04
-1.745611259107217847e+02
1.077695256277118824e+04
-1.627882547966710263e+03
8.028121675205908105e+03
-3.850993819299191273e+03
4.787453508074220736e+03
2.591225786417469499e+04
-6.192823850206825227e+03
-1.996359376954937034e+03
4.690700570120531665e+03
-6.430083870092778852e+03
-1.025354375546293340e+03
2.307731667619897780e+04
-7.362062867871598428e+03
-2.635949250813952858e+03
8.193238292774807633e+03
-4.881251074684694686e+03
4.421865978379863009e+03
-4.698934081660998345e+03
1.600608991666342081e+04
-5.881552555425757419e+03
-1.382727674289807283e+03
-4.762805020643820171e+03
-7.993564210092736175e+02
-2.998519353785026397e+03
-3.485155677506793381e+02
2.262972470210107076e+03
2.819620483992080335e+04
6.508942485960180420e+03
4.539624792761246681e+02
1.134717609366165743e+04
-1.620729164263805160e+03
-2.291153799022934436e+03
3.447492545493546913e+03
2.862241068461176474e+04
4.912041668473502796e+03
7.263961376615262452e+03
-1.608052238148194192e+03
3.108630574116560183e+03
-3.143745989288537203e+03
1.102572221615883245e+04
3.760184222692490948e+03
-2.262701265418367257e+03
-9.635908808606882303e+02
-1.621543891466011928e+03
1.156602592603350104e+03
-3.321115005059925807e+03
-2.029756229004825400e+03
-3.613033536199336595e+02
-3.123164223045322615e+03
3.825438517120283905e+03
1.235465531415845180e+04
8.616146555937702942e+03
1.587612847036821404e+04
7.368370336593273350e+03
-1.557880792320323508e+03
1.773521049347637017e+04
1.394321137567805999e+04
6.046346654675943682e+03
4.779607096782815461e+02
-3.532676540718990509e+03
6.514884547061985359e+03
3.582372527188489039e+04
5.037730154073425183e+03
-2.639752803423372825e+03
-6.048919084005645345e+03
1.788914768169074705e+02
-1.898914879228104155e+03
1.109083499115930135e+04
3.049194781438493010e+04
-6.962160074286296094e+02
1.250738427738939390e+04
8.256479008707652611e+03
2.801448494763787039e+03
1.248986599146439039e+04
-4.620508074732075556e+02
8.468500487120942353e+02
1.304636331380562115e+04
2.348570121877255133e+03
-2.004631688949413729e+03
5.600251912058481139e+03
2.909756768349301410e+02
1.900705331914908129e+03
-2.527172380401441387e+03
1.159839116170561647e+04
9.583616396556708423e+02
6.308176572530069279e+03
1.465852625520724359e+03
1.864374630744839124e+03
3.021769650182691294e+02
2.859076751642588988e+03
9.559138117961042553e+02
6.605981850665765705e+03
6.991995754141757971e+02
-5.059815639962937439e+01
2.159522863989594043e+04
1.605949684065589736e+03
-6.269253351058399630e+02
6.270234037100156456e+03
1.007335385270240658e+04
-2.821387546195624054e+03
3.098867100183936600e+03
4.320223484518633995e+03
4.034683074099144960e+03
8.390779532989907239e+03
-3.137787176133669163e+03
4.638096022804629683e+03
4.086945620014256747e+03
1.719855289102201823e+03
5.182736848314482813e+03
-7.298007448812854818e+02
8.061975289705316754e+03
4.978736837951805683e+02
5.120015076544967087e+03
3.568299336734556164e+03
1.033360983520345690e+04
1.383898915861857495e+04
2.407969935153366350e+03
7.166838857252463640e+03
-3.301023057247658130e+02
-4.032955443867845133e+03
4.396579772323251746e+03
-2.966502293596141158e+02
1.028565616513271016e+04
5.415085716000093271e+03
2.386339312767935553e+03
-3.449334478825480346e+03
3.529275744672714609e+03
1.669743575299903569e+03
-3.093280889305832488e+02
2.227311559298778775e+03
-1.279173003944418042e+03
3.994890350304640378e+03
6.680459392682586440e+03
-5.457290403558977232e+03
2.616999009790266064e+04
-3.403089711419188916e+03
-2.281329489663327422e+03
8.507271791235163619e+03
1.436186109217106787e+04
7.870941684874307612e+03
-2.483966643546978048e+02
-1.286890262609342017e+03
2.008517900938788898e+02
-8.615683219351476509e+02
2.928994324077332749e+03
-4.166491876785352360e+03
4.710736001341252631e+03
1.797463021107295162e+03
-4.213020067571553227e+03
4.140641284255177197e+03
-1.226341194858460085e+03
1.197449965245211615e+03
-1.237202952468831654e+03
-2.187412921852267573e+03
8.938886826935133286e+03
1.454456302067311663e+04
6.840911220795858753e+03
1.141922650884684117e+04
8.882553604784943673e+03
1.255242064916766685e+04
5.279852667825532990e+03
9.602360321848149397e+03
3.497817089835354636e+03
-6.008823353867630885e+02
2.284452858218672645e+03
-5.843378914150727041e+02
-6.029019690952588462e+03
1.170540904183910970e+04
4.426808855177406258e+03
1.059206714399498878e+03
1.662831789696223495e+03
1.750888212662058868e+04
5.874830803020931853e+02
-3.754821676815098726e+03
1.272918085108960440e+04
-4.748369008230711188e+03
-5.343301579463081907e+03
-1.106961361126638621e+03
6.435192915843485025e+03
-4.738633900847719815e+03
-8.326000997899676804e+03
8.751734887124770466e+03
1.293908062277921999e+04
1.434118530093512345e+04
-3.080378966961763126e+03
9.960384562865705448e+03
-7.174690274068143481e+03
-3.956139682170669403e+02
1.818861352607873414e+02
-2.188152719488691673e+03
-4.415907869592118914e+03
9.693855316228007723e+03
-4.852156506538478425e+03
5.042178198393658931e+03
1.947350894076930217e+03
1.377032118974457262e+04
-2.905962748656363601e+03
-5.287331549783155424e+03
-4.715054976667766823e+03
6.872243942088760377e+03
-3.072019357711837984e+03
5.121697356075568678e+03
2.716916412874317302e+03
5.963407164546005333e+03
1.214874621259047854e+04
-1.631115844024950093e+03
7.352519888699069270e+03
-3.952091168486409060e+03
-3.253218135214942777e+03
3.744622523249712685e+03
-2.284819072037235856e+03
3.349459108062922041e+03
1.420099757606951925e+03
3.500895521858948541e+03
-7.830062851161858362e+02
1.569348018262007099e+04
1.658071592021642346e+03
-2.622469154264319513e+03
-1.473521039536576609e+03
2.835272542259967395e+03
5.197658459489896813e+03
3.362127289962807936e+03
3.212526617934952810e+03
8.894514679485837405e+03
1.578846079724455649e+03
8.851619748569810326e+02
1.117004203415771917e+04
1.075734617161258484e+03
6.446527392577936553e+02
-4.999239004686873159e+03
-1.736578961665472434e+03
-1.730335705938577576e+03
4.262599386192320708e+03
2.738624862124273022e+03
1.289865609313383175e+04
1.087951667886792166e+03
1.216138098578332392e+04
-4.584762767636170793e+02
-7.503248164466153867e+02
6.219850876267159947e+02
3.629617614070518357e+03
1.026151896202666831e+04
1.318622365727189390e+03
5.874591964710912180e+03
1.917603047719399569e+02
1.573159244299382408e+03
6.707254173822060693e+03
1.717277063783442145e+03
7.759046100981362542e+03
-1.266306001500314323e+03
6.204889703509574247e+03
1.786771376116142619e+03
1.346546171563272310e+03
4.162705502240299211e+03
7.530980670952129003e+03
-1.948133910543793945e+01
1.107594156683507754e+04
-7.412908819907573161e+03
8.411701955837757851e+03
1.093635028940143820e+04
-5.679249314912288355e+03
-7.534002603066443044e+03
-1.267606678396046618e+03
1.371215479563338022e+03
1.517433699134581047e+03
-1.276777878680812591e+03
3.803489323760701154e+03
-5.608417329320068347e+02
-1.440390712620290742e+03
1.221368178039045233e+04
6.282534632195406630e+02
-1.850746363792649390e+03
9.377629964925055901e+03
3.146830848475206039e+03
-9.792362580004612482e+02
1.507338583989823564e+04
2.333779900247956175e+04
1.001020502582965128e+04
-3.553027163716117229e+03
1.008575742966711005e+04
2.811435257556853685e+03
-3.004795453142436600e+03
-6.212407702726077332e+03
-2.174099835180436003e+03
-4.564400887283527481e+02
1.619641467083952739e+04
1.948981821609864028e+03
1.303900810474865830e+04
5.054794089613901633e+02
-3.752793144652710907e+03
-4.016189413348972721e+02
4.952346230516340256e+03
9.758070331108403934e+02
-3.863023734188335766e+03
-4.218251897561227452e+03
-4.851435167108005771e+03
-4.533081235792678854e+03
1.661813615193580063e+03
2.638084548519806049e+03
-4.563701158108050322e+02
1.668947815513183014e+04
1.012836119054317896e+04
1.411731173153569034e+04
8.516085428287067771e+03
-9.013118520769057795e+02
6.014797639413525758e+03
-5.456876662048473463e+02
1.160117379740745855e+04
1.015856825487440074e+04
4.651584682005892319e+03
6.680359666843727609e+03
1.943771892460759409e+04
7.012968507248257993e+03
3.069924292444331059e+03
2.965242889139700310e+03
-6.964322995899647140e+02
-1.351298814918459811e+03
7.472264287751717347e+03
5.342413104266741357e+03
2.412347274947888582e+04
-5.916347661039652849e+03
-7.535069231326788213e+03
1.280170609173910634e+03
8.197706836716797625e+02
1.501901410325359029e+04
-8.064781350582143205e+02
2.158519744843358694e+03
5.141748644735489506e+03
3.113337828668354632e+03
-1.527006255994919229e+03
4.446236558614096793e+03
-4.138460892630853778e+03
4.831343200522070219e+03
9.187930184994071169e+03
-1.035668088799087855e+03
2.924940424032096416e+03
1.147143060548047652e+04
9.250580263280866347e+03
3.404351833804364105e+03
-8.345124661857387764e+03
-1.410039602325700343e+03
2.868900953923472343e+02
3.412332853674267881e+03
8.519765948000924254e+03
1.052492976201597958e+04
8.814611772260153884e+03
-2.293416832971480744e+03
9.460980824658265192e+03
-2.237361398235919751e+03
-3.422677397394761556e+03
-2.017124218899533616e+03
1.644552718742683646e+04
-4.273751499746468312e+02
9.404100080119700579e+03
-2.759422322013449502e+02
1.451024126846334548e+04
1.919208090861099663e+03
-2.131094205827427686e+03
9.182506582409903785e+03
-4.403287186786942584e+02
2.424732551128221075e+03
2.683161956092235414e+03
1.683447774696633132e+04
1.616543872237230607e+04
1.767130976707549416e+04
4.136187337713659872e+03
-4.039533371602493844e+03
3.509930181369965339e+03
4.158852666922697381e+02
6.966529301125525308e+03
1.221091664327780563e+04
-1.409097193629617323e+03
1.782227990759589829e+03
-2.616527581968267896e+03
1.133751611280543875e+04
6.733953071395900224e+03
7.075963088407220312e+02
9.335541719234879565e+01
-2.850656792476579085e+03
8.277745057340096537e+03
1.837396771268056182e+04
-9.987626479706439113e+02
5.511483626996982821e+03
3.331154782259610784e+03
4.675416814276912874e+02
-1.518300674083821377e+03
1.383257544521799900e+04
5.368211670535421035e+03
1.562198315032124356e+03
1.535967414598922460e+03
6.094241342280551180e+03
1.677743789215380457e+04
-5.460982754005208335e+03
-2.862976763119343559e+03
-2.922210767286509054e+03
-4.743117989727575150e+03
3.390944463420649299e+03
3.857125799698216724e+03
-1.046966027540070627e+03
-5.884826097133754956e+02
9.146099737229360471e+03
3.192198993984835852e+03
8.248895010381140310e+03
3.170168894790585910e+02
-2.176670858807883633e+03
-5.364384487793654444e+02
4.398293387529382926e+03
9.895621243716348545e+03
3.278052261713545704e+03
1.171981016080460722e+04
2.733604213507164786e+03
2.151543061473030320e+02
8.706840650232385087e+03
3.555331442578660699e+03
-9.163109981430197877e+02
-5.779457583037190489e+03
3.938431510833740504e+03
-4.829173136742438146e+03
-8.969498481926839304e+02
-2.405101561580372049e+02
4.091293324743419362e+03
1.492102554535058152e+04
-1.993944606600286079e+03
3.866928100407854799e+03
6.774812054044155957e+03
-4.818928392594307297e+01
-8.907518933069171680e+02
1.569756106266614370e+04
1.530896339569015254e+03
-1.584821811918865478e+03
1.559228499151555479e+04
-5.905825337066198699e+01
1.935398326037206061e+03
-4.188862925063314833e+03
2.576139290945170160e+03
6.230615989396726036e+03
3.565689471418182166e+03
-1.747944545422815736e+03
4.634208954422225361e+03
2.053582185115355969e+02
9.112505743658963183e+03
1.104204012743214662e+04
-2.260607187483426515e+03
2.326254996522470901e+04
6.696414270812151699e+03
2.531927077312217989e+03
-1.121169191812219196e+03
-1.592274551462934596e+03
-6.734509624525184336e+03
3.987004411540357523e+03
-2.551041284301232963e+02
1.251916673712082411e+04
-4.792087500939371239e+03
-3.519402000503847830e+03
-1.374616499969385131e+03
-5.183025156591749692e+03
7.399534799685643520e+02
3.501683684728545813e+03
-1.244486448086725886e+03
2.375945678308897914e+04
-3.530342940835862464e+03
2.532441246975533886e+03
-5.526266759803944296e+03
2.101496775257167428e+03
1.781052707936968545e+03
-2.010933147042363089e+03
4.222405633082959866e+03
1.257335830955784695e+04
-1.301357172232853827e+03
3.503889773441405850e+03
4.296147045784460715e+03
-2.154602544768525604e+03
5.512909968896299688e+03
2.540239654219956719e+04
4.700922696300438474e+03
2.164751708465450520e+03
5.383233481259140717e+03
2.540597113660299783e+03
3.235614236593943588e+03
1.394899868084282389e+03
2.447054195955231990e+03
7.559812346026621526e+03
8.054936440377417057e+03
7.949502329725726668e+03
4.647601090516363911e+03
4.164127833572062627e+03
2.341637008284090825e+03
3.551433323340715287e+04
-3.666580339355533397e+03
1.618050872525804152e+04
-2.134079941291160139e+03
-6.554464409603300737e+03
-2.031297003103632960e+03
3.555945581818481514e+03
-5.440885436945919537e+03
-3.139439456420290753e+03
1.518668083972171553e+04
-5.051379913809961408e+01
-2.908619390385904808e+03
1.088497281287153419e+04
1.077778720887068175e+03
4.126742451424417595e+03
7.142236695336385310e+03
1.309738251406557765e+03
2.380898784449849245e+03
-2.514100679283036698e+03
2.973614033620530790e+03
4.206847089001063978e+03
3.183099908731432606e+03
3.719923866407930745e+03
3.358199986653335145e+03
2.016724691722375155e+03
6.566081606208985249e+03
3.564979308732588834e+03
1.622263958925422776e+04
1.260416971398972692e+03
1.712944422906084583e+04
1.224133205905763498e+04
-1.090092861127545802e+03
2.509362738535631252e+03
1.569680849082828900e+03
5.099889344371253173e+03
9.491573870411089047e+02
2.062385353941096400e+04
3.401701264359257948e+01
8.070584086487453533e+03
-6.438237298671310782e+02
1.284953324775005603e+04
1.477018113009986882e+04
-3.845308227654519669e+03
-1.368831730844435015e+03
-3.749884595328801424e+02
4.212428619773272658e+03
6.378787447795378284e+03
-1.808487610207562284e+02
5.314281386005209242e+03
4.438954669111511976e+03
-5.386839133055755156e+03
-3.747195050747752248e+03
-1.496846265376372457e+03
5.775848870771725160e+03
-2.359833278499099379e+03
-4.189119981743051540e+02
2.109575831071456662e+02
7.188798264813029164e+03
-3.888494281160598348e+03
1.741385282708224622e+04
-1.523913319180603594e+03
-1.422461998046237568e+02
1.726826821144928999e+03
1.670759879244666763e+03
5.989703285591413078e+03
4.423374427630908940e+03
-3.816903450327137307e+03
6.119904420786241417e+02
-6.510525484474021596e+02
7.554350181519396756e+03
-2.738911469367988047e+03
7.754449530474594212e+03
4.632825377196269073e+03
-4.718884948861359590e+03
1.208786812962121985e+04
1.069486169089207215e+04
3.560620930842519556e+02
2.877151063969516599e+03
-2.158965198938344656e+03
7.715246232927273013e+03
1.941895189461157133e+04
-1.843071813176157775e+03
5.854571979177674621e+03
5.085016267041620267e+03
-8.366870586299887691e+02
1.823247710955471575e+03
4.276873807401386330e+03
-9.397901318145172809e+02
3.926790440996961934e+03
1.572146883192345740e+04
2.219183329801580840e+03
7.671708407427297061e+03
-2.575515322500743423e+03
4.823371085104745362e+02
-4.726112771044387955e+03
2.486295180954503849e+03
5.609176196863622863e+03
2.060851777121966734e+04
3.583279465421850091e+03
4.740877774207071525e+03
5.785921103177413897e+03
-2.568043679655503638e+03
3.133152655673453410e+03
7.528886579940922275e+03
1.879433614438497898e+04
-4.332553722192736814e+02
1.704084703492811514e+03
9.380734396737680072e+03
-2.504759248923854102e+03
5.613950895734070627e+02
1.563610458523516718e+04
3.324947283520786004e+04
-1.028648494835910014e+02
8.882618366355145554e+03
1.183631967289062231e+04
-4.983457745410237294e+01
-1.011274721527245674e+03
-1.056947590279063206e+03
1.928849388366288053e+02
1.269865161829746103e+04
1.587599127950966249e+03
-4.127827353494543786e+03
4.611073418578093879e+03
6.015955095269563571e+03
-2.907248268446077873e+03
1.448972634652280794e+04
2.428185556299640302e+04
-1.378638001502726638e+03
8.826964615322043755e+03
4.801533952908794163e+03
1.591764257908611626e+03
4.276395438828321858e+03
5.771420887664012298e+03
2.517002444819606808e+03
1.267237519399177654e+04
7.801758490681743297e+01
1.235824551220753165e+03
-2.907032367156916735e+02
1.093745051836823222e+04
-4.042916290001594462e+03
-3.764875780397877861e+03
3.051478222878046836e+03
5.029842546949585085e+03
-2.836181748807447548e+03
3.739159289876390176e+03
1.190371190734088486e+04
9.934213984478119528e+02
1.470108192854577965e+03
7.820208868861345763e+02
1.356503147030214677e+04
4.638365461543887250e+03
-1.611340529801459070e+03
4.420422424030789443e+03
2.190264710326247041e+03
1.163581108471532843e+03
1.646570596427589408e+04
-4.139184057608440526e+03
1.163738810169325734e+04
-2.398597952522718060e+03
1.036127491034507511e+04
1.213570942733146512e+04
1.316086424139964583e+04
-8.089881446824106206e+02
1.215132627361942696e+03
1.361192035325906545e+03
-5.199126704395202978e+03
-2.868007054344922381e+03
-5.393165379152213973e+03
-6.875464067467893301e+02
-2.430771820290557116e+03
4.217424320091768095e+02
3.359955743525348680e+03
2.493724352079490018e+03
3.531069712021186660e+03
1.586682264156104338e+03
-3.114192273154255417e+03
2.636435911424900951e+03
-1.791669754577071217e+03
3.530917154611700880e+03
1.247832683245096814e+04
9.818457912499347003e+03
1.552621354719048395e+04
-7.780513946030187071e+02
-1.000922396549175119e+03
9.073576649405535136e+03
-2.133249939197664389e+03
1.580252475331878486e+04
6.480684975702665724e+02
3.980743248307502654e+03
-6.317178956255183039e+03
-1.671233403948720479e+03
2.401093777773810871e+03
-5.299746232763001899e+03
-4.268110152176279371e+03
-1.676039153875799457e+03
7.316406057775433510e+03
-1.788777810314432372e+03
1.270096270546279584e+03
-3.532751605895008993e+02
5.773655923772465712e+02
1.510993347508397164e+02
1.305274188029990728e+04
1.280369014587289712e+03
-6.043614811206743980e+02
1.790124512976503866e+03
5.117094206253776065e+03
-2.940094047277438221e+03
5.093504072627299138e+03
4.209175613855339179e+03
2.143812777224457022e+01
1.326751463187126683e+04
1.071049271935525576e+04
1.680704218696032967e+03
6.183754156715672252e+02
8.222775838642495728e+03
1.118385506191489867e+03
-2.833293607063428681e+03
-4.508240141809170382e+03
-7.525905911218529582e+03
-3.425847406612141185e+03
4.030470343539303713e+01
-4.124989274094803477e+03
1.904516561456654244e+03
5.613801764103078312e+03
1.526209232628819882e+04
7.567261706292636063e+02
-2.122863881468883392e+03
-2.839653763521295105e+02
1.932768222634025005e+04
3.396483187956855090e+03
1.054648076655943441e+04
3.569584310483473018e+03
7.600727235128656503e+03
3.682804692095341579e+03
1.083684895299099662e+04
-6.511577008784731333e+03
5.809499795798124978e+03
8.732679096367287457e+02
3.428122608987620424e+03
3.681840222180328055e+03
-6.845386352326546330e+03
1.043744115817442434e+04
3.942214259912626403e+03
-5.674329479963084850e+03
4.544885690280341350e+02
-2.386807283669482786e+03
6.404091309549901780e+03
1.030454841630175224e+03
-4.348579235311921366e+03
8.710864914318915908e+03
5.081130143880948708e+03
2.559517176903998461e+03
-1.858454424394283024e+03
2.164753677748215523e+03
1.065914014544213023e+04
9.206855373774485997e+03
9.920576736204939152e+03
1.349632634709248305e+04
5.422939848493464524e+03
7.065819998180052153e+02
-1.034680234238251160e+03
1.439960505189709511e+04
2.150932497402017179e+04
-1.639578940516572402e+03
-4.046776754726499803e+03
9.960129156440143561e+03
5.656488584661745335e+03
4.268031759023325321e+03
5.066861129333848112e+03
9.561424884310526977e+03
1.894596233437070259e+04
-2.321156801959115000e+03
8.498489948172878940e+03
1.077258455534014320e+04
8.153440971713140243e+03
7.930007777656426242e+02
1.280889975734264681e+03
7.302601320905190732e+03
8.093059365596737734e+03
7.520810113534421362e+03
5.891683856556017417e+03
4.543506069032146115e+03
6.874181851768786146e+03
8.493297149905996775e+03
4.856752037321742137e+03
-1.533204711838430683e+02
-4.523443547757055967e+03
-7.528646439020818434e+03
-1.569913074502746667e+03
-4.231195134363470061e+03
4.056590839961637812e+03
-8.613022727632228452e+02
1.801949993815977359e+04
1.651594660262146863e+04
7.321779914254768300e+03
8.722243391830211294e+02
6.836057624137998573e+03
3.061116127951709132e+02
8.943573172397631424e+03
2.621080424511799265e+03
1.521581492221303051e+03
8.417495279758142715e+03
1.810213822230398000e+04
-1.416320857356555791e+02
-5.314967297850382238e+03
-1.903968359546141073e+03
7.168854568276407235e+01
-1.850976531756447457e+03
1.047105738478746844e+03
1.616957310218953717e+04
-4.040448566119245697e+03
2.563720416300299803e+03
-2.257558611937001842e+02
5.351583632690647391e+03
1.218630316108288753e+03
8.633467674359710600e+02
1.011610141910480525e+04
5.716981691153281645e+03
1.651410859576319854e+04
3.743522477729744878e+03
3.369710198216928802e+03
-1.631665753676056283e+03
2.202951007449411009e+03
7.236970819399255561e+03
-2.459364545261973490e+03
8.616897830503216028e+03
-1.315203775670736832e+03
7.585656760646785187e+03
1.070535075937439433e+04
4.294678281224306374e+03
6.222459583791045588e+03
-3.683118531255963717e+03
5.483390157601575083e+03
5.893288370455255972e+03
-3.090376808390851693e+01
-4.205452672374350186e+03
6.165782192916872191e+03
1.600248757644226134e+04
-1.547197027625762757e+02
8.197288207033507206e+02
9.175658833491959285e+02
2.269844468635357407e+04
-3.764660238691384393e+02
2.377461531533197103e+02
-3.581561549727451279e+02
2.474332337392984300e+02
8.044809792899689000e+02
8.940331528002227060e+03
8.629543574418366916e+02
1.402929934661947755e+03
2.000723598329530068e+04
2.532748813952698583e+03
1.204986666994168991e+04
1.482384935972544554e+04
-2.006818705874627540e+03
2.678188271625299876e+03
2.116047381187029259e+03
4.613795875050082032e+03
3.154295064106649988e+03
2.997671779122482349e+03
5.865587404172429160e+03
-4.460255660302302203e+03
8.898416719822429286e+02
5.954727876675162406e+03
-2.775031948769751125e+03
2.274323792695126940e+03
-1.009261720739383236e+03
1.189109562998841830e+04
2.512849773564375482e+03
8.324276813611408215e+03
3.435346370193895837e+03
1.298791965030284155e+04
1.150582122686291768e+04
5.590432704839050530e+03
4.712859639716672973e+03
1.639916297106980346e+04
-1.465430808632950857e+03
-5.930620240561582250e+03
7.299240018618314934e+03
2.985598655386030259e+03
4.376472750659075928e+02
1.975751635029705540e+03
-1.724800508167486896e+03
5.632825367647488747e+03
2.309453574619818482e+03
2.205938285755413744e+04
-6.062666271028248957e+03
-3.814975369846214107e+03
-3.539852766121344757e+03
2.771989271279889726e+04
5.964662293606164894e+03
1.262445744769149314e+03
-5.227589899456417697e+03
1.446105176762707561e+04
-1.012297935612619403e+04
-2.796646308027873147e+03
1.453126411687128439e+03
-5.538225146159630640e+03
1.261287538161505108e+04
-1.533532164545503747e+03
-4.225109612001493588e+03
1.519402793895078048e+03
1.279194123544746981e+04
1.855240521847365017e+03
-2.155203891284316342e+03
3.392256639902407642e+03
4.437430039885843144e+03
9.900293470236003486e+03
-2.131337736407472221e+03
8.336180758115608114e+03
1.922890317292825057e+04
5.203947058439101056e+03
1.421983471963781085e+03
2.847264770852150832e+03
-9.999453432219570459e+01
1.583536211752692907e+04
3.418113336235819588e+01
7.845725526611182431e+03
2.589770005120571113e+03
-1.321824414522443021e+03
2.769336603813867987e+04
9.113757421674781654e+03
3.046054033815858020e+01
-3.078018466119159712e+03
1.301000454734754203e+04
9.335061574822025250e+02
7.258362833906105152e+03
-4.066919625528754295e+03
4.755430071534387935e+03
-2.588185676865873575e+02
1.231561369085237175e+03
8.249425588545818755e+01
1.793212609429344229e+04
5.108139691277967813e+02
-1.976427372197865225e+03
-1.748666354830857017e+03
-3.693057323353610172e+03
-1.312647387232873143e+03
1.314734758575105843e+04
3.659475177945501855e+03
6.536810036723588837e+02
-1.902333689166248632e+03
5.443712338498388817e+03
6.764188892913934978e+03
-1.994435314084248375e+03
1.301053019972950460e+04
8.746464782109980661e+03
-3.369355188627006100e+03
-2.150493435480976132e+03
3.409660169884937204e+02
-1.861208347368782142e+03
5.010498555839243636e+03
4.334315539634384550e+03
-2.631289821118933105e+03
1.741040008883058363e+03
1.151900433087771489e+03
5.272694942151814757e+03
4.604391320663962688e+03
3.228071214604068700e+03
3.695321609306881783e+03
2.132279967378318815e+03
1.557330454722371724e+04
1.205679007626635666e+03
5.437298207282328804e+02
2.579870770564299528e+04
9.803558951691671609e+03
-3.647038681146471845e+03
1.679167104506260330e+03
-5.909740725658314659e+03
-8.926182730489986170e+02
-1.342226726626859090e+03
5.125268688970825679e+03
-2.496946344820219565e+03
7.475852252979602781e+03
-9.912789346335587197e+02
1.196470302677041218e+03
2.203215846670565588e+04
1.384347014193234099e+04
6.908378631678037891e+02
4.077352872680789005e+03
3.911749009639594078e+03
-1.400982414477107113e+03
-3.433001177319991712e+03
-6.589053953984103828e+03
-4.016910176633414267e+02
2.390168929953911629e+03
2.023832390615575059e+04
3.887999872771177706e+03
2.269429544120981063e+03
-2.913466942829306390e+03
2.982416275798850165e+03
-1.205461665248295731e+03
1.360355195571054173e+04
2.652911288178784162e+03
-4.031893302016500456e+03
4.264797340441875349e+03
4.779249997930001882e+03
8.655673940598162517e+03
1.183048345237526519e+03
-5.649601346101246236e+03
4.060901763818116706e+03
-3.063589483467630998e+03
1.486828183271322268e+04
7.844379319408356423e+03
6.131308018769259434e+02
1.254413200775453333e+04
1.059641094887452346e+04
1.281590115851809969e+03
4.616426171960631109e+03
2.574971861412339877e+03
2.340056335052322174e+04
4.061134049771610080e+03
1.108541513611817754e+04
-1.979871874810193617e+02
1.483289927430970238e+03
-1.865137086234876733e+03
3.557895926297442202e+01
-4.502690672211555466e+03
1.214564729859310501e+04
4.840826220490987907e+03
4.174023525142103608e+03
1.769075459223752114e+04
-2.539915750057420610e+03
7.831853362834858672e+02
-1.433315226464750367e+02
7.030218451975346397e+03
1.556509411654982387e+03
1.810090941922755746e+03
3.476910377851169756e+02
4.719088085111160581e+03
8.321933081599441721e+03
1.581472492620966113e+04
-1.311484880478698415e+03
-5.433447689550293944e+03
1.949521269421435136e+03
-6.461605767708899748e+02
4.216025955677516322e+03
3.781127443437733746e+03
-3.904974841259405821e+03
1.017988218494408557e+02
7.363162201927123533e+03
1.064270218896894949e+04
1.255270778549062561e+04
4.280549979789011559e+03
1.343717921253436725e+04
-3.126766817999883187e+03
5.484944064696389887e+02
-3.213170789177988354e+03
-3.603323545893233131e+03
6.727858509853681426e+02
3.281589177715536607e+02
1.723926863158000288e+03
-4.912982792335576505e+02
8.934499915971317023e+03
2.419999589745841149e+03
6.084931885428632995e+03
4.717589146828406228e+03
5.053178932093273033e+03
1.031138321200614337e+04
5.491447731654908239e+03
5.561583474352433768e+03
7.324472433459794047e+03
2.202689506102365613e+03
-9.854418808295877170e+02
-1.962312108759967714e+03
1.561016291291279003e+03
-4.337303803068195521e+03
-4.737576534756226465e+03
4.990151856804739509e+03
2.574443528756046362e+01
9.420734833948597952e+03
7.636191250741806016e+02
3.942916063702483370e+03
2.660485037283711335e+03
2.250373307857803866e+03
3.749825049454341752e+03
1.585339571958367196e+04
2.396824449343587276e+02
1.567149951798022630e+04
2.044895545661702999e+04
-1.467213355070496618e+03
-4.369325145215487282e+03
7.105535926599011873e+03
3.250531113030723645e+03
8.392558031212043716e+03
9.655015158229543886e+03
-2.344825562870430531e+02
2.497657083705040350e+03
1.651181533999663588e+04
-1.491948281118936393e+03
1.130877406163598243e+04
-5.220150773889558877e+03
-1.124094699625127447e+02
-5.374218073562182326e+03
9.153028914379068738e+03
-3.731492702935124726e+03
1.397696763907385139e+04
5.441346324477314738e+03
5.356459601554786786e+03
1.871357809152257460e+03
4.310809846733306472e+02
1.294189180261805632e+02
2.677684382408172496e+03
9.715749943334190903e+03
-3.740431196778900812e+03
5.421650460281784035e+03
-8.628501034657392665e+02
-1.413690519931278232e+03
-4.684506928766149940e+03
2.644995380906120317e+03
2.275646957095787002e+03
-7.023333492062859477e+03
-2.192267910958610173e+03
-1.883825504922668188e+03
1.184212168486935752e+02
4.788254652693883145e+03
6.990197575571850393e+03
3.214179085036813376e+03
-3.690854196042387684e+03
-6.097843956485014587e+02
1.521986362118516263e+04
2.133650935807485894e+03
1.043525100493221544e+04
1.130741154096101582e+02
6.412024055300271357e+02
-3.092458860712331443e+03
8.126927711226969222e+03
5.459406380560962134e+03
3.021824391550032942e+03
-4.820438995607109064e+03
-5.999849399512137097e+03
2.186558116987126778e+04
-1.320304448527142540e+02
1.684190458720866809e+04
3.253033087525413976e+03
1.077957010292769610e+03
1.004063081631825844e+04
2.452808675121116721e+03
8.307406746255846883e+03
2.218454680400470806e+03
-2.749383641549741242e+01
4.354074153617233605e+03
3.274406548318240311e+03
1.233375352604797445e+04
1.402153559826921992e+04
3.973044270757577578e+01
-5.628770518965666270e+03
-7.147336973224907524e+03
-4.102405516879392962e+03
-2.121157264543720885e+03
-1.461837168092199818e+03
-1.671698624771090408e+03
4.058075597436127737e+03
2.638982201346333568e+03
3.719391780094499609e+03
5.240774010822656237e+01
-8.026901476806212941e+02
6.077491215540314442e+03
2.608226431392874019e+03
3.541701152890771027e+03
4.150760497306584512e+03
7.365041434252677391e+03
-1.526768572733512428e+03
8.744120944839381991e+03
7.026965026870625479e+03
3.059682975255925157e+03
2.404693574928694034e+03
1.031231236322393306e+04
1.261308749848476145e+04
-2.870495292041120592e+03
1.651789470132512633e+03
-2.279089802478667025e+03
1.588371214473220334e+03
-2.124687892339374230e+03
1.427807724221544595e+04
-1.037183211070377183e+03
4.466963232058127687e+03
6.570600557548664256e+03
-2.851622654796957249e+03
-8.607852690746262851e+02
-4.634766820696198010e+03
4.336236148867747943e+03
-3.960895141366538155e+03
-3.610157941457543529e+03
1.601871582282512463e+04
4.716601872052824547e+03
1.449340294569250364e+04
2.501329015166459158e+03
-1.348060796435306656e+03
1.297845002648806940e+03
5.803175760036501742e+03
1.570718904808243678e+03
3.281948850493968621e+03
-3.611639623279809257e+03
1.012603777082149463e+04
8.643100986929670398e+03
-3.195888999444304773e+03
1.215559726823711799e+03
7.665226320113346446e+03
5.509402875020803549e+03
-2.494000560613417292e+02
1.246103819758644386e+04
6.857733605089053526e+03
9.774512127762229284e+03
1.537098922411180320e+04
-1.970630871172739717e+03
-6.194713032381194353e+03
-1.821151708925982575e+02
-3.203272539302672158e+03
1.300846013917753908e+03
6.974570638498455537e+02
3.128361711380573070e+03
5.255240502137385192e+03
-2.285087524344648955e+03
-3.408184732654062373e+03
3.612690593679944413e+03
9.672499654214589100e+02
-2.210231514258501647e+03
-3.816289551495143769e+03
6.456953816499873028e+03
1.330082387000638664e+04
5.506092046712983574e+03
-2.943355411008795727e+03
-5.928108745045528849e+01
2.562879287820995160e+03
2.778960657183252806e+03
1.046598108025447073e+04
1.808728929464039993e+03
5.863263020974748542e+03
7.614080445388100998e+03
-2.109618661408563639e+03
-1.076388057198087381e+03
-1.613714659848156316e+03
1.459231776624409395e+04
6.515594549447286226e+03
1.154972297822705514e+03
3.112965842941556730e+03
6.679448929706886702e+03
2.978959086199190551e+02
-2.669479253751740089e+03
6.391967175390559532e+02
8.579417404901050759e+02
7.705821663235923324e+02
7.280805799952345296e+03
1.570617166617389375e+04
6.071214744056902646e+02
1.144001309096251862e+04
-3.645086611118003930e+03
4.472790799193289786e+02
7.796195244615815682e+03
2.599535253455369002e+03
4.019940069417885297e+03
-5.724457281181262260e+02
5.701526102127630224e+01
2.469310381708735440e+04
-2.315386102001023119e+03
1.578254701319132437e+03
1.352253606510713871e+04
-2.078098671663043206e+03
-5.903157218831563114e+03
-5.342731615063717072e+03
1.011132801045873975e+03
-3.951443134325646497e+03
-3.373652174507550171e+03
-1.387757783123721765e+03
2.959112760120696294e+03
1.012369937343225320e+04
7.805386882567174780e+02
-1.993551369347842865e+03
2.843107589957969321e+04
6.318721931824815329e+03
