2.284324000000000000e+06
6.691951875000000000e+05
3.748140937500000000e+05
2.255469531250000000e+05
2.323483281250000000e+05
2.281038437500000000e+05
1.526003906250000000e+05
9.343935937500000000e+04
1.313108437500000000e+05
9.077913281250000000e+04
6.036138671875000000e+04
8.441948437500000000e+04
4.684963281250000000e+04
6.532820703125000000e+04
6.221736328125000000e+04
1.667787187500000000e+05
1.014038187500000000e+06
2.180753000000000000e+06
4.469148500000000000e+06
7.522665500000000000e+06
9.044263000000000000e+06
1.317268800000000000e+07
1.785468800000000000e+07
2.189583600000000000e+07
2.522186800000000000e+07
2.526563000000000000e+07
3.578922000000000000e+07
3.487298400000000000e+07
4.015916400000000000e+07
4.506391600000000000e+07
5.299676000000000000e+07
5.575055200000000000e+07
5.526252000000000000e+07
5.735657600000000000e+07
5.819047200000000000e+07
6.239936800000000000e+07
6.108158000000000000e+07
6.279414400000000000e+07
5.866897200000000000e+07
6.423374800000000000e+07
6.654556800000000000e+07
6.960814400000000000e+07
7.241353600000000000e+07
7.981655200000000000e+07
7.770952000000000000e+07
8.554812000000000000e+07
8.373988800000000000e+07
8.814993600000000000e+07
8.921490400000000000e+07
8.515092000000000000e+07
1.015103120000000000e+08
9.577884000000000000e+07
1.075816560000000000e+08
1.190430480000000000e+08
1.150642160000000000e+08
1.154954400000000000e+08
1.268219360000000000e+08
1.296824160000000000e+08
1.327810800000000000e+08
1.369718080000000000e+08
1.374556480000000000e+08
1.487443520000000000e+08
1.557078720000000000e+08
1.495352000000000000e+08
1.558152960000000000e+08
1.649968640000000000e+08
1.599779680000000000e+08
1.703607520000000000e+08
1.785550400000000000e+08
1.818710240000000000e+08
1.955680000000000000e+08
1.961399040000000000e+08
2.020382400000000000e+08
2.082298720000000000e+08
2.011966560000000000e+08
2.177401920000000000e+08
2.059225760000000000e+08
2.134041440000000000e+08
2.115632320000000000e+08
1.941177600000000000e+08
2.166493120000000000e+08
2.042163040000000000e+08
1.896836640000000000e+08
1.888414080000000000e+08
1.942948000000000000e+08
2.031608160000000000e+08
1.928199040000000000e+08
1.870825920000000000e+08
1.950304960000000000e+08
1.767190720000000000e+08
1.791959360000000000e+08
1.831501920000000000e+08
1.765107840000000000e+08
1.792382240000000000e+08
1.757383680000000000e+08
1.800318240000000000e+08
1.723886560000000000e+08
1.803953600000000000e+08
1.710786880000000000e+08
1.828002240000000000e+08
1.854584800000000000e+08
1.704006560000000000e+08
1.792595680000000000e+08
1.732751680000000000e+08
1.781771200000000000e+08
1.730126880000000000e+08
1.813617760000000000e+08
1.811647360000000000e+08
1.799512640000000000e+08
1.975727040000000000e+08
2.079595200000000000e+08
2.088417920000000000e+08
2.106096480000000000e+08
2.003896320000000000e+08
2.134338400000000000e+08
1.968427040000000000e+08
2.153488640000000000e+08
2.141836960000000000e+08
2.094963360000000000e+08
2.006516160000000000e+08
2.162825280000000000e+08
2.249643520000000000e+08
2.141448640000000000e+08
2.297077280000000000e+08
2.263026400000000000e+08
2.265617120000000000e+08
2.164785600000000000e+08
2.064486240000000000e+08
1.936579840000000000e+08
2.052839200000000000e+08
1.994702560000000000e+08
2.182568960000000000e+08
2.034514400000000000e+08
2.125701440000000000e+08
2.043302080000000000e+08
1.748683840000000000e+08
1.845156800000000000e+08
1.926405760000000000e+08
2.009289280000000000e+08
1.975009280000000000e+08
1.956396320000000000e+08
1.857637920000000000e+08
1.899118240000000000e+08
1.826587680000000000e+08
1.850932160000000000e+08
1.833713600000000000e+08
1.916417600000000000e+08
1.693243200000000000e+08
1.658636640000000000e+08
1.681851040000000000e+08
1.718227360000000000e+08
1.692990400000000000e+08
1.795580960000000000e+08
1.827476800000000000e+08
1.562505920000000000e+08
1.647626240000000000e+08
1.748775040000000000e+08
1.696607040000000000e+08
1.736482240000000000e+08
1.635345600000000000e+08
1.786092160000000000e+08
1.566544320000000000e+08
1.562527680000000000e+08
1.764724800000000000e+08
1.579491040000000000e+08
1.502291200000000000e+08
1.545775200000000000e+08
1.570974880000000000e+08
1.531051360000000000e+08
1.526772800000000000e+08
1.568275680000000000e+08
1.495498400000000000e+08
1.566446400000000000e+08
1.414960640000000000e+08
1.600389760000000000e+08
1.478861120000000000e+08
1.490331840000000000e+08
1.418935360000000000e+08
1.538567360000000000e+08
1.560335040000000000e+08
1.443136960000000000e+08
1.291565280000000000e+08
1.369319360000000000e+08
1.350592800000000000e+08
1.313624960000000000e+08
1.386395680000000000e+08
1.421283520000000000e+08
1.281938800000000000e+08
1.383970400000000000e+08
1.429330240000000000e+08
1.300511200000000000e+08
1.381465760000000000e+08
1.326950640000000000e+08
1.335281520000000000e+08
1.228594080000000000e+08
1.192086880000000000e+08
1.263490400000000000e+08
1.288775840000000000e+08
1.392913440000000000e+08
1.365228160000000000e+08
1.437263520000000000e+08
1.469184960000000000e+08
1.363334080000000000e+08
1.346778560000000000e+08
1.208071440000000000e+08
1.435849440000000000e+08
1.294048000000000000e+08
1.225030400000000000e+08
1.189674400000000000e+08
1.364824800000000000e+08
1.257565600000000000e+08
1.289456480000000000e+08
1.135253120000000000e+08
1.060205280000000000e+08
1.230321760000000000e+08
1.274743440000000000e+08
1.276292640000000000e+08
1.152488720000000000e+08
1.250963600000000000e+08
1.294247680000000000e+08
1.313930400000000000e+08
1.019631120000000000e+08
1.296723840000000000e+08
1.189148960000000000e+08
1.144628960000000000e+08
1.143141360000000000e+08
1.270791200000000000e+08
1.251147360000000000e+08
1.160271520000000000e+08
1.202327280000000000e+08
1.203575840000000000e+08
1.092172320000000000e+08
1.158376960000000000e+08
1.113282080000000000e+08
1.198939280000000000e+08
1.086361600000000000e+08
1.114577280000000000e+08
1.170754400000000000e+08
9.697672800000000000e+07
9.947174400000000000e+07
1.080621840000000000e+08
1.191760240000000000e+08
9.504894400000000000e+07
1.050225200000000000e+08
1.012889440000000000e+08
1.086225760000000000e+08
1.058914720000000000e+08
1.254090080000000000e+08
1.107095520000000000e+08
1.040240800000000000e+08
1.089653360000000000e+08
1.098413280000000000e+08
1.008882480000000000e+08
9.176250400000000000e+07
1.047207200000000000e+08
1.014038000000000000e+08
1.023267360000000000e+08
1.075742560000000000e+08
1.050462960000000000e+08
1.031707440000000000e+08
8.945664000000000000e+07
1.029494480000000000e+08
1.046186400000000000e+08
9.995649600000000000e+07
1.013790560000000000e+08
9.620027200000000000e+07
1.041571600000000000e+08
1.008175360000000000e+08
9.337233600000000000e+07
9.413828800000000000e+07
8.952356800000000000e+07
9.102656000000000000e+07
1.000074800000000000e+08
9.552584000000000000e+07
8.456276800000000000e+07
8.850693600000000000e+07
1.003687840000000000e+08
9.849379200000000000e+07
9.801163200000000000e+07
1.026735840000000000e+08
1.089950320000000000e+08
9.403475200000000000e+07
8.576308800000000000e+07
1.044796800000000000e+08
1.056762720000000000e+08
9.232361600000000000e+07
8.901551200000000000e+07
8.609345600000000000e+07
8.943390400000000000e+07
1.002248160000000000e+08
8.248912000000000000e+07
8.167300800000000000e+07
9.133751200000000000e+07
9.728409600000000000e+07
8.477208800000000000e+07
9.755676000000000000e+07
9.757951200000000000e+07
7.980020800000000000e+07
1.025941600000000000e+08
9.208391200000000000e+07
8.550158400000000000e+07
1.014627600000000000e+08
7.820915200000000000e+07
1.020343840000000000e+08
8.525785600000000000e+07
8.154438400000000000e+07
9.606936800000000000e+07
9.157493600000000000e+07
8.267946400000000000e+07
9.941320000000000000e+07
8.952268000000000000e+07
8.700650400000000000e+07
8.445853600000000000e+07
8.036572800000000000e+07
8.585149600000000000e+07
7.767880800000000000e+07
9.036730400000000000e+07
8.099451200000000000e+07
8.916916000000000000e+07
7.704599200000000000e+07
7.985874400000000000e+07
7.182949600000000000e+07
7.751784800000000000e+07
8.007298400000000000e+07
8.812078400000000000e+07
7.982365600000000000e+07
7.254540800000000000e+07
7.512462400000000000e+07
8.292104000000000000e+07
7.640477600000000000e+07
9.316053600000000000e+07
8.033663200000000000e+07
8.557949600000000000e+07
7.908105600000000000e+07
7.685917600000000000e+07
8.132692800000000000e+07
7.460158400000000000e+07
7.856806400000000000e+07
7.458253600000000000e+07
7.465640800000000000e+07
7.122452000000000000e+07
7.373251200000000000e+07
7.806980800000000000e+07
8.127332000000000000e+07
7.965852800000000000e+07
7.585984800000000000e+07
7.868321600000000000e+07
6.906795200000000000e+07
7.799860000000000000e+07
7.552293600000000000e+07
9.113362400000000000e+07
8.388648800000000000e+07
8.559232800000000000e+07
6.988968000000000000e+07
7.696920000000000000e+07
7.317700800000000000e+07
7.552091200000000000e+07
7.736985600000000000e+07
7.870785600000000000e+07
8.060941600000000000e+07
7.415002400000000000e+07
7.621931200000000000e+07
9.390132800000000000e+07
8.557594400000000000e+07
6.246446800000000000e+07
7.650755200000000000e+07
7.148883200000000000e+07
8.829814400000000000e+07
7.522551200000000000e+07
7.029107200000000000e+07
6.930092800000000000e+07
7.122366400000000000e+07
6.941450400000000000e+07
6.418066000000000000e+07
8.279087200000000000e+07
8.060740800000000000e+07
7.124796000000000000e+07
6.003173600000000000e+07
8.196597600000000000e+07
6.469580800000000000e+07
7.087157600000000000e+07
7.530658400000000000e+07
6.651315200000000000e+07
6.401043200000000000e+07
7.248958400000000000e+07
8.499674400000000000e+07
6.489348000000000000e+07
7.244440800000000000e+07
6.619517600000000000e+07
7.403643200000000000e+07
6.418016000000000000e+07
7.565249600000000000e+07
6.109652000000000000e+07
6.313585200000000000e+07
7.754108000000000000e+07
7.219678400000000000e+07
7.057697600000000000e+07
6.572581200000000000e+07
6.451288800000000000e+07
5.921956000000000000e+07
5.896476800000000000e+07
8.080363200000000000e+07
5.615758000000000000e+07
7.242344800000000000e+07
6.348699600000000000e+07
6.573428000000000000e+07
5.244703600000000000e+07
6.218782800000000000e+07
6.886700800000000000e+07
6.476293200000000000e+07
6.628570800000000000e+07
5.721533600000000000e+07
5.207210400000000000e+07
6.945433600000000000e+07
6.504307200000000000e+07
7.050136000000000000e+07
6.284375600000000000e+07
6.055061200000000000e+07
6.133473200000000000e+07
5.713158400000000000e+07
5.654143200000000000e+07
6.995288000000000000e+07
6.428791200000000000e+07
6.705819600000000000e+07
6.026105600000000000e+07
6.301200000000000000e+07
6.903189600000000000e+07
6.295745200000000000e+07
6.410880000000000000e+07
6.719042400000000000e+07
5.718943200000000000e+07
6.852145600000000000e+07
5.279792800000000000e+07
5.274032800000000000e+07
7.057832000000000000e+07
6.658117200000000000e+07
5.366156000000000000e+07
5.192167600000000000e+07
5.843880800000000000e+07
6.088731600000000000e+07
6.733239200000000000e+07
6.369646800000000000e+07
6.309967200000000000e+07
5.730629600000000000e+07
6.318469600000000000e+07
6.976155200000000000e+07
5.384621600000000000e+07
5.015316800000000000e+07
5.104341200000000000e+07
5.462632400000000000e+07
5.738155600000000000e+07
6.217876400000000000e+07
5.293039200000000000e+07
4.985993200000000000e+07
5.951836000000000000e+07
5.438788400000000000e+07
7.168612800000000000e+07
6.532114000000000000e+07
6.174083200000000000e+07
5.124192800000000000e+07
4.971932000000000000e+07
5.448007600000000000e+07
6.773780800000000000e+07
6.761612000000000000e+07
5.866582400000000000e+07
6.063439200000000000e+07
6.872272000000000000e+07
5.966102400000000000e+07
5.872009600000000000e+07
5.596546400000000000e+07
6.306390400000000000e+07
5.205855200000000000e+07
5.174622800000000000e+07
5.122071200000000000e+07
5.291514400000000000e+07
6.926296000000000000e+07
5.898867200000000000e+07
5.443440800000000000e+07
5.927426400000000000e+07
4.908270800000000000e+07
5.180434800000000000e+07
5.285138400000000000e+07
5.395978400000000000e+07
5.368524400000000000e+07
6.141379200000000000e+07
6.168222800000000000e+07
6.388645600000000000e+07
5.282591200000000000e+07
5.070068000000000000e+07
5.393163600000000000e+07
4.586285600000000000e+07
5.629262800000000000e+07
4.797415200000000000e+07
5.606998400000000000e+07
4.668666400000000000e+07
4.454023600000000000e+07
5.049099200000000000e+07
6.339967200000000000e+07
5.258658000000000000e+07
5.454050400000000000e+07
