1.960493717342060700e+04
1.785659669440611469e+04
2.060713584525256374e+04
1.519607700885298254e+04
2.254798326929480390e+04
1.377698474794655885e+04
2.692047952291238471e+04
1.689242241563273274e+04
1.206499934999930338e+04
1.750999615050227658e+04
2.219053821960902860e+04
1.616796208123564065e+04
2.223174487753627909e+04
9.655691663732321103e+03
1.578053934452268368e+04
1.613050924841505548e+04
1.829545942462738094e+04
1.506278901660813790e+04
1.850668970760253069e+04
2.099659307268449993e+04
1.703872657477822577e+04
1.681107416683823612e+04
2.363919669662109663e+04
1.570124356090309993e+04
1.891297008693609678e+04
1.136463656071831065e+04
1.994200125080410362e+04
1.934478440043115552e+04
1.869214827229571529e+04
2.522657171982561704e+04
