-1.844000000000000000e+03
1.808378094820680872e+03
7.470728653819592182e+03
1.204681338380579473e+04
7.196836752536140921e+03
2.488665257542688778e+04
1.739058126587960578e+04
1.209754434341083834e+04
5.561058707195294119e+03
1.040230641768825808e+04
5.726781057211426742e+03
2.721169510511416956e+04
8.471447084877441739e+03
-1.019037481746211938e+03
1.788353654192592148e+04
1.833738210781714224e+04
1.896614271535858643e+04
5.127731241206816776e+03
2.478203438231979089e+04
1.970186986272952709e+04
9.725098884691644344e+03
7.915401519861060478e+03
2.396654379163430349e+03
8.825902938848619669e+03
9.882785322388372151e+03
1.243007902699821170e+04
1.316953749437825536e+04
1.981803715590669890e+04
1.731368626586710889e+04
8.956098236321482545e+03
6.798493150318767221e+03
5.599170641303488082e+03
1.449924245118527506e+04
2.753927177698963351e+04
7.503230512225749408e+03
2.896423280570808856e+04
7.049852314754411054e+03
1.817261486326858721e+04
2.584035485143343249e+04
8.091699464065512984e+03
2.431892438684209264e+04
7.118367392640859180e+03
6.376788365765366507e+03
7.415140527791720160e+03
1.296178489425800763e+04
2.693797741302853319e+04
5.135834212692323490e+04
3.401440709124263958e+04
1.426651631262506089e+04
1.128112322308857256e+04
3.439455897841748083e+03
2.406491110649080656e+04
3.432561823730363540e+04
2.385925153460995716e+04
1.953112054141962744e+03
3.795504967686369491e+04
7.572077108621677326e+03
1.086872575116603002e+04
2.086468318245449336e+04
5.017109964161459357e+04
7.367127569100412984e+03
1.447532865402603056e+04
8.495681155007543566e+03
7.254930881814673739e+03
1.638534941662916754e+04
2.812884226689822390e+04
1.476345493954863196e+04
1.953527028733635962e+04
9.785507533775076809e+03
1.859657812554444899e+04
2.035197475744835538e+04
1.865934670940050273e+04
4.847361408797760305e+03
1.267439058552512324e+04
3.815227802465818240e+04
1.065729083302841536e+04
6.323216156457385296e+03
9.830654464460170857e+03
1.627432995975842277e+04
9.142256129395440439e+03
1.795475207839245195e+04
8.739167126015190661e+03
8.023812564957934228e+03
1.853872310662442032e+04
1.664007234380572481e+04
3.126478610593130725e+04
2.045887577260822945e+04
4.565876181565760635e+04
2.844823859172511220e+03
2.829975121621131257e+04
1.604855419357939172e+04
6.648917777238792041e+03
3.947636205903546215e+04
1.092437152039483772e+04
4.692185398827048630e+03
9.812625691624740284e+03
6.575139292550260507e+03
2.426861161602056018e+04
4.425874950074560184e+04
1.586044989404442094e+04
1.509301426549754797e+04
1.524158986918310075e+04
1.510204216179208379e+04
8.150986533300761948e+03
2.353277962807213044e+04
3.867925617632966168e+04
1.384117335783263297e+04
1.756934966043252643e+04
3.909087219850797555e+04
5.261550669242528784e+03
2.848128141882937143e+02
2.268921201047715294e+04
1.396219196254883718e+04
2.333615227193707688e+04
1.068174356620678736e+04
1.300264928131260149e+03
4.521086737079145678e+04
2.254135342232926632e+03
1.173236450881062410e+04
2.611872940418311919e+04
9.639592229988553299e+03
1.854106454246987050e+04
8.652510953035300190e+03
1.307653988182400462e+04
1.933251528901603160e+04
2.951207094230743314e+04
1.804569418088924067e+04
1.522630773835939908e+04
8.296293953470521956e+03
2.710297489347842202e+04
2.469458001549494657e+04
1.135374318300276718e+04
3.904900060671041138e+04
3.613599523775268153e+03
1.982668479754614236e+04
8.547257603713485878e+03
1.870770903689331681e+04
9.150072505495374571e+03
1.054179646757681803e+04
2.059087562521039581e+04
2.615535267921185005e+04
2.993314297540360712e+04
1.370721300036634057e+04
1.034630658046963072e+04
1.856928934065101203e+04
1.268480292256241592e+04
3.310747716440871591e+04
1.833130169745515741e+04
1.642108899629016014e+04
2.681538309570672209e+04
1.457087526250059273e+04
4.208216171460886471e+03
1.706825325063682249e+04
2.077312337012707940e+04
2.021152979595509532e+04
1.692762468057707156e+04
8.112666326090233269e+03
2.802015273238299051e+04
1.523310487085956083e+04
5.584540094842432154e+03
1.882786133614737628e+04
6.376868159748126345e+03
2.179631032800948742e+04
2.004651995292440915e+03
3.225104084266555219e+04
2.327620762725757231e+04
1.369833397880119446e+04
1.292873299185302312e+04
2.924693871384859813e+04
1.181946989021441004e+04
3.509455390207830987e+03
3.009550454727943361e+04
4.206213752675676369e+04
2.122897586606792902e+04
1.065021670393427667e+04
4.511089677915157154e+03
-3.319533800841732045e+02
1.830944664943164389e+04
3.888942802983633737e+04
9.761344390209851554e+03
1.030341977444002077e+04
4.908529172914036280e+02
1.871608886438409172e+04
9.536521550271929300e+03
9.045347150593062906e+03
1.680229079898670534e+04
7.264252558522013715e+03
1.209980477132982560e+04
3.341253270951029117e+04
5.826686666082781812e+03
3.487984665032403427e+04
3.985507631557110926e+03
1.508297941759442620e+04
8.703210733551106387e+03
1.982147715362677263e+04
1.333615829946142367e+04
2.018763194092198319e+04
1.249446478289836887e+04
1.653180412180351414e+04
6.937689356791094724e+03
3.377281512778958586e+03
4.852427261293651100e+03
1.098307593700666985e+04
1.624466175236524214e+04
8.639693935179908294e+03
1.591262056637718160e+04
6.608760899434291787e+03
1.966127831188483106e+04
2.524332544920861255e+04
1.642798704986691519e+04
1.302791694585066580e+04
2.339631874200983657e+04
2.921820930193256936e+04
1.948119205550316838e+04
2.705777651654043075e+04
7.953912249470769893e+03
1.746867791033366666e+04
2.314434028461569687e+04
1.032300345942742752e+04
1.003647070117994372e+04
3.071304166199388419e+04
8.354300603403775312e+03
1.061755497814499176e+04
5.767020148674550728e+04
2.372403572094294941e+04
8.355111999789842230e+03
1.117514118795349168e+04
1.443137908073432118e+04
2.642661441016593017e+04
2.042149659840625100e+04
2.100509907410255983e+04
1.635345808997441600e+04
2.293238364076626021e+04
1.442020911852096469e+04
3.001011377876202459e+04
3.656752847426181688e+03
1.309275978836877584e+04
1.308800041053384120e+04
3.302477364256348665e+04
8.241947367680390016e+03
1.532788897518651720e+04
1.769563931705836148e+04
6.437346882376965368e+03
6.620718587990917513e+03
4.845255038483986573e+04
1.120402208491043712e+04
2.293956030700920383e+04
4.368631241032385151e+04
2.549119065909301935e+04
2.762460308415891268e+04
2.751178482380033529e+03
8.529487429768676520e+03
3.668472068567274982e+04
7.277341281043109120e+03
1.443993979268879775e+04
1.376949115440257629e+04
2.821215295870575574e+04
1.568033518901241041e+04
3.515697102829554296e+03
1.495166101436161989e+04
1.470709694797607881e+04
2.125837772556195341e+04
2.276962625066011969e+04
1.426460006116327713e+04
1.322234804779661135e+04
1.926300398321743705e+04
1.757583323412746904e+04
7.611232779340125489e+03
1.763930560409362442e+04
2.250674487028246949e+04
1.319094683248301044e+04
1.298316879573989718e+04
3.079624722804312114e+04
2.329446375494048334e+04
2.173320821205587345e+04
4.198510474486173189e+04
2.989109672840200074e+04
1.042435953924671776e+04
1.104870171565568671e+04
7.519512934280883201e+03
2.132295478210746660e+04
5.697371107934097381e+03
8.787877424803227768e+03
1.515653711835604190e+04
1.421782982767398062e+04
1.026196919011904174e+04
1.763257518803299172e+04
4.245856304944325530e+04
1.144642629092374955e+04
2.746902057756911381e+04
2.468711758169245513e+04
1.646150843429966335e+04
1.108117416839626094e+04
1.311752011423730437e+04
4.328052347497572555e+03
1.125983609503872322e+04
1.838103219940114650e+04
6.872532368219302953e+03
7.585020668376197136e+03
2.399605350230698241e+04
2.391576956639910350e+04
2.519077749686543484e+03
2.665875929057780741e+04
1.445975689090843662e+04
7.196713519240885034e+03
7.196275491226232589e+03
8.674077451189508793e+03
1.189974605218079159e+04
2.155984198222250598e+03
4.744499356201993578e+03
2.786369763013591728e+04
1.463429836584351506e+04
1.727563520399681147e+04
7.166491664012395631e+03
4.670155364766946150e+04
1.630978864156094460e+04
2.083358062176872772e+04
5.880819708339506178e+04
8.855717330411553121e+03
9.356439819264876860e+03
4.176666362023077454e+03
3.836589554818235047e+04
1.379398833233343612e+04
1.666822715826813510e+04
1.082061521726452156e+04
5.826118298049696932e+03
1.249843364368677430e+04
1.686631429462105734e+04
8.628192940097305836e+03
2.111922953154842617e+04
2.281127100343030543e+04
9.013748509426441160e+03
1.280685387556991191e+04
2.201584382174516941e+04
8.718491073916582536e+03
5.681067128606895494e+03
8.252459532542598026e+03
1.306315163551390287e+04
1.864180253480035026e+04
2.825294607785238259e+04
2.258506293058642768e+04
2.695519413873907979e+04
1.037942023868164688e+04
4.256423391367137810e+04
1.808607205415187855e+04
2.241652449031591823e+04
3.662574431252763316e+04
1.949067770636333444e+04
3.979231115900156146e+04
3.030955428508500700e+04
2.038122136651400797e+04
1.024657955278215013e+04
1.615142484494799646e+04
1.487632201980864920e+03
8.747973719852472641e+03
2.430012271083057931e+04
5.025647834776049422e+04
1.378419786960281635e+04
1.268039772037713738e+04
7.582654433497424179e+03
3.435221008334032376e+04
2.999028880686785487e+04
8.700717790320593849e+03
2.378523772974713575e+04
2.462262382049553344e+04
3.946316512447021523e+03
1.149267604964829843e+04
1.617064454972784006e+04
3.248792926843261375e+04
2.455696479969138818e+04
1.028249535766683766e+04
1.098253147768253439e+04
2.171435690174359115e+04
2.240417679666020558e+04
1.801811641271507688e+04
2.113350182420747660e+04
1.856751907359791221e+04
5.617812571586639024e+03
1.056097524897989388e+04
2.254201606280887790e+04
1.002978986354873996e+04
2.299799138781380680e+04
5.856610139788983361e+03
2.141305627952086797e+04
4.265459230353844032e+04
7.906533326816304907e+03
3.123374242836247504e+03
1.474500484847923144e+04
3.618909105485530745e+04
1.345162249463856642e+04
8.820962076716097727e+03
1.258315625125374936e+04
2.199881316908382360e+04
1.769229418503231136e+04
1.762659786601476662e+04
5.135316975594075302e+03
1.684191025257058573e+04
9.177713601246998223e+03
3.776633268097172549e+04
2.128112709784318940e+04
1.376201452813758442e+04
1.768492980341548900e+04
1.229486947867719573e+04
2.010445662458735751e+04
1.293230708331450478e+04
1.025758735888694719e+04
1.320799344300105622e+04
9.640639070684526814e+03
3.968628566411570500e+04
2.006796038628798851e+04
2.119314197915804107e+04
1.219347490429255777e+04
2.840117718967989640e+04
6.109943315927885124e+03
2.065025687616835421e+04
1.197700603065039468e+04
3.935056770517625409e+04
6.097847295142225448e+03
2.017644455967031899e+04
1.191869081293020645e+04
4.448154785705493850e+04
2.138265013379712400e+03
4.555846045864967891e+03
9.928386845607343275e+03
9.321832608744638492e+03
1.079638739973249722e+04
1.828907374211155911e+04
3.193700180863356945e+04
9.695550720663144602e+03
1.333141011184418312e+04
1.230022621341776357e+04
2.895040350806935385e+04
1.819677136757221160e+04
1.299549968466598148e+04
7.400304447563754366e+03
5.036853047389700077e+04
2.093056660673569058e+04
1.074937419255999339e+04
4.123189716189786850e+04
1.755493242435990760e+04
1.978982679775112047e+04
2.041264344349315797e+04
9.871770882837518002e+03
3.527097438971548854e+03
2.122456431033476838e+04
1.425412503924342218e+02
6.141943270526468041e+03
3.007629490236704441e+04
3.921633257070249783e+03
5.541677946248727494e+03
2.763215668666978672e+04
1.103286786757656228e+04
2.352448200311854453e+04
3.242337876711456920e+04
1.315766909761720854e+04
2.278488939783476599e+04
3.057390588191197094e+04
6.032470788400918536e+03
1.071335191455841777e+04
1.176771506767111350e+04
2.984177933693693922e+04
3.191848000614822013e+04
4.451176917008383316e+04
1.378096787176166436e+04
2.777177594365036930e+04
4.102857309593731770e+04
2.346312962325508488e+04
1.620889137823982674e+04
3.352206844888079559e+03
1.739078835767087730e+04
1.622973355698693922e+04
4.671934985065225192e+04
1.992282258059171727e+04
6.105708470524569748e+03
1.309937328465464816e+04
2.252817703221907868e+04
3.963542055754899775e+04
2.954029540609078686e+04
1.301817184564522904e+04
1.267100291215382276e+04
8.526987379195143149e+03
1.675834721694326799e+04
3.432479324680818536e+04
7.426633232985007453e+03
2.821517313204638776e+04
9.116923896348705512e+02
8.806071768472444091e+03
9.420210167796210953e+03
1.114342901602591519e+04
6.340669823732632358e+04
2.910324198518870253e+04
5.068495263526260715e+03
1.107204933098226320e+04
2.378297621043336403e+04
3.761657314821526961e+04
2.207884417567421406e+04
1.916846773245282384e+04
8.367046688488444488e+03
1.161468815832122891e+04
7.227578811740173478e+03
1.355242938666369628e+04
1.828133126740557054e+04
4.164129757642702316e+03
2.884631632728740442e+04
3.071078035879009258e+04
5.659115662381129368e+03
1.488558669663746150e+04
1.326045259223724315e+04
4.263011499973828904e+03
8.016954492295228192e+03
2.685305703299312518e+04
2.431515610932038544e+04
2.599115837208781886e+04
8.153542205221569020e+03
4.937314462404856386e+03
1.317655286171562148e+04
4.121344249692306039e+04
2.506109967426993171e+04
4.367690361416523047e+03
3.662496094036466820e+04
1.623460991169096815e+04
9.674637553267335534e+03
2.566581036316441532e+04
7.352844716076884652e+03
5.309314479847473558e+04
4.487484255404312717e+04
1.990170096134264168e+04
2.495182117117097732e+04
8.699093749131141522e+03
2.315662074642547304e+04
1.240446361437718770e+04
8.382162940538544717e+03
2.558148581730215665e+04
1.065049493522369812e+04
5.582423401507569906e+03
3.916899491320191009e+04
2.414280554181881598e+03
2.577583138497215623e+04
1.266819233905579677e+04
2.074067251512890289e+04
1.354971633534473585e+04
2.846708314567096386e+04
3.477192031083410257e+04
5.772312634785697810e+03
1.972707057281437665e+04
1.089006364787111306e+04
1.255036987033849073e+03
2.069606364268557445e+04
5.387570325931734988e+04
3.290041165973254829e+04
8.065553778681498443e+03
1.900529080556031113e+04
7.892619945913186712e+03
8.429035396622055487e+03
1.184584611669631340e+04
1.608537376127066273e+04
3.701408390335030708e+04
1.494327533217463679e+04
2.700871308261405284e+04
1.807817246410699227e+04
2.695091062296890595e+04
5.134492742932156034e+03
1.050391672637550073e+04
2.408887398882118305e+03
7.657792808726995645e+03
3.185996851746656466e+04
2.424432987551610859e+04
2.036872357969234508e+04
1.427567114463260623e+04
2.224667592778680773e+04
5.875726230405352908e+02
9.099476826190772044e+03
2.974621006516042689e+04
1.101263321424460992e+04
1.596763146380016042e+04
7.051278304383524301e+03
8.859847081171765240e+03
2.218163881022502028e+04
3.282805654247061466e+04
8.739189807799493792e+03
9.592088486991226091e+03
1.371317564962179313e+04
1.572347170947658924e+04
3.032951278179431756e+04
2.533780317746169749e+04
9.819662201145636573e+03
2.176016794607759948e+04
2.468020947591484219e+04
2.758354233679755998e+04
2.543963510540998323e+04
1.674632447919578226e+03
3.361416321899880859e+04
3.026051981530259945e+04
4.472838969832323528e+03
1.775307815316513006e+04
1.461141433045238591e+04
2.952362504858216198e+04
3.558973241854237131e+02
5.241632281052585313e+03
2.417181922286540794e+04
2.013584899355383095e+04
1.958530569174981429e+04
1.059673457470448193e+04
2.744655073255835305e+04
1.192040466592353732e+04
2.113289228058719527e+04
1.217958893676493426e+04
1.159872221656669353e+04
8.814380792798387120e+03
4.548236001093611776e+03
1.882182973359191965e+04
1.446095603921548900e+04
2.843274748494626692e+04
1.825161597378962324e+04
2.123829424229253345e+04
2.615928316997400179e+04
1.662398517687858111e+04
1.494912076705155050e+04
2.306359893722403649e+04
2.725628032941131096e+04
1.738223559701695194e+04
6.120946271541662099e+03
5.471387814681640521e+03
3.209638419812687425e+04
2.943695596796951941e+04
2.606266016648106961e+04
3.278361358455565642e+04
8.382549335058098222e+03
2.986096794579890047e+04
8.865364759389740357e+03
3.166903204256261597e+04
9.581311179007319879e+03
1.233048897632775515e+04
3.277449619851628086e+04
6.773744479580220286e+03
1.241079084435766890e+04
1.221169043514896657e+04
2.323675461743171400e+04
7.403385913842165792e+03
2.902349289037669951e+04
3.042044900985826825e+04
1.810271507538024161e+04
2.339516662769115283e+04
4.167132032087728476e+03
2.893128620867031714e+04
1.639441716734604051e+04
2.939259636863073320e+04
4.886956072490410588e+04
9.303321350504407746e+03
1.334080421028978890e+04
1.762491389535924827e+04
3.785246032420668053e+04
1.466316288820729824e+04
1.018632253595468137e+04
1.190620489308192555e+04
2.280012724270339822e+04
1.060832804263621074e+04
1.250013386690077823e+04
2.480160713023842982e+04
8.889868222622346366e+03
1.254363860370028124e+04
2.083845321527622582e+04
8.265488665449103792e+03
2.661844324485988545e+04
3.318735111150943703e+04
5.010684349219003707e+03
2.803475063454476185e+03
2.096948190088270712e+04
8.871680188251726577e+03
3.793611702147748292e+04
9.579041484262990707e+03
3.992958880843441875e+04
2.340804602019173763e+04
1.921738771826825905e+04
2.042544798871822422e+04
1.688298263421190495e+04
1.490405161432025307e+04
5.599830923947826705e+03
2.187529929636533416e+04
1.867323737905853704e+04
3.512285150838643312e+04
7.028273954712780323e+03
9.348836930652325464e+03
1.391659411725323662e+04
5.690744890833251702e+03
4.118508563130340190e+04
2.094796723953023320e+04
1.789380090916714471e+04
1.155340301775220723e+04
1.612229390822446658e+04
1.825839988461810935e+04
7.723184898796581365e+03
1.966571537373849424e+04
3.176549519123019309e+03
4.268229931294896232e+03
1.049297628146961506e+04
7.401698553049285692e+03
4.975717137943673151e+03
8.933356371213680177e+03
1.166108868607585282e+04
7.341261243862311858e+03
1.819041300986256465e+04
6.117152856042647727e+03
1.630996950099078458e+04
4.513537152768178203e+03
1.239578730022933087e+04
8.487244091406477310e+03
1.163627688928370480e+04
1.061866595464564853e+04
1.459279309593429389e+04
1.596841973089671228e+04
2.968606466840693975e+04
5.272981475167271128e+03
1.749760547322817365e+04
3.039900415607702962e+04
2.445935709010227583e+04
1.962113858595031706e+04
1.221787596674479755e+04
4.305731611311094639e+03
2.628830814413460757e+04
1.368905282766568780e+04
1.621649090449306459e+04
1.810749114946086775e+04
3.468309532892485731e+04
2.619682043849008915e+04
3.926185732334203749e+03
1.499167776841193700e+04
1.029743379029322386e+04
1.338635618710974086e+04
1.536399949076922894e+04
1.445414895513938063e+04
8.696588724214110698e+03
5.873273213048219986e+03
9.313670610223691256e+03
8.878591171964404566e+03
1.627074793031679837e+04
1.263657595972027593e+04
2.586208417784465200e+04
1.768107611673769861e+04
8.852861880438595108e+03
4.127451751838626478e+03
8.433584494974056724e+03
5.501023057857541062e+03
8.666462405737371228e+03
1.364075441144760953e+04
1.656693012494278810e+04
2.565342740003269137e+04
3.205574395926469879e+04
1.839432218423610902e+04
2.476569365489531992e+04
7.851760761118181108e+03
3.881271646625237736e+03
2.214780048408318544e+04
1.735080809271012549e+04
9.644664124925431679e+03
1.484939999404293849e+04
3.351322006489774503e+04
3.186307633694166361e+04
2.216089558723385926e+04
1.722704144679167075e+04
1.884028104983992307e+04
3.829403972263398373e+03
1.833733376070037775e+04
5.253600428740164716e+03
6.525945446656817694e+03
4.101773157259124855e+04
1.707183804502424755e+04
1.092210544975716766e+04
2.655226142409878230e+04
1.415366328037063977e+04
2.030862391772192132e+04
2.249422474590853744e+04
1.373994989690452167e+04
1.470772532132991910e+04
2.369275109968859761e+04
1.108244053102435464e+04
6.284036408817267329e+03
2.470050334285853023e+04
9.125676753596115304e+03
8.379683501274688751e+03
3.575542081159091595e+03
1.534478864290268939e+04
1.494079895575671253e+04
6.061807045444602409e+03
1.454242460570619915e+04
2.862995135466946886e+04
8.958150847330778561e+03
1.152336188645364746e+04
1.838581308740790337e+04
1.896751214805310519e+04
2.353728407245209019e+04
7.716279879439410252e+03
5.626109208979582036e+03
4.119811366743699182e+03
1.442052955866384582e+04
1.743174972248295671e+04
1.441881992061149867e+04
3.119301271995281422e+04
2.278208059633429730e+04
2.005941543849032314e+04
8.913023775167446729e+03
1.238400899344436402e+04
1.555444319154114237e+04
2.505120890164605225e+04
1.545693466178649032e+04
2.052143012099484622e+04
1.548238383850750506e+04
3.330653419724063860e+04
1.484483405336723808e+04
1.724862405607184337e+04
9.236804080808007711e+03
8.218064719180034444e+03
1.261188767740861658e+04
2.166308072901284322e+04
1.331841124733940160e+04
1.695793264511144298e+04
3.036824778971924388e+04
1.103577586284664721e+04
2.848781767701266654e+04
5.058466135704007320e+04
3.718814796771310648e+04
7.367631011424460667e+03
1.707894679898611139e+04
5.225050758147574015e+03
8.636156196212246869e+03
1.191877259915579634e+04
2.643994550607969359e+04
1.026399325430915724e+03
6.797155638597983852e+03
2.428637805435774862e+04
8.873549455343802038e+03
1.125601543373561071e+04
1.885278340142832167e+04
1.992498469472314173e+04
1.000132077268891044e+04
1.584946977166983561e+04
1.277879416716088599e+04
9.910322270666343684e+03
5.285136232174500765e+04
2.438801556274680115e+04
6.908736060379171249e+03
2.253954594804449152e+04
9.283135237430828056e+03
2.621309104493210270e+03
2.527765460459128917e+03
1.771841720621038985e+04
1.769565791794415054e+04
3.447099005427214433e+04
2.120729255405224831e+04
4.798174470298804226e+04
1.990364805194901419e+04
1.074062940595237887e+04
2.494630916366020392e+04
5.585372489098645019e+03
7.102422581605209416e+03
1.158535343876667139e+04
1.588607645507955021e+04
1.761041290800294883e+04
4.702270368032606711e+03
1.916965855136050959e+04
1.937182132272319359e+04
9.973456295292560753e+03
2.216901922632479454e+03
2.528923969594437949e+04
7.989997994901095808e+03
9.254025773059634957e+03
3.707720934666945686e+04
5.788295224700165818e+03
2.478793396507235957e+04
2.725636826550946716e+04
1.707365783153138545e+04
5.008993394397002703e+03
1.705749036655444070e+04
1.553691268224068881e+04
2.061995961653025006e+04
1.557963200740367574e+04
6.694203555663340012e+03
6.546738492120774026e+03
1.898030923478578552e+04
2.071072435007936292e+03
3.181078224561189927e+04
8.952045824715294657e+03
1.990330392155460868e+04
1.303634844818105557e+04
1.436320925844283192e+04
1.587347870988749855e+04
1.695216011300144237e+04
1.548977667878467219e+04
5.116971552118603722e+04
1.319293423798882213e+04
1.153294248744863808e+03
1.308577310834109267e+04
5.427464441761291710e+03
1.339661894424681304e+04
2.315897793458161323e+04
1.205585047696623224e+04
3.150496267362893923e+04
1.269447692064480361e+04
8.231904335728226215e+03
2.991856708143748619e+04
1.935358870950379060e+04
2.966071729637516546e+04
1.956300824666005792e+04
8.500203197802695286e+03
9.636710870573540888e+03
4.432989424731534200e+03
2.129432728962461988e+04
2.277568465168192779e+04
1.142704198394710693e+04
1.184290345027094736e+04
5.237652844074332097e+04
2.647618067638682987e+04
1.576523963600626303e+04
1.509405844093668748e+04
1.247215300510081579e+04
2.517121086332148843e+04
3.543399379662600404e+04
2.150374097388124574e+04
2.039205297055952542e+04
5.855283870407874929e+04
1.118426770051368112e+04
3.883667598805173475e+04
1.479833350057213647e+04
1.059433831439586720e+04
2.464666796451785558e+04
4.082703549015560566e+04
8.461742683387521538e+03
1.222283646344017689e+04
1.034719143854610957e+04
1.030310502390983675e+04
9.828004505551454713e+03
1.487629994208460994e+04
4.109579394599532861e+03
3.492103809766400809e+04
4.343137946145163005e+04
1.574362418470341800e+04
3.728711525167298532e+04
3.103168007967855374e+04
8.713321670256125799e+03
3.219534811428644753e+04
3.608782815218386531e+04
3.577210774261324696e+04
2.100748473026812280e+04
1.348705788534870862e+03
1.075372448665707998e+04
2.191721407973454188e+04
1.749492664792032883e+04
2.073403549904689135e+04
8.851232423056513653e+03
1.109963752600988300e+04
1.023149780220818684e+04
2.088466376619624498e+04
2.033184768338011418e+04
2.083501026342114710e+04
8.300234711513148795e+03
4.313507543067898951e+03
1.567643419807540886e+04
2.176140683590006302e+04
6.244823271036056394e+04
6.925003772789212235e+03
4.913653994424355005e+03
2.600721195155433179e+03
1.587826592790414179e+04
3.594887840520440659e+04
2.473966931916055546e+04
1.445948957222396530e+04
1.158543837578342755e+04
1.892867878905445832e+04
2.306885567332504070e+04
2.241796395261338694e+04
2.585789942237905780e+04
1.802042737008861513e+04
9.304722765139059675e+02
1.633255734165825197e+04
1.867264282715957506e+03
2.473548836301318443e+04
1.979321489953040509e+04
1.144522506504462581e+04
7.759652956285534856e+03
2.902667909290364696e+04
1.083520351574801498e+04
2.183193418710103651e+04
1.801246415175322909e+04
1.252145214845496048e+04
1.757536223773570237e+04
2.250539383619854198e+04
2.668097809156763469e+04
1.234121371690216620e+04
1.359866603370877783e+04
2.937123259777062776e+04
2.359172659705894694e+04
2.904576064878635952e+04
2.238366460960522454e+04
2.988610076327201386e+04
1.557003050855109905e+04
1.419510768092769649e+04
2.327444301849539988e+04
2.513672046259882700e+04
2.143789334383601090e+04
5.444483093713424751e+03
2.108210891206738233e+04
1.151321993420567742e+04
2.108289726513366531e+03
3.198361325628575651e+04
3.562324141396267078e+04
3.441397040773122717e+04
9.436319520561042737e+03
3.385069514290566440e+04
3.212853179055857981e+04
9.062120853302263640e+03
1.099945341988121436e+04
2.483521001994302424e+04
1.026167166529992392e+04
3.784024559143819715e+03
2.490835285965667936e+04
1.774956194362087263e+04
1.811385148088596179e+04
2.388279690836154987e+04
1.309055410333698273e+04
7.374662911351628281e+03
1.192419394443786950e+04
9.167654052807978587e+03
5.226419465623845099e+03
2.477986495523204212e+04
1.229889732544992512e+04
6.000179509821878128e+03
1.102171395695186766e+04
3.220691080303630770e+03
3.906829029963437642e+04
1.474459539402940572e+04
1.418593656954895414e+04
1.910786250815374660e+04
1.041899422607354791e+04
2.274259296178213845e+04
1.403638605905268014e+04
8.369628745786489162e+03
1.160417829334653106e+04
1.484193220618448686e+04
1.873518879115954769e+04
1.477239333647198509e+04
1.266302444713646946e+04
1.583501630834327807e+04
2.290202188534011657e+04
2.260624145976965519e+04
2.006051542764146870e+04
1.735608432932587311e+04
8.890439797504152011e+03
1.021605620748846013e+04
2.257365242492711695e+04
1.728421346030566201e+04
1.183289046634261467e+04
7.818228260243496152e+03
1.968088105425466347e+04
7.618748367812107972e+03
4.335432486372816493e+04
3.508347464727920851e+03
2.784367387513061476e+04
1.224943009451062971e+04
9.660630804344393255e+03
3.188347982407924428e+04
2.278455437230359894e+04
1.770714466664893189e+04
2.428254874513881805e+04
8.460195003607135732e+03
8.757707207972067408e+03
2.416289817291481450e+04
1.091170259200397231e+04
4.427971691469463985e+04
1.270425928349006244e+04
2.454466552599484203e+04
2.807377984688488505e+04
3.050489584815999842e+04
4.550515183937363327e+04
3.659534203038919077e+04
1.018764217067271420e+04
3.536317159836716019e+04
1.825493676196303568e+04
1.434536843842770395e+04
5.507489075880635028e+03
2.081903442203698069e+04
2.080889295095138004e+04
3.318790397930915060e+04
9.917403727736860674e+03
1.083102526400684837e+04
2.790219801891375027e+04
1.062363777385551293e+04
2.044023163231110811e+04
2.255887912464243709e+04
1.788778580614143357e+04
1.664917891902944393e+04
8.220869816059017467e+03
3.272550826802909432e+04
5.391774423686633963e+04
1.502423538302911220e+04
5.635958699332320975e+03
8.591049026194770704e+03
1.485627900021150163e+04
3.796619630553736897e+03
1.344605751466536822e+04
1.189642009344111284e+04
5.567386946378663561e+04
1.015562283548904634e+04
7.461841396906709633e+03
8.158955924871093885e+03
7.683451796301093054e+03
2.092420116595962463e+04
1.602498327203862755e+04
4.190726200555103424e+04
4.596718065729037335e+04
2.418138242529356648e+04
2.139270906179780650e+04
1.243231825209868475e+04
1.510156188839006427e+04
1.016977600802585948e+04
2.536877085152596192e+04
2.110714617071287648e+04
3.164475878075146466e+04
2.392513724760748119e+03
1.763995319920753172e+04
2.783860267387444765e+04
6.577319687784071903e+03
1.921371663230966533e+03
2.828407329159580695e+04
7.305830600271150615e+03
1.530370503764382192e+04
2.567762771546374097e+03
1.640499211197945260e+04
1.469573850605264670e+04
2.185341571428975658e+04
1.142293163222126168e+04
1.257142210117278591e+04
2.248960862778424780e+04
1.758057363937922855e+04
1.480579130796393110e+04
4.627945427754955745e+04
1.422242870560341544e+04
4.570421626880587428e+04
8.202211411760761621e+03
1.390617006389655216e+04
4.836656825631616812e+04
2.164438725447863544e+04
2.217498232656292021e+04
9.646884970354556572e+03
1.741642010818319613e+04
1.011681632670325780e+04
6.653164172740440699e+04
6.986421441273881783e+02
3.171592068341277627e+04
1.794637144004548827e+04
3.849989998493831808e+04
2.002274459616333843e+04
7.342836412847394058e+03
2.369790839552084071e+04
1.094787703750216315e+04
1.475185467562160738e+04
8.138031216539937304e+03
1.204935257879468008e+04
3.983242149393744057e+03
2.394651438930738368e+04
2.277042979812574049e+04
2.817759313472768190e+04
1.618048796135215525e+04
1.312571011113176610e+04
2.086246386523150431e+04
2.900266939652116707e+04
1.461495830326571559e+04
3.433802781550660438e+04
3.121345763806289688e+04
6.147801161407900508e+03
1.407313310779979111e+04
1.100040922955964379e+04
1.072815869886984001e+04
1.756449672205247407e+04
1.631907902577443565e+04
3.248924467381809882e+04
2.243048781355195388e+04
1.015162452283638049e+04
1.247149001734057674e+04
9.896122248684256192e+03
1.499891717177403916e+04
3.957050683896661212e+04
2.153361090103376773e+04
1.979448435402456016e+04
2.440086622244082537e+04
1.679517425589014965e+04
1.598081465368210047e+04
8.244718305309699645e+03
1.567745355315867346e+04
1.826540223393725000e+03
3.388942707553109358e+04
2.502901541804000590e+04
1.920603179262565027e+04
7.579800462547225834e+03
9.024053287820204332e+02
3.440844982951340171e+03
1.810743525639546351e+04
1.857675038978088560e+04
3.375577693573710712e+04
1.604768688801575627e+04
1.436668815415557037e+04
2.318410382844619016e+04
1.893243684106795263e+04
2.927526632383474498e+04
1.019275875008906041e+04
1.236700749682115202e+04
1.467689026674277557e+04
3.245134809892811063e+03
5.321895587656395219e+04
1.405506104072346534e+04
1.332728778873475312e+04
2.031125701970699083e+04
3.195020694489882317e+03
1.279155412537588563e+04
2.178718650350498501e+04
6.180565580552411120e+03
1.481787542868073433e+04
1.747517503641558142e+04
1.925019624075007960e+04
4.266831223795634287e+04
1.034886968727233943e+04
1.395750122800202553e+04
2.524800194730667863e+04
3.040315314574406148e+04
1.223270386465127922e+04
1.048042796611699305e+04
1.826675965885979531e+04
1.080885780202611204e+04
6.760643190588783000e+03
2.339808501556303963e+04
1.285466052513118120e+04
6.257276639094039638e+03
3.916983619179829839e+04
8.368114526323535756e+03
2.641337108383890518e+04
1.628982214373595343e+04
1.030727811499175732e+04
8.513005127341371917e+03
2.682001258673530174e+04
4.673275816652128015e+03
1.502494459327212098e+04
1.048656251306079685e+04
1.836609832428119626e+04
4.422031830501091463e+04
9.292183395169882715e+03
2.019413722811558546e+04
3.974920512355307892e+03
6.815839999439660460e+03
1.363294673635482104e+04
3.997151906810305809e+04
2.217517478746976485e+04
1.574131493126634086e+04
9.100567815388385497e+03
1.503031043832406431e+04
1.438917460628128356e+04
5.017950392065437882e+03
4.317063739034256287e+03
1.865099745920285932e+04
1.111903626077894660e+04
3.070419027640828426e+04
1.681148368572592153e+04
9.896166134309167319e+03
6.295861974207451567e+03
1.374019299537014740e+04
6.026552648613647762e+03
1.167646899334358750e+04
2.144295691947330852e+03
1.951354399156480213e+04
2.465511297930779983e+04
5.587590677082813272e+03
6.748203441347264743e+03
2.023699426747103280e+04
1.659493115074867819e+04
1.230065459224806182e+04
6.787215031859905139e+03
1.243590252786254132e+04
1.685444895019702744e+04
2.361765101024900650e+04
1.065422908253427886e+04
9.122402812427357276e+03
1.748765877079430356e+04
1.639280322765418532e+04
4.311374370814250142e+04
2.848271744819520336e+03
1.142898021102257917e+04
9.866070746048815636e+03
1.452551508348783318e+04
1.822882354542946632e+04
3.107969504037801926e+03
1.276915795984487522e+04
3.570281069123479392e+04
5.423143183697475251e+03
9.842100486885337887e+03
1.209438555925991068e+03
2.250912967990114703e+04
8.835935050678313928e+03
1.775054143383707924e+04
1.632032110700432713e+04
3.966491490236769096e+03
9.340447883280770839e+03
1.844881673573589796e+04
1.006418807837720306e+04
5.027976384779664841e+03
2.691916618342046786e+04
1.921163866681117725e+04
1.853744895147948773e+04
3.060246015007133792e+03
2.105523078878317392e+04
2.697833909246475378e+04
3.077806509605066458e+04
2.734848164699274639e+04
1.489441988140121794e+04
1.230864025209145802e+04
2.338535907836351544e+04
7.636699172057180476e+03
1.912562481456225214e+04
2.618855489709035737e+03
1.510236250867187664e+04
3.248906131353293858e+03
1.994182906229412765e+04
3.642070170257690188e+04
6.813300907387598272e+03
7.534732601680413609e+03
3.168054730552341789e+04
2.019978680527645338e+04
1.502366503782825021e+04
2.645609039341491734e+04
2.384916062525681627e+04
1.806429175079640845e+04
4.263999697297122475e+04
9.420735893975897852e+03
6.761162400880584755e+03
2.992706396355592733e+04
2.310330022094315063e+04
3.615391526114717180e+03
1.026328390065455824e+04
1.841785434687074303e+04
1.635251903344206039e+04
1.281171489413999188e+04
1.644297440013464802e+04
1.448321447363969310e+04
2.906312825947590318e+04
2.532237658739030303e+04
7.262693082813973888e+03
6.051133751984734772e+03
4.032558744331943308e+04
1.032591359987151009e+04
1.071650404942008026e+04
1.908878903773963975e+04
1.575290731066620356e+04
3.551097938535923458e+04
2.517855074058187529e+04
1.559911506108954563e+04
1.102345198748050097e+04
5.684288381962162384e+04
3.557155874108469106e+03
4.819427590582435369e+04
1.379276735571374957e+04
1.293138590890796331e+04
9.558016225685478275e+03
1.574007928026450827e+04
3.463049841651610041e+04
2.529147835158591988e+03
1.799458681059770606e+04
1.233135964796532971e+04
3.918990454912258429e+04
1.283626378265218591e+04
2.735488499999035048e+04
2.628906831343872545e+04
9.428789698226195469e+03
9.152412974667307935e+03
3.922159084278008231e+04
6.369702433123046831e+03
9.459451085934841103e+03
3.264714305146419429e+04
4.737492277572558669e+04
6.356334755276581745e+03
4.838301832490276865e+03
2.684962426626491288e+04
1.032132379622371809e+04
1.407883417762165482e+04
1.717586383470332294e+04
3.090891615781571090e+04
2.737639678177666065e+04
3.195452450746024260e+04
1.909541130504711691e+04
1.264367816697927628e+04
1.591292184873704900e+04
1.648628872093820610e+04
2.536579843652512500e+04
3.340301883312847349e+04
5.239574838225122221e+03
2.539220140826920397e+04
2.195178448864121674e+04
1.079462485770622698e+04
1.749094686016897685e+04
2.174798742100695381e+04
6.140406696032579021e+03
4.103504875696018280e+04
2.350316596801118794e+04
2.015210270928990940e+04
1.821116067316359477e+04
1.746888430561783025e+04
1.032429176119377189e+04
3.016853386027193483e+04
4.986731310429300356e+04
3.705923862813689630e+04
1.230893111378937829e+04
3.232243709079081236e+04
1.602289646731917492e+04
1.018328616379770028e+04
7.340545304131675039e+03
7.443224842133770835e+03
2.186002189087455918e+04
2.547261274735461484e+04
4.618703333884775930e+04
2.622988290960352606e+04
1.085787803259790599e+04
1.750446942096018029e+04
1.265779149612731453e+04
3.631170559219585266e+04
-7.518131882405647275e+02
1.996207835748893194e+04
1.402574436714526018e+04
6.227594368407311777e+03
3.243230049843500092e+04
2.196169030585588189e+04
9.421452103059891670e+03
1.259633661941637365e+04
1.284860722127321606e+04
8.117669875466379381e+03
2.026794503846392763e+04
1.379252359519522906e+04
7.633922325338095106e+03
3.851213569250484579e+04
9.105877489859391062e+03
9.848634311858499132e+03
2.137838777198581010e+04
1.932483942384202601e+04
1.121470263089043146e+04
5.746614025622782719e+03
2.410223533855848655e+04
7.883102285857806237e+03
2.759503471797360180e+04
3.730541131551433409e+03
1.637730612896777347e+04
9.000840651417400295e+03
1.169024350568690170e+04
3.392582888096250826e+04
3.203559191160604678e+04
2.058075817037517845e+04
2.657570632827534791e+04
1.296553823672533326e+04
1.555777608643903113e+04
3.235824588918484551e+03
1.687067117081292236e+04
1.865889710324806219e+04
3.126575149251038238e+04
1.965654622186241249e+04
1.469223867014927055e+04
5.331729374888727762e+03
6.647559260343155074e+03
1.413157704360921343e+04
7.741622522917520655e+03
2.403432261403430311e+04
1.057969749592481821e+04
1.307042861137713408e+04
8.653709257869011708e+03
2.626966623621349208e+04
3.026309445919158679e+04
1.428589719005858751e+04
1.071758463601406947e+04
1.354195122289112987e+04
1.001851519848814132e+04
3.141294287864789294e+04
2.008753772345121979e+04
1.135301990407459743e+04
2.095016228298086207e+04
2.569893253856169395e+03
2.764610525515664267e+04
1.300763046526543985e+04
2.082694091944941829e+04
3.739208810394475586e+04
4.192515778908610810e+04
8.151582004386028530e+03
1.587813485748389667e+03
3.857567644503718475e+04
1.658673344786580856e+04
2.697533711714607125e+04
1.380124817329642792e+04
1.214548722837672540e+04
1.431886843381738436e+04
2.203388217672879546e+04
4.966315911310842785e+04
1.123955797074161637e+04
1.259990528966195780e+04
1.111432415780745578e+04
9.548058601742635801e+03
2.933443800375381397e+04
3.432949956077340903e+04
5.808402389012069034e+04
