6.987472986012814799e+05
8.837646469831566792e+05
8.887053311224817298e+05
7.770807156707673566e+05
9.222531390221883776e+05
8.317179571172224823e+05
9.044521713224959094e+05
8.848396840046773432e+05
8.435113958442735020e+05
1.022421301890370902e+06
9.712135936943995766e+05
8.457517583535048179e+05
9.534120787338102236e+05
8.147396250189095736e+05
7.491032037998727756e+05
7.997449616275719600e+05
8.948519055295345606e+05
7.827780179616831010e+05
1.041151654974276898e+06
9.172581668056801427e+05
8.328571102592103416e+05
9.781207184573789127e+05
1.030084414197692065e+06
8.681631558615477988e+05
8.766783476147563197e+05
6.748886793568673311e+05
8.969449789597758790e+05
1.025442490801940905e+06
9.263908643000267912e+05
9.520273786987881176e+05
