9.798561523437500000e+03
1.074392089843750000e+04
9.913354492187500000e+03
9.804717773437500000e+03
1.232405761718750000e+04
1.416244433593750000e+04
1.362615429687500000e+04
1.440127832031250000e+04
1.757226367187500000e+04
1.423636621093750000e+04
1.645417382812500000e+04
1.425694628906250000e+04
1.658239843750000000e+04
1.584784667968750000e+04
1.703749804687500000e+04
1.730037109375000000e+04
1.602068750000000000e+04
1.636818945312500000e+04
1.717374804687500000e+04
1.638101171875000000e+04
1.740366992187500000e+04
1.748898242187500000e+04
1.559867089843750000e+04
1.648142187500000000e+04
1.693292187500000000e+04
1.584269335937500000e+04
2.177063281250000000e+04
1.562842187500000000e+04
1.689977734375000000e+04
2.152135546875000000e+04
1.820980273437500000e+04
1.655870117187500000e+04
1.804108984375000000e+04
1.856373828125000000e+04
1.711533593750000000e+04
1.738972656250000000e+04
1.736935546875000000e+04
2.190217187500000000e+04
2.077108789062500000e+04
2.477850781250000000e+04
1.976197070312500000e+04
1.912437500000000000e+04
2.002764257812500000e+04
1.847186718750000000e+04
1.777188281250000000e+04
2.155017187500000000e+04
1.810446093750000000e+04
2.270835156250000000e+04
2.018616796875000000e+04
2.425286328125000000e+04
2.486474609375000000e+04
2.040589453125000000e+04
2.298888476562500000e+04
2.269287500000000000e+04
2.247584375000000000e+04
1.927564062500000000e+04
1.955814648437500000e+04
1.913608789062500000e+04
2.278195117187500000e+04
2.407964648437500000e+04
2.064265234375000000e+04
2.309710546875000000e+04
2.276442578125000000e+04
2.381282617187500000e+04
1.907516796875000000e+04
2.146089648437500000e+04
2.449847656250000000e+04
2.065589062500000000e+04
2.053816992187500000e+04
1.740122265625000000e+04
2.321004296875000000e+04
2.142179882812500000e+04
2.224967187500000000e+04
2.765039648437500000e+04
1.919799218750000000e+04
2.250785351562500000e+04
2.334180468750000000e+04
2.083959765625000000e+04
1.961162109375000000e+04
2.570264453125000000e+04
2.337427148437500000e+04
2.443237500000000000e+04
2.160758398437500000e+04
2.391903515625000000e+04
1.992060546875000000e+04
2.481247070312500000e+04
2.494128320312500000e+04
2.228945703125000000e+04
2.107431250000000000e+04
2.516691992187500000e+04
2.287665625000000000e+04
2.085981250000000000e+04
2.517275976562500000e+04
2.546181250000000000e+04
2.491618554687500000e+04
2.499701562500000000e+04
2.244643750000000000e+04
2.219995898437500000e+04
2.096771679687500000e+04
2.308034375000000000e+04
2.557410546875000000e+04
2.421093945312500000e+04
2.526173046875000000e+04
2.340506250000000000e+04
2.880925195312500000e+04
2.629709375000000000e+04
2.766076171875000000e+04
2.510014453125000000e+04
2.079089453125000000e+04
2.547283398437500000e+04
2.250376171875000000e+04
2.506899609375000000e+04
2.412006445312500000e+04
2.529903906250000000e+04
2.230120312500000000e+04
2.380796679687500000e+04
2.581841406250000000e+04
2.140031445312500000e+04
2.583364453125000000e+04
2.704837695312500000e+04
2.316216796875000000e+04
2.578444140625000000e+04
2.164542968750000000e+04
2.465827343750000000e+04
2.818205859375000000e+04
2.324920312500000000e+04
2.403059179687500000e+04
2.464476171875000000e+04
2.534637500000000000e+04
2.332419726562500000e+04
2.131530859375000000e+04
2.778853125000000000e+04
2.154017187500000000e+04
2.348909960937500000e+04
2.399687500000000000e+04
2.276051953125000000e+04
2.524643750000000000e+04
2.604818359375000000e+04
2.486823828125000000e+04
2.423867968750000000e+04
2.568852734375000000e+04
2.274067187500000000e+04
2.342966015625000000e+04
2.549548046875000000e+04
2.217549218750000000e+04
2.461764843750000000e+04
2.722074023437500000e+04
2.041966406250000000e+04
2.384294921875000000e+04
2.330686523437500000e+04
2.718183593750000000e+04
2.316891015625000000e+04
2.622972656250000000e+04
2.666377929687500000e+04
2.682091601562500000e+04
2.501227539062500000e+04
2.341926562500000000e+04
2.407553906250000000e+04
2.189715039062500000e+04
2.122664648437500000e+04
2.241948828125000000e+04
2.625978906250000000e+04
2.139531054687500000e+04
2.406591601562500000e+04
2.660694140625000000e+04
2.092341601562500000e+04
2.278748632812500000e+04
2.144188085937500000e+04
2.396594726562500000e+04
2.345229492187500000e+04
2.601312695312500000e+04
2.294119531250000000e+04
2.531479882812500000e+04
2.814694140625000000e+04
2.455215625000000000e+04
2.344135937500000000e+04
2.189921875000000000e+04
2.685408593750000000e+04
2.357066992187500000e+04
2.382875781250000000e+04
2.094466796875000000e+04
2.111441015625000000e+04
2.430123437500000000e+04
2.507289453125000000e+04
2.258977343750000000e+04
2.254983593750000000e+04
2.417973242187500000e+04
2.291452539062500000e+04
2.518148632812500000e+04
2.178856250000000000e+04
2.278332226562500000e+04
2.599064453125000000e+04
2.152694140625000000e+04
2.162138867187500000e+04
2.112653125000000000e+04
2.493187304687500000e+04
2.335878125000000000e+04
2.534292187500000000e+04
2.311348437500000000e+04
2.118886914062500000e+04
2.367860156250000000e+04
2.476314062500000000e+04
2.340391406250000000e+04
2.427460546875000000e+04
2.117946679687500000e+04
2.629126953125000000e+04
2.032390625000000000e+04
2.479060351562500000e+04
2.136823828125000000e+04
2.429805859375000000e+04
2.379941796875000000e+04
2.490589843750000000e+04
2.383946093750000000e+04
2.484186132812500000e+04
2.529576562500000000e+04
2.279446875000000000e+04
1.975922070312500000e+04
2.459979101562500000e+04
2.648594335937500000e+04
2.076244531250000000e+04
2.307589843750000000e+04
2.265688476562500000e+04
2.154694531250000000e+04
2.445908984375000000e+04
2.579451757812500000e+04
2.429234765625000000e+04
2.125050000000000000e+04
2.502433984375000000e+04
2.155801953125000000e+04
2.240830468750000000e+04
2.418667968750000000e+04
2.086197070312500000e+04
2.371607812500000000e+04
2.054810937500000000e+04
2.102742968750000000e+04
1.994577148437500000e+04
2.303883398437500000e+04
2.341150195312500000e+04
2.309981054687500000e+04
2.158853125000000000e+04
2.475969335937500000e+04
2.425476953125000000e+04
2.448868750000000000e+04
2.173465625000000000e+04
2.220169726562500000e+04
2.417303320312500000e+04
2.020042968750000000e+04
2.194174023437500000e+04
2.459630859375000000e+04
2.353945312500000000e+04
2.426059375000000000e+04
2.168117187500000000e+04
2.249957421875000000e+04
2.280632617187500000e+04
2.387125976562500000e+04
2.829596093750000000e+04
2.302792382812500000e+04
2.232139648437500000e+04
2.635393359375000000e+04
2.224311328125000000e+04
2.307178515625000000e+04
2.301588867187500000e+04
2.154333203125000000e+04
2.358898828125000000e+04
2.549277539062500000e+04
2.294584375000000000e+04
2.130939257812500000e+04
2.097657421875000000e+04
2.237599414062500000e+04
2.645730273437500000e+04
2.379150585937500000e+04
2.241071484375000000e+04
2.331792968750000000e+04
2.491008007812500000e+04
2.322577929687500000e+04
2.275715039062500000e+04
2.325017968750000000e+04
2.692390039062500000e+04
2.380380468750000000e+04
2.375648632812500000e+04
2.722818359375000000e+04
2.337482812500000000e+04
2.219520703125000000e+04
2.257153125000000000e+04
2.435820703125000000e+04
2.552690625000000000e+04
2.156284375000000000e+04
2.331802343750000000e+04
2.274304101562500000e+04
2.490519140625000000e+04
2.572015039062500000e+04
2.259795312500000000e+04
2.070979687500000000e+04
2.336529687500000000e+04
2.551012500000000000e+04
2.843160156250000000e+04
2.297809570312500000e+04
2.273850000000000000e+04
2.416006250000000000e+04
2.341166992187500000e+04
2.200077539062500000e+04
2.578379687500000000e+04
2.418806640625000000e+04
2.253149609375000000e+04
2.749827734375000000e+04
2.288977148437500000e+04
2.581216406250000000e+04
2.328533398437500000e+04
1.898721484375000000e+04
2.337592187500000000e+04
2.475883398437500000e+04
2.066989648437500000e+04
2.177733203125000000e+04
2.565480468750000000e+04
2.463985546875000000e+04
2.468148046875000000e+04
2.642776757812500000e+04
2.677059765625000000e+04
2.421406835937500000e+04
2.345932226562500000e+04
2.385316992187500000e+04
2.507599023437500000e+04
2.212059765625000000e+04
2.495264062500000000e+04
2.149175390625000000e+04
2.625791406250000000e+04
2.553657812500000000e+04
2.438229492187500000e+04
2.305847851562500000e+04
2.325473828125000000e+04
2.224677343750000000e+04
2.476033984375000000e+04
2.270826367187500000e+04
2.439835351562500000e+04
2.166795312500000000e+04
2.418378906250000000e+04
2.069328906250000000e+04
2.814136523437500000e+04
2.356898437500000000e+04
2.621196875000000000e+04
2.390429687500000000e+04
2.407249804687500000e+04
2.368219531250000000e+04
2.444437304687500000e+04
2.367956640625000000e+04
2.927685546875000000e+04
2.484231640625000000e+04
2.504668359375000000e+04
2.182446093750000000e+04
2.344014843750000000e+04
2.173118750000000000e+04
2.404126171875000000e+04
2.488451562500000000e+04
2.252004687500000000e+04
2.772561718750000000e+04
2.302612304687500000e+04
2.314582617187500000e+04
2.278737890625000000e+04
2.449327539062500000e+04
2.475729296875000000e+04
2.431179296875000000e+04
2.430222460937500000e+04
2.122793750000000000e+04
2.316064843750000000e+04
3.111119140625000000e+04
2.148171093750000000e+04
2.808596875000000000e+04
2.469772851562500000e+04
2.403789843750000000e+04
2.309963671875000000e+04
2.393280468750000000e+04
2.407477929687500000e+04
2.505828710937500000e+04
2.686437500000000000e+04
2.228881640625000000e+04
2.256205468750000000e+04
2.604108398437500000e+04
2.531449609375000000e+04
2.742564257812500000e+04
2.670139257812500000e+04
2.480923437500000000e+04
2.239885937500000000e+04
2.825895117187500000e+04
2.408139843750000000e+04
2.622825195312500000e+04
2.643724609375000000e+04
2.546917187500000000e+04
2.116154296875000000e+04
2.454716210937500000e+04
2.036282031250000000e+04
2.483275000000000000e+04
2.813313476562500000e+04
2.919106054687500000e+04
2.870462500000000000e+04
2.768518750000000000e+04
2.656748242187500000e+04
2.969230859375000000e+04
2.365605078125000000e+04
2.419473828125000000e+04
2.418801367187500000e+04
2.444527734375000000e+04
2.346381640625000000e+04
2.334932812500000000e+04
2.711592578125000000e+04
2.502391406250000000e+04
2.515648828125000000e+04
2.224944531250000000e+04
2.538953906250000000e+04
2.674028320312500000e+04
2.198471484375000000e+04
2.202760546875000000e+04
2.524026367187500000e+04
2.563609375000000000e+04
2.587000781250000000e+04
2.281620312500000000e+04
2.876096289062500000e+04
2.207901171875000000e+04
2.281736914062500000e+04
2.813163671875000000e+04
2.405268750000000000e+04
2.716888085937500000e+04
2.563116015625000000e+04
2.672905664062500000e+04
2.604079296875000000e+04
2.191415429687500000e+04
2.146321289062500000e+04
2.590605859375000000e+04
2.410245312500000000e+04
2.171452734375000000e+04
2.128662890625000000e+04
2.551375585937500000e+04
2.698901953125000000e+04
2.405977734375000000e+04
2.633487500000000000e+04
2.355471875000000000e+04
2.571536718750000000e+04
2.565999218750000000e+04
2.728647656250000000e+04
2.702782617187500000e+04
2.180065625000000000e+04
2.366079687500000000e+04
2.566775000000000000e+04
2.286484375000000000e+04
2.376453710937500000e+04
2.423480078125000000e+04
2.445707812500000000e+04
2.823066796875000000e+04
2.639003515625000000e+04
2.436637304687500000e+04
2.370895898437500000e+04
2.081522656250000000e+04
2.083933984375000000e+04
2.487896484375000000e+04
2.350528125000000000e+04
2.276721679687500000e+04
2.347745703125000000e+04
2.248662890625000000e+04
2.605427734375000000e+04
2.344865234375000000e+04
2.300473242187500000e+04
2.125753515625000000e+04
2.119303320312500000e+04
2.355055664062500000e+04
2.264535156250000000e+04
2.348530859375000000e+04
2.507701757812500000e+04
2.343252343750000000e+04
1.901484375000000000e+04
2.363442578125000000e+04
2.268550781250000000e+04
2.321952929687500000e+04
2.472784960937500000e+04
2.238915820312500000e+04
2.668069726562500000e+04
2.495231835937500000e+04
2.282901171875000000e+04
2.908098632812500000e+04
2.249762890625000000e+04
2.381823046875000000e+04
2.469142187500000000e+04
2.621611718750000000e+04
2.252317968750000000e+04
2.298880468750000000e+04
2.130370312500000000e+04
2.263430859375000000e+04
2.375706640625000000e+04
2.381191406250000000e+04
2.242369726562500000e+04
2.387266015625000000e+04
2.432159765625000000e+04
2.274450976562500000e+04
2.421942187500000000e+04
2.509887500000000000e+04
2.412895312500000000e+04
2.119505078125000000e+04
2.943110742187500000e+04
2.869729101562500000e+04
2.528016796875000000e+04
2.335558789062500000e+04
2.660784179687500000e+04
2.339347070312500000e+04
2.225007812500000000e+04
2.572080468750000000e+04
2.456517968750000000e+04
2.217658007812500000e+04
2.319203320312500000e+04
2.800991015625000000e+04
2.275739648437500000e+04
2.531260156250000000e+04
2.164227148437500000e+04
2.085241796875000000e+04
2.501001171875000000e+04
2.848492187500000000e+04
2.610549804687500000e+04
2.348599218750000000e+04
2.379355859375000000e+04
2.633681835937500000e+04
2.712916406250000000e+04
2.661674804687500000e+04
2.313562890625000000e+04
2.367994726562500000e+04
2.364012890625000000e+04
2.525411718750000000e+04
2.648164453125000000e+04
2.478855664062500000e+04
2.425191015625000000e+04
2.225138281250000000e+04
2.161228906250000000e+04
2.725003125000000000e+04
2.542592187500000000e+04
2.839675000000000000e+04
2.326949609375000000e+04
2.367605468750000000e+04
2.417291601562500000e+04
2.399638085937500000e+04
2.500701562500000000e+04
2.338509375000000000e+04
2.199593750000000000e+04
2.270739257812500000e+04
2.185799804687500000e+04
2.356474609375000000e+04
2.405567382812500000e+04
2.252263085937500000e+04
2.575975195312500000e+04
2.645785156250000000e+04
2.294937890625000000e+04
2.293348046875000000e+04
2.469149023437500000e+04
2.482312890625000000e+04
2.117825195312500000e+04
2.761607226562500000e+04
2.645911328125000000e+04
2.171226562500000000e+04
2.955278125000000000e+04
2.908660742187500000e+04
2.527580468750000000e+04
2.599102343750000000e+04
2.510569921875000000e+04
2.752059570312500000e+04
2.406958984375000000e+04
2.165337109375000000e+04
2.503484179687500000e+04
2.690830664062500000e+04
2.562982031250000000e+04
2.354031054687500000e+04
2.356525585937500000e+04
2.552737109375000000e+04
2.580545117187500000e+04
2.361807421875000000e+04
2.436486328125000000e+04
2.452653515625000000e+04
2.285248632812500000e+04
2.582841796875000000e+04
2.425944140625000000e+04
2.416932812500000000e+04
2.367306640625000000e+04
2.409379882812500000e+04
2.696234765625000000e+04
2.304852734375000000e+04
2.554167578125000000e+04
2.145566796875000000e+04
2.092507421875000000e+04
2.635576953125000000e+04
2.646081640625000000e+04
2.499996679687500000e+04
2.768395898437500000e+04
2.599113867187500000e+04
2.414494531250000000e+04
2.455662500000000000e+04
3.038632812500000000e+04
2.502644140625000000e+04
2.523909960937500000e+04
2.711414062500000000e+04
2.195064648437500000e+04
2.501805078125000000e+04
2.681062890625000000e+04
2.897708984375000000e+04
2.541845117187500000e+04
2.433625390625000000e+04
2.551959179687500000e+04
2.287674609375000000e+04
2.504878906250000000e+04
2.778340429687500000e+04
2.680317773437500000e+04
2.700338671875000000e+04
2.727675195312500000e+04
2.154196289062500000e+04
2.329534765625000000e+04
2.945086718750000000e+04
2.247298828125000000e+04
2.574632617187500000e+04
2.465541015625000000e+04
2.848472265625000000e+04
2.390224218750000000e+04
2.410332812500000000e+04
2.553449804687500000e+04
2.552979882812500000e+04
2.283954492187500000e+04
2.598708398437500000e+04
2.400735156250000000e+04
2.366299804687500000e+04
2.350230859375000000e+04
2.542541796875000000e+04
2.422220703125000000e+04
2.550226562500000000e+04
2.448485546875000000e+04
2.010613671875000000e+04
2.436042187500000000e+04
2.591083984375000000e+04
2.551880078125000000e+04
2.785958203125000000e+04
2.282417968750000000e+04
2.758102343750000000e+04
2.400543750000000000e+04
2.306774023437500000e+04
2.058952539062500000e+04
2.420976171875000000e+04
2.372903906250000000e+04
2.899939257812500000e+04
2.765699414062500000e+04
2.115702148437500000e+04
2.420891015625000000e+04
2.266550195312500000e+04
2.415482812500000000e+04
1.992366406250000000e+04
2.807465625000000000e+04
2.774979101562500000e+04
2.605469531250000000e+04
2.473520507812500000e+04
2.500115039062500000e+04
2.592884765625000000e+04
2.491251171875000000e+04
2.512471679687500000e+04
2.746576953125000000e+04
2.380244726562500000e+04
2.670236718750000000e+04
2.876364062500000000e+04
2.592179296875000000e+04
2.959871093750000000e+04
2.406288281250000000e+04
2.556878906250000000e+04
2.661829101562500000e+04
2.392228320312500000e+04
2.294473828125000000e+04
2.813483203125000000e+04
2.434355078125000000e+04
2.780578906250000000e+04
2.530866015625000000e+04
2.608388281250000000e+04
2.207894921875000000e+04
2.589280664062500000e+04
2.283645703125000000e+04
2.458582031250000000e+04
2.318071875000000000e+04
2.596698828125000000e+04
2.382535156250000000e+04
2.651302343750000000e+04
2.418356054687500000e+04
2.686664648437500000e+04
2.961923437500000000e+04
2.677809960937500000e+04
2.618574414062500000e+04
2.378179492187500000e+04
2.276232617187500000e+04
2.915748437500000000e+04
2.777640625000000000e+04
2.788070898437500000e+04
2.632610742187500000e+04
2.502674218750000000e+04
2.504755078125000000e+04
2.614969140625000000e+04
2.566825390625000000e+04
2.509540234375000000e+04
2.676003320312500000e+04
2.561513281250000000e+04
2.274681640625000000e+04
2.406192968750000000e+04
2.485870312500000000e+04
2.380983984375000000e+04
2.809864453125000000e+04
2.589159765625000000e+04
2.464426171875000000e+04
2.434016406250000000e+04
2.240366406250000000e+04
2.436125781250000000e+04
2.372214843750000000e+04
3.019625390625000000e+04
2.161250000000000000e+04
2.435809765625000000e+04
2.516774609375000000e+04
2.246882421875000000e+04
2.356452539062500000e+04
2.637545898437500000e+04
2.669496679687500000e+04
2.629989453125000000e+04
2.440259375000000000e+04
2.202490625000000000e+04
2.491082812500000000e+04
2.638480859375000000e+04
2.586772851562500000e+04
2.825400976562500000e+04
2.751155078125000000e+04
2.595499023437500000e+04
2.381128906250000000e+04
2.794313476562500000e+04
2.458330078125000000e+04
2.544108203125000000e+04
2.567171875000000000e+04
2.484800585937500000e+04
2.356723046875000000e+04
2.396782812500000000e+04
2.544799609375000000e+04
2.677216601562500000e+04
2.712845898437500000e+04
2.578706250000000000e+04
2.490088671875000000e+04
2.514448828125000000e+04
2.688685156250000000e+04
2.760980664062500000e+04
2.495480078125000000e+04
2.538525390625000000e+04
2.512429101562500000e+04
2.447782812500000000e+04
2.474041992187500000e+04
2.690771679687500000e+04
2.489580859375000000e+04
2.410412500000000000e+04
2.569483789062500000e+04
2.628613281250000000e+04
2.502341796875000000e+04
2.625941210937500000e+04
2.603253906250000000e+04
2.970128515625000000e+04
2.484242773437500000e+04
2.487396484375000000e+04
2.513463281250000000e+04
2.534373632812500000e+04
2.769188671875000000e+04
2.663461914062500000e+04
2.959364257812500000e+04
2.595727929687500000e+04
2.652037500000000000e+04
2.601598632812500000e+04
2.468542187500000000e+04
2.422962109375000000e+04
2.795258789062500000e+04
2.799922265625000000e+04
2.497194531250000000e+04
2.754967968750000000e+04
2.373900000000000000e+04
2.276646875000000000e+04
2.459386718750000000e+04
2.288038867187500000e+04
2.101187304687500000e+04
2.563739453125000000e+04
2.624315625000000000e+04
2.604325000000000000e+04
2.622575781250000000e+04
2.448808593750000000e+04
2.967666601562500000e+04
2.894426953125000000e+04
2.349807226562500000e+04
2.511166992187500000e+04
2.582741796875000000e+04
2.549682226562500000e+04
2.423702929687500000e+04
2.631158398437500000e+04
2.516187304687500000e+04
2.511825976562500000e+04
2.327095703125000000e+04
2.373395312500000000e+04
2.326343359375000000e+04
2.367615625000000000e+04
2.251143164062500000e+04
2.309963281250000000e+04
2.683042382812500000e+04
2.938367382812500000e+04
2.506866406250000000e+04
2.412734765625000000e+04
2.914643164062500000e+04
2.601733984375000000e+04
2.547069921875000000e+04
2.587295312500000000e+04
2.313773437500000000e+04
2.737695703125000000e+04
2.367258203125000000e+04
2.670823437500000000e+04
2.287533593750000000e+04
2.470821289062500000e+04
2.566051367187500000e+04
2.522996484375000000e+04
2.305613281250000000e+04
2.890839062500000000e+04
2.872693945312500000e+04
2.369460546875000000e+04
2.393127343750000000e+04
2.737325976562500000e+04
2.108671289062500000e+04
2.391046875000000000e+04
2.521544921875000000e+04
2.589492578125000000e+04
2.472131054687500000e+04
2.354846093750000000e+04
2.755873046875000000e+04
2.552929296875000000e+04
2.511041992187500000e+04
2.738493554687500000e+04
2.464853710937500000e+04
2.806108203125000000e+04
2.465197070312500000e+04
2.142651562500000000e+04
1.961410156250000000e+04
2.524322656250000000e+04
2.301544140625000000e+04
3.023098046875000000e+04
2.618260546875000000e+04
2.831842187500000000e+04
2.794566992187500000e+04
2.858069140625000000e+04
2.310773632812500000e+04
2.489957812500000000e+04
2.184163671875000000e+04
2.278968554687500000e+04
2.715969335937500000e+04
2.257694140625000000e+04
2.727275000000000000e+04
2.504500390625000000e+04
2.346806640625000000e+04
2.597314062500000000e+04
2.218481054687500000e+04
2.285860742187500000e+04
2.691165820312500000e+04
2.308886328125000000e+04
2.584638281250000000e+04
2.851992968750000000e+04
2.330554687500000000e+04
2.710436718750000000e+04
2.464588476562500000e+04
2.361303125000000000e+04
2.464500781250000000e+04
2.783174609375000000e+04
2.320192968750000000e+04
2.534667578125000000e+04
2.568692578125000000e+04
2.674360351562500000e+04
2.602619335937500000e+04
2.402563085937500000e+04
2.601641601562500000e+04
2.784795898437500000e+04
2.398307226562500000e+04
2.319928906250000000e+04
2.528964062500000000e+04
2.366115429687500000e+04
2.598852539062500000e+04
2.617218750000000000e+04
2.447532812500000000e+04
2.482292968750000000e+04
2.499131445312500000e+04
2.543953906250000000e+04
2.734604687500000000e+04
2.682528320312500000e+04
2.605569726562500000e+04
2.651836132812500000e+04
2.878522265625000000e+04
2.774085937500000000e+04
2.579316796875000000e+04
2.800117773437500000e+04
2.681720312500000000e+04
2.818440820312500000e+04
2.954041796875000000e+04
2.498475781250000000e+04
2.606783203125000000e+04
2.389892773437500000e+04
2.650512890625000000e+04
2.907319140625000000e+04
2.307047851562500000e+04
2.246337109375000000e+04
2.983648046875000000e+04
2.637159765625000000e+04
2.625512500000000000e+04
2.612854882812500000e+04
2.438731835937500000e+04
2.904664843750000000e+04
2.549039257812500000e+04
2.390948828125000000e+04
2.250629687500000000e+04
2.299548046875000000e+04
2.682346875000000000e+04
2.668807031250000000e+04
2.644650000000000000e+04
2.618883984375000000e+04
2.368538281250000000e+04
2.665545117187500000e+04
2.521051953125000000e+04
2.417463281250000000e+04
2.766175976562500000e+04
2.919002539062500000e+04
2.811735937500000000e+04
2.911311328125000000e+04
2.599610156250000000e+04
2.868437109375000000e+04
2.412248437500000000e+04
2.894369140625000000e+04
2.126449023437500000e+04
3.081014062500000000e+04
2.996614648437500000e+04
3.001352148437500000e+04
2.407560156250000000e+04
2.663023632812500000e+04
2.928343750000000000e+04
2.764696875000000000e+04
2.884834765625000000e+04
2.283529101562500000e+04
3.082354296875000000e+04
3.031794531250000000e+04
2.807293164062500000e+04
2.984066601562500000e+04
2.632862500000000000e+04
2.853813671875000000e+04
2.622806250000000000e+04
2.297380078125000000e+04
2.894610546875000000e+04
2.710207812500000000e+04
2.402673242187500000e+04
3.006343359375000000e+04
2.363745117187500000e+04
2.647112890625000000e+04
2.610245117187500000e+04
2.635303125000000000e+04
2.757249804687500000e+04
2.474500390625000000e+04
2.518587109375000000e+04
2.712148046875000000e+04
2.672006445312500000e+04
2.824915429687500000e+04
2.912177929687500000e+04
2.578206640625000000e+04
2.618881835937500000e+04
3.024228515625000000e+04
2.780201562500000000e+04
2.542565625000000000e+04
2.635537695312500000e+04
2.647733593750000000e+04
2.571761328125000000e+04
2.660354687500000000e+04
2.519472070312500000e+04
3.107045703125000000e+04
2.841794140625000000e+04
2.777345507812500000e+04
2.433121093750000000e+04
2.676018554687500000e+04
2.874377343750000000e+04
2.704322265625000000e+04
2.625915820312500000e+04
2.580674023437500000e+04
2.800903125000000000e+04
2.558496093750000000e+04
2.894778515625000000e+04
2.685220898437500000e+04
2.475388867187500000e+04
2.697319335937500000e+04
2.591019140625000000e+04
2.538110351562500000e+04
2.432712109375000000e+04
2.983999609375000000e+04
2.527462890625000000e+04
2.494102148437500000e+04
2.719509765625000000e+04
2.841936328125000000e+04
2.352298828125000000e+04
2.749936132812500000e+04
2.558031640625000000e+04
2.343126757812500000e+04
3.048784570312500000e+04
2.538428515625000000e+04
2.558742578125000000e+04
2.389284179687500000e+04
2.690109375000000000e+04
2.814634960937500000e+04
2.685806250000000000e+04
2.813837890625000000e+04
2.598362304687500000e+04
2.805363476562500000e+04
2.648345117187500000e+04
2.862101171875000000e+04
2.591147851562500000e+04
2.224902929687500000e+04
2.788319921875000000e+04
2.536037500000000000e+04
2.698917187500000000e+04
2.177450195312500000e+04
2.653984375000000000e+04
2.430884570312500000e+04
2.789805468750000000e+04
2.692583593750000000e+04
2.491785156250000000e+04
2.461368750000000000e+04
3.005123046875000000e+04
2.460606835937500000e+04
2.840698828125000000e+04
2.663830859375000000e+04
2.534118554687500000e+04
2.682273437500000000e+04
2.393566796875000000e+04
2.678063281250000000e+04
2.504242968750000000e+04
2.646163867187500000e+04
2.711613867187500000e+04
2.658837500000000000e+04
2.663400390625000000e+04
2.642066406250000000e+04
2.683529296875000000e+04
2.917890234375000000e+04
2.762637695312500000e+04
2.523582226562500000e+04
3.014061132812500000e+04
2.518804101562500000e+04
2.636996875000000000e+04
2.662087109375000000e+04
2.387958203125000000e+04
2.679707421875000000e+04
2.878307031250000000e+04
2.807331835937500000e+04
2.683033007812500000e+04
2.530731640625000000e+04
2.725688671875000000e+04
2.640508789062500000e+04
2.914641406250000000e+04
2.370475195312500000e+04
2.586605664062500000e+04
2.405056640625000000e+04
2.540438281250000000e+04
2.624581640625000000e+04
2.392006445312500000e+04
2.714850000000000000e+04
2.386126171875000000e+04
2.173174414062500000e+04
2.477811718750000000e+04
2.840127734375000000e+04
2.844295507812500000e+04
2.695340234375000000e+04
2.477530273437500000e+04
2.395350000000000000e+04
2.310025000000000000e+04
2.843653906250000000e+04
2.909481640625000000e+04
2.475958593750000000e+04
2.472353125000000000e+04
2.727863281250000000e+04
2.843833789062500000e+04
2.947832812500000000e+04
2.636009375000000000e+04
2.544812500000000000e+04
2.616913281250000000e+04
2.574136718750000000e+04
2.762573437500000000e+04
2.447162695312500000e+04
2.554427539062500000e+04
2.687022265625000000e+04
2.675980859375000000e+04
2.836379101562500000e+04
2.893232812500000000e+04
2.530495507812500000e+04
2.922477343750000000e+04
2.306934375000000000e+04
2.811816015625000000e+04
2.531507031250000000e+04
2.541931250000000000e+04
2.598485937500000000e+04
2.595250000000000000e+04
3.124951171875000000e+04
2.688928906250000000e+04
3.053818750000000000e+04
2.470619531250000000e+04
2.386076367187500000e+04
2.882571875000000000e+04
2.719067773437500000e+04
2.585795703125000000e+04
2.853339062500000000e+04
2.698131835937500000e+04
2.832151171875000000e+04
2.437006250000000000e+04
2.496570898437500000e+04
2.561598632812500000e+04
2.591985937500000000e+04
2.879113671875000000e+04
2.744971875000000000e+04
2.569393359375000000e+04
2.571573046875000000e+04
2.676811523437500000e+04
2.648512890625000000e+04
2.825673437500000000e+04
2.279752539062500000e+04
2.518862500000000000e+04
2.416008007812500000e+04
2.541432812500000000e+04
2.257311328125000000e+04
2.522150000000000000e+04
2.613975000000000000e+04
2.667301953125000000e+04
2.762596875000000000e+04
2.932043164062500000e+04
2.425926171875000000e+04
2.402905078125000000e+04
2.491837304687500000e+04
2.832480859375000000e+04
2.656070117187500000e+04
2.750222656250000000e+04
2.784192578125000000e+04
2.536250585937500000e+04
2.691024218750000000e+04
2.839136914062500000e+04
2.377170312500000000e+04
3.162659570312500000e+04
2.589230664062500000e+04
2.926385351562500000e+04
2.645490039062500000e+04
2.653378515625000000e+04
2.655056835937500000e+04
2.686027343750000000e+04
2.796606640625000000e+04
2.774032421875000000e+04
2.320353125000000000e+04
3.020982812500000000e+04
2.499750585937500000e+04
2.471812109375000000e+04
3.133548828125000000e+04
2.509051757812500000e+04
3.420950390625000000e+04
2.272889843750000000e+04
2.784894140625000000e+04
2.859445703125000000e+04
2.897443554687500000e+04
2.292991210937500000e+04
2.912444531250000000e+04
2.438548632812500000e+04
2.493339062500000000e+04
2.743965820312500000e+04
2.805841406250000000e+04
2.565520312500000000e+04
2.860373632812500000e+04
2.632944531250000000e+04
2.569424218750000000e+04
2.767425781250000000e+04
2.660513281250000000e+04
2.712562304687500000e+04
2.447200390625000000e+04
2.820977734375000000e+04
2.428903906250000000e+04
2.415866796875000000e+04
2.518440820312500000e+04
2.902774804687500000e+04
2.672030859375000000e+04
2.564116796875000000e+04
2.949775976562500000e+04
2.727265234375000000e+04
2.879767968750000000e+04
2.540655273437500000e+04
2.623485937500000000e+04
2.787651953125000000e+04
2.644334179687500000e+04
3.033033203125000000e+04
2.705022265625000000e+04
2.916928125000000000e+04
2.989987500000000000e+04
2.584092773437500000e+04
2.824600781250000000e+04
2.628665234375000000e+04
2.992470312500000000e+04
2.648195703125000000e+04
2.910922851562500000e+04
2.636224218750000000e+04
2.711303710937500000e+04
2.578515039062500000e+04
2.744571679687500000e+04
2.995838867187500000e+04
2.567412500000000000e+04
2.810171093750000000e+04
3.117312304687500000e+04
2.544087500000000000e+04
2.813822656250000000e+04
2.729802734375000000e+04
2.660683398437500000e+04
2.642320898437500000e+04
2.572737890625000000e+04
2.915226562500000000e+04
2.885256835937500000e+04
2.920599218750000000e+04
2.664862695312500000e+04
2.493252539062500000e+04
2.790710156250000000e+04
2.633309179687500000e+04
2.882122656250000000e+04
2.558805078125000000e+04
3.257913671875000000e+04
2.986154101562500000e+04
2.602457617187500000e+04
2.513808593750000000e+04
3.007693750000000000e+04
3.058557617187500000e+04
2.940097265625000000e+04
3.068302343750000000e+04
2.668944140625000000e+04
2.735425195312500000e+04
2.876585937500000000e+04
2.610510546875000000e+04
2.753432031250000000e+04
2.516235546875000000e+04
3.004770117187500000e+04
2.642799218750000000e+04
2.801175976562500000e+04
2.825146875000000000e+04
2.678916796875000000e+04
2.976252343750000000e+04
2.879308398437500000e+04
3.007288085937500000e+04
2.833341406250000000e+04
2.861978710937500000e+04
2.683917773437500000e+04
3.138541210937500000e+04
2.938537304687500000e+04
2.784047265625000000e+04
2.643161718750000000e+04
2.671671875000000000e+04
2.877612500000000000e+04
2.912417578125000000e+04
2.831278515625000000e+04
2.700201953125000000e+04
2.578734375000000000e+04
2.557004687500000000e+04
2.713025000000000000e+04
2.450450000000000000e+04
2.589440625000000000e+04
3.031111523437500000e+04
2.829140234375000000e+04
3.095177734375000000e+04
2.675456445312500000e+04
2.509569140625000000e+04
2.564825390625000000e+04
2.696520507812500000e+04
2.709257812500000000e+04
3.004161914062500000e+04
2.524909375000000000e+04
2.404262500000000000e+04
2.813066601562500000e+04
2.355333203125000000e+04
2.423713671875000000e+04
2.194030859375000000e+04
2.559346093750000000e+04
3.304264843750000000e+04
2.998122265625000000e+04
3.004760351562500000e+04
2.706735156250000000e+04
2.701811718750000000e+04
3.069225000000000000e+04
2.861258398437500000e+04
2.711479101562500000e+04
2.966775781250000000e+04
2.719095703125000000e+04
2.868220117187500000e+04
2.770760351562500000e+04
2.259892773437500000e+04
2.687881835937500000e+04
2.464115625000000000e+04
2.705038476562500000e+04
2.765497460937500000e+04
2.850622656250000000e+04
2.720788671875000000e+04
2.576572656250000000e+04
2.880415625000000000e+04
2.570059570312500000e+04
2.982040820312500000e+04
2.325575976562500000e+04
2.798768750000000000e+04
3.015796679687500000e+04
2.764185546875000000e+04
3.032931835937500000e+04
2.924858007812500000e+04
2.945359375000000000e+04
2.751039062500000000e+04
2.525851757812500000e+04
2.875763281250000000e+04
2.588421875000000000e+04
2.663798437500000000e+04
2.429909765625000000e+04
2.608706640625000000e+04
2.495027148437500000e+04
2.968575585937500000e+04
2.619845898437500000e+04
2.714539453125000000e+04
3.157084570312500000e+04
2.630975000000000000e+04
2.880779687500000000e+04
2.857163281250000000e+04
2.901486328125000000e+04
2.357142578125000000e+04
2.889449609375000000e+04
2.627938671875000000e+04
2.792461523437500000e+04
2.750103125000000000e+04
2.772646093750000000e+04
2.886811718750000000e+04
2.711069531250000000e+04
2.935793359375000000e+04
2.615109179687500000e+04
2.853215039062500000e+04
3.004559765625000000e+04
2.514447656250000000e+04
2.710278906250000000e+04
2.680832617187500000e+04
2.780102734375000000e+04
2.920561914062500000e+04
2.765285742187500000e+04
2.988860937500000000e+04
3.045623437500000000e+04
2.800940429687500000e+04
2.743511328125000000e+04
2.916244140625000000e+04
3.057897656250000000e+04
2.710772070312500000e+04
2.828844140625000000e+04
2.817006640625000000e+04
2.636428515625000000e+04
2.850409765625000000e+04
2.794662890625000000e+04
2.805478125000000000e+04
2.575478125000000000e+04
2.818842578125000000e+04
3.199075585937500000e+04
3.122756445312500000e+04
2.998727734375000000e+04
3.146855468750000000e+04
2.760239453125000000e+04
3.077248242187500000e+04
2.800055273437500000e+04
2.901410546875000000e+04
2.906353710937500000e+04
2.647043750000000000e+04
2.852884765625000000e+04
2.983990039062500000e+04
2.534002734375000000e+04
2.994470312500000000e+04
2.668939257812500000e+04
2.815758203125000000e+04
3.022584375000000000e+04
2.694006250000000000e+04
2.953642578125000000e+04
2.832208789062500000e+04
3.286069140625000000e+04
2.821180664062500000e+04
2.981876562500000000e+04
2.939950585937500000e+04
2.757934960937500000e+04
2.775502343750000000e+04
2.654972851562500000e+04
2.665765429687500000e+04
2.547115820312500000e+04
2.746136132812500000e+04
2.873490039062500000e+04
3.190689453125000000e+04
3.056810937500000000e+04
2.913292578125000000e+04
2.908552148437500000e+04
3.222048046875000000e+04
2.978094726562500000e+04
3.286460937500000000e+04
2.672817773437500000e+04
2.677356445312500000e+04
3.022421484375000000e+04
3.163995117187500000e+04
2.918408203125000000e+04
2.455824218750000000e+04
2.940913671875000000e+04
3.072015625000000000e+04
3.302016015625000000e+04
2.990152734375000000e+04
2.999784375000000000e+04
2.815282617187500000e+04
2.721916796875000000e+04
2.536941015625000000e+04
2.897724609375000000e+04
3.164019726562500000e+04
3.280937890625000000e+04
2.618358398437500000e+04
2.834716601562500000e+04
2.737698632812500000e+04
2.727551367187500000e+04
2.625675781250000000e+04
2.352003125000000000e+04
2.945849023437500000e+04
2.632980859375000000e+04
3.266212500000000000e+04
2.874157617187500000e+04
3.021383203125000000e+04
2.573881640625000000e+04
2.826878515625000000e+04
2.922622265625000000e+04
3.099915039062500000e+04
3.181023046875000000e+04
2.777971093750000000e+04
2.637844140625000000e+04
3.085083398437500000e+04
2.924130078125000000e+04
2.856741406250000000e+04
2.618576367187500000e+04
2.405432031250000000e+04
2.512974218750000000e+04
2.737276562500000000e+04
2.535217578125000000e+04
2.739507812500000000e+04
2.825019531250000000e+04
2.704389453125000000e+04
3.004944140625000000e+04
3.090471875000000000e+04
2.777602343750000000e+04
2.533415625000000000e+04
2.621945312500000000e+04
2.639514453125000000e+04
3.311047656250000000e+04
2.884557031250000000e+04
2.770552148437500000e+04
2.519779296875000000e+04
2.963364453125000000e+04
2.722520898437500000e+04
2.426735156250000000e+04
2.582797265625000000e+04
2.581682617187500000e+04
2.822702343750000000e+04
2.974973437500000000e+04
2.772470703125000000e+04
2.897995703125000000e+04
2.995995312500000000e+04
3.068734765625000000e+04
2.890005078125000000e+04
3.024016015625000000e+04
2.792272460937500000e+04
3.126370312500000000e+04
3.021158203125000000e+04
3.146619140625000000e+04
3.232516210937500000e+04
3.245134960937500000e+04
2.679266015625000000e+04
2.945575781250000000e+04
2.867301367187500000e+04
2.596800976562500000e+04
2.961094335937500000e+04
2.871441992187500000e+04
2.938201953125000000e+04
2.659476953125000000e+04
2.879452734375000000e+04
3.206716406250000000e+04
3.160135937500000000e+04
2.740545312500000000e+04
3.068510937500000000e+04
2.836341601562500000e+04
2.894121093750000000e+04
3.105194531250000000e+04
3.056277343750000000e+04
2.803791601562500000e+04
2.899728906250000000e+04
2.835304296875000000e+04
3.074300390625000000e+04
3.321295312500000000e+04
3.280891796875000000e+04
2.572365234375000000e+04
2.739298828125000000e+04
3.102829492187500000e+04
3.242275000000000000e+04
3.180830078125000000e+04
2.871952734375000000e+04
2.688646484375000000e+04
2.751326953125000000e+04
2.888329296875000000e+04
2.855233203125000000e+04
2.880095507812500000e+04
2.582505468750000000e+04
2.934482421875000000e+04
3.065157031250000000e+04
2.944357812500000000e+04
3.058606054687500000e+04
