-2.198400000000000091e+03
1.116515362942695901e+03
-1.373493803458962020e+03
7.515341058516361954e+03
6.973972878999960813e+03
-7.819256323866677576e+02
1.043737039271676986e+04
5.005887295640581578e+04
1.704295093333411569e+04
1.179392131862077076e+04
5.509344698617374888e+03
3.438460917190507462e+04
8.339420274727270225e+03
1.282920236294791175e+04
3.567257248801840615e+04
1.951138963426329792e+04
3.210939266377506283e+04
1.479945715133358681e+04
2.842853583244649053e+04
3.891607390544383088e+04
2.246589712557842722e+04
2.186835034871215612e+04
2.420396201990768532e+04
1.567940066806911636e+04
1.130206851237349110e+04
3.542017717599964089e+04
4.137339996025797882e+04
1.024804378226076515e+05
1.325220738309728767e+04
1.726588396906056732e+04
6.540894426615865996e+03
4.136683316245640162e+04
1.784588775014366547e+04
1.146543570462532080e+04
6.125265195742053038e+03
1.738028796740878897e+04
2.881420898100065824e+04
4.050986469147835305e+04
1.927277605970266086e+04
1.992184262263788332e+04
3.594600863163042959e+04
4.124697451597577310e+04
4.386791354824456357e+04
2.661516376082712668e+04
1.523478792701647581e+04
1.605152783648104196e+04
1.550113978984130517e+04
8.944788325031000568e+03
4.827891423952180776e+04
1.423650952566486740e+04
3.061702467662272102e+04
2.319700746524429269e+04
1.895303047215970582e+04
2.570559163491348227e+04
6.741748037951858350e+03
2.665351467915509420e+04
2.224134429931904833e+03
1.756877965081878938e+04
6.038661953346533119e+04
9.671182629689075839e+03
2.198145072717981384e+04
2.615132331569816233e+04
1.417454152243130920e+04
1.436873705490916836e+04
2.937534227492835998e+04
1.228130989360046624e+04
1.162428661977165029e+04
2.409853076657440033e+04
2.568457850322400554e+04
1.269227379641024891e+04
2.940531170577170633e+04
2.904777794635258761e+04
6.066646606691132911e+04
2.360544903581505787e+04
2.151299401093547567e+04
2.527912889372744030e+04
1.651594724051460435e+04
-1.799326030828259036e+03
2.162110976491432666e+04
1.371493858320662548e+04
2.422983981314420089e+04
1.144336502482489050e+04
1.720905168049666099e+04
2.632611903784344395e+04
2.630427372377682332e+04
2.031662448919321832e+04
1.147547932812184081e+04
4.125876919698724669e+04
8.853988504248388836e+02
5.482545473092720204e+04
7.335392160397419502e+03
1.668891777089248717e+04
3.890737527763347316e+03
7.868602060876692121e+03
4.224517108389241912e+04
4.575856850154936546e+04
3.062276192450431154e+03
1.684742935053522888e+04
1.739363431303901234e+04
1.932511540650096867e+04
1.835281995516360257e+04
1.780822620515336894e+04
3.933337635047624644e+04
1.715339755424092436e+04
2.665516650721474070e+04
5.930645503190318777e+03
5.344535969669478072e+04
1.328187743045830757e+04
1.599502856174800036e+04
2.451288191629348876e+04
4.957766046268916398e+04
2.572856282902627572e+04
5.069579799030333379e+04
3.083097717882426514e+04
1.036943401533613360e+04
1.663064381848352423e+04
1.268854975003534491e+05
5.644198826310210279e+04
2.170914711184979751e+04
1.192797159910987375e+03
1.003766935111006387e+04
3.151220719557619304e+03
9.455590186864570569e+03
1.357004295112938416e+04
3.388315582953297417e+04
6.880532286575898979e+02
3.782271181002823141e+04
2.815815478695965430e+04
2.398706159792652761e+04
2.233493445122465346e+04
2.942412990968835584e+04
7.977780577607631130e+03
5.093176640505867545e+04
1.746100851582348696e+04
3.063505375435141832e+04
8.333489761033368268e+03
1.059656788145612336e+04
1.593255657130548025e+04
1.875338392204308911e+04
1.690023986465003327e+04
2.183853209408341354e+04
2.056320205294848711e+04
1.343757141111977398e+04
4.425641348314948846e+04
8.165336083248736941e+03
3.197370909480108821e+04
2.625002251473799333e+04
3.012672441115451511e+04
5.201313315828568011e+04
5.119745175855964590e+03
3.946784519331240972e+03
2.706600852921590922e+04
8.753514858808299323e+03
4.975324468287990021e+04
2.002003834078344516e+04
1.440125355522137397e+04
3.644534927054768923e+04
2.769463321105725481e+04
1.606778557981227277e+04
2.097740556473182005e+04
9.238233637088800606e+03
5.418691782189431251e+04
1.462282857449216863e+04
1.111833395046055193e+04
3.293990598032843991e+04
1.213442596873144794e+04
3.769153252462293312e+04
1.470255810232546901e+04
5.669722001409728546e+04
1.050865726308268495e+04
3.673810363301380130e+04
1.114077831734484425e+04
3.516825467929117622e+03
4.986655129071516967e+03
1.649017915280109082e+04
2.062565507428533601e+04
1.737796428073629431e+04
2.206051850625071165e+04
1.625861031762355924e+04
2.451281585023611842e+04
1.967649342124140094e+04
2.219163419140424230e+04
9.414746330818785282e+03
3.218775042590489466e+04
2.189514814038420809e+04
1.993320199774195862e+04
1.119900347467325446e+04
2.690529536520629335e+04
7.132391245541527496e+03
1.585462693247467723e+04
2.516134434650281037e+04
1.054365928505811826e+04
2.434981392336309364e+04
3.078601129284025228e+04
4.331429739327789139e+04
1.722166057144830484e+04
1.570243574160314711e+04
8.546281037543389175e+03
4.855775720665864355e+03
3.621840510360515964e+03
3.583994381614912709e+04
1.777005850258782448e+04
3.639502555153454887e+04
5.957419354199791997e+03
1.433129632177576786e+04
2.168286417985839216e+04
7.602940600594376519e+03
3.398233141905807133e+04
4.914839120157582511e+04
5.932126793742038717e+04
3.437153424098369578e+04
2.496469687942608653e+04
1.558822661099762990e+04
6.475942704744154616e+04
5.638587810188188450e+04
1.285645098955303729e+04
1.824314828209434927e+04
1.401012888642683174e+04
1.567620966237889297e+04
1.088204051557312960e+04
6.141003505361828502e+03
2.793970826145919636e+04
1.744543728420440675e+04
2.063951841912180680e+04
8.682840667858172310e+03
6.998780353747180015e+03
1.452455743008094214e+04
7.933201298153280732e+03
2.577435319254823480e+04
1.171433139833398127e+04
1.927348216662405321e+04
2.537658185931915796e+04
8.461213279897121538e+03
6.469195282505972136e+04
3.136223691037199387e+04
9.566278870586786070e+03
4.706245619928251108e+04
2.535179854457902184e+04
3.517294008771763038e+04
1.279368032477872475e+04
3.762839511057634081e+04
6.925498464764647906e+03
1.814054938787152787e+04
2.561462452517636484e+04
4.464026288333621778e+04
1.185509005224350949e+04
2.136655835883852706e+04
3.333261628888982523e+04
4.325630802413560014e+04
1.685670820205319615e+04
3.064741197917655427e+03
6.102190172103368968e+04
6.220692831349855624e+03
2.913118623317608581e+04
2.695946663290594370e+04
1.215505542773629713e+04
8.964539352869149297e+03
2.231758967996822321e+04
7.998518146418005927e+03
3.079691205829750834e+04
3.528856966161465243e+04
1.343069461639549081e+04
3.459751773680465703e+04
2.780243166511337404e+04
1.528338082093214325e+04
3.119246562312819151e+04
6.161312462801138463e+04
2.439054585978927571e+04
1.757805072969647517e+04
4.281885873891260417e+04
1.415184258502749981e+04
3.031780693520737987e+04
2.784191785729285039e+04
2.475186294747077773e+04
3.597750410841105622e+04
9.107971339815365354e+03
3.763090336121632572e+04
3.067841031710914831e+04
2.764803286440587908e+04
1.643748976227661478e+04
9.202220100272852505e+03
1.484203984752840915e+04
7.304658267076987249e+04
1.783580616165163519e+04
1.409969659503328148e+04
7.504991366077292696e+03
1.185734279890229300e+04
2.009068912617951355e+04
4.313853642156219576e+04
4.646398332838730857e+04
7.149422416185048860e+03
1.521379615139142152e+04
1.924393765397555762e+04
2.159026038698217599e+04
6.971069858731957538e+02
6.003182183730309771e+04
9.752444195119969663e+03
1.357773649235819539e+04
1.683986232316587848e+04
1.975920366131141782e+04
1.159574687126547542e+04
1.939551979845242022e+04
2.246112989234538691e+04
3.021505943716052207e+04
2.009083342007207102e+04
1.723436173708249407e+04
1.845066318160547598e+04
1.685437545478282482e+04
2.262094850533671706e+04
3.781650337319804385e+04
2.258409115911587287e+04
2.349752770320638228e+04
4.036611409770481987e+04
1.475641713951187921e+04
2.051721960113373279e+04
3.395092651841875340e+04
1.426997821006132290e+04
6.440868260365922470e+04
2.366615230524264916e+04
3.471058828057239589e+04
3.406546937438906753e+04
3.285223583489938756e+04
1.471339148178274445e+04
3.004131294080777297e+04
3.936306517700255790e+04
2.021487689516130558e+04
2.763638481981925725e+04
1.765614275829505641e+04
1.201164630273777402e+04
3.180593675489933230e+04
2.978739258045102179e+04
1.212249805739391923e+04
1.530903731014732875e+04
3.635026350051364716e+04
2.196671828127092886e+04
1.586439688004356140e+04
2.479035766319130926e+04
7.397843129536022388e+03
1.819580179854785820e+04
1.373180009592815622e+04
4.847879407158784488e+03
1.155188454175582228e+04
3.541778285218357632e+04
1.104235132057102965e+04
7.530564164271570917e+04
2.133733839614884710e+04
1.053687006728806955e+04
1.540186431508618989e+04
1.617729509635700924e+04
6.878506627404071878e+03
2.737896252304317750e+04
2.643351344423368937e+04
2.301828963212393501e+04
4.286618995304363489e+04
4.432377041110048594e+04
3.805946657693820453e+04
1.198453439269791306e+04
1.261865754587446418e+02
3.645293770644887991e+04
3.013697827006056468e+04
1.515412158496762095e+04
1.461446850837957390e+04
1.171109448356910252e+04
2.663486968779842209e+04
1.934201961028467485e+04
1.755841360702812017e+04
1.156682330705611457e+04
1.201873775280464179e+04
2.653860291963754571e+04
8.853320822518089699e+03
3.986588618098259758e+04
2.773111307580329958e+04
1.855426986863803904e+04
3.880969140426321246e+04
3.561362291049946361e+04
2.368999601277301554e+04
1.503834111073956956e+04
2.462519270385726122e+04
2.697318548014041153e+04
1.026026399381806186e+04
1.644161066136791487e+04
1.862086505344242323e+04
5.045465818331596893e+03
8.131263305824724739e+03
2.952994075138185144e+04
3.674827065495077113e+04
2.130010939894877811e+04
9.196519927122171794e+03
7.617279144016228383e+04
5.933305687658370880e+04
7.678872440740386082e+03
2.609813178750040970e+04
2.517051694584162396e+04
8.399966845552051382e+03
1.031026578978155885e+04
7.327838596530553332e+03
2.878160095330775221e+04
3.713029884131858580e+03
2.154396942429204864e+04
4.476282998594560922e+04
7.425480853816354283e+03
4.517159148015847313e+04
3.836234638334521605e+03
3.307943810363422381e+04
2.795601998323070438e+04
1.301639165153009344e+04
9.586112369307809786e+03
1.469490973274039970e+04
2.973109852181304814e+04
3.565299423406485403e+03
3.416484433258294303e+04
1.734003851822951401e+04
2.330469239279120666e+04
1.300958655163777621e+04
1.735845341772729807e+04
2.640135859058301503e+04
9.122408848623983431e+03
1.512386703717928322e+04
1.606578697015494799e+04
1.741248697763032396e+04
6.230754098080227777e+03
1.208563454587588421e+04
8.513536730912574058e+03
1.437650367856753292e+04
3.781763982358988869e+04
8.367517239440740377e+04
6.589863343227523728e+04
8.827796301506361488e+03
3.843131242326230858e+04
3.208878053988890315e+03
9.929970696471613337e+03
3.677880673590034712e+04
1.063227597480128316e+04
2.307640582859981077e+04
2.175034368284857555e+04
1.148742255226870111e+04
1.325665201727899694e+04
2.097970064669236672e+04
3.454986242986875004e+04
1.527422174327938774e+04
1.172990242606579704e+04
1.377611563138015299e+04
1.202113258185326231e+04
2.379640683465531038e+04
2.020434248130367996e+04
1.453886299101402255e+04
1.359287268080665126e+04
2.815279730268333515e+04
3.184728034369203306e+04
5.428193041822241867e+03
2.489942267911244562e+04
1.084573947074874195e+04
2.384687541840198537e+04
1.776787708296654091e+04
1.363953401018834120e+04
2.189006502597848157e+04
1.792929978934952669e+04
8.575131118025321484e+03
1.792979322234001302e+04
1.269322822440690652e+04
3.290587228808810323e+04
2.018735779208033637e+04
3.094091961414816069e+03
7.556967111082627525e+03
2.289474495086154639e+04
9.258287355613232648e+03
1.909184214174851513e+04
1.866734389853708853e+04
1.121580887226866435e+04
2.423683278528545634e+04
5.766798907168624282e+04
3.924708784861673485e+04
3.207235404698725324e+04
1.870807762267649014e+04
2.967916727195747808e+04
2.665759211906904238e+04
4.460790706919626973e+04
1.766000010182545520e+04
1.556635086741502892e+04
2.917677204619802069e+04
1.941952529774940194e+04
1.287322924335312200e+04
1.476329745007245401e+04
1.762614476561859919e+04
8.416357377342568725e+03
2.039935794887833981e+04
2.880316088168062561e+04
1.485966807822538249e+04
1.372565134344147737e+04
6.225830302512736125e+03
2.845311585102291065e+04
2.419375649958004578e+04
2.451304139287698126e+04
2.223224139631168509e+04
2.084397626403194954e+04
2.770514059986246502e+04
9.034031140989442065e+03
3.135193059279355657e+04
1.210848299231691271e+04
1.326634043719043257e+04
1.299679344621703785e+04
1.746467238097627705e+04
2.090153061431978858e+04
3.159174843513646920e+04
2.900845949449758336e+04
2.603053116167871121e+04
2.412824645025136124e+04
3.425568704120855546e+04
9.931966215803164232e+03
3.947673870568542770e+04
3.396409423134131066e+04
3.893332697380230820e+04
2.121805526526902395e+04
1.255636438896777327e+04
7.151419109672388004e+03
1.562598970302024645e+04
1.148883229446930636e+04
3.324558632003473031e+04
4.848982175666342300e+03
3.196974361617268369e+04
8.244066717843228253e+04
1.309485453365544890e+04
4.684160149429265584e+04
2.119154818414716647e+04
8.223471244294292774e+03
9.405887699261846137e+03
1.480985586039852933e+04
2.660408244423682845e+04
3.225059794460609555e+04
5.455235069280671451e+04
1.457977458075643881e+04
1.439074423097277213e+04
1.442485759209563548e+04
3.459805082140161539e+04
1.504985295522431261e+04
5.637288873837418214e+04
4.864240311597870459e+03
3.815895848252411815e+04
2.226475092104605937e+04
1.891386713308568142e+04
1.751443803148388542e+04
4.507116324695371077e+03
3.058727802595157118e+04
2.115155734064346689e+04
9.231098743514919988e+03
1.196429397307103500e+04
5.630904859799542464e+04
1.700283442187777837e+04
3.792426869839914434e+04
3.972478245329185302e+04
2.255991964536265732e+04
5.070903105595475608e+03
2.114054802863487566e+04
2.943674587140823496e+04
5.677979875645542052e+04
2.035322030247117800e+04
5.880457681885525744e+03
3.075773752500286355e+04
1.396492281981090491e+04
2.752813354505609095e+04
3.550399611167648982e+04
1.228792464974625182e+04
3.170285522478041821e+04
2.654631325390130587e+04
2.861857543554777658e+04
8.291979261726373807e+03
1.351530710014226497e+04
7.635030058136588195e+03
3.150861263487891847e+04
2.752380483260898473e+04
2.980144889502675505e+04
1.237552428262413378e+04
3.003224097643261848e+04
1.828182824026823801e+04
1.394261189101568016e+04
4.136885318481522700e+04
1.168873602446378572e+04
1.753845479839270047e+04
9.002475808211906951e+02
2.133786672355775590e+04
2.440122198279631266e+04
1.624921744360482262e+04
4.443748038381073275e+04
1.169310087761383329e+04
1.449011276821345564e+04
5.099663541578916920e+03
2.433824537820556361e+04
6.913828476616334228e+04
4.129460891843368154e+04
7.103542052105575567e+04
3.174233005349276937e+04
2.645679116377177343e+04
8.968561736913657114e+02
1.707603504502319993e+04
9.227766598586578766e+03
1.231417726259617666e+04
2.915110270161600783e+04
7.093387242325798070e+03
2.478283983028060175e+04
3.167320386170125857e+04
9.717441865723380033e+03
8.531359662075046799e+03
1.106390651927485487e+04
1.337518292074070996e+04
1.165539955066593029e+04
4.249595918588863424e+04
1.626389508910872610e+04
3.155295833179132023e+04
1.890774557117189033e+04
1.814292757881565558e+04
2.442370478174216260e+04
2.184320794619118533e+04
1.065203744320623264e+04
4.998877615660578158e+04
3.176128315260911768e+04
1.923533315749912799e+04
3.783948667921831657e+04
3.521171590142368223e+04
2.073930709220461358e+04
3.141706508874893916e+04
4.704617498032275034e+04
1.375068963573829024e+04
7.529759408956327206e+03
2.242488124671953847e+04
1.151020831207780429e+04
1.436486491252931955e+04
2.151904156478996083e+04
1.417424127084527572e+04
1.586170420620543337e+04
2.904486357390164267e+04
2.136313265509424309e+04
1.420090852934206669e+04
4.075334950034252688e+04
8.340327673162762949e+03
2.614869632340703174e+04
9.695912872807366512e+03
4.455606746970379390e+03
1.031185566698561706e+04
4.481327724572662555e+04
2.053712766019978153e+04
6.554109125258639324e+03
1.571556969010229659e+04
1.146766509614879396e+04
2.484516281285584409e+04
1.564968967028941370e+04
2.537656070817310319e+04
2.260264976122767985e+04
4.474537723399417155e+04
3.228229058061022079e+04
1.274569110970310976e+04
1.757536459627277509e+04
9.294586008455335104e+03
3.651403058996798791e+04
4.163150765843698173e+04
2.409297992168752899e+04
3.266262060337809817e+04
9.538106447192920314e+03
3.055413878398570887e+04
2.361937996406756065e+04
1.979034441566333408e+04
3.632879338703607209e+04
2.647687214378726640e+04
2.180000018032237131e+04
3.921039745947967458e+04
9.597209911490288505e+03
2.150849163394377319e+04
4.438765308774712321e+04
1.494073829000399019e+04
1.000484101737827223e+04
2.729081994228678013e+04
3.808301240660023177e+04
9.518734409177803172e+03
3.105569434624143105e+04
1.791196292455685762e+04
1.710282592465795460e+04
1.267880475159482012e+04
2.457439614399551647e+04
1.118644802113906189e+04
1.417957356592516408e+04
8.081193415625861235e+03
2.153797657847053051e+04
7.293231990746092379e+03
1.287787805197637863e+04
1.639526414210561052e+04
1.089416995663978742e+04
4.672752898286804702e+04
3.281277545904165891e+04
2.681729200638517432e+04
2.817661361779623257e+04
3.462166391669798759e+04
3.959680845462868456e+04
2.224049082089554213e+04
9.305087997016893496e+03
2.184652129492094537e+04
2.015072474045182753e+04
6.646260401631401692e+03
2.997697921545270583e+04
7.107636797826411203e+04
1.002597171980799794e+04
1.777096866036735446e+04
1.396718852599472666e+04
3.667579001939356385e+04
2.505570483619943479e+04
1.017566057457757415e+04
9.031219194885768957e+03
1.078726187234084864e+04
1.518944758790342166e+04
8.297914123325675973e+03
5.228735787804298161e+04
2.128561241389495990e+04
4.561790155924056307e+04
1.473703076452862661e+04
2.097828186143758649e+04
5.586015252249682089e+04
2.249704649573858842e+04
2.291683582434878190e+04
5.801921163032944605e+04
4.481036447251036589e+04
4.983232085459329937e+03
1.984985301586882269e+04
3.371069228664373804e+04
2.261307787828740766e+04
4.899274653008144378e+04
1.119408570089775822e+04
1.146668984166698647e+04
1.003686643760029619e+04
7.039415113286588166e+04
2.944171341437438969e+04
1.582602320882695676e+04
5.137669896995674935e+04
3.780519324013913138e+04
9.555503737256702152e+03
1.569279248163796365e+04
4.393168190634317580e+04
-5.081294968610318392e+03
1.125681016639258360e+03
5.379193279725790489e+04
3.941583922359227290e+04
1.722923266048267396e+04
1.075821253640561736e+04
1.376477511703374148e+03
2.756333878659679249e+04
9.680419987441793637e+03
1.363874373698325144e+04
3.296164621071958391e+04
4.145768400139013829e+04
1.566711330658072620e+04
3.137941457055891078e+04
1.492625398790427062e+04
2.420412504223187352e+04
1.591476742517764797e+04
1.694184116821945645e+04
3.361884412481259642e+04
1.250211958146880352e+04
5.035338115884461149e+04
2.036791721473660073e+04
2.582603906776250005e+04
4.954853189201792702e+04
1.869971890595585865e+04
1.535394885338432141e+04
2.098180279832592714e+04
1.209816587050231101e+04
2.605518419981728948e+04
3.253479465969659032e+03
1.104435444429516792e+04
1.979548727534516729e+04
1.168690919823528930e+04
1.682035743275591085e+04
8.775124182316101724e+03
9.327584238690236816e+03
3.314877825801604922e+04
7.942708683945846815e+02
9.854191713666537908e+03
4.376077101339621731e+04
2.000896598516600716e+04
4.898711932689854439e+04
3.493738386230569449e+04
2.167305281946424657e+04
1.990674503143371476e+04
2.902237941268291979e+04
2.510693725750837257e+04
8.248721192208351567e+04
1.963862178750406747e+04
3.018517770969402045e+04
2.525132230066005286e+04
5.993881719279270328e+03
1.028141608365103457e+04
2.297384720058572930e+04
2.714030843948341499e+04
3.030028301599625411e+04
1.492767355450400828e+02
6.021411056143430869e+03
2.299245482126790739e+04
9.785907380373831984e+03
1.258253856707962041e+04
8.053027099874915621e+03
2.432312775012866769e+04
1.003872828174320966e+04
3.629756993501518446e+04
8.621273508838901762e+03
2.691952973588890382e+04
7.713361241514244284e+03
1.419454429917615016e+04
4.241773680176641210e+04
2.684365737337758765e+04
2.647372893755774203e+04
3.479153129205729783e+04
4.191808708363997721e+04
2.435961134336452960e+04
1.165251505370947962e+04
1.737848192548342922e+04
1.442161026733716790e+04
1.045463563596818312e+04
1.223436385066027105e+04
3.729810115460021188e+04
2.082612524457308245e+04
2.367848421617170243e+04
2.121626152228800493e+04
2.070213408715582773e+04
1.037996707508319923e+04
3.059900895639666123e+04
1.552490089974653165e+04
1.528081225353788068e+04
7.250613900668511633e+03
1.981961886563689040e+04
1.136959566002046995e+04
1.679479002161664175e+04
2.234530884600603167e+04
1.028781182738618554e+04
2.245272731569788812e+04
1.600597168411396524e+04
1.131587132078617287e+04
3.327782384105159144e+04
1.216403643363700940e+04
1.917731309012319980e+04
9.211460600847245587e+03
9.102445423703855340e+03
2.555884873170266292e+04
8.340564855130243814e+04
3.138682167025390299e+04
3.725702693959594035e+04
9.439600156320087990e+03
1.318689864387363559e+04
1.851675191267489572e+04
7.837135715242177866e+03
6.807826898937177248e+03
1.065653022996167056e+04
7.280279128127379408e+03
3.427178008896834217e+04
3.318929118466524233e+04
-1.307640898366603324e+02
3.306680347786728817e+04
1.732389046275494184e+04
1.850894389529772161e+04
2.057858131395076271e+04
9.662187512865322788e+03
1.174784977831238939e+04
1.887249868247858103e+04
1.092658018545245795e+04
2.431718492623762359e+04
2.455662501820163743e+04
2.132970754023508198e+04
1.533811496796258143e+04
1.186452392322801825e+04
1.050740092990445555e+04
1.742555439226961607e+04
1.985196553995464637e+04
3.686762985218279937e+04
3.347376229664590937e+04
1.444673234986042189e+04
6.391997188714025469e+03
6.450504048627776683e+03
1.985866343366783258e+04
1.756784361431015350e+04
1.241239821182364722e+04
3.045370696131456498e+04
1.414461523098831822e+04
1.502595024342765100e+04
4.493042651662045682e+04
1.068033926903801694e+04
1.154393876318288676e+04
3.387160173454192409e+04
2.129533470452695110e+04
2.209483268058108933e+03
2.281185179867865372e+04
2.102234105362497212e+04
1.918158290683895757e+04
1.504254624440248881e+04
1.885290747247549371e+04
2.992942735400398306e+04
1.023914730106026036e+04
1.355138433773048382e+04
1.728745989582817128e+04
2.367398762963796617e+04
1.701810777858107394e+04
7.560442599625061121e+03
2.189712349955009267e+04
3.112347391937425709e+04
1.285597903986892015e+04
7.384969868977317674e+03
2.599998392881751352e+04
1.217166380095376371e+04
1.316153973621210753e+04
1.387941033473608695e+04
1.883794336461566490e+04
2.619667618068286902e+04
1.573780620327064207e+04
1.992027897483860943e+04
2.968389288852821483e+04
1.959865831012946728e+04
1.184041100262940563e+04
8.908782949994687442e+03
1.644791566508534379e+04
4.295564630721104913e+04
2.123344959160360304e+04
5.036928668123940952e+03
4.024180892649935413e+04
9.228072748773683998e+03
5.579385977718596405e+04
5.271318653139335765e+03
8.407962054659390560e+03
1.321392215354510154e+04
3.972479244261248823e+04
1.464320098137935747e+04
1.380016890735589186e+04
1.763069494748307989e+04
3.771446789784271823e+04
2.868504169057869876e+04
1.730296558258555524e+04
9.234330778332817135e+04
1.232499037753348421e+04
2.086149848752601974e+04
1.687907852277490019e+04
2.377844079734422849e+04
1.807963278627090403e+04
9.719709181478059691e+03
6.397739950076326932e+04
5.029461025416116900e+04
9.452851047763953829e+03
2.042128071759232262e+04
5.483353202823207539e+04
5.723468395130219506e+03
2.258294962722119817e+04
2.031100330694435252e+04
4.252828777158053708e+04
1.471360907133478759e+04
2.570788268589556537e+04
1.300703671072332145e+04
3.036935464846632021e+04
1.324562458152665749e+04
2.973293180273078178e+04
4.462816386236121616e+04
3.341295595791614687e+03
-5.550356154311050432e+02
3.384048806634386710e+04
1.326033126804141648e+04
2.285931071993393925e+04
9.611551255427519209e+03
2.300742787776678233e+04
5.880355548494182585e+04
1.813199523066959955e+04
3.652754667129455629e+04
2.526796500484578064e+04
3.042790785757659614e+04
1.147262917994437157e+04
2.195348207634090068e+04
3.701779489377608843e+04
4.025710307464745711e+04
4.727901579689043865e+04
3.076146535302192933e+04
1.732115858435971313e+04
4.973286486286084255e+04
2.463233045722200768e+04
1.409647365611883106e+04
2.402951642697335774e+04
3.263300003104142525e+04
1.313919868754242998e+04
9.536432131715248033e+03
5.908524077447463060e+04
1.968274724219119889e+04
1.344969468708834756e+04
5.431745157774167455e+04
2.251553584846491140e+04
3.011305623349646339e+04
1.320602050563040575e+04
2.763412891894494896e+04
8.817252069645641313e+03
7.099633743930993660e+03
7.454467050097990068e+03
1.742046722693609263e+04
4.979450128378064983e+04
5.302099630087406695e+04
1.360876134270709190e+04
2.484215365218509032e+04
1.623402023054460187e+04
1.317907214848089097e+04
8.336835256806678444e+03
2.015409093745653445e+04
4.350713025016303436e+04
3.736887768993666396e+04
1.741783985674446740e+04
1.181957207368640775e+04
2.051504036175202054e+04
3.418936562957486603e+04
1.187990036298667656e+04
1.120368396903517532e+04
7.586957865511307318e+03
4.803697728493744216e+04
1.456382473856031356e+04
4.175033623916991201e+04
1.058865145926228615e+04
1.895208038128306725e+04
2.623641235701005644e+04
3.271306570732708133e+04
1.642473083892919385e+04
3.043894303200500144e+04
4.192903676223038929e+04
4.167598896759656054e+04
4.010436320021418214e+04
8.950166609585132392e+03
2.458855102090341825e+04
5.206918934318912943e+04
1.347811064097195776e+04
3.161858977869349110e+04
3.743508462410761422e+04
1.910119885917468309e+03
2.715371294000381022e+04
1.457616992177203792e+04
1.013498848663335775e+04
3.376239672745700227e+04
9.619276380757626612e+03
1.003314556696021282e+04
1.292789376870942579e+04
6.406255089052152471e+03
3.053159378653641397e+04
1.238340819558752446e+04
7.741702083885399588e+03
2.305857992011605529e+04
5.076400975164629017e+03
4.149852570523653412e+04
1.376598413941664694e+04
1.997412736266830689e+04
1.078743360605295311e+04
2.646600136349511376e+04
1.617298580695880810e+04
2.288531570951530011e+04
3.162644308336106405e+04
1.436129622018172631e+04
3.472495233219432703e+04
4.030955546707818576e+04
4.205904401919869269e+04
4.650271919183810678e+04
6.366226238561498030e+04
1.605108861678029461e+04
1.587868204113172033e+04
1.232218896103623592e+04
2.740210428356011835e+04
1.135989548296068824e+04
2.302571438897687767e+04
6.531846388899059093e+04
1.113633368757445714e+04
1.877895612981663362e+04
3.569457138715574547e+04
1.604001308721221358e+04
4.347571552551925561e+04
6.587423066895383272e+03
2.196908950987846401e+04
1.444667083410537452e+04
2.740177130703105286e+04
1.601854651503459536e+04
2.924379256235269713e+04
3.276758251096909953e+04
3.455986893734666228e+04
2.912166476964836329e+04
2.146808596152758400e+04
3.481050416954758111e+04
1.174336551357069038e+04
1.263674820736248876e+04
2.335595928406616076e+04
1.486687428410550638e+04
2.448967727226919305e+04
3.477645699690867332e+04
2.705718109805162749e+04
3.554528768858769035e+04
3.220846349610875041e+04
5.371011139587224170e+04
1.415993321934510641e+04
5.274618164811809947e+03
6.839923185474804995e+03
2.388593513029091264e+04
2.069561559037255211e+04
1.479886299418247472e+04
5.279485790789131715e+04
3.386857573735913320e+04
1.112790010979028011e+04
1.683382733794562955e+04
2.715324030112684341e+04
1.078734767128699787e+04
2.669523983014256009e+04
6.461686869769394980e+04
3.030829229642047721e+04
3.580457682909896539e+04
6.005654176765269222e+04
3.031617304143076763e+04
1.560264954486239367e+04
1.622056424037536817e+04
2.110480994664737955e+04
4.378612239460514684e+04
1.305937181029454950e+04
1.345058759476355408e+04
2.345110984555057075e+04
6.408053969602656434e+04
1.774859824394278257e+04
4.807192776886597858e+04
3.272674099969802774e+04
2.804258971861111058e+04
3.061222683300459175e+04
1.966441593727433792e+04
1.972125483951046772e+04
3.948932801440590265e+04
3.119920188175245130e+04
1.776049578681637649e+04
2.295083098856047582e+04
3.864604213975671155e+04
5.652911718754360663e+03
9.419819664904507590e+03
9.790133493458064549e+03
3.020551651126337674e+04
3.169877104384099221e+04
1.166546653433908614e+04
1.022567709047207973e+04
1.103497807021802146e+04
1.551384907950348133e+04
1.734862125539578847e+04
3.579775394312000572e+04
3.663774868240071373e+04
3.652757429703905655e+04
5.619478523534476153e+03
1.275023531867765269e+04
2.328424135381961241e+04
2.439108315928628872e+04
1.787847351471542788e+04
6.080050334062174443e+03
1.975491898544909782e+04
3.294453947192727810e+03
4.302495380605421815e+03
2.740225679443792615e+04
4.886674056136003492e+04
4.304375695547765645e+04
8.291513718888776566e+03
2.421918927162569889e+04
1.290258018306201666e+04
4.343319547182284441e+04
5.971723008511678199e+04
1.123835058377792302e+04
1.136337360963803258e+04
4.257725306668718986e+04
2.656706544904820839e+04
6.121826178423587407e+03
1.000766259539694875e+04
9.544472577739488770e+03
1.160945157457355344e+04
3.521326731311301410e+04
2.653199384481329253e+04
1.330350915616891871e+04
2.775799992250231298e+04
2.614698938056154657e+04
3.982987217517498357e+04
5.014303038042256958e+04
3.104876078545892233e+04
2.379063808472964593e+04
9.413772680384656269e+03
1.308576864309606754e+04
3.146206042641091699e+04
2.981811658219016681e+04
1.781402469998373635e+04
4.611828452039590775e+04
6.876261866885433847e+04
2.789146956728830992e+04
3.499837133764874307e+04
1.068956346393871718e+04
1.088734143775915436e+04
1.533754106395129384e+04
2.497846458709258877e+04
4.151582925275354501e+04
2.084643104489105099e+04
4.062501245931736776e+04
6.124045642522456546e+03
1.143702538185203593e+04
4.520321731895896664e+04
4.205239740489575343e+04
2.903576420416370456e+04
3.524373509254983946e+04
3.406426642845495371e+04
2.855018142427331259e+04
1.338952735751370892e+04
5.179298263152633808e+03
3.427430366595640953e+04
1.651884069829345390e+04
5.858354973940011405e+04
1.469822515106060200e+04
1.835895245255697228e+04
3.403730747657033498e+04
1.013989535820996025e+04
3.092114753331339307e+04
3.784308400725307001e+04
1.254056068735069493e+04
2.563083273241025017e+04
4.709364959701671069e+03
3.400441269905115769e+04
3.525798903886906919e+04
3.488644622392483870e+04
1.809401690318041801e+04
6.045920067766624561e+04
3.273158664399123154e+04
1.709766865340837830e+04
1.894978866118076985e+04
4.323754219321261189e+04
2.203808008284398966e+04
6.022149182185601239e+04
7.538686840811204456e+04
1.560055387519448777e+04
1.573833519082175735e+04
1.100202326108892339e+04
5.942255104580202169e+04
4.889280712646033498e+04
3.743225919602068461e+04
2.455217026132747560e+04
5.563604673004460346e+04
4.253809485337145816e+03
8.874525798989041505e+03
2.001732025664879984e+04
1.969927189229275973e+04
5.863565504800650524e+04
-1.401637905800162116e+02
2.231437372119001157e+04
1.083961122757101475e+04
1.169486451019793458e+04
2.096297620098776679e+04
3.092119443257332023e+04
1.951678441998233029e+04
3.017614126181446773e+04
2.312282034281455708e+04
4.788310017514059837e+03
2.626730332732549141e+04
2.390146624166882611e+04
4.329831135861833172e+04
5.989230436021049536e+04
2.184119813509679807e+04
9.839902284442512610e+03
6.952687632365907120e+03
2.788332335779027926e+04
1.985826351624665404e+04
1.052260804773093514e+04
4.639426643054043961e+04
5.013195188252836488e+03
1.398316814555046949e+04
3.001598996743125099e+04
1.757835737712405262e+03
9.255146199719427386e+03
5.469450723724484124e+04
3.503416556441633293e+04
1.753149452418036526e+04
3.271873031248034385e+04
1.925651924628220877e+04
2.394846219836549062e+04
5.911503335554933437e+04
5.595389250699678087e+04
1.193738279549058825e+04
1.010249002688374094e+04
2.145587777746567735e+04
2.887407139138043203e+04
2.370942932833352097e+04
1.922904275952953685e+04
1.200399515548771706e+04
3.134181857046168443e+04
3.617369824400890502e+04
2.510792859559815042e+04
4.237990914330832311e+04
1.228133838728263436e+04
3.596244437867093075e+04
1.550401912038880073e+04
8.798596971530047085e+03
1.963398262974474346e+04
2.817075157939400742e+04
2.232441867495319821e+04
2.507615686583538627e+04
2.861643566539957828e+04
4.292488552435039310e+04
1.335183229913968535e+04
5.595679177444516426e+03
9.031092732913240980e+03
6.420398681348711398e+04
5.082445180421180339e+03
1.727467620118889681e+04
9.351675737539633701e+03
2.161362429503719613e+04
1.037666432429042652e+04
3.563041417687885405e+04
2.097891709501960577e+04
4.016065945884995745e+04
4.525247203050240932e+04
2.642888124811949092e+04
3.751666682823422889e+04
3.414158502557883185e+04
7.044654967492405376e+03
1.464951963822638390e+04
1.623877824466585480e+02
-6.623329000429064308e+02
6.835824939831900701e+04
3.056779880743113608e+03
9.402478738859599616e+03
9.562534973826748683e+03
4.691193286853902100e+04
2.501363907675320661e+04
5.870832527894627674e+03
2.215709060885351573e+04
3.933725548772093316e+04
9.714323037364098127e+03
1.012174266785709187e+04
1.053467960762592338e+04
1.829378755466084476e+04
1.336014961946543190e+04
1.223420038893412857e+04
1.479065707858342648e+04
9.776961998616938217e+03
1.159894893182347369e+04
1.982510703790763000e+04
2.467001858607743270e+04
3.087343563948526935e+03
1.647439780906954547e+04
2.045709822554485436e+04
1.351401459482380233e+04
1.808162576479885684e+04
2.200663132292212322e+04
9.367255961836397546e+03
2.339388157734731067e+04
3.099398762958678708e+04
1.122771399006320644e+04
2.307355018196852689e+04
5.172032632007599022e+04
9.527425258559569556e+03
8.411162995845237674e+03
3.030933657009173839e+04
6.651291421234363042e+03
4.252340419575659325e+04
4.043622064097120528e+03
9.416985159730938904e+03
5.275404519863303722e+04
1.558817069933406310e+04
2.092308526632686699e+04
1.152094615732612147e+04
2.808932511568100017e+04
1.828486719439812441e+04
1.143503400045731360e+04
3.576430617191585043e+04
2.387631728521367040e+04
3.429299157722705422e+04
1.785930731075943186e+04
2.320989063341265137e+04
5.072364454424997530e+04
2.604838581981122479e+04
5.669799412758999097e+03
3.944509732145442740e+03
1.207429954767925665e+04
4.036695216491129395e+04
9.312927636158463429e+03
1.744909283330789185e+04
2.218977778846065848e+04
3.050316411675384370e+04
2.009088729930124373e+03
4.271210947471304826e+04
1.433214664140647074e+04
1.310862986932530839e+04
2.107377731856131140e+04
9.446918271093029034e+03
4.105335087312661926e+04
1.807660244530458658e+04
4.900217975404120807e+04
2.201616775828362734e+04
1.675924640167815960e+04
3.816255368130399438e+04
2.315462666999453722e+04
1.518635426628098139e+04
1.169759832131321673e+04
5.520364249728985305e+04
1.719018083501735600e+04
2.336028043817770958e+04
2.968212492833592478e+04
2.004743296310492951e+04
2.678660604078527467e+04
1.129381305217651061e+04
4.234182786505748663e+04
4.016866298177833232e+04
2.239726040041690430e+04
1.523858321685019291e+04
1.574025536372644638e+04
4.982000840224028798e+04
1.654322628534485921e+04
9.757879245177849953e+03
3.536370573197512567e+04
2.864390961173822143e+04
3.714171857904362696e+04
5.821046240874422074e+04
2.095971698177580402e+04
2.622123164329497286e+03
2.220240660608081089e+04
2.195701540916568047e+04
3.039965913596356768e+04
2.665270013240401749e+04
2.494727204536018689e+03
2.592111075407329190e+04
1.092875263726056619e+04
3.722100982094217034e+04
1.427252649874567032e+04
1.437832789372514526e+04
2.747376305581615452e+04
2.176885238520467465e+04
2.655338197821908398e+04
2.108856095279765577e+04
5.118287501430309203e+04
1.336851705831914296e+04
2.419695325020650489e+04
8.708435312318277283e+03
2.487021057796561217e+04
1.885682671416253652e+04
1.096855243926433468e+04
9.269295131512873922e+03
1.342910915167891289e+04
1.649844205777302705e+04
9.740148431890225766e+03
1.332935329821669438e+04
9.455896550897052293e+03
1.334762290334709360e+04
2.295552476520273194e+04
4.285100514262203069e+04
5.038947934130053181e+04
1.900870003595405797e+04
3.252357354610953917e+04
2.162188197070368187e+04
4.144341708038867364e+04
3.669311582630933844e+04
2.316829545579468322e+04
2.269681788839165529e+04
6.189339426602221647e+04
2.557396735867551615e+04
2.160007915639035127e+04
1.982491501481317391e+04
1.659572297077622716e+04
4.941561942546600767e+04
1.295910364449003828e+04
2.191957885515011367e+04
2.749834659765353717e+04
3.259710870495617928e+04
7.759575644393596122e+03
2.462189079178927204e+04
2.953836475537394290e+04
2.696385811218924573e+04
6.788076914104212847e+03
1.126048206556292644e+04
3.974855991018611530e+04
3.665533415230566607e+04
4.880934990464323346e+04
7.817453396022491506e+04
1.446625270237461154e+04
5.857104776143375784e+04
3.095758849580013703e+03
1.280101402923765818e+04
4.848289760906311130e+03
4.251792264779448305e+04
3.010629070966269501e+04
6.204790924284554876e+02
4.406253820490219368e+04
1.180440150035932311e+04
2.436050270589476713e+04
9.476523742502256937e+03
3.476869663116798620e+04
3.399442859481233427e+03
3.651037264774498180e+04
2.555602515770748505e+04
8.748396453998100696e+03
1.318558466418418220e+03
2.271548843951768868e+04
1.427461868515619426e+04
2.304448285201752151e+04
3.733678487328618212e+04
1.706766731604807137e+04
5.168188163609420008e+04
1.485733677082193390e+04
1.766087936001421622e+04
3.001252109323954210e+04
2.531713824387382192e+04
9.299359063113088268e+03
3.061432977342139202e+04
2.297494438919489039e+04
2.931753295538900056e+04
7.756957341322229695e+03
2.213488187848970483e+04
1.274898509264926179e+04
1.845053485965091022e+04
3.079756758436148812e+04
1.604205632728999626e+04
1.502059141739040570e+04
1.494214735209961145e+04
8.942850221798238636e+03
9.396660882789306925e+03
1.726269990937324474e+04
3.862437248758756323e+04
2.758441994917813281e+04
2.563006048417272905e+04
1.384248149391465267e+04
3.128533288898835599e+04
1.754669313381742541e+04
2.956328079344831349e+04
3.504443886116338399e+04
1.822698845595787861e+04
2.087870105419229367e+04
2.153865089281648034e+04
2.868832311023414513e+04
3.819059561735972238e+03
9.014376612525287783e+03
1.225283577325703664e+04
2.096939015766085504e+04
6.031653406577326678e+03
4.856848717970161670e+04
3.972364954869252688e+04
1.868369411002807465e+04
2.088707043085836267e+04
7.482648224764291081e+04
3.473708321435604012e+04
1.993575649205021909e+04
5.718314108004324225e+03
1.035434051296772486e+04
2.251264239596254629e+04
2.097002416353770604e+04
3.629350661799922818e+04
9.406569521102246654e+03
2.895398449827099830e+04
3.384812116475096991e+04
1.526462433157646592e+04
4.424127697324261680e+04
1.299271845038434367e+04
2.353188128628532286e+04
4.651751930004393216e+04
5.512574947400458041e+04
5.894748016285763879e+04
2.434721194258907872e+03
7.410124242885751300e+03
1.897690282907209621e+04
2.755843343247500161e+04
6.651602124093567909e+03
1.034976794166674335e+04
8.204754258035918610e+03
1.095695788901075139e+04
3.043558580267765137e+04
2.324451079565233886e+04
3.506726241107916576e+04
3.703445781015571265e+04
7.986595957604590512e+04
2.071874082422666834e+04
4.915107969000212324e+04
4.510478659121535020e+04
2.539134756973395633e+04
1.662561853297735797e+04
3.602652151681029500e+04
1.128579687926527185e+04
1.946722998014155746e+04
1.159900956598776065e+04
1.282146848021560072e+04
1.207397429271077635e+04
4.168663778271716728e+04
1.452238363903490244e+04
2.314460630186973503e+04
3.037731852204052848e+04
1.412897790788889324e+04
1.670973252984208375e+04
4.610086587408254854e+04
5.450973425514114206e+04
2.217926531136393169e+04
3.480028230225839070e+04
2.606458946678124630e+04
3.977978264713761018e+04
3.439443550674414382e+03
2.851640415090121678e+04
8.674847683281584978e+03
4.049562026704779419e+04
7.219718271159197320e+04
3.180675598441520197e+04
5.727656351151264971e+03
5.036255271888175048e+04
3.504791789553811395e+04
2.259653989361839194e+04
1.556949879695347590e+04
1.831651763071884852e+04
1.466068416677043751e+04
2.688127482091599086e+04
5.163273230333235915e+03
6.431674438680445019e+04
1.141702162078605761e+04
1.068215159933310497e+04
3.272630215523462539e+04
1.365001515097589254e+04
1.072668041780161911e+04
2.749747952932916087e+04
5.396657105106127710e+04
5.047137913786315767e+04
1.922648055448462401e+04
8.543949912225396474e+03
2.200868286833883030e+04
1.302256823820951104e+04
2.755872046803266858e+04
6.714920514183898922e+04
2.905558502118025353e+04
2.632882161249382625e+04
9.719846319650829173e+03
4.765677504906592367e+04
2.444163188921453548e+04
3.114108507362224191e+04
3.519259071370543097e+04
7.572038902419406440e+03
3.636970047812932171e+04
2.452395325005715131e+04
2.558210805845908180e+04
1.271037691320051090e+04
6.584911427285548416e+04
4.887091282767841039e+04
2.460195908034470631e+04
1.605066446042574898e+04
1.652928103200338228e+04
1.115878395897189694e+04
1.855166511406491918e+04
4.348926440626133285e+02
4.852036020801461746e+03
4.038772769686573884e+04
8.882631227306781511e+03
1.558495233780672788e+04
2.700085442518751370e+04
1.893385940992584801e+04
1.601329878010260109e+04
2.297786995710741030e+04
1.511856337818731845e+04
3.497035703875994659e+04
1.090479747084318296e+04
1.696712897513170174e+04
9.775574934390879207e+03
1.524054013142461918e+04
1.411326449173448600e+04
2.282077780271623487e+04
2.237664174639969497e+04
3.538014407745932840e+04
3.132946886835584155e+04
3.645347152985612047e+04
1.120231879858735192e+04
3.366872779666761926e+04
2.197867813013251362e+04
1.255060495658794571e+04
1.197864187657837465e+04
4.201747808403659292e+03
1.815434149242663989e+04
3.602980186160145968e+04
3.114980014272525659e+04
2.918206957393667471e+04
1.690348167397387806e+04
3.052487596741708694e+04
2.335008267821949266e+04
3.296869942142075888e+04
1.695387746540791795e+03
9.463007550558031653e+03
2.732438581388961757e+04
1.502228567995447338e+04
2.548063643281361146e+04
1.368608767257374529e+04
1.593201993520635369e+04
1.799463302035325250e+04
1.416894320751909254e+04
7.947221898248783873e+03
2.167664104399231655e+04
2.013602032465826778e+04
8.328608150126741748e+03
2.945859571645978576e+04
1.715393101379884320e+04
1.439028289530088841e+04
3.865391962356281147e+04
4.204097203996934695e+04
6.493637252170449210e+04
4.039227022562939965e+04
2.262960337126781087e+04
3.165253588725683949e+04
1.017197485602003690e+04
2.220577829647111503e+04
3.260256979534416314e+04
5.471528664314711932e+03
3.239956792215618043e+04
4.436861908638073510e+04
2.076170255374387852e+04
1.579633359109558296e+04
2.333091797741120536e+04
3.216146034575982776e+04
1.976045929597818031e+04
3.787576450447041861e+04
9.696886371762044291e+03
4.263683469204181165e+03
4.061152048195322277e+04
1.648990518336333116e+04
8.657278835762568633e+03
7.229726050624528398e+03
2.965450242814892408e+04
8.150827058104578100e+03
1.207748711912350700e+04
1.130887016383674381e+04
2.869620594625445665e+04
5.759676406252587913e+04
1.320324021389150403e+04
1.472023481859524509e+04
1.597248312772616191e+04
6.658504378295837341e+03
3.265881591854287035e+04
7.525192167444399274e+03
1.425630579869165740e+04
1.903009248225995907e+04
1.328924806280016492e+04
2.578457484113307146e+04
3.366040935741474095e+04
7.840932476755495009e+04
3.712535099503672245e+04
2.689997167551140228e+04
2.929154419694539320e+04
4.050953100882614672e+04
1.210380653057332529e+04
1.980406873350476235e+04
1.178760213513584313e+04
2.705896884898296776e+04
1.387737893928696576e+04
1.706176291168709577e+04
5.694593501111156365e+04
2.359100382908633765e+04
3.620526127843315408e+03
3.044609907907922025e+04
2.499479974923700865e+04
1.131324014741140854e+04
3.441808612751300097e+04
3.065630439084523005e+03
8.858576143294278154e+03
2.983701806790578848e+04
2.742128215948434081e+04
5.065429828889853525e+03
3.746384520031018474e+04
3.853112838686458417e+04
3.288171198790716880e+04
1.927765431114014063e+04
1.160162307531176702e+04
2.332733943227342479e+03
3.105193425728172588e+04
2.035050713946846008e+04
9.885393285238844328e+03
1.750468430633604294e+04
9.026672720887341711e+03
1.644719526770412995e+04
2.684889570224110139e+04
1.430928301820306115e+04
2.828418507922356730e+04
2.698760787193728902e+03
8.723990097663980123e+03
1.976689615572314869e+04
1.431955254983664781e+04
2.696781658342029914e+04
2.476557154692339100e+04
5.346254093234923857e+03
6.401979479143014032e+03
1.571706366327903561e+04
3.753382334882932628e+04
3.291357707452184695e+04
2.910411503783764419e+04
1.085270035277732131e+04
1.178989729955470830e+04
4.680128289209876675e+04
1.215982148887184485e+04
6.988627856480594346e+03
1.861467864969084258e+04
2.339067467846559157e+04
1.135192770938469585e+04
3.181751474448262888e+04
4.191678650867668330e+04
2.344561032802434056e+04
3.981989724075151025e+04
1.807836292769288048e+04
5.436576388688577572e+04
5.787285272217364400e+04
1.820145405406468126e+04
2.922305571238776974e+04
1.870661792270101432e+04
4.840227218191203428e+04
1.052890352793002967e+04
4.414483055293566576e+04
2.160303450840428923e+03
5.639694863728514611e+04
1.343056578328325486e+04
2.191897536817832588e+04
3.955532396790601979e+03
2.000474143776147912e+03
1.531539532766831690e+04
3.638532604135508882e+04
6.336026475803394078e+02
3.402821333581351064e+04
2.572742980368922872e+04
2.062446795835050580e+03
1.660133064939206815e+04
3.254649490625467297e+04
2.359450480268102183e+04
2.969800639698095620e+04
2.129081315915524101e+04
3.183991958868895017e+04
8.329416486977210297e+03
4.808564298320205125e+04
2.223146724319172426e+04
1.714144554562843405e+04
4.038368127406532585e+04
1.230435222716215503e+04
2.041899723193759928e+04
3.970682301565757371e+04
2.140669930815759290e+04
1.335104657700510143e+04
2.465532301487254517e+04
1.547856537913533248e+04
1.892216788374134558e+04
3.321536360950283415e+04
2.740622784219357345e+04
4.172442409148803563e+04
3.646842342169484618e+04
6.472520906443760396e+03
3.414486209781794059e+03
1.623743085784897994e+04
1.950173400032852805e+04
8.811852045480271045e+03
4.431189665790805157e+04
2.583519688840235540e+04
1.279282379353874603e+04
2.020726313821330768e+04
5.130374593630215713e+03
3.726585137083942391e+04
2.443780993343008231e+04
1.896154847818551934e+04
2.911580668674398476e+04
3.196061452748369993e+04
2.498067226604109965e+04
2.534131701919055195e+04
2.621653902827914862e+04
2.385461754267107608e+04
3.026397182604749833e+04
2.937054205950030155e+04
1.621838031098863939e+04
3.807007420726655255e+04
2.324424386499214961e+04
1.829767138049919595e+04
1.611584405263639746e+04
1.046934821927928533e+04
2.163882991353759280e+04
1.765704181697702006e+04
6.353983536197568174e+04
2.432753649314190625e+04
2.431310724234831287e+04
7.731347142106580577e+03
3.914814046922934358e+04
3.528563163126945437e+04
1.011527428492155741e+04
8.103412845324561931e+04
3.049324786410257730e+03
1.591755183282104736e+04
7.357822763566794492e+03
1.629093219091500214e+04
2.689967873844825226e+04
3.257587749042180076e+04
7.490660056884198275e+04
1.459190929654583852e+04
1.208447479655151255e+04
2.077457402211316548e+03
4.347518345715896430e+04
2.515269840946071054e+04
2.458355849047358060e+04
9.722557140388125845e+03
1.203534557985733409e+04
2.809790375034175668e+04
8.951481647608876301e+03
2.098332269393178649e+04
2.586510109575302704e+04
2.737342010852871681e+04
9.625791179039040799e+03
2.780707913882839057e+04
2.335412956052899062e+03
3.015631673593398955e+04
1.325070776108292921e+04
5.322093652113439748e+04
2.863863173800591176e+04
3.427905404109993833e+04
1.928195641954342136e+04
2.601862213267937841e+04
3.006870830066364942e+04
2.093996627694468407e+04
4.273853335120531847e+04
1.670263260597641056e+04
7.470124507849115616e+03
2.076666142155874695e+04
2.224743902165739564e+04
2.548877937466657750e+04
1.857011346037000476e+04
1.577580201021340145e+04
1.372462871823098430e+04
4.971799429285363294e+04
5.267776416048114697e+03
5.312458095032270649e+04
1.146816392658755467e+04
2.250027734362788033e+04
2.220049499128671960e+04
4.947138523957724829e+03
3.332189912137452484e+04
1.776658899910583932e+04
1.416769901423713418e+04
1.225062946919365095e+04
3.359713291523836961e+04
1.618860446624683573e+04
1.424612417781489421e+04
6.305408275007103839e+03
3.461372898104053456e+04
1.617329412690215395e+04
3.111873464623550171e+04
2.235736459940117129e+04
3.423867538212548243e+04
3.375693571207900823e+04
9.825403679782924883e+03
2.748475051078218530e+04
1.294837886256589081e+04
2.789321112774589710e+04
2.403112270778070160e+04
4.044151854086928506e+04
3.391112795557518984e+04
9.858178308546395783e+03
1.074647618795562812e+04
2.881980223195901999e+04
3.436882041360165022e+04
1.038339325487008682e+04
1.891104350189416800e+04
2.084010984299393749e+04
1.966518436096920050e+04
3.587108821015252761e+04
3.072880459731679002e+04
9.544513356032734009e+03
1.348471670291897681e+04
6.526742462961885030e+04
4.766155432863808528e+04
1.102633615162668320e+04
1.836544289060968822e+03
1.218754747086814859e+04
1.678687947711948436e+04
1.746120065620698369e+04
5.458260525502196833e+04
3.939949669583687501e+04
2.165177018241474798e+04
4.343687332771828369e+04
2.694596907766329241e+04
1.763685322724941216e+04
3.436286701643050037e+04
2.042273659461924035e+04
1.011190640561079454e+04
3.164309505219658604e+04
2.097026712121164746e+04
8.131154511812550481e+03
1.209351007239907631e+04
7.979220654167927933e+03
3.919035829066596489e+04
8.073520295158572844e+04
3.157548406248659740e+04
2.129048505956827285e+04
1.536705094059841031e+04
9.870796065865964920e+03
7.581115534248077893e+03
1.746774261384589408e+04
4.387701018868274696e+04
1.002366623235072257e+04
5.845605691113579815e+04
1.890177643113394515e+04
1.624339364008325356e+04
2.148196613453211103e+04
2.261153162670520760e+04
3.652965370624561911e+04
3.217283265234692226e+04
2.804531364283426956e+04
2.913445608584656657e+04
4.810238511410333012e+04
3.102809948373765292e+04
2.115701876821589758e+04
6.697436488225891480e+03
1.451416044264917582e+04
4.268587218699294317e+04
6.438780603107189563e+03
3.093989437351452943e+04
7.617770313367103881e+03
2.273012982691865545e+04
7.000404421176426695e+04
5.461333348168975590e+02
1.947681631128673689e+04
7.227420326232848311e+03
3.359614059385858127e+04
1.487436210702882818e+04
3.012628187061571589e+04
1.546402992468153934e+04
1.626763529474276584e+04
2.013273052991604709e+04
1.152943765649627312e+04
4.303072662049847713e+04
2.359637735974224415e+04
1.648699591031569435e+04
3.612082380349796586e+04
2.024939394658650053e+04
1.006714356426818449e+04
1.935139991508602179e+04
3.026488908931034530e+04
2.129380699850805104e+04
3.564340535879345407e+04
1.559804058647475176e+04
9.551373124285773883e+03
1.728806684572854647e+04
1.631296356395516705e+04
8.899557632240017483e+03
3.161442211315210807e+04
2.000611269607377471e+04
1.556374632017360454e+04
4.179348915734865295e+04
1.300964872917098364e+04
4.522200307328911003e+04
6.012916981151998334e+04
1.247409974255496127e+04
7.374578496550535783e+04
2.389669062266671608e+04
1.576807495348712473e+04
3.451215537954065076e+04
9.507919477397281298e+03
3.133838991902221551e+03
1.208884694603718526e+04
2.294504303053526382e+04
1.136798973049023698e+04
3.096105490833780641e+04
1.480263965700942754e+04
3.948144311202540121e+04
1.618925323183041110e+04
2.443144544723331637e+04
4.005366462380687881e+04
1.016030215507380854e+04
1.403455515538232794e+04
3.705430748712813511e+04
1.913486382457518630e+04
2.271724481817290507e+04
2.029843608272360507e+04
1.770751176837390813e+04
1.674489739724355604e+04
2.929756651768022130e+04
1.863889557034744939e+04
3.342658209932687896e+04
5.526719567128238123e+04
1.117386226492229980e+04
3.634300811161314050e+04
1.615840626527929453e+04
3.165465568250302022e+04
4.176208715200625011e+04
8.831819729627426568e+03
1.475647053684926868e+04
2.730712147620939504e+04
2.247192946335787929e+04
2.058060242371616914e+04
4.866168820647929533e+04
5.145899987304553360e+04
1.777195394183896497e+04
2.182155593743461941e+04
5.019538794400420738e+04
2.820053719276512493e+04
1.038748024479221567e+04
2.219607053978407566e+04
8.461981124582018310e+03
2.349797383378957238e+04
2.160070060530844057e+04
1.825626790681675266e+04
9.488767944711004020e+03
1.397007261981505690e+04
2.612235342131734069e+04
1.101912456544932866e+04
2.075075550608423146e+04
1.835065404557658621e+04
1.650671711061329552e+04
1.812772202496650789e+04
2.869638806895240123e+04
3.944622276158441673e+04
1.433436186377306512e+04
9.043659411600812746e+03
1.870385378516450146e+04
2.039578709111477292e+04
2.858732862657231817e+04
3.021754513777489774e+04
1.089708174655121729e+04
1.623446421001769340e+04
3.368219950170820084e+04
2.313510047869418486e+04
2.484586294577673834e+04
7.850993403915696035e+03
3.454708233615881181e+04
2.312364436407135508e+04
2.073245717397054250e+04
2.401401441917880584e+04
1.334215595978735655e+04
4.206789765222396818e+04
4.485715037143763766e+03
4.254036626361348317e+04
1.951786156393498823e+04
4.060131125475655608e+03
2.315479486651788466e+04
3.856669078683122643e+04
2.718316617826485890e+04
1.677404229045798638e+04
1.258127764693851350e+04
2.339623290862702561e+03
3.600425007488745905e+04
4.178454016807758308e+03
7.288357921869427628e+03
3.585366916967287580e+03
3.374193221614796494e+04
8.668784576711763293e+03
1.630237045754757128e+04
9.927623750936278157e+03
1.731813462838709529e+04
3.178796198717950756e+04
3.164432235097253579e+04
4.468486829475041304e+04
3.663293738794891397e+04
3.202705481901152234e+04
1.123089464709412096e+04
1.172408740139411930e+04
3.566147318122918659e+04
9.812069899032867397e+03
2.527255452644981415e+04
7.873782300257177667e+03
2.141874809218620067e+04
4.193233198180932231e+04
2.125843621025994435e+04
1.939053269284109774e+04
1.503303004685160158e+04
2.014557292033841077e+04
1.741049550626150449e+04
2.419234557141248661e+04
1.447656684079012302e+04
5.032956611628365499e+04
3.232011288249654172e+04
2.288542159462501877e+04
4.318413318679676740e+04
1.315443072192402724e+04
2.223629831754959378e+04
2.008248255461385997e+04
1.739211494120681527e+04
4.674844425161049730e+04
3.845243538716634794e+04
2.994002483770813342e+03
1.651277420223684749e+04
9.440387463965711504e+03
7.420272099581669318e+04
1.279288200750836768e+04
4.481344855345936958e+04
9.730635604115672322e+03
2.835683838139905129e+04
8.109568455398088190e+03
4.368027473491025739e+04
1.097463041985079690e+04
3.376635537413768179e+04
2.850219055079694954e+04
3.219285144139807380e+04
3.523565882328384760e+04
2.122236545664785081e+04
1.129381687894379502e+04
2.831708603165664317e+04
3.142825502809692262e+04
2.720357741416689896e+04
2.575409831004173975e+04
7.276894304032806758e+03
3.536784349819543422e+04
9.184002125129651176e+03
9.360207698388418066e+03
1.936229949884590678e+04
2.782649853054981213e+04
9.190499090137149324e+03
2.347556975290546688e+04
1.741078223453161991e+04
1.819092427486510860e+04
4.646366079347619234e+03
3.566920233515254222e+04
9.611789155074191513e+03
1.994493452631314722e+04
1.966636668409613412e+04
2.627449729913463671e+04
2.750154414825092317e+04
1.550523095011870646e+04
4.399554358611913631e+04
3.166175672296792982e+04
1.678064651781864086e+04
1.713747846624804515e+04
1.009870870532450317e+04
4.617935659880126332e+04
1.075919143183913184e+04
1.480087729892998686e+04
1.577165600122480646e+04
2.510821742068884123e+04
2.139181592442911642e+04
4.560457921496529161e+04
2.623087111271684080e+03
1.557354512927961878e+04
3.304024494468760531e+04
1.437782474183343584e+04
1.750243904880785703e+04
2.152280238276629461e+04
4.098506712895478995e+04
4.450791937782239256e+04
2.199805749979921166e+04
3.192093684736653813e+04
2.393486964993094080e+04
5.340196537309195264e+04
3.902707838075680775e+04
1.199852608312167649e+04
1.772962829505224363e+04
3.024835829212098179e+04
1.817399181576583942e+04
2.550476844295806222e+04
4.466649432526760211e+04
1.359347731211832070e+04
9.818839089687317028e+03
2.144783438458669116e+04
3.418971887774700735e+04
2.858259218288737247e+04
1.271287044947230061e+04
9.368388801432754917e+03
2.591854981457454414e+04
9.276422535002577206e+03
3.890930023555458320e+04
1.699829027180804769e+04
4.800989560079188959e+04
9.586231499894511217e+03
8.052147213557458599e+04
3.229900643746913374e+03
2.208059866997015342e+04
1.420677576267013683e+04
8.752462582190913963e+03
1.784491849774447473e+04
2.809565499968748554e+04
1.045488184027353054e+04
4.770230862167573650e+04
1.868998316220712513e+04
2.120610219545017753e+04
5.214878232492107782e+04
4.687773727694795525e+04
6.751044667754944385e+03
1.964628461060192421e+04
2.213505922705238117e+04
2.401440197954946052e+04
1.710535479354173367e+04
9.201906114945104491e+03
1.596004781049183839e+04
3.007491821534769042e+04
1.548124998395477814e+04
1.187618991594547697e+04
2.202996037746306683e+04
1.061029013798942651e+04
2.072163956679526018e+04
3.409366377823290532e+04
2.522335811562867093e+04
1.190542147147823198e+04
3.791885404677307088e+04
2.977581866443451872e+04
1.838946530763576447e+04
4.805301892304963985e+04
1.228497324704415951e+04
5.451176538642877858e+03
3.146344451430356276e+04
8.388039963185554370e+03
1.689115602483838302e+04
2.002350295419756367e+04
3.206158861046606035e+04
3.127290741568819612e+03
1.424331028003963365e+04
9.773202821109518482e+03
2.562696044318217537e+04
1.060309776693320964e+04
1.582524187760767381e+04
1.536967631041684945e+04
8.944843068273998142e+03
3.996993448819266632e+04
3.819445827297966025e+04
4.472404444344799231e+03
2.014472573251585345e+04
3.206222094850832946e+04
2.671927379446268606e+04
3.937146915001017624e+04
1.744720607789494170e+04
2.808824108779193921e+04
2.608490326215131790e+04
2.819205486735919476e+04
6.445760098612724687e+04
3.120822563609662029e+04
7.488777442136643003e+03
1.311604867885616477e+04
5.463019125876247926e+03
1.884295220828778838e+04
3.338464130444015609e+04
9.144326768354676460e+03
1.734670416345210833e+04
6.655346273820233182e+04
2.866981331857806072e+04
6.154724564365099468e+03
1.251139935407142912e+04
5.292656796307522200e+03
5.830003204666032980e+04
2.664647284104404753e+04
1.791979733549712182e+04
1.850702244898268327e+04
2.099522176797097563e+04
3.018517495755873824e+04
3.178312868286774756e+04
1.571389806955315908e+04
3.741554982425688650e+04
1.961703168806026952e+04
8.068245132481401015e+03
4.760686919125425629e+04
2.692246959962326946e+04
2.624369162258820143e+04
4.382421030700352276e+04
3.639970438459637808e+04
3.785554758486677019e+04
1.833409461528778775e+04
1.125909426836854618e+04
1.238235117477700078e+04
1.237695916144210059e+04
2.500372026657084280e+04
1.865339129937968391e+04
2.015167678642277679e+04
2.219017288762543831e+04
8.801946051284863643e+03
2.279312099738582037e+04
7.880207262302397794e+03
2.866648640776628235e+04
4.791077561952070391e+04
2.784043729614967015e+04
9.684179269656335237e+03
1.585706937968085913e+04
4.022998313772214897e+04
1.626178365265417233e+04
5.223350579767422460e+03
2.440752144433940339e+04
3.646935511870005575e+04
4.985692699580016779e+03
2.870961403196519677e+04
4.121363715898917872e+04
1.756387829968980805e+04
1.247788230341209783e+04
3.843660369478589564e+04
1.062850302417816602e+04
2.042296353257980809e+04
1.468859209986486348e+04
2.098015820925813387e+04
4.372654705167558132e+04
3.472282486472128949e+04
3.475976461736374767e+04
1.810093901461964924e+04
1.251446073732684454e+04
5.626861647128567711e+04
3.831083265050209593e+04
8.465717700596671420e+03
2.718959790242070085e+01
1.562516323785965869e+04
1.300766127201682684e+04
3.840645520767925336e+04
3.341014626009758649e+04
1.608965414513650285e+04
1.791215356298147526e+04
4.494146261198309367e+04
-9.931700315428707881e+02
1.668509260746753716e+04
2.489259998230384008e+04
6.396855998510153586e+04
5.429402281896977001e+03
8.952886760145835069e+03
4.859490515274472273e+03
3.253845285130204866e+04
6.587002672967722901e+03
2.369121957877298337e+04
1.067628744406694022e+04
3.466016599479643628e+04
3.881982211337332410e+04
4.320726592242490733e+04
4.618851004864601418e+04
4.694756529986954411e+04
1.688219834217792595e+04
1.368464765086252191e+04
1.587171873953332397e+04
2.699840848080239448e+04
2.173493747675111445e+04
1.301735725249642019e+04
1.552330808408866505e+04
3.898337845592776284e+04
2.226339891186504974e+04
1.703915835722263728e+04
1.853606312373838591e+04
9.516274552296503316e+03
4.420547647391568171e+04
4.488794578398132217e+03
1.461696922823164095e+04
3.293652386529296200e+04
2.719838337570098156e+04
2.880989147054046043e+04
5.417148349962710199e+03
1.309090501694841987e+04
8.894466122499272387e+03
9.520177573258843040e+03
2.867300065172992254e+04
1.558909874779406709e+04
3.369691228056837281e+04
3.518447589389125642e+04
2.073610949669126421e+04
4.081862397531143506e+04
3.144700457096255559e+04
2.208751155363637372e+04
3.476473987112893519e+04
5.145535449184300887e+03
1.711099614425157779e+04
8.420732494552103162e+03
3.659797961376365856e+04
9.181337486828186229e+03
1.608838860794246284e+04
1.024925987607058414e+04
1.037540812382768308e+04
1.995284543265992761e+04
3.604100934871037316e+04
2.396772697536250780e+04
3.123063352968435720e+04
3.897997172570140538e+04
6.095801923893637650e+03
6.105582095218412178e+03
2.028710174962408564e+04
4.797719463880459080e+04
1.495034145256526062e+04
1.004266724623594382e+04
6.085690651673155116e+03
1.139418932983678678e+04
1.120267535332780972e+04
1.873612237695879230e+04
1.064444992740862654e+04
4.504044770690912992e+04
4.104091044020293339e+04
9.431226155965319776e+03
2.848511311977439618e+04
1.704237425641594382e+04
1.552256133887517717e+04
7.714887077904015314e+03
2.070967783325792698e+04
1.868772280015536307e+04
9.612292814306714718e+03
2.033851188120266306e+04
2.044477481948046989e+04
1.337788776487026917e+04
2.122930622468145884e+04
2.049027575551195332e+04
8.765113421592164741e+03
1.232647058484708032e+04
1.105143804550022651e+04
3.399034757022009217e+03
2.239347736996352614e+04
2.254105479507590280e+04
4.603523063730935974e+04
1.921243204583481565e+04
2.534523846695633983e+04
7.010000990373876994e+04
2.252210110908471688e+04
3.543609349161901628e+04
2.049395704373714398e+04
2.231303750778049289e+04
2.482180241718335310e+04
2.692132615003745013e+04
1.395647764537921466e+04
8.469025405017149751e+03
2.161512784469170583e+04
3.796473375245795614e+04
1.640470456285983892e+04
1.522275732883509409e+04
1.456924538692650094e+04
1.832230115677526919e+04
7.060735261367433850e+03
1.383249895805403139e+04
1.622702389322907584e+04
1.095104990362902754e+04
2.766806190651227735e+04
2.347784675467473426e+04
3.666538958252133307e+04
2.179584513021807652e+04
1.947057216652870193e+04
2.443934174635306408e+04
5.481247565440730250e+04
5.014360078591570345e+04
4.201547661811269791e+04
3.271929291880010715e+04
4.782810968614443846e+04
1.039112085573234981e+04
1.827437664657858477e+04
1.882397717028724583e+04
3.005922218732833426e+04
1.247042925201460457e+04
2.987260111681324634e+04
2.900895225448951896e+04
2.041786050482968494e+04
1.432050669417892459e+04
1.827350733754267640e+04
2.119512382632107619e+04
4.991918086691165081e+04
8.800856923877281588e+03
1.051974477225555893e+04
3.348191434793602093e+04
5.581996529487822954e+03
4.120701489378988481e+04
7.173375296596769658e+03
3.507270502691730508e+04
1.192701285366253251e+04
8.520708031335550913e+03
2.285478958125104691e+04
2.508105456634771690e+04
2.805519344533304684e+04
1.725936271790757019e+04
3.176737626260560501e+04
2.444210138926838772e+04
1.146187013326156739e+04
1.339587612797286420e+04
1.803264326401451035e+04
1.996760904844950710e+04
4.013743177636722248e+04
6.762182107124720642e+04
4.742947109060738876e+04
6.352271510548336664e+03
2.265473317069144468e+04
2.426248114899618668e+04
1.818294622909057216e+04
2.247505906672506171e+04
9.653628836682348265e+03
5.838915762493717921e+03
4.076443507687275996e+04
2.831641501436605904e+04
1.199108174407712249e+04
1.321713704249511284e+04
2.303313894360644917e+04
2.019120076358532606e+04
3.650469773955334676e+04
1.977942060823524662e+04
7.431547397430909041e+04
1.508834454087698577e+04
1.110272652559720518e+04
1.943247048019591602e+04
2.014859581342110323e+04
1.082541177828901345e+04
2.875982790649557137e+04
6.032539699471632775e+04
9.014782511545015950e+03
4.633565215892599372e+04
1.203348167490643209e+04
3.988951006642977154e+04
2.893284496756817680e+04
2.078278543942474425e+04
3.661364173007165846e+03
1.128243064908826636e+04
3.027926892584842790e+04
1.929643600966367740e+04
2.890526775705629552e+04
3.088775361805637294e+04
3.806682441104047757e+04
7.509053440960668013e+03
1.778477310616615068e+04
1.334827802891426654e+04
3.812119327543538384e+04
1.999855547865874178e+04
1.770632317746725312e+04
4.336612040754088230e+04
1.631079149109570426e+04
2.169889308338931369e+04
2.786689898444036226e+04
3.320777839092541399e+04
2.529255549790743316e+04
2.840502837017095953e+04
5.326872442548393155e+04
5.426757365709756414e+04
1.474274779215068702e+04
2.763098324163645884e+04
4.487884947297719918e+04
1.543010201166537445e+04
1.281186010269407780e+04
4.005670277896650987e+03
7.308339447803450639e+03
1.671932029701019928e+04
3.745974683780025225e+04
1.403454869630357280e+04
1.277358644044339235e+04
4.517464742043160368e+04
2.726791617386791040e+04
9.589300902220335047e+03
3.569447753724014910e+04
3.676475846534124867e+04
2.748348467619191797e+04
1.701627317787747597e+04
1.641121648604312577e+04
4.951490063510167602e+03
3.850369982611466548e+04
1.739656792329707605e+04
3.869221381082160951e+04
8.028321263936361902e+03
3.859992606666797656e+04
2.979140325311728520e+04
1.916711537873449561e+04
1.580622386754612671e+04
1.423527957301218157e+04
9.731487367974492372e+03
2.250821536412913701e+04
4.502696107877969916e+04
6.251745672357872536e+03
1.791017821525859108e+04
2.228389353219312761e+04
6.928273143356812943e+04
2.955214519816396933e+04
4.665585143984616252e+02
1.057603409815729356e+04
1.192476252638084406e+04
1.951671318543509187e+04
1.407716985214568194e+04
2.318852477994343644e+04
2.970378458858811791e+04
3.234145646180366384e+04
1.674289229867829636e+04
2.887213437233244986e+04
1.286698272409716810e+04
5.245745672952564928e+04
3.645437085222981113e+04
1.877425820140651558e+04
1.819070952943152224e+04
3.303891031762518105e+04
4.687483571216326709e+03
1.317528340166552334e+04
4.179524969480851723e+04
1.854676018934910098e+04
2.139850457851092506e+04
3.509978318480321468e+04
1.232685951792078959e+04
9.611404914292664034e+04
1.945102692700880652e+04
1.060219937292069153e+04
1.716558674662932754e+04
1.698262989030318568e+04
1.906079673544180696e+04
2.156123861114564352e+04
1.017902254715263916e+04
2.384950726316040891e+04
2.960217729452253479e+04
1.156922365416851790e+04
1.183246491338612577e+04
1.923972283044205687e+04
1.635397964695682094e+04
3.559529637777077733e+04
8.972620682336300888e+03
2.757882694969340446e+04
1.947566149926640719e+04
1.052052329674761495e+04
2.023824715560781624e+04
1.534421996970650798e+04
1.313590613116227905e+04
2.551574009585809108e+04
1.912092813339115673e+04
1.323974559181080986e+04
1.403316189573072552e+04
2.269780622698407751e+04
1.685262242124520344e+04
9.576152502736495080e+03
2.747587695936892487e+03
4.429252860959557438e+04
2.791034030674319001e+04
2.281593012382500456e+04
2.699416474808915518e+04
9.797526263569954608e+03
3.096279824026676215e+04
2.258282985903478402e+04
2.139937607585330625e+04
1.820064082487776977e+04
4.511508315739794489e+04
2.083017861431480196e+04
3.061497179777179190e+04
1.386704585661566853e+04
1.419815467501915191e+04
1.712258607684113667e+04
2.681629972952654862e+04
1.833681434870299199e+04
1.217048459637889755e+04
3.023822031044389223e+04
1.647502433070976258e+04
6.441095852054636634e+04
8.848033981944805419e+03
5.867764928160787531e+04
7.024698504357619095e+04
2.670503873943624058e+04
1.236797896610516909e+04
1.949539543680495990e+04
1.033084372833893758e+04
1.222290068396247443e+04
6.351200830872009647e+03
1.193110050934711035e+04
9.776945625263349939e+03
2.102736476678484541e+04
2.650541030934421360e+04
1.481641012505918479e+04
2.868058883524681733e+04
1.304742480324093594e+04
1.603203675066112919e+04
4.252456861863935046e+04
1.603318406821417921e+04
2.597055925770177419e+04
1.488392980341598741e+04
2.791980619159407433e+04
4.025914496035998582e+03
2.153760775671947704e+04
2.715664859511449686e+04
8.764144905015838958e+03
3.497941026459554269e+04
2.838416119046147287e+04
3.554814406110665004e+04
2.217968621633578005e+04
4.616839154115165002e+04
2.400551722948027964e+04
1.773519493023904943e+04
2.082997397093910695e+04
1.370686283141098284e+04
1.402686792321525354e+04
2.494465100801881636e+04
9.878977183051078100e+03
1.743075958381802775e+04
3.706688074735570990e+04
1.937406667040703542e+04
2.049999120250577835e+04
1.968848643233954863e+04
2.865015442791815440e+04
3.850523211923335475e+04
1.199464992266596164e+04
3.023311895406661642e+04
1.502498325386128454e+04
3.353271326758406212e+04
2.703949534430377753e+04
2.014970044293461979e+04
5.192892420254854369e+04
2.333255036257605389e+04
2.167858651498956533e+04
1.484681987770274827e+04
7.782146287686327014e+03
1.596209787743390916e+04
4.291065439265706664e+04
7.223569915131868584e+03
6.492083036270426419e+03
4.105401920390030136e+04
3.427711971783391346e+04
9.874821217068802071e+03
1.168628429307754595e+04
2.662005216939261300e+04
2.218621852642349404e+04
1.817935539707821590e+04
2.326672881704892643e+04
2.708793232304004778e+04
2.551203727797483953e+04
5.207487056333795772e+04
7.956456005986346281e+04
1.091626600853233140e+04
1.729777871079446413e+04
7.586250432080942119e+03
2.080950788775214096e+04
2.968980128368852456e+04
3.196303531560947158e+04
5.289518191691867833e+04
3.366528720913150028e+04
-1.346173452661357032e+03
2.970538911764734439e+04
2.738676421027580545e+02
6.337440443939372926e+03
1.084634434064106063e+04
9.671744447692031827e+03
3.665650483614762925e+04
4.953195620762186081e+03
1.328116224428969508e+04
2.929338060701840004e+04
2.012771169277279478e+04
1.267776937541701045e+04
4.591108469870106637e+04
3.383844027122263651e+04
2.767759419951497694e+04
1.584172876493554395e+04
4.221088258571075858e+04
9.998601684456785733e+03
1.088019403575989418e+04
4.222766351221092918e+04
2.324791387561609736e+04
2.075308156082307687e+04
4.922408409150439547e+04
2.489613279535439506e+04
3.605352201571794922e+03
2.151231889654678525e+04
3.698262009075513924e+04
1.812470247524021397e+04
1.599794527589555582e+04
4.623209837825312570e+04
2.205035470999119934e+04
7.762726153115008856e+03
8.408935654675628030e+03
8.261654390579378742e+03
1.928131165641029656e+04
5.297955823599996802e+04
1.524803440959546060e+04
1.170422351977928338e+04
1.041602195009647949e+04
1.641091826532173218e+04
1.530602653875480974e+04
1.973639284486752149e+04
1.958716460189610370e+04
1.755306476835518697e+04
2.072994350560380553e+04
4.227996285478265054e+04
2.215884838469143142e+04
6.081377237748142215e+04
8.875163124895152578e+03
3.245517129738471704e+04
2.247163358763656288e+04
1.150639461262718032e+04
2.967528219568498389e+04
2.386885187410093567e+04
2.931240783187366833e+04
1.295310946248591426e+04
4.283701746717710193e+04
8.168339130891801324e+04
2.873594343226411002e+04
2.725394709122373570e+03
1.647309063957731269e+04
2.216058308460659646e+03
8.598399092714567814e+03
1.371575367040099809e+04
1.306989688459633362e+04
4.401186293323875725e+04
1.900172369143816104e+04
7.514780201596569896e+03
3.657943802599181072e+04
2.713334743843164688e+03
1.185609301630706614e+04
1.948842720913736412e+04
8.087366825575505572e+03
8.231332134253800177e+03
4.485152484807219298e+04
2.766790532985688696e+04
8.925318617321176134e+03
1.110990365083112738e+04
2.184149567015101275e+04
4.010739903824128123e+04
3.663507084991508600e+04
3.035804522611946959e+04
4.954774668439492234e+04
2.887262646877417410e+03
2.327550123899466416e+04
3.639929593292759091e+04
2.921727686292263388e+04
1.053750036980480218e+04
1.760454482750610987e+04
2.602668560067522048e+04
7.042959923822298151e+03
2.868113673865700093e+03
2.186682237821829767e+04
2.314114694412321114e+04
5.138290901149004640e+04
3.807478754744885464e+03
2.713460055431442743e+04
1.292589254022027671e+04
2.215460048683196146e+04
2.457909528901809972e+04
1.513772128029172563e+04
3.002803462307235895e+04
1.721882413601304506e+04
2.072763241023441515e+04
5.585070598097740731e+04
1.132985149419878508e+04
4.268225290733491420e+04
2.934463111294311238e+04
1.468639352271155985e+04
2.262998642271822246e+04
1.841498672272468684e+04
8.465174293031543584e+02
1.135741216693600836e+04
1.369787682332892291e+04
3.059929389178696874e+04
3.258999658269312931e+04
5.444318958554587152e+04
4.004061296819902782e+04
1.329904245855259796e+04
6.637047625101302401e+04
9.186198603745211585e+03
1.578022396812277111e+04
2.499762330315765212e+04
6.050411935679569069e+03
1.267980054905155339e+04
1.469530017556200619e+04
2.598817502413039983e+04
3.051289200309054286e+04
4.715583551652352617e+04
1.966627502844947594e+04
1.812751403814437072e+04
1.604595148427908680e+04
3.996578099959528481e+04
3.126627386223616486e+04
7.141563907022671629e+03
2.063423371672310168e+04
1.732208302582952092e+04
2.232304313834703498e+04
1.750044500335404518e+04
4.804519934958850354e+04
4.474292797020094440e+04
1.460071291811937408e+04
7.391685490056881463e+03
1.329894022856216361e+04
4.406497134391230065e+04
1.048124970037520688e+04
2.260345519896834958e+04
3.958537164136880892e+04
1.106416171499375560e+04
4.741458824115601601e+04
4.480702161558678927e+04
7.792314442874676388e+03
1.619316139054559790e+04
1.465528516397541716e+04
3.463388436130966147e+04
1.430654847244983102e+04
3.854604636899465550e+04
3.977837378351776715e+04
4.155710160168237053e+04
1.143183619609753077e+04
2.045990042397638535e+04
1.051674223829300536e+04
2.748480734808088891e+04
2.650367799550352356e+04
2.185865109575153474e+04
2.840959872487233224e+04
2.277189646849383280e+04
3.949198014896903624e+04
2.714769478087376774e+04
3.607109979011549876e+04
4.016977834751024784e+04
6.890042596379861061e+04
8.787602250734777044e+03
2.628612447549510034e+04
2.753617664451397286e+04
1.570517562279693084e+04
2.595330768083340081e+04
3.459077868256831425e+04
8.189113485285342904e+02
4.636094193182605522e+03
1.303295959090353972e+04
2.251449302476139565e+04
8.539301616103330161e+03
1.035414316022452113e+04
4.066113657806973788e+04
1.280832320212740524e+04
1.340239232732687015e+04
2.014523691661404519e+04
2.261953967679131165e+04
2.337213096700114693e+04
1.917899187379259092e+04
6.091482903305527725e+04
2.199031964940011312e+04
2.050612395878938696e+04
3.503592248662492784e+04
1.931588961583759374e+04
3.761443550448059977e+04
3.152772781520730132e+04
1.394934933030381399e+04
2.708025767750693194e+04
1.507510698342290743e+04
1.778691528470019693e+04
1.617057098723415038e+04
9.139260449531859194e+03
3.945063791220253916e+04
3.692355855197341589e+04
5.222132063405057124e+03
2.323288332576951143e+04
3.285973117277737038e+04
4.465910782495085732e+04
2.740249244338056997e+03
2.309308484616133137e+04
3.768338679788226727e+04
5.260506710627162829e+04
3.965502519010025571e+04
3.791143364374576777e+04
6.132747456710322695e+03
1.552793812016564334e+04
4.199357419921340625e+04
6.817307420074615038e+03
4.004923629737707961e+04
3.962141578124331863e+04
