1.111563933296879055e+06
1.068411025145638036e+06
1.266310247565906728e+06
1.023168149026860250e+06
1.236292244278483326e+06
1.209107465960334055e+06
1.173836825193415862e+06
1.170241781052447855e+06
1.029235530500865309e+06
1.020983693119977601e+06
1.245738387678325409e+06
1.166466444956808817e+06
1.074650083449193276e+06
1.167982097938263090e+06
1.255155804432974895e+06
1.079283539362514392e+06
1.046649018933975836e+06
9.068053088449263014e+05
1.184424812954664929e+06
1.283590035266328137e+06
1.124054727629979141e+06
1.317025624336320674e+06
1.220353512092144229e+06
1.346968534747801954e+06
1.380239189585186075e+06
1.183988970787714701e+06
1.011909134655101923e+06
1.176901759300791658e+06
1.231732178079317091e+06
1.179593002559917513e+06
1.211366790695342235e+06
1.331952696531580063e+06
1.211190841199152870e+06
1.178697851237422088e+06
1.132854035676667467e+06
1.090238841230827384e+06
1.175438420420696028e+06
1.234262986242842162e+06
1.157085754309429787e+06
1.260134931317070965e+06
1.166055567966111237e+06
1.175359050303917145e+06
1.097888219116862863e+06
1.182815635450692847e+06
1.228443375438157236e+06
1.146482567780134035e+06
1.155089141141994623e+06
1.203690199230331462e+06
1.071459486198711675e+06
1.111848721034150338e+06
1.166804332518249052e+06
1.277536930013031699e+06
1.223069028747407021e+06
1.074719037088970421e+06
1.151860983768042643e+06
1.161501138699716656e+06
1.129602788348592818e+06
1.196476657253537094e+06
1.308854293231751304e+06
1.203228045562827028e+06
