8.929039645107888646e+03
9.798992620624370829e+03
9.639394383165996260e+03
6.391508685823058840e+03
8.033551211869697909e+03
9.509570774875066490e+03
1.234661582472154078e+04
9.803744382733140810e+03
1.253186516900321476e+04
9.980408344898673022e+03
1.141374900852164319e+04
9.701365386472753016e+03
7.964818836358233057e+03
1.071331046751142276e+04
8.822614174981597898e+03
9.579611904673034587e+03
1.143352112327161194e+04
8.941104862911679447e+03
9.726904349455862757e+03
1.303837339915236407e+04
8.182965992266870671e+03
1.080494910967326359e+04
1.109508405087484425e+04
8.856271239797222734e+03
7.819892752249646946e+03
6.919044067928256482e+03
8.546522104327092165e+03
6.180658698436290251e+03
1.157884050494714756e+04
1.509428509136243156e+04
