-8.840000000000000000e+02
1.804030781965085225e+03
2.315581840358242516e+03
2.566565891095376628e+03
-1.346121605424936547e+02
5.330678690735319833e+03
3.337711626113421516e+03
1.653121477166243494e+04
1.674756482388251243e+03
2.847121913143657002e+04
1.185352220655781821e+04
8.263205119059257413e+03
8.847578252130129840e+03
6.979512165305675808e+03
8.325818192809066431e+02
7.411351649954292043e+03
9.276022687988614052e+03
1.199045906627025397e+04
1.365057330098684133e+03
2.278868418419814589e+03
4.541235727473911538e+03
7.953778859030139756e+03
2.765079829639768650e+04
7.588098949708736654e+03
9.635841449143586942e+03
8.411686168957725386e+03
5.350660404901726679e+02
4.071576553492982384e+03
1.556735221813177850e+04
2.048289598643651698e+04
1.681950211917092747e+04
4.691838994237204133e+03
2.174564411542903599e+03
4.363594376434121841e+03
1.203619394074758384e+04
6.046208582708540234e+03
3.519056159706442941e+03
1.668727458329857109e+04
2.293544535009765696e+03
5.465878412290443521e+03
1.230167994952410845e+04
5.725266514626993740e+03
2.592680556361582421e+04
5.359580509324920058e+03
8.904615995719661896e+02
1.026170568151759653e+04
6.967554416666280304e+03
5.056043885545235753e+03
3.864491828698719473e+03
1.293680650198722287e+04
8.787057477305968405e+02
6.012343746766332515e+02
1.011200900172595175e+04
8.731429862934803168e+03
6.665851261545714806e+03
1.132974751959389505e+04
1.663130812502939807e+04
-1.063139551126687365e+03
1.913218297020688624e+03
1.390081571575473936e+04
6.716162013862860476e+03
8.812182525073169018e+03
1.059619607157126666e+03
9.560438655396390459e+03
6.384472005465041548e+03
2.189279864084488054e+03
1.722890820978214833e+03
1.904909617119225732e+04
-4.343032257251581996e+02
9.344822822191672458e+03
1.055650357808101944e+04
6.062182807386049717e+03
2.054742379812834406e+04
1.599455806730339191e+03
2.363550151274247764e+04
1.292664666732253136e+04
2.191712171817526723e+03
4.413375875741193158e+04
1.677253741042145521e+03
1.629957754583002497e+04
6.667012071107961674e+03
1.873712117025810585e+03
6.343885697642868763e+03
2.942117311689666167e+04
8.904848854302450491e+03
4.132368674410797212e+03
3.815106145541186834e+03
1.791316080625122777e+04
1.289468479376949745e+03
4.051769339137536008e+03
2.976540592879683027e+04
-1.233409062750164139e+03
1.185743959376400380e+04
1.405525763761048802e+04
1.335926092108806370e+04
1.346601357448714225e+03
1.630251618128265363e+04
7.714332903948136391e+02
3.947088544611261113e+03
7.818331813997029712e+03
1.885394277851490551e+04
2.540589447811167247e+03
7.338635140909374968e+03
9.165310388011717805e+03
5.548212989380335785e+03
7.280931949772266307e+03
7.151091070165979545e+03
7.150988472679116967e+03
1.142729395366657263e+04
2.176034018471055242e+04
1.808750091972858354e+04
1.123447958100632832e+03
6.552421907926288895e+02
-1.174876357121327430e+02
9.857696543647878570e+03
2.540581895221693048e+04
2.884088143250707617e+03
2.096987987431177316e+04
1.576378341831619082e+03
8.949546900711326089e+03
7.784774066355392279e+03
1.795634119178032779e+04
9.118025325802685984e+03
3.417393805020464697e+03
4.896404301608985406e+03
2.961245349852371874e+03
6.124592831906832089e+02
4.588718936470982953e+03
1.556620366280818871e+03
-2.398082539810848175e+02
1.088366480425129339e+04
8.996531106608534174e+03
1.443056940876563021e+04
3.921482253220357961e+03
2.396891875749292012e+04
4.757186143594866508e+02
1.284080553536269872e+04
1.507457741379929212e+04
7.144143297132572116e+03
5.293685516184627886e+03
2.154194344427096439e+04
2.402649158979075310e+03
2.412586234181538657e+03
1.171468684428835559e+03
3.111365546239955620e+03
7.834932916748581192e+03
3.093088024726027652e+04
1.377551351679455729e+04
8.395645475532737692e+03
4.816958607223445142e+03
1.225050271402740873e+04
9.818898575010282002e+03
9.991399585678151425e+02
2.506300414043458295e+04
2.502810594497641432e+04
1.092625916867777778e+04
7.249738789247058776e+03
5.428140049006454319e+03
2.197980266600122832e+03
1.802133401861176390e+04
5.053307711163690328e+03
7.423948976160200800e+03
1.433906005096489480e+03
1.361681149439570436e+04
1.671010105829452186e+03
5.296444784817899745e+02
1.828239098357661351e+04
4.248258991930894808e+03
1.574222143497366915e+02
3.586360441767514658e+03
2.775847807087005549e+03
9.922005571789815804e+03
1.186448190774182694e+04
7.506118370728707305e+03
3.255014960955747028e+03
7.874989455413369797e+03
-3.001172145045327966e+02
1.226931471900092947e+04
2.001669231748481252e+04
4.425838323074139225e+03
2.374330932069667597e+03
2.181198563095157442e+04
2.477099458320399208e+03
1.046703259451580834e+02
1.114245681127259377e+04
5.753218149434806037e+03
6.881984188045892552e+03
6.750182988128406578e+03
5.736022024885610335e+02
3.002343902093420638e+03
1.235684482391040183e+04
4.738639234540055440e+03
2.433585796871849652e+03
1.730263205302582719e+04
2.122616345856299631e+03
9.519084156264210833e+03
1.257628221621719149e+03
5.339697964548901837e+03
5.411060472759670120e+03
3.433297788831649086e+03
5.296108741303169154e+03
7.666377244339913887e+03
9.438859067680359658e+03
2.678803274146868716e+03
1.934505249580016971e+04
3.294219280507916210e+02
1.595378559918706378e+04
8.087836950257483295e+03
-7.124570499487186908e+02
-2.734355372291229287e+02
4.276525574253173545e+03
1.561701930487783829e+04
2.630914670749523793e+03
1.847954242044873536e+04
5.842181818127736733e+03
6.685232497041003626e+03
1.121633894746296846e+03
2.062984957028990539e+04
1.285025316964408830e+03
2.107163614951846739e+03
2.292327614369339062e+04
4.023253140315796827e+03
1.277828942852756518e+04
-4.959626924979921228e+02
3.219097767908167953e+03
1.462149595765666891e+04
2.106913370219277567e+04
8.738149370138653467e+03
2.564352869669228767e+03
8.906157026622635385e+03
4.217013829173029990e+03
6.163426986962604133e+03
5.274616430467408463e+03
2.937281584502887654e+03
1.072293352169452191e+04
6.466225076907354378e+03
2.529467142636670178e+04
1.465391532748803183e+04
6.508622176579573534e+03
3.510348866262533647e+03
-7.237688218984781088e+02
8.720837510666613525e+03
6.696032774359580799e+03
-1.671986865337294148e+02
1.040033428903140884e+04
1.517027062625599137e+04
3.144141204996009947e+03
6.697251855214359239e+03
2.627316223211498800e+04
4.124449134490228971e+03
2.976064738287102045e+03
4.214194202574899464e+03
8.983775384415213921e+03
1.387213200790049086e+04
1.605369934949890649e+03
1.051315717732799749e+04
1.352450048442917068e+04
4.852952805202569834e+03
4.099348839882588436e+03
4.026505745656872932e+03
2.163880430951929156e+03
2.872658332922870159e+03
1.198450717887466453e+03
2.889529024155059233e+03
2.292626449062155734e+04
3.647599006592202204e+04
8.348331317519934601e+03
-5.979606305038942082e+00
3.790374684340814383e+03
3.154626103147607864e+03
1.092859880485399844e+04
8.470564931261578749e+03
3.413093482437131024e+04
3.119755358940306542e+04
5.958752795408348902e+03
2.409378507681358769e+03
1.283016391747993111e+03
2.826025046166175343e+03
6.829950272232892530e+03
3.139682559689426853e+04
1.953608576359573635e+04
4.672550943138274306e+03
7.907703457585139404e+02
9.167805402295061867e+03
1.710133183547290901e+04
2.128627476899799149e+03
5.110001682092050942e+03
3.337327835566370595e+03
1.268217116303256989e+04
1.296352766935915497e+03
7.766347838975758350e+03
1.472198757934264358e+04
1.051066329100286748e+04
8.204434778611761431e+03
4.821534915912308861e+03
5.480564939047527332e+03
2.056489078266434262e+03
1.047707427060401460e+04
4.088089967046132642e+03
2.696852108994122318e+04
2.498707421211247492e+03
5.862464236733723737e+03
2.060997852662498917e+04
5.558240046529970641e+03
1.626186609436959588e+04
-8.959282491916129629e+02
1.437933691729906514e+03
2.579228500940601589e+04
1.506007929105130279e+04
1.262823425737517937e+04
1.559175720488641855e+04
3.318004193572163786e+03
2.588153890962850710e+04
-4.047887465543511780e+02
9.715399009331958950e+03
2.021091501384405274e+04
-1.366802570651360043e+02
3.434951281871185074e+03
4.595553118011347397e+04
3.217400385136988916e+03
1.568281434323454414e+04
1.246882662259707286e+04
4.092019917289554542e+03
1.300866708565099179e+04
7.072316902677056305e+01
1.168321586063160430e+04
1.202502386438715075e+04
9.296851949858715670e+03
2.141916611299952274e+04
1.259505463383771348e+04
1.102304380360370305e+04
1.103548044875602864e+04
2.697503084032943298e+04
4.954468650531202911e+03
3.087268990953866160e+04
3.049287123037046968e+03
-1.066472474311810402e+03
1.789671406578689584e+03
3.859831001952846236e+03
1.172533194091140103e+04
2.604130989020980633e+04
8.625749153241886233e+03
1.491052688467647931e+04
1.015818343393788609e+03
1.306249585236952225e+04
2.657280660593813082e+04
1.349299138134138593e+04
1.002192337671965652e+04
9.896096326788167516e+02
8.732927126645943645e+03
3.992146024234429660e+03
5.440239624821283542e+02
5.475038843970010930e+03
4.517081700227477086e+03
8.494380206017478486e+03
7.121113894798807451e+03
1.428621130482843182e+04
4.209924818678057818e+03
5.683666160565338942e+03
3.609679558316093789e+03
2.123811706343899914e+03
5.475803498804507399e+03
2.135560388017600053e+04
-4.196426106299825278e+02
4.458418278387491591e+04
4.090796358359210444e+03
6.707444072019106898e+03
1.197528053523174822e+04
6.035456248513376522e+03
2.105166818546228023e+04
1.326014584102275876e+04
4.060423190041434282e+03
1.348604477559544193e+03
2.075772593657250036e+04
8.082957540131289534e+03
6.241991868064992559e+02
1.724927283875827197e+04
2.049933403321723017e+04
9.210317179627256792e+02
2.057104777922649191e+03
5.721304669512534019e+03
2.439040552808416396e+04
6.695269590222460465e+03
1.272963845687349021e+04
2.785122214711886954e+03
8.612791760563908383e+02
4.213881080216315240e+02
1.577060624523284241e+04
2.023988675493653864e+04
2.872780561029789169e+03
7.031862393058364432e+03
7.839931042329177217e+03
1.676400386592242285e+04
1.334509365178422740e+04
9.673498957341907953e+03
2.775823421847266673e+03
3.919217240234047495e+03
2.179505688824670142e+04
1.062106254340827491e+03
1.383085011222647881e+04
5.875660443309013317e+03
3.011473858392220791e+04
5.464312626281989651e+03
8.522275776158603549e+03
8.247934526601566176e+03
1.029105401706258635e+04
4.991773637791152396e+03
1.813405756975651821e+04
1.393943317184637999e+04
5.457482207917626511e+03
9.867144746723575736e+03
6.456911188738895362e+02
1.159284663850562356e+04
3.877661032004160916e+03
3.299735824070708077e+03
1.995297472103887230e+03
1.001972196282938239e+04
1.238823278705783196e+04
2.144812607019460484e+04
1.086150984443223933e+04
7.544748313818101451e+03
-4.140454933132174347e+02
4.063902032429994051e+03
5.745865797416615806e+02
4.681880464937516081e+03
5.094343799770300393e+03
8.184146691103802368e+03
8.742260348723630159e+03
8.411653029942217472e+03
2.591421703122201961e+03
8.584919053627225367e+03
1.308787996860297062e+04
1.468695037605389734e+04
7.979475447496992274e+03
3.861119435885415896e+03
5.097345511053226801e+03
2.056324632822287822e+04
1.464387924725655830e+04
4.070834303856146107e+03
1.829239950660472232e+03
8.606447993845955352e+03
7.220108299883015206e+03
5.736115689171310805e+03
6.861544824390201029e+03
1.447670569041562158e+04
3.130377977469989128e+04
1.661452326488642575e+04
4.509701731597810976e+03
9.611305413729909560e+03
2.037841900741201243e+04
7.554352093251995029e+03
2.534923046615914791e+04
4.400511702494445672e+03
4.974978913675244257e+03
1.585413667076820275e+04
1.520071720399554579e+03
1.120792109402162896e+04
2.315527788922167383e+04
1.407186520410936100e+04
7.835846528550649964e+03
1.409548807852968093e+04
2.219502895289057778e+04
9.547185165780008901e+03
7.692766791340396594e+03
6.807654170055821851e+03
4.245887678955926276e+03
7.162723321014846988e+03
3.399199111939398335e+03
1.983715746288650553e+04
5.689453336110403825e+02
8.270675875822236776e+03
4.486762520392967417e+03
1.689506045568849004e+04
4.179180134356591225e+03
3.058012931124595525e+03
2.028374824416794945e+04
1.076635866049095057e+04
2.069755321656199885e+04
5.147798994075103110e+03
1.086653458999752002e+04
2.551939768362569339e+03
9.216152026220475818e+03
3.235709165688541361e+03
2.244459168087928902e+03
7.174513216492918218e+03
7.309118850179394030e+03
3.325725085014634533e+04
2.518347474061567846e+04
1.173784943356636859e+03
6.864086760667931230e+03
6.685101873464255732e+03
3.293249847740911719e+03
1.333939317184644642e+04
7.567423325646178455e+03
1.359670123372682610e+04
1.982198764691529868e+04
8.651564960628056724e+02
1.737893722787730439e+04
5.412010951971538816e+03
1.184412167373516422e+04
1.561957705078100662e+04
1.041134649850822461e+04
6.857028798239068237e+03
4.714118147052184213e+03
-4.339044222765643326e+02
2.101106450082454103e+03
1.082941134314455303e+04
5.739313407881938474e+03
8.080535712804310606e+03
6.059849753063243043e+03
1.554264110727258412e+04
2.077555818770452333e+03
8.970224835304234148e+03
3.420780558941773052e+03
7.153643950587638756e+03
1.085020270878096562e+04
4.353305887477783472e+03
1.878194511835923095e+03
2.735702121309200265e+02
1.683893094333613408e+04
9.329646879579791857e+03
1.323830744574854361e+04
1.124707540822764167e+04
5.737227142755768000e+03
1.364919964827668082e+04
4.273680491665821137e+03
1.663432826450616176e+03
4.809866249767148474e+03
-1.520011018737619111e+02
9.757552103346888543e+03
1.514751892962845659e+03
1.403714564264338605e+03
2.631155567402931410e+03
7.905447348627692008e+03
1.795315201817855996e+04
2.162152547871867228e+03
4.244200332358333071e+03
4.570304763803510468e+03
3.134930782633058698e+03
3.132563548311234172e+02
4.487750130278429424e+03
6.836843244194280487e+03
1.022937126539522797e+04
6.575126567284989505e+03
2.298178726713573997e+04
3.952205348090922053e+04
-6.381858183669658047e+02
7.461235375950392154e+03
9.842831112684736581e+03
6.838677459750361777e+03
8.280926823030109517e+03
1.080144791293339040e+04
1.910788307739745142e+04
-3.688622906973796489e+02
6.899595156116580256e+03
2.472401053473493448e+03
3.279416242452311053e+03
2.388786654417235241e+03
8.750738313413643482e+03
6.957754312919094446e+03
1.317384167949684706e+04
4.519943879904989444e+03
2.076138284347244189e+04
4.509013965697608910e+03
1.161453381499719944e+04
2.034947340506885780e+02
5.632318289565288069e+03
-3.891614198783244092e+02
1.276136761026778549e+04
1.060278546705581721e+04
1.864512436316263484e+04
2.984733742294803233e+04
9.710338091100828706e+01
2.362333492654565362e+03
1.077011596132147679e+04
4.039242015234726182e+02
4.940510546717260695e+03
3.261108537113058992e+04
1.285207604973698290e+04
4.282949583386885206e+04
4.235379443130870641e+03
4.179280663001558423e+03
-3.554310697146963776e+02
1.877998938341013854e+03
2.954489175362748483e+03
4.519968990232451688e+03
6.767386907957770745e+03
8.216944764827398103e+03
1.415321835041348822e+04
1.177182565543710734e+04
3.855935248762894844e+03
5.672313606970170440e+03
2.357064591143363577e+04
3.168794019111551461e+04
5.573601545402631018e+03
-9.088298303821577520e+02
8.965872397216291574e+03
8.044447079595365722e+03
2.997046343421756319e+03
7.554681371191428298e+03
1.146412891222849339e+03
2.291292568445457437e+04
3.826418384297971897e+03
9.077224814271761488e+01
2.424209945440768206e+04
9.888339370681969740e+03
7.663835102936644944e+03
3.324374717060082730e+03
4.898509478083331487e+03
9.789848919676111109e+03
8.339586726574243585e+03
3.198987157437635688e+03
5.037898161495990280e+03
1.266050331265116029e+03
1.320199447676696946e+04
7.907772362895124388e+03
4.429066849455195552e+03
2.720872886801276763e+03
9.125498071871863431e+03
5.657837332612847604e+03
6.244298830664091838e+03
3.692239112198163639e+03
1.261644390605814078e+04
3.213522856070745547e+03
2.813899956776227191e+04
9.551365070380590623e+03
6.276854000877778162e+03
3.896611702722959308e+03
1.344438978319701710e+04
2.439571852790666526e+04
1.071067164030679123e+04
6.140621654492513699e+03
2.565104797379176307e+04
1.049451834838864124e+04
2.214117167835694272e+04
3.305563201403766288e+04
1.862182632153747909e+04
-1.256106416797838392e+03
-4.517109459882416331e+02
1.782728586119984357e+03
2.374144236530315175e+04
3.205674666137282202e+03
1.733227743919078785e+04
-4.656810054803231651e+02
1.043544310191812656e+03
8.087332388399940100e+03
6.720978412033517998e+03
2.475122117044361858e+03
8.379235564649263324e+03
9.128262106112546462e+03
9.393398949666245244e+03
5.605725877315067919e+03
7.115692965139033731e+03
7.769179756432957902e+02
6.476306747546856968e+03
2.421129077238366881e+04
1.476790457962844084e+04
1.269059067370758021e+04
3.396065523204579222e+04
-3.156299506133372006e+02
1.597129080363930916e+04
2.259557258561190974e+04
1.182351507334597727e+03
3.853660915578938148e+04
5.308431316621114092e+03
5.285176804101732159e+03
1.024956094743214453e+04
9.581396784624474094e+03
4.909842447873343190e+02
1.856367206642155725e+04
3.159596500177223788e+03
1.615800293465444156e+04
4.138272958155579545e+03
-2.716678568697795981e+01
1.461101887327570239e+03
-3.639273049469693433e+02
1.382311234788605543e+04
6.199339432124938867e+03
4.696013506294613762e+03
1.234571030201430221e+04
5.815129609595101101e+03
7.495631615202546527e+03
3.594608735752818757e+04
8.034995465513730778e+03
1.565636804214338554e+04
2.784356231564214340e+03
5.544478261569699498e+03
1.163836165149015869e+04
5.067408227052735583e+02
1.363175580736706252e+04
2.586783939415195164e+03
8.524754020620812298e+03
9.193255003529862734e+03
2.252058492093222412e+03
3.566342025464274047e+04
-4.760262616741048305e+02
-7.252678635620670775e+02
1.818702387797560732e+04
6.656634880644815894e+03
2.527046833142812829e+04
8.858672117324904320e+03
9.056905339985049750e+02
3.042094604973077367e+04
3.582867004272136910e+03
1.802232033386915282e+04
1.011250363577592543e+04
9.345357647184513553e+03
3.175059862810491268e+03
2.152935909081911814e+04
2.785411865974171815e+04
5.786248569676376064e+03
4.143579690201022458e+03
2.469614104539895379e+03
7.335017700724765746e+03
7.632316736490409312e+03
3.439399602030134247e+03
1.350621518293373083e+04
1.688262801553185909e+03
1.296218749929220849e+03
9.504115539316559079e+03
1.962210526549793212e+04
7.312198347574425497e+03
7.494433208818306412e+03
4.077197261127652382e+03
5.221800415622667060e+03
6.316577246272352568e+03
2.485919640866632108e+03
1.307118582554613386e+04
8.478416455096468781e+03
3.526899726676215323e+03
3.424375392546576040e+04
2.574335098049244152e+03
-5.677288520813151536e+02
8.728856849908346703e+03
5.296015629985007536e+02
2.436193067822222656e+04
6.094798172265100220e+03
5.741608150312303223e+03
7.071888352384055906e+03
-4.389697366911991594e+02
3.938780362587718628e+03
3.389871148931189055e+03
1.117084976829534753e+04
4.171061000982452970e+04
2.086440338130159034e+03
1.346383553094589843e+03
9.966643708537651491e+02
6.449385487294384802e+03
3.371834397901533066e+03
1.376532231290275377e+04
3.302561283392124096e+03
2.540824087207569846e+03
1.061961686410054426e+04
1.111782128599757016e+04
2.621980532571115873e+03
2.704980725028772213e+03
1.115642563600240464e+04
3.430478608449782769e+04
2.712919185994192048e+03
1.006592673051779457e+04
1.672249396607261588e+03
8.210333905176508779e+03
1.988862825004140541e+04
6.805425575337952978e+03
1.252168760099456904e+03
1.135092938525133650e+04
2.427995407618595891e+03
1.093611948869823664e+03
7.696347844262695617e+03
5.018380326467102350e+03
1.339219612562890143e+04
6.673639758481465833e+03
-9.688774040431488856e+02
1.422890832135264100e+04
3.530704785907909354e+03
3.294832032377897576e+03
1.426407139397152423e+04
4.057934162349325561e+03
3.072112286025259527e+04
8.112766840137172039e+03
1.300514723038394368e+04
2.302177983854246122e+04
8.617552390576842299e+03
7.893490075419735149e+03
5.368035652636343002e+03
1.019554815002034047e+04
2.608450225925136692e+04
5.564865498323306383e+03
1.745590622575414818e+04
1.477212983622526735e+04
7.610265531275895228e+03
7.226376156332220489e+03
-1.186915544817863974e+02
1.172705820288711038e+03
7.007937087678191347e+03
2.592819135495139562e+04
4.732760874655503471e+02
2.099305648935938734e+04
8.244361232990513599e+03
1.725864084087026640e+04
1.061509472979526618e+04
1.906788757333113244e+04
4.691323142353731782e+03
7.737805825574381743e+03
5.839693394589755371e+03
9.594488482465081916e+02
1.062933241357247061e+04
1.078767053169749488e+04
9.565463956942494406e+03
6.195790094196899190e+03
2.478460555591423690e+04
-6.404238748671865267e+01
9.432782252542379865e+03
8.108328162224733205e+03
1.474338594546206423e+03
7.100105369788529970e+03
1.506847899263785621e+04
1.519259165892636884e+04
1.433531949292228092e+04
1.677031676587604807e+03
6.210234528398033262e+02
4.335651058201611158e+04
1.329808085523856062e+04
4.559646362208634855e+03
1.054362662364344214e+04
3.358072693977493327e+04
4.105699795328063374e+03
2.382104419036487343e+03
3.883545138407626837e+03
1.668198152149541056e+04
1.849635922390408723e+03
1.643472604916036653e+04
2.245520950286849256e+04
6.626172635265414101e+03
1.205674608977032767e+04
3.001503697132692196e+03
3.356844754432489572e+04
-9.290444350044704152e+02
3.061909451402833656e+04
3.858747156209879449e+03
2.234471924692975790e+03
9.895954828881709545e+03
1.573551249518247459e+04
1.747504595271118160e+04
2.757363037571871973e+04
1.164302625795000040e+03
1.072078774399692702e+04
2.370204951180618082e+04
7.490654090422769968e+02
5.084390364888658951e+03
9.997477102406535778e+03
5.260756477337603428e+03
1.521694726228107174e+04
1.751211062258210586e+04
3.042010659013890836e+04
1.866258536652556131e+03
8.729570357755943405e+03
1.960721570786232405e+03
2.999725402775164184e+04
1.250063621015235731e+04
1.103870606276214676e+04
6.884050280449800994e+03
5.122451056562626036e+03
2.867935201435695490e+03
6.916668411037962869e+03
-1.169580811858408879e+03
5.421381672912811155e+03
2.707869922489606688e+04
1.183920573861303819e+04
2.206315683316024661e+04
6.691682119252411667e+02
3.596595289655408578e+03
4.323441537786852109e+02
1.572710103182685270e+04
3.866205634149321122e+04
8.361194003583426820e+03
2.599859077047083701e+04
8.563962203102575586e+03
3.027443331724661221e+03
-3.463306308391026960e+02
5.795434840178049853e+03
1.413329924877653684e+04
6.272619469751809447e+03
2.089288581874548618e+04
1.736356793006291991e+04
2.755396204295872849e+03
7.046645577460447385e+03
-2.294951698782276139e+01
1.118543352403764220e+04
1.448287290143672362e+04
2.884409120459296446e+03
3.395635782498336994e+03
-8.312245554274047663e+02
9.471262380802056214e+03
6.451008310957100548e+03
7.251551982644154123e+03
1.284933804997997322e+04
1.218413247116270031e+04
2.684238554346679666e+04
8.912549542573775398e+03
7.937053138289293202e+03
1.604823573954994117e+03
4.515532909203016061e+03
1.303632935862843078e+04
1.783548226119882747e+04
1.013916634323310791e+04
6.673024860338607687e+04
3.381159083256626036e+04
1.429799804729358584e+04
3.882707044762398255e+03
2.329230814159037254e+04
-3.986245766439157592e+02
7.113267945836078979e+03
8.362363412456275910e+03
4.817375784897236372e+03
5.813512110420651879e+03
2.304933780879646292e+03
1.640784297062090263e+04
8.431292559484516005e+02
1.602956224458908036e+04
5.361765219160426568e+03
4.119876013160361254e+03
9.532525673821042801e+03
7.417052830690920928e+03
1.315557961635820902e+04
2.871826208330810186e+04
4.185099631701417093e+04
8.698219400055081678e+02
7.989646441459106427e+03
3.759177461623992258e+03
2.800288852938175751e+03
9.187209862174619047e+03
7.662360223140897688e+03
2.410885007686989411e+03
5.130518543336590483e+03
3.679109658856019087e+04
3.559608544173091104e+03
5.801657323439153515e+03
1.974731204013053230e+03
9.621378081441046106e+02
7.390992232646583943e+03
2.659428420397838272e+04
1.870951142555839760e+04
2.142253044981813218e+03
8.383133369433784537e+03
6.903223176467470694e+03
1.906554055685578351e+04
2.544947922188447592e+03
4.925788907975739676e+03
6.093686544722322651e+02
1.365879540881340290e+04
-1.155209642509174728e+02
1.407180418015611031e+04
1.794195409435969850e+04
5.588806928831955702e+03
3.091432487852834129e+03
1.675161855120404425e+03
1.450757101722401421e+04
1.565582486072005122e+04
1.511211889553173705e+03
1.110427652736542223e+04
1.270813007173945152e+04
5.037056036917845631e+03
5.252196921263630429e+03
4.043190154597645233e+03
1.935220346678090209e+04
5.946567918785756774e+03
1.248421229348054476e+04
7.331794610104297135e+03
2.319234886468304467e+04
1.192205229677197894e+04
-1.028636505579716186e+03
9.511216929139754939e+03
2.844328604898007143e+03
4.878063561383050001e+03
1.130831674441404903e+04
1.707299933570656503e+04
-8.536187690321301034e+02
3.267576682746252118e+03
1.564567774737275977e+04
9.223566902105127383e+02
1.226230735480166186e+04
4.597626553130889079e+03
4.482701283357341163e+04
2.012952376095578438e+04
1.378817167990984126e+04
1.124484423546685139e+04
1.088193112139396726e+04
4.357396606694920592e+03
1.168578764272852277e+04
3.056837444775619224e+04
5.492879962204922776e+03
1.251823697725671309e+03
3.789173847815224144e+04
1.344192041356058508e+04
2.073320141614270324e+04
1.112652784001682085e+04
1.709298175013872878e+03
1.624645708978732273e+03
6.543323851971907970e+03
4.467570500957450349e+03
2.428741903720235132e+04
2.439626885261272037e+03
3.318297428874837351e+04
1.200703720831274495e+03
4.470267882935775560e+03
6.532255841245303600e+03
2.655903938128763571e+02
2.054983093827609082e+03
3.070465776157432265e+04
1.905102498922215455e+04
2.438139449526636963e+04
7.212597730043995398e+03
9.421934697579586100e+02
5.310636935935636757e+03
1.221029698003344265e+03
1.495513639031895764e+04
5.899906632860582249e+03
1.938872331514558255e+03
2.313019222832101877e+04
5.368876054500753526e+03
9.484005437547453766e+03
1.026886420651303160e+04
-2.218260690422877133e+02
2.459138831751411635e+04
1.764935142131949760e+04
4.279261262972085206e+03
3.702700078309379933e+03
9.413939134381768099e+02
-9.732163310006822030e+02
-1.033715750345583047e+02
2.730117491214419351e+04
2.108327724857613794e+04
4.348123659972474343e+03
9.127243252074587872e+03
2.205464215643661009e+04
1.319074039293819624e+04
8.773931788770914864e+03
2.399540687058454751e+03
4.666250889331493454e+03
1.898822873161062944e+03
-1.217864452260940880e+02
1.095488003682100316e+04
3.306226203490502940e+03
2.734441996106314036e+03
1.305732335389540094e+04
1.817520507527473455e+04
2.898456123152834152e+03
2.408595667899056571e+04
4.840134027002372022e+03
3.713718555399836532e+03
3.294850738337967869e+03
2.554900336398564377e+03
3.144509670799258402e+03
2.604137310545347646e+04
6.050218178181345138e+03
1.733497586012661486e+04
6.126874919084980320e+03
1.194676138164532404e+03
2.156880336958992120e+04
1.597194890314372969e+03
1.098391131222877448e+04
9.887022513830368553e+03
1.135248479101406519e+04
1.080225983786790493e+04
1.593173352711939151e+04
2.248966703601711924e+04
3.759331609459213360e+04
5.666808056491783645e+03
1.451932723898784843e+03
1.445535815966488008e+04
6.539878074507641031e+03
9.868084531653150407e+03
1.530738061476286930e+04
5.391146525208310777e+03
4.529108522154310776e+03
9.511450796065280883e+03
8.801566475231120421e+03
4.265185840534672934e+03
1.043704133913435180e+04
1.560502268187978871e+03
2.105167732785407497e+04
2.556783766341044611e+03
2.380127543163020528e+04
1.942734808648976104e+04
2.204533299535185051e+03
7.385453287405250194e+03
5.872665012679790379e+03
2.772802950967522975e+02
2.344258094541566606e+04
9.486844690682366490e+03
3.585040396859316388e+03
2.833772539635300200e+04
1.642100472744026547e+03
1.229322087136117625e+04
2.803306473361169265e+04
1.434616969940161289e+04
1.867663158628047540e+03
3.076943536804953055e+03
5.380718140286456219e+03
5.530826618755765594e+03
8.222946667761636490e+03
1.835557487422367558e+03
-6.722925712664084585e+01
2.058905759214170303e+03
2.754064226510176923e+03
8.107383665373053191e+03
1.381780068390062661e+04
1.083557143799564437e+04
2.328038903192900034e+04
-1.090838222385300696e+03
1.329585201261814291e+03
5.881509758863809111e+03
5.627519167810864019e+03
2.966523321950534591e+04
2.345103447402781967e+03
9.256358633935144098e+03
3.287219659524018311e+02
2.035149894167198363e+04
2.770049750614019558e+03
4.828662736316066912e+03
1.312338035602427954e+04
5.676336155221469198e+03
1.237927657856869700e+04
1.422344385627917063e+03
1.114035793558383375e+04
3.795976724135247059e+04
8.710115571080117661e+03
7.483821476836427792e+03
8.926646947168870611e+03
3.509065281198472803e+03
7.346381531093060403e+03
2.788322289953976906e+03
9.102383619976268164e+03
8.449834869204965798e+03
1.014606861309486703e+04
1.152357635745159314e+03
6.189045628338388269e+03
5.256563443069047025e+03
1.035115833138890775e+04
1.989421384704807133e+04
1.047291719645761987e+04
1.041110010106568188e+04
2.604535213299231145e+03
8.013298605195477649e+03
2.678286595957755344e+04
4.651985000930534625e+03
5.041341559941123478e+02
5.256246279870982107e+03
2.235954414930917847e+04
1.025118807287346317e+04
8.148484282769913989e+03
1.333382232116876912e+04
2.355586795289861038e+04
5.760497394917267229e+03
6.943949450371832427e+03
6.718694817825755308e+03
4.444102981921206265e+03
8.859453572670676294e+03
1.655621997021665084e+04
5.832302553325512235e+03
1.759808653481041620e+04
8.697188076493958988e+02
2.709207056446461502e+04
3.896843768798564997e+04
2.270464767436709735e+03
2.250559356365684380e+03
1.881070319294254659e+04
3.650890775458185999e+03
1.106902313877967390e+04
7.015075746212119157e+02
1.271998038472073313e+04
7.219858985348713759e+03
1.349569189872426614e+04
1.337611729404226026e+04
9.883735735689124340e+03
1.022400642505381074e+04
2.894239348858187441e+03
1.144075574900255788e+03
6.395216323809562709e+03
9.858974097312733647e+03
1.083246298630472666e+04
1.499413587971205197e+04
5.089030189613706170e+03
1.764935891290340078e+04
1.629477474135710963e+03
4.171457727605062246e+03
6.722698051630563896e+03
2.447665855535901937e+04
1.359160613697800181e+04
1.177962869421622599e+04
2.399102291345783669e+03
8.674967337647814929e+03
1.133417821011179331e+04
1.255839103330453872e+04
3.192440582865023771e+03
1.155609277729641690e+04
1.424381014844728452e+04
7.488637186308948912e+03
5.335464136428384336e+03
2.235791465127742413e+03
7.917136790641026892e+03
7.160654256347417686e+03
7.013229451765602789e+03
6.110560468982189377e+03
6.470035141077434673e+03
9.177148725162483970e+03
8.758826376440449167e+03
1.885153946986672963e+04
7.699887840464374676e+03
1.320104606109774522e+03
1.497091671370064660e+03
7.914588418964087396e+03
4.605335823618799623e+03
5.107984336682989124e+03
2.052844080331374789e+04
1.557859298135779136e+04
4.488406805565813556e+03
3.518213233637905432e+03
1.252077104542957386e+04
2.327891312160022790e+04
6.131912862220764509e+03
1.261670242436292756e+04
1.757175645773826773e+03
9.890892595405492784e+02
9.646064274200291038e+03
3.451273866356179497e+03
4.472229336633513412e+03
2.077503411766963836e+04
7.222414229062813320e+03
3.388106761606241434e+03
8.532162855096069052e+02
7.311866133614694263e+03
4.480587503364189615e+03
1.547898107134308884e+04
1.603040023563334216e+04
5.035351151309288070e+03
9.195722569478450168e+03
4.654007042096584883e+03
1.145735013248403811e+04
9.077525601595853004e+03
2.044938318916302933e+02
2.220791682948535890e+04
1.938349911617008274e+03
1.738655757939846808e+03
6.819256898969855683e+03
3.540017689445870474e+03
2.119078814796064398e+04
1.379129023179454634e+03
1.010279383041093570e+04
1.401158011213708232e+04
2.468463261775810224e+03
3.321897129601493361e+02
1.879345530909065201e+04
6.302781900596583910e+03
1.033826722545752637e+04
4.570926821240276695e+03
1.822069603868364356e+04
1.078339728204911989e+04
5.330718411323769033e+03
8.136319786328238479e+03
9.776250138405057442e+03
2.634671639035882254e+04
-7.283694355221501837e+02
1.591274363680776332e+04
-5.985011029346954956e+02
4.164992603932167185e+03
5.618322537922281299e+03
3.500656478549767598e+03
1.177488066257318314e+04
6.944208720643762717e+03
1.396595942699016996e+04
3.637751860560876139e+03
9.237204166411504048e+03
2.733081317994396613e+03
1.292610719272334609e+04
4.098867619771698628e+03
2.379151185993624949e+03
2.914408881949562783e+03
5.340151250899707520e+03
2.570245380550337359e+03
6.100361051316223893e+03
1.306269320340248851e+04
1.038742246274985519e+04
1.315954231296719081e+04
1.257542609565886323e+03
1.695549471558705773e+04
1.079637381200622713e+03
5.441348233140393859e+03
2.542635046529492320e+04
8.336162963221988321e+03
6.300001545943355268e+03
1.270784042948180286e+04
5.914951070167135185e+03
5.790465812639050455e+03
4.206438439081201068e+03
2.728392183065219001e+02
2.122197202293094961e+04
3.730376277578264308e+03
7.093928999322911295e+02
7.965974614278476110e+03
4.125804271531016639e+03
1.501707625837144951e+04
5.589938044958482351e+03
1.523725503128968739e+03
1.995761500486710247e+02
5.038218362815621731e+03
3.997643924447475729e+04
3.587463026880651159e+04
1.094942281467263001e+01
4.385231388526830415e+03
7.153446877767752994e+03
9.703406450413394850e+03
2.807278611912550332e+03
-4.906384908119931652e+02
1.867401472107327209e+04
1.967700821214203643e+03
1.511687349583979449e+04
1.804355878753917568e+04
1.057286626874417379e+04
1.095661820286067996e+04
2.573492408066401367e+03
1.511739294818285543e+03
1.953743575513869655e+04
5.090128222412871764e+03
1.755024474705148805e+02
3.193282486644836808e+02
1.985107399222423192e+04
5.324691420824100533e+03
1.846327427570309965e+03
2.921689505436143918e+03
1.459566221811563264e+04
4.864332778668764149e+03
1.557916444521560334e+04
9.201214439548784867e+03
1.002005595042031564e+04
4.426532918937614158e+04
3.951486253432043668e+03
1.158518155597158693e+04
1.091499010181759149e+04
3.875324319406167888e+03
3.067446021883021785e+03
4.240633156851843523e+03
1.303703126963517207e+04
5.357516576688172790e+03
3.796197105458641090e+03
2.612538509665105812e+04
1.355218635222392550e+04
7.852200069340575283e+03
4.561301075132338156e+03
1.882710152601662230e+03
3.288938871917674987e+03
1.580255553444699945e+04
2.503111115284679181e+04
1.396946911833770719e+04
8.504439768645441291e+03
1.349882424009271062e+03
2.621969116376435977e+03
1.846752532743022311e+04
6.705057658132802317e+03
1.624434210226310825e+03
1.867087200128338009e+04
7.152083385763115075e+03
3.152304363174999708e+03
2.230488110608732313e+03
8.060629776661038704e+03
1.394483141310835890e+04
6.469523940470014622e+02
2.876173552713550816e+04
2.883066986369697406e+04
5.966435198076548659e+03
1.157029171975414283e+04
2.377078622988186180e+04
1.967613663686378914e+03
6.498445122997636645e+03
9.837475416726421827e+03
1.907783863763235559e+03
1.562250718468881132e+04
1.468554677735125006e+04
2.128629038450743337e+03
5.915743607224965672e+03
1.672443218155631621e+04
1.532124658132348031e+03
1.571366749553740374e+04
7.467799980339657850e+03
1.314014168756225263e+04
1.538497704640061784e+04
2.402576994177798770e+04
5.554023538153796835e+03
2.211389572677224351e+04
6.037678466893834411e+03
1.151772234081795432e+04
4.959689768474136145e+03
4.690736701359855942e+03
1.058758531718187987e+04
1.241946076315850041e+04
2.952024662850041750e+03
4.893140075889912623e+03
3.240134776728647012e+03
5.084141110081435500e+02
1.061554162729929430e+03
4.112470395743589506e+03
6.181361101453282572e+03
1.100016065928843091e+04
2.350087755045603262e+04
1.718841008864596733e+04
9.382771800860622534e+03
2.078240998771243903e+04
-2.607229550831687561e+02
5.354069018310043248e+03
1.867860543431820770e+04
1.912227894826664397e+03
2.226206979107404550e+03
1.936351644831533122e+03
1.420301290718016025e+04
6.463179462296729980e+03
2.226941875726252692e+04
3.144438570898366834e+03
5.507578735281081208e+03
6.015890908517319986e+03
1.110513392294756704e+04
8.651272018789175490e+03
6.349270630003831684e+03
3.896969732748471415e+03
3.947220071531854956e+03
1.159569288715360381e+04
3.817181334823712859e+03
1.157342338721115311e+03
3.137969900769153173e+04
5.534096620394760066e+03
2.674853145656767538e+03
1.630132968020590852e+03
1.931120153023168541e+03
1.704112995279991810e+04
8.539739147439977387e+03
6.764907299114052876e+03
4.571299903941022421e+03
5.759510139467163754e+03
4.025200889209902380e+04
9.100751141461600128e+03
8.325765886471359408e+03
2.462235073840845871e+03
1.578832976528586914e+04
1.009898767574970043e+04
-8.797629226596386616e+02
1.136755148649321927e+04
2.194035248103782214e+04
5.885244587487970421e+03
3.621831390677741001e+04
4.581387108986913518e+03
8.408282398988021669e+03
1.029138759447703706e+04
8.867581827423049617e+03
9.041632480825315724e+03
1.318565423354895211e+04
7.767901690860387134e+03
6.215813187044699589e+03
6.066584537408190954e+03
6.027800140712232633e+02
8.365662378891705885e+03
7.285868264131679098e+03
1.806759191791103831e+03
2.779088005410931510e+04
5.213932961031616287e+03
4.273550828620065658e+03
2.350840477294674201e+03
3.195345644490686482e+03
5.566985745885221149e+03
1.751082451086169385e+04
4.539604815120103922e+03
7.338614558663610296e+03
1.485921781399124848e+04
1.325217369230664553e+04
1.962038662068629856e+04
1.267422575528194284e+04
6.603866268185025547e+03
1.601328020653838757e+04
1.935635137989006034e+04
1.042531754982011444e+04
3.167073530667292289e+03
6.566325137457915844e+03
1.353079997210712463e+04
4.602516221985908487e+03
5.810952834801568315e+03
1.082382385802266981e+03
1.617714487312989331e+04
8.970682834053155830e+02
4.894216009592907540e+03
8.542834376700509893e+03
3.648931324187545215e+03
2.660857405801523419e+04
6.299233014500729041e+03
6.358845394593792662e+03
4.877561289828838198e+03
3.635660197786300614e+03
3.247989346869254587e+04
2.479262186921457032e+04
1.836885022721291170e+04
1.277812254096307151e+04
1.474348885281631374e+04
