3.014040463843137841e+05
3.719473235794159118e+05
3.565414042380715837e+05
3.364796430604834459e+05
3.131407670809829142e+05
3.465861120418391656e+05
4.300395177531532245e+05
3.563192361595835537e+05
3.481583169330077944e+05
4.241003120180221740e+05
3.972138678367952234e+05
3.241346572369329515e+05
3.298734772022977122e+05
3.088363656985221314e+05
3.624867254650035757e+05
3.084672759758500615e+05
3.239561394679522491e+05
3.044288230613840278e+05
4.080809565586569370e+05
2.912902949366616085e+05
3.266348692102468340e+05
2.787222844159825472e+05
3.192018684575698571e+05
3.342134981349320733e+05
3.360043856686623767e+05
3.727722615900162491e+05
3.044045420132377185e+05
3.233225326950713643e+05
3.213485904707380105e+05
2.925880406918630470e+05
