2.164536376953125000e+03
7.268001464843750000e+03
7.519340820312500000e+03
1.002010937500000000e+04
9.983103515625000000e+03
9.822372070312500000e+03
1.034482031250000000e+04
1.365915429687500000e+04
1.478287207031250000e+04
1.387295703125000000e+04
1.409372265625000000e+04
1.444257519531250000e+04
1.429039062500000000e+04
1.771790820312500000e+04
1.767161328125000000e+04
1.734595117187500000e+04
1.867965625000000000e+04
1.969466992187500000e+04
2.212852343750000000e+04
2.537590039062500000e+04
2.177703125000000000e+04
2.124410156250000000e+04
2.179788671875000000e+04
2.201795507812500000e+04
2.168936328125000000e+04
2.323489843750000000e+04
2.255918164062500000e+04
2.633754296875000000e+04
2.269134960937500000e+04
2.622662890625000000e+04
2.395024414062500000e+04
2.658337500000000000e+04
2.575787109375000000e+04
2.994695312500000000e+04
2.993557812500000000e+04
2.670159375000000000e+04
2.945396875000000000e+04
3.234239648437500000e+04
2.784843750000000000e+04
3.091419921875000000e+04
3.148051562500000000e+04
3.034128906250000000e+04
2.943133203125000000e+04
3.479791796875000000e+04
2.164986328125000000e+04
2.732367968750000000e+04
3.159298828125000000e+04
3.510585156250000000e+04
3.525212890625000000e+04
3.080058398437500000e+04
3.402086718750000000e+04
3.919773437500000000e+04
3.507742187500000000e+04
2.600557226562500000e+04
3.567633593750000000e+04
3.588891796875000000e+04
3.586210156250000000e+04
3.781255078125000000e+04
4.709830859375000000e+04
4.353705078125000000e+04
3.316303125000000000e+04
3.635887109375000000e+04
3.993144921875000000e+04
3.954952734375000000e+04
3.807851171875000000e+04
4.656168750000000000e+04
4.763496875000000000e+04
5.341510937500000000e+04
4.361407812500000000e+04
3.713467187500000000e+04
5.210069921875000000e+04
5.197169140625000000e+04
5.857611718750000000e+04
4.764798437500000000e+04
6.938491406250000000e+04
4.342975000000000000e+04
6.578182031250000000e+04
6.521591406250000000e+04
6.014444531250000000e+04
6.340953906250000000e+04
5.614779687500000000e+04
5.585731250000000000e+04
6.863815625000000000e+04
6.024278125000000000e+04
4.544180078125000000e+04
6.287608593750000000e+04
5.278425781250000000e+04
5.688309375000000000e+04
4.981188281250000000e+04
7.583735937500000000e+04
6.978532031250000000e+04
8.969007812500000000e+04
4.337760156250000000e+04
7.692026562500000000e+04
7.786285937500000000e+04
4.780886328125000000e+04
4.898694140625000000e+04
4.195465625000000000e+04
6.215790234375000000e+04
4.635829687500000000e+04
7.167859375000000000e+04
5.298034375000000000e+04
5.291094531250000000e+04
4.547996093750000000e+04
4.920753515625000000e+04
4.714647656250000000e+04
6.746250000000000000e+04
4.687895703125000000e+04
4.352930859375000000e+04
6.384748437500000000e+04
5.959149218750000000e+04
5.192682031250000000e+04
7.020767187500000000e+04
7.672387500000000000e+04
7.889640625000000000e+04
6.118917187500000000e+04
7.408705468750000000e+04
5.364696875000000000e+04
6.357561718750000000e+04
6.485191406250000000e+04
5.939153125000000000e+04
7.292081250000000000e+04
4.404652734375000000e+04
5.429620312500000000e+04
9.196634375000000000e+04
5.009592187500000000e+04
1.046512265625000000e+05
4.365504296875000000e+04
3.362096093750000000e+04
5.917843359375000000e+04
4.346216406250000000e+04
9.426120312500000000e+04
1.068243281250000000e+05
1.058353125000000000e+05
6.785003906250000000e+04
3.682964062500000000e+04
5.340962500000000000e+04
1.100833593750000000e+05
7.597457812500000000e+04
6.233978906250000000e+04
4.930857031250000000e+04
5.248956250000000000e+04
4.633422656250000000e+04
3.255259179687500000e+04
7.407013281250000000e+04
5.684970703125000000e+04
6.059253125000000000e+04
5.626606640625000000e+04
4.233325000000000000e+04
4.682501562500000000e+04
8.458153125000000000e+04
3.401644140625000000e+04
7.559396093750000000e+04
5.820037890625000000e+04
5.592786718750000000e+04
4.666970703125000000e+04
5.979225000000000000e+04
5.390389843750000000e+04
4.342609375000000000e+04
3.547853515625000000e+04
5.925970703125000000e+04
4.363150781250000000e+04
6.044098828125000000e+04
6.677707812500000000e+04
3.572923437500000000e+04
6.342767578125000000e+04
3.937953125000000000e+04
4.133863281250000000e+04
4.735945312500000000e+04
7.621535156250000000e+04
4.876378125000000000e+04
6.322976562500000000e+04
5.569359765625000000e+04
7.190896875000000000e+04
3.408735937500000000e+04
6.967578125000000000e+04
4.512317968750000000e+04
5.619729687500000000e+04
6.355009765625000000e+04
2.282031835937500000e+04
3.009886914062500000e+04
3.880589062500000000e+04
2.896476171875000000e+04
3.177340625000000000e+04
2.816209375000000000e+04
3.871515625000000000e+04
3.401184375000000000e+04
2.179789062500000000e+04
2.939177343750000000e+04
3.100280468750000000e+04
1.985964843750000000e+04
3.567929687500000000e+04
2.316707226562500000e+04
3.760465234375000000e+04
2.423437500000000000e+04
3.501269531250000000e+04
2.804566210937500000e+04
2.967573828125000000e+04
3.421730468750000000e+04
2.420106054687500000e+04
2.494212500000000000e+04
1.683858398437500000e+04
3.386154687500000000e+04
3.354776171875000000e+04
1.442514062500000000e+04
1.775000000000000000e+04
1.319408300781250000e+04
1.667670507812500000e+04
2.346243359375000000e+04
1.111149804687500000e+04
1.425314843750000000e+04
1.615027148437500000e+04
2.188005468750000000e+04
1.905177734375000000e+04
1.931766992187500000e+04
1.255472851562500000e+04
2.201949218750000000e+04
2.124988281250000000e+04
1.821989648437500000e+04
1.373267578125000000e+04
1.782576953125000000e+04
1.538685449218750000e+04
9.962601562500000000e+03
1.358119335937500000e+04
1.128046777343750000e+04
1.313659765625000000e+04
1.953145898437500000e+04
2.283635156250000000e+04
1.692230859375000000e+04
1.546256054687500000e+04
7.530688964843750000e+03
8.671411132812500000e+03
1.305749218750000000e+04
8.331210937500000000e+03
1.224349023437500000e+04
1.515587402343750000e+04
1.020261230468750000e+04
1.136754296875000000e+04
1.234137304687500000e+04
1.222743261718750000e+04
1.336577148437500000e+04
7.851839355468750000e+03
9.235185546875000000e+03
1.017293359375000000e+04
9.823818359375000000e+03
1.219371093750000000e+04
9.787914062500000000e+03
8.374515625000000000e+03
1.420222265625000000e+04
1.350650195312500000e+04
1.510217578125000000e+04
1.417501367187500000e+04
7.798673339843750000e+03
1.539727832031250000e+04
6.352076660156250000e+03
1.756275976562500000e+04
7.913816894531250000e+03
1.757646679687500000e+04
8.505710937500000000e+03
9.472458984375000000e+03
1.042877343750000000e+04
8.524875000000000000e+03
8.432380859375000000e+03
5.573160156250000000e+03
1.410655078125000000e+04
8.811219726562500000e+03
8.339810546875000000e+03
8.705469726562500000e+03
1.201131933593750000e+04
6.171181640625000000e+03
1.040347070312500000e+04
5.831814453125000000e+03
9.500199218750000000e+03
1.307318261718750000e+04
1.453857421875000000e+04
1.334852734375000000e+04
8.855378906250000000e+03
1.167880761718750000e+04
6.870091796875000000e+03
1.357264062500000000e+04
1.347264257812500000e+04
1.195416601562500000e+04
7.791251953125000000e+03
6.994771972656250000e+03
1.122180078125000000e+04
6.521637207031250000e+03
9.067189453125000000e+03
7.518000000000000000e+03
1.134852539062500000e+04
8.355164062500000000e+03
9.224624023437500000e+03
7.955062500000000000e+03
1.622343554687500000e+04
9.688470703125000000e+03
8.755235351562500000e+03
7.783580078125000000e+03
8.368449218750000000e+03
9.454808593750000000e+03
9.242524414062500000e+03
1.038563671875000000e+04
5.163696289062500000e+03
5.736812011718750000e+03
5.477007812500000000e+03
5.528627929687500000e+03
6.964237304687500000e+03
7.780076660156250000e+03
6.681567871093750000e+03
5.261224121093750000e+03
5.669653808593750000e+03
1.053753613281250000e+04
9.163449218750000000e+03
7.064261230468750000e+03
9.125620117187500000e+03
8.590957031250000000e+03
6.208916503906250000e+03
1.251643164062500000e+04
1.895916406250000000e+04
9.789182617187500000e+03
6.961125488281250000e+03
8.838489257812500000e+03
6.563005859375000000e+03
7.134828125000000000e+03
6.045695312500000000e+03
1.218658203125000000e+04
1.094676562500000000e+04
1.543079101562500000e+04
6.804290527343750000e+03
4.667422851562500000e+03
6.630902343750000000e+03
9.464791992187500000e+03
5.254535156250000000e+03
9.729406250000000000e+03
1.376901757812500000e+04
8.044640625000000000e+03
7.497220703125000000e+03
9.199605468750000000e+03
5.962274414062500000e+03
7.865936523437500000e+03
9.229221679687500000e+03
1.216416113281250000e+04
5.471978515625000000e+03
9.198163085937500000e+03
1.156615722656250000e+04
8.386476562500000000e+03
1.655360937500000000e+04
1.211184960937500000e+04
1.012878906250000000e+04
9.422403320312500000e+03
6.472601562500000000e+03
4.969216308593750000e+03
5.669235351562500000e+03
8.726782226562500000e+03
6.542216796875000000e+03
1.717599218750000000e+04
5.673785156250000000e+03
9.293708007812500000e+03
1.023710937500000000e+04
5.856751953125000000e+03
1.355868261718750000e+04
1.022410351562500000e+04
1.032536425781250000e+04
4.449227539062500000e+03
4.964168945312500000e+03
1.581580664062500000e+04
8.240955078125000000e+03
6.010530273437500000e+03
6.859308593750000000e+03
5.602702148437500000e+03
4.457578613281250000e+03
5.926790039062500000e+03
4.400897949218750000e+03
1.156286621093750000e+04
7.441863281250000000e+03
6.872054199218750000e+03
8.725644531250000000e+03
7.173815429687500000e+03
5.816766601562500000e+03
3.908492431640625000e+03
5.862687500000000000e+03
5.878731445312500000e+03
5.358885742187500000e+03
5.061876953125000000e+03
6.054800781250000000e+03
1.709713671875000000e+04
7.158036621093750000e+03
6.077564453125000000e+03
7.290268066406250000e+03
1.302867187500000000e+04
9.483325195312500000e+03
5.289849609375000000e+03
4.721154785156250000e+03
4.068559326171875000e+03
4.198416015625000000e+03
4.768199218750000000e+03
4.971498046875000000e+03
7.569192871093750000e+03
6.162681640625000000e+03
6.841088867187500000e+03
1.328399023437500000e+04
4.333892089843750000e+03
4.383908691406250000e+03
6.124368652343750000e+03
2.699972412109375000e+03
2.987510498046875000e+03
9.617472656250000000e+03
1.077480859375000000e+04
5.123644042968750000e+03
2.753318603515625000e+03
2.657325927734375000e+03
7.802657226562500000e+03
3.145825195312500000e+03
1.082961621093750000e+04
3.948835937500000000e+03
5.327847656250000000e+03
4.959761230468750000e+03
3.064592285156250000e+03
5.057268554687500000e+03
5.157119140625000000e+03
4.024983886718750000e+03
3.841894775390625000e+03
3.662571289062500000e+03
3.869174560546875000e+03
4.698035644531250000e+03
1.095881835937500000e+04
2.619222900390625000e+03
6.622304199218750000e+03
2.671233886718750000e+03
7.829858886718750000e+03
6.957466308593750000e+03
5.253032226562500000e+03
3.392724365234375000e+03
4.928900878906250000e+03
5.693005371093750000e+03
7.997327636718750000e+03
3.611508789062500000e+03
3.540769042968750000e+03
4.875679687500000000e+03
2.670452636718750000e+03
4.173123046875000000e+03
7.425076660156250000e+03
2.819532226562500000e+03
4.785323242187500000e+03
5.528776367187500000e+03
4.766437988281250000e+03
6.089144042968750000e+03
4.831346191406250000e+03
4.738459472656250000e+03
5.318434082031250000e+03
6.324131835937500000e+03
5.264720703125000000e+03
3.100499755859375000e+03
3.941262451171875000e+03
3.667617187500000000e+03
5.674148437500000000e+03
3.017676757812500000e+03
1.065802246093750000e+04
3.558159912109375000e+03
3.313135009765625000e+03
4.146674804687500000e+03
2.602145996093750000e+03
4.009276855468750000e+03
3.359105957031250000e+03
5.414778320312500000e+03
5.224058593750000000e+03
4.780889648437500000e+03
5.989095214843750000e+03
4.831158203125000000e+03
2.770887207031250000e+03
7.084105957031250000e+03
3.044733886718750000e+03
4.224061523437500000e+03
2.757879150390625000e+03
3.327887451171875000e+03
3.488931884765625000e+03
2.331697265625000000e+03
3.800651367187500000e+03
4.176478515625000000e+03
3.385376220703125000e+03
2.607007324218750000e+03
5.841441406250000000e+03
2.246766113281250000e+03
2.252914794921875000e+03
2.993208496093750000e+03
3.073273925781250000e+03
2.226558593750000000e+03
2.715913330078125000e+03
2.231545898437500000e+03
2.005080810546875000e+03
2.693999755859375000e+03
3.553905761718750000e+03
3.179328857421875000e+03
6.850274414062500000e+03
3.106847412109375000e+03
3.191124511718750000e+03
2.069313964843750000e+03
4.869286621093750000e+03
2.275216308593750000e+03
2.805528320312500000e+03
4.476886230468750000e+03
2.049236328125000000e+03
6.773033203125000000e+03
2.406757568359375000e+03
2.730432128906250000e+03
2.776568359375000000e+03
4.137847656250000000e+03
1.935494995117187500e+03
1.768134033203125000e+03
4.998348144531250000e+03
4.127372070312500000e+03
2.016484741210937500e+03
3.213221679687500000e+03
3.433572753906250000e+03
3.184245117187500000e+03
2.795982177734375000e+03
4.731825195312500000e+03
4.003141113281250000e+03
2.715951904296875000e+03
2.103253906250000000e+03
4.759633300781250000e+03
2.039724975585937500e+03
2.674339599609375000e+03
2.339200195312500000e+03
2.137897705078125000e+03
1.873465332031250000e+03
1.944604248046875000e+03
3.009882324218750000e+03
2.595729980468750000e+03
3.219921630859375000e+03
2.023720214843750000e+03
1.759763305664062500e+03
1.606412719726562500e+03
2.799914550781250000e+03
2.398406250000000000e+03
2.176771240234375000e+03
1.726475585937500000e+03
2.264750488281250000e+03
2.404593261718750000e+03
3.055566650390625000e+03
2.286173339843750000e+03
2.370831542968750000e+03
2.199919189453125000e+03
1.874268310546875000e+03
2.448942626953125000e+03
2.481390136718750000e+03
2.446811523437500000e+03
1.942442871093750000e+03
2.617760253906250000e+03
2.063855468750000000e+03
2.040246093750000000e+03
1.529558349609375000e+03
1.885051513671875000e+03
1.339169921875000000e+03
1.494258911132812500e+03
3.394085937500000000e+03
2.344674560546875000e+03
2.479755371093750000e+03
1.610837036132812500e+03
1.586667358398437500e+03
1.868222534179687500e+03
1.671880126953125000e+03
1.898270874023437500e+03
3.057000244140625000e+03
3.037425048828125000e+03
2.877387695312500000e+03
2.321448486328125000e+03
1.908070434570312500e+03
3.962419433593750000e+03
2.501359130859375000e+03
2.678881835937500000e+03
3.689802978515625000e+03
1.923109130859375000e+03
1.518700561523437500e+03
2.158071533203125000e+03
1.751580200195312500e+03
1.836025146484375000e+03
2.208436523437500000e+03
1.850141479492187500e+03
1.823234130859375000e+03
2.181218994140625000e+03
4.511566894531250000e+03
2.892431152343750000e+03
1.996973266601562500e+03
1.465553710937500000e+03
1.763807006835937500e+03
2.357278320312500000e+03
3.124846679687500000e+03
2.013517578125000000e+03
1.511088867187500000e+03
1.621552978515625000e+03
2.514681152343750000e+03
1.837241943359375000e+03
2.492854492187500000e+03
1.607647949218750000e+03
2.863572998046875000e+03
2.419502685546875000e+03
3.167596191406250000e+03
2.014393188476562500e+03
2.228856689453125000e+03
1.570983398437500000e+03
2.104181640625000000e+03
1.572464477539062500e+03
1.899274414062500000e+03
4.152828613281250000e+03
1.728781494140625000e+03
2.838221435546875000e+03
1.399816040039062500e+03
3.292973632812500000e+03
1.372245605468750000e+03
1.649600585937500000e+03
1.918853027343750000e+03
1.968625610351562500e+03
1.689746337890625000e+03
1.906763671875000000e+03
1.622611328125000000e+03
1.878061279296875000e+03
3.802418212890625000e+03
1.685716552734375000e+03
1.875275634765625000e+03
2.624124023437500000e+03
1.775824707031250000e+03
1.814834960937500000e+03
2.083227050781250000e+03
2.452717041015625000e+03
1.719545654296875000e+03
1.990107910156250000e+03
1.731581787109375000e+03
1.859604125976562500e+03
1.809943847656250000e+03
2.044928955078125000e+03
1.733654296875000000e+03
2.269276123046875000e+03
1.974843627929687500e+03
1.964194335937500000e+03
2.405265625000000000e+03
1.355261962890625000e+03
1.328994750976562500e+03
1.989710937500000000e+03
1.495382812500000000e+03
1.773803466796875000e+03
2.509376953125000000e+03
2.150779296875000000e+03
1.699184814453125000e+03
1.492696777343750000e+03
1.079205322265625000e+03
1.715551879882812500e+03
2.077441406250000000e+03
2.135821777343750000e+03
1.324129150390625000e+03
1.800181274414062500e+03
1.833676879882812500e+03
1.672664306640625000e+03
1.430261474609375000e+03
1.068785766601562500e+03
2.486358642578125000e+03
1.813838134765625000e+03
1.840218017578125000e+03
1.406719848632812500e+03
1.552501708984375000e+03
1.612078613281250000e+03
1.396756591796875000e+03
1.223797363281250000e+03
1.077239746093750000e+03
1.574889892578125000e+03
1.456079711914062500e+03
1.527345214843750000e+03
1.397199707031250000e+03
1.445731933593750000e+03
1.194482666015625000e+03
9.728555297851562500e+02
1.088215209960937500e+03
1.080015869140625000e+03
1.315677490234375000e+03
1.313277099609375000e+03
1.519970703125000000e+03
1.330286865234375000e+03
1.561700195312500000e+03
1.346926513671875000e+03
1.620907348632812500e+03
1.300397705078125000e+03
1.135390869140625000e+03
1.483168212890625000e+03
1.588512451171875000e+03
1.393108642578125000e+03
1.498947387695312500e+03
1.483543090820312500e+03
1.502543457031250000e+03
1.615394042968750000e+03
1.530402343750000000e+03
2.015919799804687500e+03
1.481462646484375000e+03
1.968338623046875000e+03
1.376204345703125000e+03
1.246648681640625000e+03
1.253733154296875000e+03
1.094372192382812500e+03
1.008155029296875000e+03
1.435100585937500000e+03
1.490026000976562500e+03
1.479623779296875000e+03
1.323859863281250000e+03
9.611314086914062500e+02
1.222863891601562500e+03
2.172015625000000000e+03
1.122917968750000000e+03
1.458714355468750000e+03
1.030413330078125000e+03
1.654148193359375000e+03
2.125476806640625000e+03
2.112386474609375000e+03
1.566129516601562500e+03
1.335185058593750000e+03
9.586294555664062500e+02
1.114677978515625000e+03
1.454393066406250000e+03
1.417161865234375000e+03
1.425585205078125000e+03
1.477817138671875000e+03
2.048923095703125000e+03
2.185819824218750000e+03
2.588944580078125000e+03
1.535600097656250000e+03
2.141251464843750000e+03
1.698317016601562500e+03
1.370090332031250000e+03
1.436631835937500000e+03
1.437231201171875000e+03
1.493842163085937500e+03
1.553894287109375000e+03
2.088197998046875000e+03
1.896532836914062500e+03
1.448367553710937500e+03
1.878948608398437500e+03
1.396830566406250000e+03
1.355314819335937500e+03
1.586757324218750000e+03
1.574934326171875000e+03
2.014484008789062500e+03
1.586195800781250000e+03
1.808259765625000000e+03
1.493138183593750000e+03
1.554995361328125000e+03
1.496912841796875000e+03
1.478663818359375000e+03
1.194988769531250000e+03
1.741145629882812500e+03
1.427605957031250000e+03
1.413098388671875000e+03
1.527659667968750000e+03
1.415863647460937500e+03
1.442134643554687500e+03
1.613689086914062500e+03
1.755342895507812500e+03
1.646706665039062500e+03
1.422133911132812500e+03
1.376459960937500000e+03
1.433918945312500000e+03
1.444316040039062500e+03
1.528557495117187500e+03
1.952833007812500000e+03
1.631645874023437500e+03
2.314485595703125000e+03
2.431014160156250000e+03
2.556166015625000000e+03
2.326093505859375000e+03
1.623676879882812500e+03
2.495801269531250000e+03
1.989336914062500000e+03
1.917765014648437500e+03
2.593314453125000000e+03
2.606451171875000000e+03
3.376315917968750000e+03
4.305799804687500000e+03
2.744914306640625000e+03
2.443474609375000000e+03
1.826879394531250000e+03
1.687937377929687500e+03
1.582793823242187500e+03
1.988122802734375000e+03
1.723017578125000000e+03
1.699355102539062500e+03
2.013329345703125000e+03
2.108188720703125000e+03
2.335871337890625000e+03
2.245646240234375000e+03
2.693759765625000000e+03
1.717830566406250000e+03
1.762733886718750000e+03
2.711595947265625000e+03
2.396067871093750000e+03
1.304280151367187500e+03
1.684280273437500000e+03
1.877865966796875000e+03
2.119997558593750000e+03
1.790067626953125000e+03
1.895259033203125000e+03
1.697458496093750000e+03
1.959814453125000000e+03
2.130164306640625000e+03
2.011563476562500000e+03
1.727118896484375000e+03
1.893119995117187500e+03
2.257796875000000000e+03
1.567298461914062500e+03
1.862980712890625000e+03
1.916707763671875000e+03
1.236515869140625000e+03
1.937363159179687500e+03
1.832753173828125000e+03
1.235060791015625000e+03
1.400577880859375000e+03
1.575616455078125000e+03
1.546248535156250000e+03
1.492332519531250000e+03
1.557923217773437500e+03
1.291102294921875000e+03
1.438685302734375000e+03
1.545224243164062500e+03
1.707471679687500000e+03
1.239182861328125000e+03
1.350184204101562500e+03
1.416738525390625000e+03
1.154656982421875000e+03
1.222533813476562500e+03
1.492339843750000000e+03
1.413330322265625000e+03
1.280796142578125000e+03
1.305481323242187500e+03
1.144083862304687500e+03
1.262465209960937500e+03
1.870160766601562500e+03
1.775236938476562500e+03
2.205920898437500000e+03
1.904876953125000000e+03
1.381731079101562500e+03
1.227364990234375000e+03
1.635141845703125000e+03
1.296928955078125000e+03
1.344737670898437500e+03
1.538106323242187500e+03
1.398854736328125000e+03
1.415097534179687500e+03
1.243370117187500000e+03
1.528745727539062500e+03
1.478035766601562500e+03
1.311470825195312500e+03
1.802784912109375000e+03
1.120435546875000000e+03
1.459256469726562500e+03
1.226147949218750000e+03
1.432195434570312500e+03
1.233656982421875000e+03
1.222718139648437500e+03
1.290593017578125000e+03
1.536492187500000000e+03
1.487371704101562500e+03
1.940293945312500000e+03
1.942095214843750000e+03
1.864656738281250000e+03
1.427032104492187500e+03
1.708737304687500000e+03
1.292456176757812500e+03
1.716980346679687500e+03
2.050991943359375000e+03
1.858208251953125000e+03
1.817143798828125000e+03
1.949677490234375000e+03
1.527645507812500000e+03
1.324659667968750000e+03
1.609399414062500000e+03
1.305145996093750000e+03
1.362909423828125000e+03
1.363568115234375000e+03
1.606098876953125000e+03
1.749079589843750000e+03
1.957983764648437500e+03
2.019274536132812500e+03
2.165126464843750000e+03
2.264698242187500000e+03
3.310239501953125000e+03
2.077379882812500000e+03
2.294314941406250000e+03
1.987315185546875000e+03
1.522537719726562500e+03
1.697843139648437500e+03
1.547091308593750000e+03
1.457385253906250000e+03
1.924151733398437500e+03
1.465661254882812500e+03
1.665159423828125000e+03
2.285116699218750000e+03
2.058353027343750000e+03
2.235624267578125000e+03
1.937186645507812500e+03
1.644188720703125000e+03
1.496313964843750000e+03
1.797846069335937500e+03
2.327522460937500000e+03
1.661494750976562500e+03
1.932234130859375000e+03
1.972915405273437500e+03
2.161811035156250000e+03
2.001633911132812500e+03
2.313143554687500000e+03
1.648409790039062500e+03
1.940050537109375000e+03
1.884939941406250000e+03
1.684804321289062500e+03
2.135530273437500000e+03
2.102353271484375000e+03
2.127258056640625000e+03
2.908983642578125000e+03
1.634074707031250000e+03
1.057208740234375000e+03
2.155732910156250000e+03
1.975249023437500000e+03
1.338998901367187500e+03
1.586511352539062500e+03
1.674084228515625000e+03
2.467988769531250000e+03
1.834303100585937500e+03
1.534617065429687500e+03
1.822445800781250000e+03
1.935961181640625000e+03
2.220858398437500000e+03
2.816190185546875000e+03
2.853046386718750000e+03
2.455620605468750000e+03
1.721125000000000000e+03
2.336250488281250000e+03
2.018160400390625000e+03
2.406547363281250000e+03
3.213990966796875000e+03
4.132724121093750000e+03
3.986459472656250000e+03
4.215450195312500000e+03
7.091358886718750000e+03
3.909993896484375000e+03
2.063481445312500000e+03
2.142706787109375000e+03
2.657321777343750000e+03
3.895645019531250000e+03
3.274298339843750000e+03
3.510895507812500000e+03
2.237562500000000000e+03
2.186381103515625000e+03
1.917193847656250000e+03
2.057631591796875000e+03
2.006189208984375000e+03
2.785109375000000000e+03
3.126135986328125000e+03
2.753211914062500000e+03
3.580106445312500000e+03
3.262337890625000000e+03
2.052252441406250000e+03
2.538608154296875000e+03
1.698974121093750000e+03
1.712022705078125000e+03
2.358976806640625000e+03
2.423895507812500000e+03
2.339390625000000000e+03
2.569524658203125000e+03
2.295548583984375000e+03
1.921902099609375000e+03
2.299651123046875000e+03
3.433210449218750000e+03
2.989770019531250000e+03
2.414571777343750000e+03
2.922619140625000000e+03
2.717067138671875000e+03
4.542136718750000000e+03
3.833798095703125000e+03
3.599527343750000000e+03
2.330065917968750000e+03
1.713802612304687500e+03
2.235210449218750000e+03
1.985344360351562500e+03
2.228920898437500000e+03
2.515543701171875000e+03
3.494691406250000000e+03
3.302068359375000000e+03
3.197130859375000000e+03
2.047447753906250000e+03
2.139970703125000000e+03
2.616662109375000000e+03
2.694786865234375000e+03
3.220603271484375000e+03
3.871103759765625000e+03
4.421813964843750000e+03
2.916417724609375000e+03
3.400500976562500000e+03
3.810620605468750000e+03
2.905984619140625000e+03
2.596574707031250000e+03
3.947432128906250000e+03
3.081819824218750000e+03
2.766391113281250000e+03
2.692069824218750000e+03
2.390200927734375000e+03
2.172717041015625000e+03
2.091281738281250000e+03
2.191919921875000000e+03
1.777883178710937500e+03
2.198593261718750000e+03
1.852449096679687500e+03
2.085788085937500000e+03
1.421722167968750000e+03
1.842143676757812500e+03
1.901170776367187500e+03
1.859804687500000000e+03
1.282263427734375000e+03
1.453907470703125000e+03
1.608319458007812500e+03
1.382376586914062500e+03
1.487611694335937500e+03
1.298781250000000000e+03
1.125562744140625000e+03
1.088647705078125000e+03
1.552876220703125000e+03
1.475764892578125000e+03
1.388097534179687500e+03
1.624055419921875000e+03
1.360891479492187500e+03
1.277808105468750000e+03
1.465777099609375000e+03
1.736892333984375000e+03
1.563851562500000000e+03
1.916738525390625000e+03
1.453943359375000000e+03
2.099437011718750000e+03
1.917254028320312500e+03
1.959349365234375000e+03
1.765390014648437500e+03
1.293273559570312500e+03
1.131083984375000000e+03
1.453118408203125000e+03
1.477510131835937500e+03
1.749428466796875000e+03
1.468941406250000000e+03
1.819088989257812500e+03
2.021780883789062500e+03
2.302762939453125000e+03
1.488163330078125000e+03
1.549661254882812500e+03
1.643545288085937500e+03
1.880232055664062500e+03
1.938662353515625000e+03
1.522965698242187500e+03
1.987272338867187500e+03
1.556576293945312500e+03
1.234668457031250000e+03
1.238869873046875000e+03
1.393936523437500000e+03
2.170910644531250000e+03
1.605643676757812500e+03
1.493078125000000000e+03
1.581819824218750000e+03
1.248401489257812500e+03
1.450802734375000000e+03
2.152590332031250000e+03
1.334314697265625000e+03
1.394729248046875000e+03
1.495270141601562500e+03
2.275896972656250000e+03
2.348423828125000000e+03
1.966554687500000000e+03
1.078288818359375000e+03
1.210951293945312500e+03
1.366437011718750000e+03
1.366864990234375000e+03
1.214906005859375000e+03
1.465989746093750000e+03
1.732665161132812500e+03
1.235290527343750000e+03
1.245816406250000000e+03
1.327088378906250000e+03
1.164465576171875000e+03
9.933707275390625000e+02
1.078941162109375000e+03
9.496588134765625000e+02
1.300575439453125000e+03
1.394020874023437500e+03
1.555037353515625000e+03
1.203681518554687500e+03
1.326564575195312500e+03
1.384596191406250000e+03
1.494473388671875000e+03
1.515028442382812500e+03
2.050847412109375000e+03
2.115649169921875000e+03
1.145613281250000000e+03
1.338568359375000000e+03
1.645540771484375000e+03
2.360895507812500000e+03
2.187453857421875000e+03
2.189091308593750000e+03
1.483649291992187500e+03
1.974721557617187500e+03
1.748945312500000000e+03
1.904807128906250000e+03
2.487085693359375000e+03
1.988056884765625000e+03
1.495821411132812500e+03
1.611632202148437500e+03
2.008477783203125000e+03
2.827212646484375000e+03
2.774723144531250000e+03
2.161326660156250000e+03
1.476064208984375000e+03
2.858501220703125000e+03
1.866912353515625000e+03
2.085779296875000000e+03
2.122848144531250000e+03
1.443253417968750000e+03
1.520209472656250000e+03
1.511786254882812500e+03
2.173003906250000000e+03
2.285972656250000000e+03
1.960790771484375000e+03
1.557031005859375000e+03
1.665823486328125000e+03
1.400143554687500000e+03
1.653924072265625000e+03
1.910642944335937500e+03
1.784292480468750000e+03
1.456313476562500000e+03
1.401630126953125000e+03
1.374324340820312500e+03
2.210750000000000000e+03
2.060409667968750000e+03
1.474238525390625000e+03
1.532190185546875000e+03
1.300342285156250000e+03
1.829492553710937500e+03
1.703380615234375000e+03
1.751202148437500000e+03
1.545824584960937500e+03
1.052624267578125000e+03
1.574609008789062500e+03
1.404192749023437500e+03
1.471487548828125000e+03
1.172557250976562500e+03
1.030793945312500000e+03
1.225569091796875000e+03
1.216457763671875000e+03
1.200065795898437500e+03
1.346646362304687500e+03
1.324520019531250000e+03
1.562645996093750000e+03
2.069599121093750000e+03
1.692977905273437500e+03
1.706358642578125000e+03
1.832759765625000000e+03
1.540063598632812500e+03
1.487115722656250000e+03
2.126178222656250000e+03
2.117866210937500000e+03
1.352169311523437500e+03
1.328902343750000000e+03
1.282360595703125000e+03
1.726183715820312500e+03
1.304252441406250000e+03
1.371192504882812500e+03
1.778911865234375000e+03
1.812752197265625000e+03
1.103256347656250000e+03
1.203817993164062500e+03
1.194304199218750000e+03
1.169895385742187500e+03
1.228873535156250000e+03
1.136835327148437500e+03
1.095300170898437500e+03
1.071159790039062500e+03
1.009557434082031250e+03
1.050599487304687500e+03
8.687869873046875000e+02
1.304440307617187500e+03
9.930925292968750000e+02
1.115239257812500000e+03
8.834995727539062500e+02
8.142037963867187500e+02
8.203723144531250000e+02
9.339892578125000000e+02
1.093685913085937500e+03
1.321840576171875000e+03
8.682730712890625000e+02
1.469085693359375000e+03
1.134131591796875000e+03
1.128067626953125000e+03
1.266324707031250000e+03
8.709718017578125000e+02
1.439821655273437500e+03
1.395393432617187500e+03
1.259066040039062500e+03
1.665083007812500000e+03
2.051547607421875000e+03
1.645070922851562500e+03
1.263696777343750000e+03
1.513279052734375000e+03
1.142042846679687500e+03
1.827285766601562500e+03
1.674317382812500000e+03
2.734324707031250000e+03
1.314647338867187500e+03
1.498336669921875000e+03
1.255171020507812500e+03
1.711788818359375000e+03
1.139009521484375000e+03
1.294039550781250000e+03
1.403149047851562500e+03
1.261203247070312500e+03
1.555749023437500000e+03
1.338330810546875000e+03
1.143033081054687500e+03
1.399866699218750000e+03
1.746533569335937500e+03
1.344778442382812500e+03
1.062256958007812500e+03
1.046946044921875000e+03
9.386388549804687500e+02
9.296036987304687500e+02
1.094520263671875000e+03
1.106306396484375000e+03
1.353131347656250000e+03
7.924549560546875000e+02
1.082970703125000000e+03
9.795534057617187500e+02
1.039916137695312500e+03
9.369058837890625000e+02
1.273653686523437500e+03
1.022902099609375000e+03
9.538422851562500000e+02
1.098354858398437500e+03
1.134918945312500000e+03
1.076381347656250000e+03
1.693459106445312500e+03
1.269865722656250000e+03
1.411764892578125000e+03
1.374897949218750000e+03
1.012948059082031250e+03
1.082148681640625000e+03
1.107835937500000000e+03
2.047742675781250000e+03
1.422597900390625000e+03
1.649869384765625000e+03
1.342970581054687500e+03
1.228788574218750000e+03
1.301867187500000000e+03
1.247923339843750000e+03
1.100548339843750000e+03
1.330952392578125000e+03
1.327595336914062500e+03
1.122637207031250000e+03
1.445581420898437500e+03
1.602688598632812500e+03
1.373784423828125000e+03
1.731683959960937500e+03
1.801560302734375000e+03
1.360362548828125000e+03
1.236637817382812500e+03
8.948828125000000000e+02
9.242062988281250000e+02
1.691704101562500000e+03
1.333049316406250000e+03
8.787598266601562500e+02
1.190841308593750000e+03
1.391476318359375000e+03
8.769918823242187500e+02
9.932802124023437500e+02
1.063452392578125000e+03
1.127498413085937500e+03
9.420925292968750000e+02
1.166692138671875000e+03
1.098022705078125000e+03
9.064026489257812500e+02
1.161739013671875000e+03
1.456558837890625000e+03
1.959107666015625000e+03
1.345973266601562500e+03
1.383549194335937500e+03
1.320712158203125000e+03
1.554206787109375000e+03
1.990818847656250000e+03
2.409097656250000000e+03
1.037386108398437500e+03
1.619412841796875000e+03
1.402387573242187500e+03
9.074937744140625000e+02
1.150293334960937500e+03
1.334593872070312500e+03
1.788188354492187500e+03
1.392372070312500000e+03
1.307531494140625000e+03
1.379105224609375000e+03
1.350932373046875000e+03
1.624211181640625000e+03
1.151816284179687500e+03
1.446262329101562500e+03
1.252606689453125000e+03
1.427941406250000000e+03
1.361347656250000000e+03
1.200740112304687500e+03
9.974545898437500000e+02
1.272690917968750000e+03
1.048927734375000000e+03
9.974552001953125000e+02
1.106036621093750000e+03
1.265123779296875000e+03
1.529222412109375000e+03
1.735466796875000000e+03
1.548230712890625000e+03
1.171900878906250000e+03
1.373460937500000000e+03
1.392186767578125000e+03
1.525027587890625000e+03
1.692483886718750000e+03
1.660411376953125000e+03
1.610004882812500000e+03
1.277584960937500000e+03
1.211436523437500000e+03
1.018629882812500000e+03
1.378494140625000000e+03
1.355009887695312500e+03
1.790031372070312500e+03
1.772433105468750000e+03
1.587699096679687500e+03
1.103386596679687500e+03
1.192732543945312500e+03
1.158430541992187500e+03
1.499093261718750000e+03
1.335708007812500000e+03
1.433050781250000000e+03
1.622121093750000000e+03
1.523053588867187500e+03
1.455660156250000000e+03
1.434349121093750000e+03
1.337852294921875000e+03
1.236092529296875000e+03
1.419743896484375000e+03
1.122133300781250000e+03
1.311507568359375000e+03
1.416655639648437500e+03
1.147783935546875000e+03
1.093264404296875000e+03
9.856312255859375000e+02
1.497494384765625000e+03
1.189162597656250000e+03
1.342355834960937500e+03
1.484165405273437500e+03
1.447458251953125000e+03
1.023509094238281250e+03
1.239178588867187500e+03
1.192429199218750000e+03
1.529228881835937500e+03
9.028376464843750000e+02
1.027840087890625000e+03
1.147032958984375000e+03
9.833926391601562500e+02
1.707719116210937500e+03
1.520752319335937500e+03
1.399207031250000000e+03
1.495095703125000000e+03
1.122082641601562500e+03
1.268543945312500000e+03
1.808478637695312500e+03
1.859999389648437500e+03
1.955356323242187500e+03
2.256236816406250000e+03
2.155628173828125000e+03
1.417470581054687500e+03
1.694984252929687500e+03
2.412172363281250000e+03
2.047826660156250000e+03
3.221280761718750000e+03
1.717934204101562500e+03
1.204941528320312500e+03
1.968167846679687500e+03
1.948517211914062500e+03
2.124009033203125000e+03
1.535860839843750000e+03
1.362362548828125000e+03
1.998687500000000000e+03
1.731794067382812500e+03
1.452368286132812500e+03
1.567413085937500000e+03
1.025978271484375000e+03
1.542414428710937500e+03
1.285751708984375000e+03
1.397209960937500000e+03
2.068198242187500000e+03
1.422300781250000000e+03
9.596491088867187500e+02
1.310881347656250000e+03
1.468896728515625000e+03
1.264956176757812500e+03
1.432605224609375000e+03
1.199893066406250000e+03
1.787666015625000000e+03
1.021244567871093750e+03
1.286935913085937500e+03
1.340213623046875000e+03
1.189461181640625000e+03
1.368802490234375000e+03
1.675059814453125000e+03
1.368619140625000000e+03
1.222607910156250000e+03
1.308399047851562500e+03
1.561265258789062500e+03
1.531807128906250000e+03
1.184020751953125000e+03
8.717319335937500000e+02
1.210360961914062500e+03
1.221718261718750000e+03
1.470141601562500000e+03
1.759881591796875000e+03
1.137862792968750000e+03
1.506122680664062500e+03
1.149630126953125000e+03
1.213585937500000000e+03
1.371921997070312500e+03
1.031516967773437500e+03
1.343316650390625000e+03
1.017758544921875000e+03
1.499873291015625000e+03
1.706637939453125000e+03
1.118351440429687500e+03
1.320758544921875000e+03
7.798201904296875000e+02
9.999635009765625000e+02
1.755135253906250000e+03
1.333280029296875000e+03
1.289295654296875000e+03
1.106930297851562500e+03
9.834589843750000000e+02
8.702205810546875000e+02
1.164591674804687500e+03
1.681408935546875000e+03
1.152857788085937500e+03
9.774506835937500000e+02
1.413800537109375000e+03
1.260806396484375000e+03
1.136892333984375000e+03
1.208845703125000000e+03
1.794191162109375000e+03
9.398281250000000000e+02
1.357644042968750000e+03
1.648691894531250000e+03
1.648893310546875000e+03
1.596525390625000000e+03
8.296428833007812500e+02
1.004467773437500000e+03
1.209261230468750000e+03
1.130163940429687500e+03
1.966741333007812500e+03
1.033833862304687500e+03
1.309325439453125000e+03
1.499266845703125000e+03
1.147433593750000000e+03
1.194297729492187500e+03
9.940601806640625000e+02
1.060963867187500000e+03
9.595635375976562500e+02
1.093886596679687500e+03
9.635817260742187500e+02
1.496920898437500000e+03
1.168154418945312500e+03
8.825900268554687500e+02
1.032530273437500000e+03
1.273663452148437500e+03
1.303280029296875000e+03
1.237317871093750000e+03
1.044880004882812500e+03
1.017508911132812500e+03
1.187159912109375000e+03
9.408391113281250000e+02
1.444310302734375000e+03
1.091714843750000000e+03
9.179843750000000000e+02
1.253862792968750000e+03
1.402965454101562500e+03
1.229461914062500000e+03
9.980046386718750000e+02
1.063783691406250000e+03
1.261972412109375000e+03
1.251838378906250000e+03
1.150536743164062500e+03
1.148923706054687500e+03
1.331565429687500000e+03
1.124473632812500000e+03
1.125148681640625000e+03
1.296945190429687500e+03
1.289031005859375000e+03
1.317791503906250000e+03
1.868763671875000000e+03
1.401188720703125000e+03
1.392754394531250000e+03
1.307747314453125000e+03
2.020760131835937500e+03
1.726464599609375000e+03
1.461446411132812500e+03
1.626402099609375000e+03
