1.325819633108717971e+04
1.502524180337616781e+04
1.004690466089864094e+04
1.366966704023158309e+04
2.283638173809411455e+04
1.561823516677862426e+04
1.316048776727556833e+04
1.568132601659710599e+04
1.421051152805331549e+04
1.364445515451908068e+04
1.740437953696735713e+04
1.281681130992019280e+04
1.295122699772615852e+04
1.731667363479214328e+04
2.328274731133915338e+04
1.773506440419553110e+04
1.939745695144721685e+04
1.041713060631818553e+04
1.311983820660838319e+04
1.205153701243593605e+04
1.438831565943169699e+04
1.567052381946660171e+04
1.670454186543947435e+04
1.450947164375500870e+04
9.696737705623132570e+03
1.290693053288109331e+04
2.293815876481397572e+04
1.348078393873018831e+04
1.560554485173792636e+04
1.650050179160008702e+04
