-1.964000000000000000e+03
3.291787290840579772e+03
2.005425191540800597e+03
1.572047723897298056e+04
2.299750312616149586e+03
1.874797863276465796e+04
1.246888561472492074e+04
3.529601869022306460e+02
3.448992466080517261e+03
-9.254796226121997051e+02
1.839792775575341511e+04
5.462701298264481920e+03
1.548532417039058600e+03
9.856305263405381993e+03
-8.331810735365054370e+02
2.131273034744188863e+03
3.045523261730559170e+04
6.544955806072084670e+03
1.379059820935313292e+04
1.883415416737527994e+04
9.808747639532507492e+02
9.536410257213512523e+03
4.671717870507643966e+03
1.945810073962632305e+04
2.459697187611791378e+04
2.137474909871610726e+04
3.801716528062875295e+04
-2.123443271438007741e+03
-6.227730985798259553e+02
-1.331704600616695416e+03
6.028370075496577556e+03
9.606151914773086901e+03
1.489366606091874201e+04
1.313041559300023800e+04
5.532417031148040678e+02
1.208727487360531268e+04
1.012764403274289907e+04
1.957369969167810632e+04
8.488682886333785063e+03
6.242321238532825191e+03
5.211393077195963997e+03
2.196376261136235189e+04
2.093948759306655575e+03
2.433776874696760933e+04
2.706393457896013206e+04
2.878271700665776370e+04
6.504180739596840795e+03
2.119868089014074212e+04
6.787174049898653720e+03
1.690368699706719417e+04
1.487802921514427544e+04
1.259035800619822840e+04
2.444738809160183337e+03
2.797752529744140338e+04
2.386781978242310652e+04
2.753179861632459051e+03
9.762136667384232851e+02
2.053651898913248806e+04
5.441044936757054529e+03
7.497523219569494358e+03
1.192671240958195085e+04
6.822757019789605692e+02
6.618658028057378033e+03
1.651074558272757713e+02
1.968771279740047248e+04
3.898699595391551156e+03
1.080292983146284860e+04
7.030972939168597804e+03
5.377261538946445398e+02
1.746022193781656460e+04
2.401525914128742079e+04
2.833502640470439474e+03
2.589711008655983460e+04
2.438812506494336048e+04
2.035226272343518940e+04
7.811684028270664385e+03
1.534415583658766809e+04
2.022412048671505772e+03
1.122618331459912952e+04
1.171504380336453323e+04
6.361255386891311900e+02
1.663712595554154905e+04
1.344778808184432455e+04
8.022254478232293877e+03
1.091004952767581744e+04
5.022161885516397888e+03
-9.259983594666651925e+02
7.869213222098591359e+03
1.728356666052177388e+04
2.091988932204531375e+04
3.628616370425663263e+03
2.645855851648563657e+03
1.975130578368614806e+04
-9.404620655173882824e+02
4.600142987307616750e+03
3.930280443486899458e+03
4.164057907872310352e+03
4.558941845169911176e+03
2.915236056666303557e+04
6.420342473187141877e+03
9.257658807119149060e+03
1.162489071742096530e+04
2.477455661536366279e+03
1.079079282379074721e+04
4.634873048662311703e+03
1.442451951524201104e+04
1.064482911945817250e+04
1.861395256288169185e+04
3.033367367871134320e+03
1.166028308859692333e+04
1.655071227577573154e+04
3.799735962556125287e+03
8.732862505708008030e+03
1.918996669876240776e+04
-4.303815114429992263e+02
3.723929155363469818e+03
3.237130282720792457e+04
6.960747641669277982e+03
-1.326124943500656400e+03
1.956774304612609967e+02
2.145022270139355533e+04
3.482160738299682271e+04
1.107955277651237157e+04
1.881402483783381467e+04
7.063775394219574082e+03
9.315834520254240488e+03
9.385841009743384348e+03
1.603353263976957533e+04
6.088826079724461124e+03
7.300805325052562694e+03
2.890329190165600448e+04
8.917207077768527597e+03
1.782197933570757414e+03
9.423266054421803346e+03
4.129624368187997788e+03
1.538875863497259525e+04
3.161531090614118148e+04
2.234163757402187912e+04
9.477548308510589777e+03
2.552080578576365224e+04
-1.256128301194769847e+03
1.837621416228011367e+04
3.649650181969614641e+04
9.338949704427899633e+03
4.057229510589763231e+04
3.552939144628755912e+03
1.585034241205931949e+02
1.239924778384804267e+04
9.001734851316146887e+03
9.641422400297931745e+03
1.662666065899602108e+04
1.112293715895204969e+02
2.976272440135663419e+04
3.697524920191729325e+04
1.186295227858868748e+04
2.184633907461094350e+04
1.479755096373076594e+04
9.642224955814182977e+03
1.449798031021496536e+04
2.774032978356306194e+04
-2.692679990885269490e+02
8.601604002265732561e+03
4.713143335061920880e+03
1.331332582197496777e+04
1.288265303294949263e+04
4.026470773438329161e+03
7.059411990717770095e+03
2.088171734103327981e+04
1.924124433962194962e+04
5.619111728949923418e+03
4.762442648814868335e+03
6.862182666817324389e+03
2.687229388758265122e+04
3.703606440103887871e+04
2.714790472115426383e+03
9.538008139352943545e+03
1.379543774490700162e+04
1.416893597310432597e+04
9.904609695536542858e+03
2.947297067307851648e+03
5.528704997854460089e+03
6.150593786604516936e+03
1.281706926903126623e+04
4.839645509048804115e+02
7.403838621030464310e+03
1.281878337499093868e+04
2.767996829852567316e+04
1.463574425272565577e+03
8.333262021064367218e+03
5.603556985766248545e+03
2.275247185238685779e+04
2.060751207136509038e+04
8.345757249951606354e+03
3.860281597753782080e+03
2.335026909569239797e+04
3.639559802004069934e+04
1.686307037056957051e+04
2.380512791610477507e+03
6.674533034644302461e+03
4.902001015420636350e+02
7.144720237533589170e+03
7.033577143440957298e+04
2.084075754295525621e+04
1.985985026467954867e+03
1.596710560553666073e+04
4.199271199623864959e+03
6.913808712949679830e+03
5.701482181489556751e+03
5.806048732304539953e+03
1.817683891979409600e+04
1.045886206388827850e+04
1.015795946932492734e+04
1.016467461695177803e+03
4.212149385060482018e+03
1.523026881778492316e+04
7.328985359982978480e+03
7.235418685896518582e+03
6.369857791186917893e+03
7.560431066261732667e+03
8.714240001651538478e+03
6.846839758972100753e+03
2.298392871894234486e+04
1.809934373385350773e+04
1.277118677190775634e+04
1.321363736205524583e+04
1.691309711491768394e+04
1.448286885802293364e+04
3.977144998560914246e+03
2.363659995582999181e+04
1.350923869794425991e+04
2.049614511466922977e+02
1.024337465499258542e+04
1.404221730115440550e+03
1.666080250099849764e+03
1.083888406560007206e+04
7.407458639219441466e+03
1.521895831282033942e+04
2.501847313161034253e+04
1.339722530116605776e+04
1.499698881400669234e+04
1.866129385145275592e+04
8.386783062677901398e+03
-1.266878663599923129e+03
6.717616713229201196e+03
9.615394695772678460e+03
5.750588365098493523e+04
2.459038819328664249e+04
1.908070440343907194e+03
1.907943022937177011e+04
2.953284616546680354e+03
1.566004800494197116e+04
5.006887025603056827e+04
3.156329507735107995e+02
1.642249457848122984e+04
8.165336972078196595e+03
1.255761571560613675e+03
1.515119456420319875e+04
3.265045726655416729e+03
1.187309312699012662e+04
4.783917966056214027e+03
3.518565879403816507e+04
1.038932886706583304e+04
3.058926846549744369e+03
-1.654784519234556683e+03
1.191971172300424405e+04
6.520539115557383411e+03
7.983917261264694389e+03
1.467472182197842994e+04
3.513394206586834571e+03
6.479454437553903517e+03
4.806732666693612373e+03
5.634331022882937759e+03
2.426917181595399234e+04
1.216776208745717304e+04
5.709708940016954557e+02
2.772124168486479175e+04
2.517596510764435152e+03
7.263683890487938697e+03
6.374151983898171238e+03
2.484074569480962964e+03
1.866152113744872986e+04
1.561679534324413180e+04
2.917786502606840077e+04
9.138110723814563244e+03
1.070994321529323543e+03
3.455011540107266228e+03
3.346841957977923812e+03
1.303008072293155601e+04
8.849370640532561083e+03
8.414160122158458762e+03
6.984603298025247568e+03
1.144477622217524367e+04
4.215546822878532839e+04
5.844588262676258637e+03
1.068588698948353704e+04
9.117040278998720169e+03
1.057906463885289122e+04
9.847050182048435090e+03
5.505555837122496996e+03
5.656602562890000627e+03
-9.401546976719557733e+02
1.947266218190393556e+04
1.002542312098104048e+04
1.068723232324999299e+04
3.909188170944015837e+03
2.533496190302695322e+04
1.658422687611412402e+04
6.418986826300689245e+03
1.385470826322007633e+04
2.570839911140951699e+03
5.429945441441447656e+03
5.373850908224205341e+03
1.204307390548057447e+04
1.740778956106175247e+04
1.036596242763042574e+04
3.394183827747683608e+03
8.621787794964679051e+03
3.313986111078224894e+03
1.616320772227809357e+04
4.032097802520871483e+03
1.259612122675446153e+04
3.370600524281577964e+04
7.116055322669175439e+03
1.070855957345431125e+04
1.275814394325661306e+04
9.018518554453808065e+02
1.254183694250856388e+04
1.465043869846137932e+04
4.301282208447065386e+03
2.586460897370159000e+04
1.192950841357817626e+04
9.661159615413314896e+03
7.131073939984404205e+03
1.872334891757268633e+04
2.049806811828139871e+03
8.499438324542290957e+02
3.782126991099871520e+04
4.465780838929268839e+02
9.482978902012326216e+03
2.844771906504591971e+04
1.159585785005996331e+04
5.803698558664856137e+03
2.655360102180896774e+03
1.318896374443059358e+04
-1.989803872138159022e+02
1.751999391000854303e+04
-5.425445650096655754e+02
1.524747591893382923e+04
1.442361179518287463e+04
1.824852278653869507e+04
9.406145568429150444e+03
2.513674649632399451e+03
3.622740586137680111e+03
7.666464543314829825e+03
2.768851433999900837e+04
1.659564816902575330e+04
5.816685737249420526e+03
2.089652392445019723e+04
1.519049534105962084e+04
6.127005481763846547e+03
9.114101084338035434e+03
1.810303821284201331e+04
4.316569952729856595e+03
6.604902916169222408e+03
-2.037058400410136073e+03
7.255552660636674773e+03
2.802631899884253653e+04
3.618160685325777649e+03
1.278930732616218665e+04
2.920182750504387877e+04
5.707168093113124087e+03
1.707265804667994598e+04
4.202524441668429063e+03
4.437366039181837323e+02
1.481914903010344688e+03
2.233556996299698585e+04
3.926067500610631669e+03
1.233289477239797998e+04
4.723172404350593752e+02
8.224399594408252597e+03
1.352237665391264272e+04
4.036788047564105000e+03
7.384527303424272759e+03
4.476350688748195353e+03
1.516599495661911897e+04
3.854632435302625709e+03
5.502583383836202302e+03
6.609389718656269906e+03
8.773700129286584342e+03
1.403340798978782368e+04
1.567601552753776377e+04
1.848805220973237738e+04
3.298693938555944442e+03
8.840842362010018405e+03
2.750987345558231027e+03
6.599984927939645786e+03
8.548776107606530786e+03
3.184753524901441324e+03
2.720814797201546753e+03
7.334127541133301747e+03
2.713632293330204629e+04
6.622159464403505353e+02
8.293617504000794725e+03
4.407003054435364902e+03
9.723528617972950087e+03
5.200983595061957203e+03
1.392487982256728719e+04
8.039053414945574332e+03
1.242117635083647110e+04
8.900663643966527161e+03
8.148483605183421787e+03
2.010673525429699566e+03
7.809671295382703647e+03
1.519404816257667699e+04
3.449260769678606448e+04
5.657524070576898339e+03
-4.099906299865153869e+01
2.910815273641040221e+03
1.119341264002518983e+03
1.156108827472015219e+04
1.078284444253922993e+04
3.098788242817000355e+04
5.923457820628721493e+03
6.866799809266713055e+03
5.479020656216062889e+03
1.553919082304603762e+04
3.681778604107048523e+03
2.343299620409915406e+03
1.728788888591209979e+04
2.348393050679469161e+04
4.125238465825356252e+04
5.429270410408872522e+03
7.712445362725089581e+03
2.614771268114348459e+03
2.655177610766513681e+03
8.440064086547445186e+03
3.061788174224057911e+03
1.464767020676640277e+04
4.471627011719529946e+03
2.182724143532289600e+04
1.331911715164308043e+04
1.984641756668888411e+04
5.891070215934322732e+03
1.230126916705140320e+04
3.592586550373140199e+03
2.785307074956015640e+04
2.883648206079529700e+03
1.611612581300482816e+04
1.222574220371800766e+04
-2.197841249918604717e+03
1.649664473270075860e+03
7.599898658614597480e+03
4.514267304721647088e+04
1.026496999897259957e+04
4.287803734634346256e+03
2.842602604983975834e+04
4.668498706415734887e+03
4.186687654917041800e+04
7.568826054872957684e+03
3.114382306406439056e+03
2.478616411502583560e+03
1.348710663262699927e+04
9.169022347634789185e+03
1.388307178745068632e+04
1.683304365997861896e+04
2.427380019410885507e+04
1.026027292197575298e+04
7.693528119417723246e+03
3.342190157524196366e+03
2.387561629129899666e+04
4.471155015369116882e+03
2.074060135840574003e+04
9.771208179393504906e+03
3.226875990739581539e+03
1.817780614744390914e+04
1.161190853680174041e+04
1.804339014547509578e+04
3.495750797235365462e+04
1.261156375591189772e+03
2.691654255995250060e+04
7.606240029206055624e+03
3.118570542920363096e+03
1.576793939789627075e+03
2.690787308250658680e+04
-3.423310342016968661e+02
1.094556205966489870e+04
3.779155494866151912e+02
1.689818477785406503e+04
1.421384635814970898e+04
1.487523180464543657e+04
3.043136918314778541e+02
1.445145618987910711e+04
9.246372654711023642e+03
3.305870645601402430e+03
6.938709056364147727e+03
1.399534925353370636e+04
2.185846202380789691e+03
9.569479190357342304e+03
1.006680291900548400e+04
2.330200547870598166e+04
3.407326883910468496e+03
2.745738054231811111e+04
3.575286743422480504e+04
2.086898665271044592e+04
1.801649252077656274e+04
2.937417972846469638e+04
1.802525273766285409e+03
2.109058858248041724e+04
8.764981313627948111e+03
1.534617913791417050e+04
1.860332981595265665e+04
1.062685547708580270e+04
2.423315117382134486e+04
-2.473683482126511535e+03
4.837550912218384838e+03
6.575976686729741232e+03
1.152899007173914106e+04
4.390378135221498269e+03
7.801949349537314902e+02
9.074281602212000507e+03
2.674953641621449606e+03
3.515169570751740594e+03
4.609286671181316706e+03
1.403759268903774137e+04
1.406538491358746614e+04
1.279639305869976852e+04
4.929291292511564279e+03
1.100419087590559138e+04
3.011452800615795422e+04
2.062917693910224625e+04
1.429705973919974440e+03
2.799258153796853549e+03
3.275857202314653478e+03
1.464118430316852937e+04
8.209740938880049725e+03
4.399892657703094301e+03
1.145565143670966063e+04
8.096760917179682110e+03
5.546475710923098632e+03
1.861920004325749323e+04
6.929053072037205311e+03
4.815829259555206590e+03
8.929992525145709806e+03
7.178726081432710998e+03
2.216498567178559097e+04
1.075994280314315984e+04
7.114832810368492574e+03
3.619367750865451853e+03
-2.398160648540462262e+03
1.606701053866860093e+04
8.382024171352288249e+03
5.882919103413508310e+03
3.928164786686482694e+04
1.795889726262951081e+04
-1.429422828986046170e+02
5.355570942099205240e+03
2.606371762847466016e+03
2.091052399523473287e+04
1.139045812335230221e+04
9.661627218365609224e+03
9.450927412554050534e+03
7.731874844674537599e+03
2.132739509162047034e+04
3.032193806960188340e+03
2.421550139008152200e+03
4.405591084503249294e+04
4.525977313578086068e+03
2.668246774107205965e+02
5.436296342525061846e+03
2.545096618582780138e+03
6.717493691392761320e+03
1.939646747139599029e+04
8.478637011448929115e+03
4.611722195804076182e+04
3.586422325999030363e+03
1.119763657841432359e+04
1.092392224378750325e+04
8.020489575014084039e+03
8.780895652516286646e+03
9.781743958236345861e+03
1.756361303603304623e+04
4.497229675956383517e+02
4.035367883729612913e+03
2.215318438414217235e+04
6.334307157721752446e+03
5.336188714285728565e+03
1.110354518030042527e+04
1.122215264477246274e+04
5.363792246490735124e+03
1.535100261009162932e+04
1.574490018010849235e+04
1.627464691040712751e+04
2.275589247257805255e+03
1.424779744618533550e+04
3.062647323794028125e+04
2.886271744110977124e+03
6.762280900424475476e+02
3.100216104881016690e+03
8.979062666653660926e+03
3.127121519928295311e+04
-6.820139382970032784e+02
1.364149631413409907e+03
1.006155510715378659e+04
7.799260224267486592e+03
9.306735843099226258e+03
2.079043822230467777e+04
1.342202928773697931e+04
6.362602646682656086e+03
6.948937093524604279e+03
2.399691932037349397e+04
5.111613775435964271e+03
1.667364481804135721e+04
6.396915579383656222e+03
2.563782370602691117e+03
2.326492698446790382e+04
1.302668589993564819e+04
2.954189431791057359e+03
1.003456088853373512e+04
2.625874704923326499e+04
7.781736853516993506e+03
7.990954641892428299e+03
7.067034680827821830e+03
-9.641017940075448678e+02
2.216145006862850278e+04
1.591573374517870070e+04
9.664000892451957043e+03
1.437819132527360853e+04
1.565753336902460069e+04
1.247835492826403060e+04
1.616269171433003248e+04
2.145801735053591983e+03
1.590243021778651382e+03
8.940218611883603444e+03
9.103679698892290617e+03
1.205574983364274340e+04
3.087458243018811118e+04
2.539889953084932131e+03
1.006464471856698037e+04
4.234178611251981238e+03
4.263709896163817575e+03
9.949601606871561671e+03
1.311141199410585978e+04
6.212152691810902979e+03
5.816349250449302417e+03
1.582582206165513526e+03
2.216838447283979622e+04
1.931615344530496805e+04
1.371244761100690630e+04
1.150105366100718129e+03
8.957151551513927188e+03
1.800734969539571830e+04
1.152895272859659963e+04
8.868483947179891402e+03
1.924202300281438283e+03
5.825461224445391963e+03
2.407209606746764621e+03
4.767924977090246102e+03
1.576445297173537256e+03
2.954348228515500523e+03
7.496704766054641368e+03
4.742482163252767350e+03
1.341852834917157452e+04
2.496344344893436937e+04
4.762036770962140508e+03
2.403126180118074990e+04
1.232379629734647096e+04
1.313196757867777524e+04
8.229431582543178592e+03
1.047909476225223807e+04
2.813546796843756601e+04
7.246094274334225702e+03
6.646788388321738239e+03
5.420031316335534939e+03
6.713113802244084582e+03
2.660723511190344652e+03
6.350584758507065999e+03
1.129985055545782416e+04
5.719171249271666966e+03
1.527606130937202943e+04
8.443232859237679804e+03
3.677038741387509799e+04
2.431403680703862847e+03
1.351410270920486983e+04
4.809474021929275477e+04
3.841452376132001518e+03
1.880339613092133277e+03
2.567250412113196580e+04
4.074407161887984785e+03
-2.193576218573603001e+03
1.550061457344576957e+04
6.794935791610905653e+03
9.239164971580934434e+03
6.724908837519741610e+03
3.836431090573294568e+03
6.146628668745150208e+03
2.317604120938652341e+04
1.371518690558849266e+04
1.110977425694964040e+04
1.749475124141767765e+03
1.612365878830554948e+03
1.503269100679488656e+04
1.250171934854793108e+03
8.798961709788360167e+03
8.330641551803202674e+03
1.142260476215793278e+04
1.024792742815057500e+04
1.262873957182493996e+03
6.254647581902050661e+03
1.376084958362190264e+04
1.784306107275693284e+04
1.622425482124601785e+03
9.918347302375394065e+03
8.140577253415920495e+03
5.149344592925324832e+03
8.725795232282191137e+03
1.249575686284819676e+04
4.235861618680261017e+03
1.954323060432471539e+04
1.615024782343739571e+04
1.659168128864786922e+04
1.478488020916980349e+04
1.492743293093675857e+04
1.145925289670908933e+04
7.315329891067721064e+02
1.677088551735843794e+04
8.957418852106704435e+03
5.260956913606163653e+03
1.547508649047167273e+04
8.439986287432669997e+03
1.028822980717050086e+04
3.039450213867551156e+02
2.854705937561698192e+03
4.796422932900055457e+03
2.086873300085851952e+03
3.689978035326514510e+04
1.199150794132990632e+04
7.101824256915869228e+03
3.554178517155950431e+03
4.286431525263797084e+03
2.192337271386947577e+03
4.393227967818456091e+04
3.194608246213977509e+03
9.903298128626171092e+03
9.542934002583075198e+03
5.788450551482177616e+03
1.490383668003655657e+04
1.670276193568120652e+04
1.459582826780690448e+04
2.964270285139268708e+02
2.405305046850295184e+04
1.775381396531138307e+04
9.898625698553485563e+03
1.229220457824367622e+04
1.812167871855662816e+04
8.141607338729258117e+03
3.459463298596538152e+03
2.130489495776227341e+04
1.115199219293555871e+04
1.424689762503341626e+04
1.633029621042458166e+04
1.922026336895710483e+04
1.375766403040353180e+04
7.778594771963567837e+03
2.739888981127760781e+04
5.489253158518811688e+03
1.299365331373199297e+04
1.261464045734599495e+04
4.911613854928064939e+03
2.092756486495376885e+04
9.355362323078257759e+03
4.120780068963582016e+04
4.718442452020398377e+03
-6.233556357752223676e+02
-2.068508769402086727e+03
6.974836459048226061e+03
6.563228348979013390e+03
1.040215208348224405e+04
2.427270484026896611e+03
1.063226304772551157e+04
3.639438951682694551e+03
1.592891542968226895e+04
3.863225232784743184e+03
1.056217432734184058e+03
6.938586229487077617e+03
1.175030132878039149e+04
1.504262435945303696e+04
4.724586851230386628e+02
4.561651095670755240e+03
1.590797162761189429e+04
2.928224571067556099e+04
9.554569812405197808e+03
1.100340672957955030e+04
1.334404279826748461e+04
3.337033396927986814e+03
1.366724151351561159e+04
2.335860342703198512e+03
2.498245860486712991e+04
2.681805237891482830e+04
6.080988403225750517e+03
9.115880810472563098e+03
3.794048947675935324e+03
3.067236404229030086e+04
4.242852418948962622e+03
6.433665917897772488e+03
6.860788281504678707e+03
1.549184735018032370e+04
6.503644736854268558e+03
2.374445038684250176e+04
1.089200974214262533e+04
5.717698044551982548e+02
5.517728655591290590e+03
4.611569093935123419e+03
2.222232894243696137e+03
1.473427226569138475e+04
1.511056570566081609e+04
1.751790689548897353e+04
3.753057237800993335e+03
6.799912154303219722e+03
1.783243910888378423e+02
2.152756323517788405e+04
4.644940906632089536e+03
2.164074024687298515e+04
7.178781516051980361e+03
3.686564634970579937e+04
3.829490918347630213e+04
9.243045185513648903e+03
3.780091895613080396e+03
1.277723146674342206e+04
-4.914519928511433136e+03
5.371931549766466560e+03
-1.426989650988414269e+03
5.548568396799486436e+03
1.335742633927349743e+04
3.024700033805424482e+03
1.435106188094280515e+04
1.162722831383141784e+04
9.604068858352597090e+03
9.674648094592121197e+03
1.054462235292335936e+04
4.097752669162082384e+03
2.689152054002094519e+04
8.959069682575049228e+03
1.327271513794090424e+04
1.076113720837864821e+04
3.312309777198038319e+03
1.647113003197197031e+03
3.872254396130195528e+04
9.205934631817786794e+03
6.704194208325729960e+03
2.207739438993261865e+04
8.296178835001102925e+03
5.572867612418898716e+03
1.328351259847010442e+04
4.014424692071953359e+03
2.805510907327114637e+03
1.287393192530154556e+04
4.823753068769331094e+02
1.539774454709273414e+04
2.550213199370733946e+03
7.865878449428206295e+03
8.526010069181960716e+03
2.910361901137127643e+04
7.570920837315091376e+03
1.343920525016421379e+04
1.700189444346923119e+04
-4.200386076547360972e+02
1.940037685413158033e+04
1.623629538099910496e+04
1.818239393771646064e+03
2.115953155597244859e+03
8.082067088490760398e+03
6.515464223715651315e+03
1.507001402110610434e+04
4.409760572020544714e+03
3.377360058100933384e+04
1.719237744446590455e+02
1.294786006598557469e+04
1.306077953660431012e+04
1.383774644747446109e+04
1.006405696503968284e+04
1.398826486781341373e+04
6.789284178613364020e+03
5.239089521815943590e+04
5.938592931915969530e+03
1.487819303848938762e+04
9.859439027576485387e+03
3.618143990346545252e+03
7.324374381224127319e+03
5.230437019968897403e+03
2.246675559111166422e+03
1.049520936515277936e+04
5.319244544920768021e+03
1.775416707229971053e+03
1.400931001487519279e+04
1.573886246932118229e+04
1.004174647024967453e+04
1.352867590053063032e+04
1.629969795041153475e+03
1.230274509756819862e+04
2.119087341425518389e+03
4.971898481246875235e+03
8.003366160599180148e+03
1.399045640948914297e+04
1.217871653455286105e+04
1.427106557510087259e+04
2.222992123051274757e+04
2.227328679793528181e+02
2.289039463198871090e+04
7.760187824025899317e+03
7.008995388489957804e+03
1.212067316892501367e+04
1.589762065939272543e+04
7.303554673003827702e+03
2.007040319028545855e+04
1.892350358080073784e+04
4.323883485530061444e+04
7.594485391510628688e+03
3.302489850369920896e+04
1.111261715153729710e+04
1.930218773598496773e+04
1.179620908595544279e+03
2.072050821356057895e+03
7.274473519907134687e+03
-1.207326755904617357e+03
9.845427642956623458e+03
1.381614906205135412e+04
2.983415648563624563e+04
3.038890639661827663e+03
7.596662890631137088e+03
1.554983093540156551e+04
9.803040750301046501e+03
1.744870114269722035e+04
4.474078067702693261e+03
1.140362190854203072e+04
1.246169623147579841e+04
1.071573793941770236e+04
8.500680286913880991e+03
6.528593694652126942e+03
1.665773632763500063e+04
6.471308354525124741e+03
3.413937964969801214e+03
1.948704101537781389e+04
1.374366194378389082e+03
1.394208693165232035e+04
2.545066937783071626e+04
1.029373180075422397e+03
8.513588510787249106e+03
1.516044415402504910e+03
-2.693292085271120868e+02
4.610006534995653055e+03
1.340623790335995182e+04
2.037900233745851892e+03
3.158898912439785272e+04
3.153799140193716448e+04
1.082580397310533226e+04
6.038368755255201904e+03
1.944045308957099405e+04
1.345517119601153172e+04
7.397785827195899401e+03
5.682875771273565988e+03
2.572044315004275268e+04
1.638829390453662199e+04
2.382180107671514270e+04
2.523248195661756654e+03
1.110832842438240368e+04
2.371910331946527731e+04
2.454335855918929519e+04
1.756922352689808031e+04
6.396223544891099664e+03
1.954803748149732564e+04
4.430106060065080965e+04
3.866882462996061804e+03
7.712136304998646665e+03
6.267707344353457302e+03
6.396642693012508062e+03
4.903605691492034566e+03
1.542578593941730833e+04
-1.417719749567363806e+03
1.119406829912975445e+04
2.608336898854459287e+04
6.739838103230526031e+03
2.826179152244735815e+04
1.433681494054800714e+04
1.484806650376221114e+04
8.697170230196355988e+03
9.155628332312397106e+03
2.117494490908805892e+04
1.903253460211281663e+03
2.145966619880315193e+04
2.903042068494785417e+04
2.636421968420392295e+04
5.878408878242993524e+03
7.130422412643643838e+03
8.546719068166406942e+03
2.098289090721463072e+04
1.980900287215785966e+03
-1.766266374109459093e+03
1.118593995661916779e+04
2.910403724041169426e+03
1.663206494053626739e+04
9.540717986638846924e+03
1.209476354120189353e+04
7.190295192439401944e+03
3.561062503484369699e+03
2.024779262654659397e+04
2.748736300102882524e+03
8.397553576356604026e+03
5.115120565488588909e+03
9.529309606138867821e+03
3.149190440994374057e+03
2.266337367396157788e+03
4.779653026454600877e+03
5.986378505272468828e+03
4.034348432195688656e+04
1.119710884167487166e+04
4.585519127109881083e+04
3.166411170329188826e+04
9.785744603507899228e+03
1.640029481727853636e+03
4.628513980598495436e+03
6.714020603231370842e+03
1.443727519247671808e+04
3.798341618242866389e+04
3.425875013077110452e+03
6.698535649487805131e+03
5.365895721742513160e+03
6.318156144143930760e+03
8.299523756250626320e+03
5.713283099907043834e+03
3.367200567977772153e+04
2.068628960254191406e+04
2.047441951472123037e+04
3.911772219515466531e+03
1.019039020326598802e+04
5.445402784022901869e+03
7.694659119357907912e+03
2.026324625475916946e+03
1.290270162889279163e+04
6.067410111909252737e+04
4.633772206435987755e+03
1.462550363145519259e+04
1.153865497243709979e+04
1.204957213385456271e+04
1.425942350292798073e+04
1.135296682524655580e+03
3.037787351618085268e+03
1.361337927758241312e+04
4.060901248390202909e+03
1.603928718768758699e+04
1.524532803435881078e+03
1.268562241053412072e+04
1.244446419360440268e+04
1.113021147346524594e+04
3.136461396364335087e+03
1.197889408254332375e+04
5.401464173414095967e+03
1.462634135126631008e+04
2.361789212543829490e+04
3.630356569030881474e+03
4.158617505809561408e+03
2.257444108107529973e+04
3.519490976365249935e+03
1.677788312452080936e+04
3.671200925011836716e+03
1.784805592855792202e+04
2.769025892813931023e+03
6.004347580304558505e+03
1.717953516676618165e+04
4.117694663410975409e+03
7.302858432066316709e+03
6.714019556515278964e+03
9.939587001326746758e+03
3.424424041734042476e+03
6.462779472703931788e+03
1.003520318079191838e+03
3.647329388533154997e+03
1.874752111397988847e+04
4.902856702012231108e+04
1.826010628258760335e+04
4.538937905468219469e+03
2.616127583981830685e+04
1.527109054278740041e+04
4.572547592656978850e+03
1.127547290692536626e+04
1.803593911653084433e+04
9.634040274175752074e+02
9.324009386104311488e+03
9.929902477218627610e+03
1.958424353978399449e+04
6.591014783378775974e+03
1.024817380759029584e+04
3.144451773962393054e+04
7.905051408159692073e+03
2.774051579701298033e+04
1.371554049961009150e+04
4.501222234141036461e+04
7.243512196579753436e+03
5.424892520995823361e+03
1.099996605833699687e+04
1.120597782197949527e+04
2.663897955501581237e+04
3.076968924461360075e+03
1.001257669405561865e+04
1.586271690278198184e+04
6.177936887999991086e+03
9.188628164719244523e+03
1.872470392197366164e+04
1.415516829273828807e+04
5.793412335117264774e+03
2.845779972865646778e+04
1.891037990752074984e+04
1.165208789365489429e+04
1.909402887809575623e+04
1.633758073722713925e+04
-2.524126730323937409e+02
9.401384969568563974e+03
1.342562851965433038e+04
3.611788637754363299e+04
1.004163810195064434e+04
1.183148924025668384e+04
-5.813171416553279869e+02
3.039977779632815327e+03
3.131224811567917641e+04
1.399688525797141483e+04
7.199393424898816193e+03
1.000443914121225862e+04
1.743930254452752479e+03
3.778431257300601374e+03
9.366885486455919818e+03
1.002772062993266081e+04
2.028351668881914884e+04
3.059901022395634300e+03
3.194475815541495831e+04
2.305426062543948319e+03
2.275893430015958074e+01
1.558156726147567861e+04
1.066973985777604412e+03
4.957275964727438804e+03
4.854881839194727945e+03
1.735551270052531208e+03
2.949947068604622018e+03
1.465766787776210731e+04
1.089296251779586964e+04
2.887482545507726172e+03
1.256788009476583056e+03
1.206048391290459904e+03
1.450756012099354484e+04
2.142939633424133353e+04
7.944205355374939245e+03
3.753339876161485336e+03
6.572033174713855260e+03
4.002335746502468737e+03
1.832310996083308055e+04
1.310490121649002049e+03
1.706395552262303681e+04
1.279042017358126213e+04
1.185453724899769441e+04
1.233843177624298187e+04
2.480625881651076998e+04
5.207049995946442323e+03
7.612466141903035350e+03
8.292541314796750157e+03
-5.898402141958578113e+02
-2.677651046653331832e+02
2.244147972497907540e+04
7.957148515021756793e+03
5.890998477777548032e+03
8.471787786245462485e+03
3.646661954775322556e+03
1.723815669450349333e+03
1.173808769920157101e+04
1.987200988018021235e+04
5.933446600185475290e+03
4.047618476816375733e+03
4.252689739787983126e+04
8.827470644459219329e+03
-6.182279293778066176e+02
1.031962201048271254e+03
1.748353927318124624e+04
2.413744450541661354e+04
2.840038138243733101e+03
2.192381602459353599e+04
1.019437620160777988e+04
1.375427280467182209e+04
1.943464450324828795e+04
1.835640745419531595e+04
1.155993886080090306e+04
1.906967497112959609e+04
-1.403655987442293281e+03
1.646376338817740543e+04
4.798055807961351093e+03
4.593179377783929340e+03
3.082600435756632214e+04
1.089803106225611191e+04
1.007309972391434485e+03
5.705694284189559767e+03
5.638379008476124727e+04
3.134545064175297284e+02
8.661816831101705247e+03
2.518329535981664958e+04
2.601165192477718665e+04
1.751510909044765140e+04
2.912446926238761989e+03
-9.420791168725656917e+01
1.856697629106285967e+04
3.052429086049070975e+03
1.653305112254921551e+04
7.522545468260177586e+03
1.930590095297816151e+04
1.710802105668690638e+04
3.000878079928466104e+04
1.279053303796412911e+04
2.820410065139352810e+03
2.190018959242853452e+04
2.254546368588667974e+03
1.553242105936779808e+03
1.478131146178594645e+04
8.193273999008096098e+02
3.582152829988775193e+04
2.547866060746154290e+03
7.514507663225746910e+03
3.441013561663771543e+04
3.168747160467707363e+04
2.031320032435321627e+04
2.101694999450018713e+03
1.185182265111852576e+04
2.369356581221591114e+04
1.165347250785094548e+04
1.022262784390683191e+04
6.432280216117728742e+03
2.291113032598682184e+04
1.980966377730298336e+04
2.955167896506623219e+04
-4.419370747324334161e+02
8.446542066246411196e+03
6.547983731305741458e+03
1.253830694633829580e+03
1.981396973452356178e+04
1.650363328271186765e+04
5.280181894985579675e+03
7.200449277639705542e+03
5.608458155802454712e+03
1.167155844448523931e+04
3.562834924910642439e+04
6.133923229311489195e+03
1.130657682594863945e+04
3.942942457731814648e+04
2.144111180223896008e+04
3.479176510929773940e+02
2.408600805106966163e+03
2.180810519181802192e+03
4.687342980174345939e+03
1.956058402339511531e+03
1.147934158839079373e+03
4.280076959348320088e+03
6.819595890553742720e+03
2.252180347765884653e+04
1.062905176365485022e+04
4.578877193359154262e+03
1.031901471321738973e+04
3.844108480255356426e+03
1.409064397432720580e+04
3.013401393816643395e+04
3.211408777879830268e+03
2.374645558165768307e+03
6.830264305761182914e+04
3.383408927981926354e+03
8.191271019276811785e+03
1.107797953806541955e+04
2.324266116839132792e+03
7.893358994714166329e+03
1.451967650665763540e+04
4.513814436034544087e+03
3.742772715277505085e+03
2.879796760829285631e+03
1.244419477638427634e+04
1.050633242904939107e+04
2.039145097944627196e+03
-9.542872528970131043e+02
4.516756865465914416e+03
5.393050585392980793e+03
2.504463169012011349e+03
1.104466987761922792e+04
1.566712425796284151e+04
1.815320084890118960e+04
7.075003883415649398e+03
1.877927385670751755e+04
1.124779203278889145e+04
1.511860803992414731e+04
9.747859238028984691e+03
2.814331473152356193e+04
1.659834449258914174e+04
1.182769529269075792e+04
4.356274055244508418e+03
3.925030511857165152e+02
1.421150751094711268e+04
2.218457573263451923e+04
9.291812306787176567e+03
1.522899248316137164e+04
3.169209653069576598e+04
2.186543367846803812e+04
7.424413721211726624e+03
1.114776294201754718e+04
1.035736938720743092e+04
1.451114161607329697e+04
2.659929121013980421e+03
2.030016142459138337e+03
1.592599863788898801e+04
2.505679029792868278e+03
8.331117354257596162e+03
5.130646598392693704e+03
3.353928521967800771e+04
1.224941351266775746e+04
1.514347521342712935e+04
5.055291365737328306e+04
9.891552031357612123e+02
1.318224029457695360e+04
-7.076960781530900704e+02
5.630509772204641195e+03
1.581968819876374982e+04
1.904909172879686594e+04
1.082618686434131632e+04
1.381331415206912425e+04
8.627342411726083355e+02
6.128686727981136755e+03
-5.300162482234597974e+02
1.153158828705060841e+04
9.488786401622428457e+03
5.038037388397925497e+03
5.048713110385845539e+03
1.737227074900239677e+04
8.104267079324169572e+03
2.475568138956950861e+04
6.127906470729837565e+03
1.665182059815487082e+04
9.327696768881874959e+03
8.544156308740850363e+03
7.373681053356858683e+01
7.781803946070435813e+03
4.482831526600871257e+03
8.452888382402059506e+03
2.962936215809038003e+03
1.097040264005101199e+04
9.034019778731299084e+03
2.306086655722335854e+04
1.954812915693969262e+04
6.128225809044072776e+03
6.209121884783916357e+03
1.377853310539029917e+04
1.032697270677116285e+04
1.154731464882553337e+04
1.558790006879319117e+04
9.786297820841315115e+03
2.809218344487191189e+03
1.403449834944832037e+04
2.771951893399523760e+04
1.005519959521151759e+04
7.759803146637599639e+03
5.416030548187985005e+03
5.891108085039706566e+03
2.057540834015964720e+03
1.165253614513646789e+04
3.261047177555629969e+04
1.946149852639102164e+03
2.888506140450084786e+04
6.628115649396719164e+03
4.618744058920272437e+03
4.229369791343213365e+03
1.186826120223311591e+04
1.291400465355701454e+04
6.828702614020915644e+04
5.430095175521235433e+03
1.210849962397452327e+04
9.264744622654758132e+03
1.224566462945960120e+04
1.606044574844885938e+04
3.360493457414350814e+03
1.637117635982185493e+04
1.301739762742442872e+04
1.417282749350045742e+04
3.722268575907102058e+04
1.435458099857573325e+04
3.647439149525799621e+03
1.525107110321136679e+04
7.616422053733775101e+03
2.646724363920774522e+03
1.359164368002230549e+04
1.548175583019634360e+04
-6.072518105269928128e+02
1.441260935529930293e+03
1.821633241900461599e+03
2.440792439858352373e+04
6.651347175264495490e+02
1.669334849601763926e+04
7.735413640784399831e+02
4.468828998830040291e+03
3.424470818431960652e+03
5.209279987529314894e+03
1.652377989688068919e+04
3.892910705404485270e+03
1.901719311341884168e+04
1.702329420861235121e+04
4.590173484246452063e+03
9.658218407017086065e+03
3.819959569232478316e+02
1.848057808699267116e+04
1.875143571483197957e+04
7.586286554327978592e+03
7.591586365163538176e+03
1.555383233898756043e+04
2.507737614686287270e+04
1.960228721583070001e+04
-1.806776653488213924e+03
2.838142276178912198e+03
-3.362537701919677602e+02
4.349854193255936480e+03
1.651826451676267652e+03
9.284428760763181344e+03
1.463845170163339935e+04
2.493297617053868453e+04
2.679278512549378502e+04
3.721410972660627522e+03
6.755348381117427380e+03
1.075157593090237060e+04
1.052053128750620999e+04
1.137616767506983888e+04
1.583505278080115750e+04
-1.581416283709208528e+03
3.228302702153391874e+04
3.039781462906555134e+03
3.210747695426123755e+04
3.660529580167350650e+04
3.846995184255735580e+02
5.306445110187165483e+03
1.159413266230076624e+04
1.914270261635689167e+03
1.051891996590038252e+04
3.342210289961642957e+03
1.667232696387956094e+04
3.793322037642710711e+03
4.993690557399664613e+03
8.627927951695952288e+03
1.000987248155962880e+04
1.337497047073010981e+04
1.311317976791097681e+04
5.674064124379202440e+03
1.085933904120541047e+04
1.598030618331846017e+04
5.640247910945914555e+03
2.826151752956841665e+04
5.121569350021310129e+03
6.090033610454303926e+03
7.857823002819999601e+03
2.976638947518415989e+03
2.057696387160383892e+04
3.509554912713446538e+04
2.443247549200457343e+03
2.831110596666569563e+03
2.682935542539284143e+03
2.295668539855503332e+04
2.109725386302846891e+04
-8.093164827812736348e+02
2.681063076506637299e+04
2.438947872198677942e+04
3.231989601027108074e+04
2.542482341356450888e+03
7.391672131741152043e+03
1.045583140004353936e+03
1.290979386387662089e+02
-7.610403671976692976e+02
1.371968500797546221e+04
1.163582698773107040e+04
3.963819611276554497e+03
1.960613957284924254e+04
4.530493981158771930e+03
2.106181074871611781e+04
4.504396808920848707e+04
2.308155669176077481e+03
1.865635641375463820e+04
1.800028573484372100e+04
1.190921198689611265e+04
-7.843426370654410675e+02
7.889750923960014006e+03
6.862715357045235578e+03
4.734131979827383475e+03
2.924289457161091832e+02
3.320076402590954240e+04
-6.199934891823875205e+01
1.169890206665133701e+04
1.314595300232928093e+04
1.068338128048858198e+04
1.681887474324150025e+04
7.146612466138918535e+03
1.233898649949311948e+04
5.558878424508859098e+03
2.928966841116319119e+04
7.765552827017440904e+03
-3.024328637315718424e+02
3.210029156947926822e+04
3.131723766910192717e+04
