8.815210779655701481e+05
8.343024773123122286e+05
1.117819360481202137e+06
9.251137261576739838e+05
8.769110598832339747e+05
8.896146856442958815e+05
8.969877208084687591e+05
9.875671294842909556e+05
9.073758892873348668e+05
1.028563656723787193e+06
9.258081157068404136e+05
9.093724705825699493e+05
9.132341766484481050e+05
9.575703232454219833e+05
9.340761533737473655e+05
7.728569598702954827e+05
8.556875138854698744e+05
8.162333782606546301e+05
9.336883977019785671e+05
8.283621201616836479e+05
8.604219621145831188e+05
7.479297228588344296e+05
8.327013740780616645e+05
8.634971308689506259e+05
9.646205936393019510e+05
9.601962326221299591e+05
8.893325870059651788e+05
1.087650580814572517e+06
8.501172348640928976e+05
1.049406738749018870e+06
