2.055636230468750000e+03
6.455816894531250000e+03
9.485324218750000000e+03
8.609895507812500000e+03
9.390708984375000000e+03
1.010666210937500000e+04
1.110844140625000000e+04
1.104316210937500000e+04
1.248285742187500000e+04
1.081420703125000000e+04
1.268784179687500000e+04
1.138401757812500000e+04
1.307602343750000000e+04
1.264920019531250000e+04
1.453129296875000000e+04
1.673359960937500000e+04
1.199557910156250000e+04
1.455912500000000000e+04
1.607920996093750000e+04
1.583167968750000000e+04
1.543193261718750000e+04
1.747455468750000000e+04
1.792608593750000000e+04
1.565324609375000000e+04
1.785643554687500000e+04
1.953545117187500000e+04
1.783438867187500000e+04
1.553309570312500000e+04
1.728804687500000000e+04
1.916355078125000000e+04
1.435433984375000000e+04
1.926634960937500000e+04
1.807262109375000000e+04
1.988730078125000000e+04
1.888882812500000000e+04
1.944859375000000000e+04
2.014222656250000000e+04
1.775877539062500000e+04
1.748267187500000000e+04
1.610764062500000000e+04
1.737707031250000000e+04
2.117363476562500000e+04
1.930459765625000000e+04
2.002596484375000000e+04
1.692469531250000000e+04
1.944654687500000000e+04
1.712992578125000000e+04
1.751148828125000000e+04
1.967931250000000000e+04
1.710962304687500000e+04
1.429959570312500000e+04
1.580956738281250000e+04
1.639987890625000000e+04
1.778617382812500000e+04
1.539151855468750000e+04
2.028146093750000000e+04
1.956914453125000000e+04
1.761962500000000000e+04
2.135764257812500000e+04
1.781218359375000000e+04
1.861268750000000000e+04
2.071946875000000000e+04
2.045509179687500000e+04
2.000690234375000000e+04
1.959422851562500000e+04
1.883806640625000000e+04
1.917458203125000000e+04
1.824823828125000000e+04
1.709417773437500000e+04
1.740971484375000000e+04
1.934250390625000000e+04
1.749263671875000000e+04
2.083103125000000000e+04
2.256111132812500000e+04
1.600075390625000000e+04
1.869682031250000000e+04
1.946551953125000000e+04
1.563900000000000000e+04
2.112443359375000000e+04
1.869518945312500000e+04
1.948248437500000000e+04
2.205325390625000000e+04
2.601334765625000000e+04
2.133466601562500000e+04
2.267632421875000000e+04
1.939451953125000000e+04
2.092714843750000000e+04
2.029020898437500000e+04
1.924876757812500000e+04
1.875858984375000000e+04
1.982932812500000000e+04
2.272398046875000000e+04
2.022142968750000000e+04
1.807146679687500000e+04
1.890884960937500000e+04
2.060806835937500000e+04
1.927018945312500000e+04
2.049366406250000000e+04
2.008012890625000000e+04
1.779245507812500000e+04
1.674379492187500000e+04
2.256738867187500000e+04
1.777221484375000000e+04
1.625217578125000000e+04
1.733059179687500000e+04
1.984761132812500000e+04
2.332949218750000000e+04
1.822715234375000000e+04
1.939450000000000000e+04
1.911672851562500000e+04
1.808616406250000000e+04
2.038837500000000000e+04
1.887396679687500000e+04
2.208714453125000000e+04
1.861436523437500000e+04
1.992987695312500000e+04
1.877575781250000000e+04
2.047774218750000000e+04
1.815242968750000000e+04
2.284572851562500000e+04
1.862703320312500000e+04
2.048475000000000000e+04
1.729288281250000000e+04
1.557030664062500000e+04
1.961081640625000000e+04
1.857039843750000000e+04
1.986236914062500000e+04
2.055276562500000000e+04
2.102356054687500000e+04
1.961162500000000000e+04
1.903989453125000000e+04
1.781564062500000000e+04
1.508558496093750000e+04
1.844213085937500000e+04
2.040722265625000000e+04
1.984821679687500000e+04
2.214908984375000000e+04
1.670472851562500000e+04
1.786151562500000000e+04
2.138715820312500000e+04
1.808407812500000000e+04
1.714387500000000000e+04
2.223737500000000000e+04
2.076416796875000000e+04
2.342225781250000000e+04
1.943010546875000000e+04
1.888606640625000000e+04
2.275217382812500000e+04
1.955568359375000000e+04
1.960315234375000000e+04
2.143516406250000000e+04
1.878883984375000000e+04
2.078739453125000000e+04
2.008196484375000000e+04
1.808069335937500000e+04
2.059293554687500000e+04
1.579596386718750000e+04
2.047467187500000000e+04
1.791758984375000000e+04
2.205028125000000000e+04
1.840396289062500000e+04
2.131488281250000000e+04
2.067547851562500000e+04
1.866646289062500000e+04
1.779946875000000000e+04
2.209816210937500000e+04
1.704127148437500000e+04
1.819855468750000000e+04
1.844273828125000000e+04
1.990905273437500000e+04
1.869306640625000000e+04
1.866872070312500000e+04
1.891086132812500000e+04
2.042302343750000000e+04
1.812498242187500000e+04
2.132457031250000000e+04
2.550188671875000000e+04
1.903423437500000000e+04
1.966200976562500000e+04
1.785378906250000000e+04
1.914130273437500000e+04
1.900945117187500000e+04
2.038008984375000000e+04
2.268587500000000000e+04
1.812921875000000000e+04
2.223796093750000000e+04
1.879352343750000000e+04
1.877528125000000000e+04
2.189943750000000000e+04
1.521812109375000000e+04
2.063059375000000000e+04
1.746343945312500000e+04
1.933068554687500000e+04
2.193185546875000000e+04
1.718144921875000000e+04
2.054810156250000000e+04
1.870367578125000000e+04
1.887518945312500000e+04
1.852483593750000000e+04
2.089547265625000000e+04
1.815532031250000000e+04
1.972121875000000000e+04
2.399268359375000000e+04
2.077554687500000000e+04
1.850416210937500000e+04
1.983724218750000000e+04
2.236084765625000000e+04
2.092149023437500000e+04
2.528789843750000000e+04
1.949324218750000000e+04
2.146382421875000000e+04
2.349155078125000000e+04
2.041274609375000000e+04
1.727671289062500000e+04
1.899537109375000000e+04
2.065169335937500000e+04
1.972818945312500000e+04
2.038641992187500000e+04
2.358675976562500000e+04
1.752881640625000000e+04
1.954326953125000000e+04
1.978620117187500000e+04
1.628477734375000000e+04
1.878202148437500000e+04
2.015075390625000000e+04
2.074283398437500000e+04
1.875362500000000000e+04
1.967625390625000000e+04
2.072945312500000000e+04
1.965628906250000000e+04
2.108247265625000000e+04
2.001738281250000000e+04
1.910618359375000000e+04
1.954916992187500000e+04
2.066548632812500000e+04
2.133051757812500000e+04
2.028231250000000000e+04
1.824803710937500000e+04
1.871703710937500000e+04
2.090265625000000000e+04
2.406060156250000000e+04
2.091817382812500000e+04
1.906365039062500000e+04
1.903566406250000000e+04
2.050603125000000000e+04
1.952077343750000000e+04
2.019156250000000000e+04
2.116498437500000000e+04
1.946544140625000000e+04
2.271857031250000000e+04
1.983850781250000000e+04
1.950983007812500000e+04
1.731812500000000000e+04
1.722767578125000000e+04
1.889842773437500000e+04
1.927801562500000000e+04
2.087416796875000000e+04
2.216831250000000000e+04
1.792705468750000000e+04
2.129575781250000000e+04
2.277073828125000000e+04
2.078586328125000000e+04
1.882694921875000000e+04
2.065796875000000000e+04
1.786567382812500000e+04
1.876373437500000000e+04
2.169723242187500000e+04
2.247523046875000000e+04
2.072292187500000000e+04
1.828821679687500000e+04
2.178305468750000000e+04
2.046882226562500000e+04
2.073020117187500000e+04
1.886192187500000000e+04
1.990099218750000000e+04
1.971220312500000000e+04
2.071597265625000000e+04
2.544047070312500000e+04
2.257464843750000000e+04
2.035359179687500000e+04
2.010504882812500000e+04
1.926558984375000000e+04
2.045562304687500000e+04
1.788239453125000000e+04
1.830971093750000000e+04
2.346814257812500000e+04
1.787064843750000000e+04
1.713496093750000000e+04
1.925787109375000000e+04
1.935728125000000000e+04
1.693402148437500000e+04
1.985315234375000000e+04
1.964460351562500000e+04
2.457771484375000000e+04
2.101158789062500000e+04
1.651310742187500000e+04
2.164872656250000000e+04
1.700175781250000000e+04
1.687249414062500000e+04
1.840125390625000000e+04
1.929346875000000000e+04
1.720709765625000000e+04
1.750953515625000000e+04
2.173289843750000000e+04
2.023928515625000000e+04
2.113064062500000000e+04
1.588623828125000000e+04
2.049162500000000000e+04
1.834087500000000000e+04
1.801625976562500000e+04
2.094147656250000000e+04
2.014528515625000000e+04
1.963787304687500000e+04
1.784627734375000000e+04
1.941978125000000000e+04
1.954049414062500000e+04
1.900492578125000000e+04
2.028731640625000000e+04
1.943060546875000000e+04
2.082242382812500000e+04
2.152525390625000000e+04
1.750300000000000000e+04
2.143758398437500000e+04
2.268381835937500000e+04
2.001338085937500000e+04
2.008314843750000000e+04
1.903162109375000000e+04
2.308549414062500000e+04
2.088420507812500000e+04
2.050181640625000000e+04
1.938625000000000000e+04
1.693732812500000000e+04
1.836103710937500000e+04
1.978317187500000000e+04
2.002209375000000000e+04
2.347405664062500000e+04
1.685048437500000000e+04
1.746793945312500000e+04
2.179074804687500000e+04
1.613993164062500000e+04
1.894195312500000000e+04
1.744001953125000000e+04
1.841256835937500000e+04
2.234068164062500000e+04
2.063591015625000000e+04
2.052608007812500000e+04
2.093607226562500000e+04
1.942392382812500000e+04
1.629466210937500000e+04
1.817733593750000000e+04
1.837345703125000000e+04
1.904487304687500000e+04
1.994494921875000000e+04
2.017800976562500000e+04
1.986778125000000000e+04
2.419349804687500000e+04
1.723943359375000000e+04
1.806910351562500000e+04
2.005250976562500000e+04
1.922428125000000000e+04
1.915238671875000000e+04
1.995810937500000000e+04
2.031072265625000000e+04
1.848325390625000000e+04
1.815068554687500000e+04
2.159821484375000000e+04
1.738988671875000000e+04
2.261334375000000000e+04
2.308860156250000000e+04
2.039499023437500000e+04
2.079515625000000000e+04
1.981316796875000000e+04
2.165688281250000000e+04
2.075891796875000000e+04
1.909935156250000000e+04
1.872325195312500000e+04
1.832008398437500000e+04
2.003909179687500000e+04
2.375828906250000000e+04
1.895174218750000000e+04
1.745121875000000000e+04
1.863563867187500000e+04
2.033128515625000000e+04
1.932530078125000000e+04
1.714633203125000000e+04
2.124444140625000000e+04
1.869109375000000000e+04
2.119004296875000000e+04
2.077842968750000000e+04
1.925311328125000000e+04
1.875408203125000000e+04
1.942975195312500000e+04
1.982975000000000000e+04
2.028459375000000000e+04
2.090556640625000000e+04
1.750514062500000000e+04
2.566099609375000000e+04
2.081381054687500000e+04
2.261938085937500000e+04
1.895915820312500000e+04
2.083298046875000000e+04
1.924981054687500000e+04
1.860656640625000000e+04
1.940694726562500000e+04
1.894097070312500000e+04
1.877108789062500000e+04
1.785254492187500000e+04
2.142412500000000000e+04
2.286314062500000000e+04
1.776597460937500000e+04
1.978484570312500000e+04
2.095022851562500000e+04
1.888082421875000000e+04
2.200048437500000000e+04
2.263248046875000000e+04
1.799954492187500000e+04
2.135889062500000000e+04
1.980718554687500000e+04
1.655397851562500000e+04
2.014150195312500000e+04
1.755347656250000000e+04
1.816807812500000000e+04
1.980988476562500000e+04
1.862047265625000000e+04
1.920085742187500000e+04
2.033122265625000000e+04
2.282272265625000000e+04
1.927631250000000000e+04
1.843329492187500000e+04
2.029692968750000000e+04
2.275448828125000000e+04
1.776292382812500000e+04
1.970089257812500000e+04
2.060806640625000000e+04
2.195200781250000000e+04
1.951591406250000000e+04
1.830794921875000000e+04
2.159525000000000000e+04
2.122794140625000000e+04
2.113108984375000000e+04
2.130624609375000000e+04
2.360482031250000000e+04
2.210502343750000000e+04
1.826673437500000000e+04
1.770989062500000000e+04
1.850821093750000000e+04
2.055069140625000000e+04
2.043108789062500000e+04
1.910617187500000000e+04
1.632020410156250000e+04
1.727832812500000000e+04
1.848450000000000000e+04
2.023353906250000000e+04
1.797237304687500000e+04
1.954832812500000000e+04
2.219068359375000000e+04
2.005461718750000000e+04
2.012914453125000000e+04
1.676981054687500000e+04
1.835984765625000000e+04
1.481970898437500000e+04
1.820666601562500000e+04
2.098906835937500000e+04
2.004663671875000000e+04
1.718058789062500000e+04
1.811947265625000000e+04
2.102601562500000000e+04
1.957508593750000000e+04
1.630479296875000000e+04
1.970650976562500000e+04
1.843026953125000000e+04
1.789654101562500000e+04
2.196056445312500000e+04
1.718495507812500000e+04
2.307187500000000000e+04
2.201030078125000000e+04
2.095246289062500000e+04
2.064911718750000000e+04
1.731019140625000000e+04
1.874281250000000000e+04
2.095591406250000000e+04
1.945453710937500000e+04
1.928800781250000000e+04
1.953217773437500000e+04
2.130040820312500000e+04
1.949819140625000000e+04
2.080294921875000000e+04
1.809040820312500000e+04
2.091990234375000000e+04
1.744453515625000000e+04
1.697219921875000000e+04
2.117271875000000000e+04
1.827966601562500000e+04
2.120182812500000000e+04
2.270248828125000000e+04
2.138369726562500000e+04
1.766123632812500000e+04
1.927840429687500000e+04
1.923838671875000000e+04
2.185270507812500000e+04
2.097280468750000000e+04
2.154785546875000000e+04
1.948416992187500000e+04
1.911250000000000000e+04
2.046243359375000000e+04
1.871720117187500000e+04
1.849724804687500000e+04
2.002264843750000000e+04
1.895173242187500000e+04
1.980821093750000000e+04
1.692262890625000000e+04
2.128004101562500000e+04
1.964815429687500000e+04
1.575396679687500000e+04
2.017091992187500000e+04
1.918267773437500000e+04
1.954150390625000000e+04
2.011352343750000000e+04
1.699065625000000000e+04
2.278628125000000000e+04
1.928535546875000000e+04
1.711779687500000000e+04
1.943454687500000000e+04
1.871788476562500000e+04
2.123262500000000000e+04
1.975492578125000000e+04
1.881944921875000000e+04
1.759858593750000000e+04
1.866675781250000000e+04
1.927358984375000000e+04
1.735464062500000000e+04
1.660661132812500000e+04
1.771266015625000000e+04
1.896462500000000000e+04
1.979469726562500000e+04
2.091135351562500000e+04
1.866750781250000000e+04
1.719402148437500000e+04
1.970825781250000000e+04
1.897584375000000000e+04
2.357553320312500000e+04
2.195714062500000000e+04
1.871963085937500000e+04
2.119211914062500000e+04
2.436562109375000000e+04
2.029515625000000000e+04
2.308410937500000000e+04
2.034117968750000000e+04
1.838582812500000000e+04
1.755378906250000000e+04
2.141789257812500000e+04
1.647802343750000000e+04
1.927424218750000000e+04
1.942868945312500000e+04
1.828114843750000000e+04
2.104411328125000000e+04
1.874738867187500000e+04
2.214919726562500000e+04
1.974280273437500000e+04
2.159291796875000000e+04
2.052965429687500000e+04
1.981236523437500000e+04
1.765260742187500000e+04
1.979278515625000000e+04
1.851379101562500000e+04
1.858433203125000000e+04
2.097579101562500000e+04
1.949249414062500000e+04
1.877125390625000000e+04
1.739503906250000000e+04
2.082689453125000000e+04
1.952544921875000000e+04
2.128272656250000000e+04
1.575499316406250000e+04
2.018358593750000000e+04
2.037251367187500000e+04
1.664424609375000000e+04
2.169336718750000000e+04
1.585437011718750000e+04
1.918447265625000000e+04
1.596206054687500000e+04
1.887641796875000000e+04
1.882881250000000000e+04
1.711577539062500000e+04
1.959910351562500000e+04
2.258405273437500000e+04
1.826559570312500000e+04
1.907033203125000000e+04
1.585705468750000000e+04
1.657672265625000000e+04
1.809813671875000000e+04
1.913848632812500000e+04
2.028847656250000000e+04
1.943945312500000000e+04
1.917858398437500000e+04
1.943311718750000000e+04
1.671875585937500000e+04
2.061866796875000000e+04
1.581905078125000000e+04
1.781150000000000000e+04
1.998428320312500000e+04
1.995137695312500000e+04
1.849492578125000000e+04
1.624325390625000000e+04
2.183577734375000000e+04
2.157164843750000000e+04
2.048741796875000000e+04
2.132088671875000000e+04
1.996886718750000000e+04
1.997799218750000000e+04
1.940648828125000000e+04
1.938574218750000000e+04
1.797397851562500000e+04
2.013336328125000000e+04
1.741715820312500000e+04
2.377637890625000000e+04
1.933703320312500000e+04
2.141696289062500000e+04
1.750966015625000000e+04
1.965972460937500000e+04
1.808189453125000000e+04
1.673501171875000000e+04
1.850393359375000000e+04
2.270958593750000000e+04
2.123044726562500000e+04
1.914387109375000000e+04
2.019702734375000000e+04
2.022112304687500000e+04
1.994385351562500000e+04
1.884058398437500000e+04
2.064791015625000000e+04
1.982138281250000000e+04
1.833598437500000000e+04
1.964986328125000000e+04
2.106276171875000000e+04
1.698155664062500000e+04
1.935864062500000000e+04
2.217580859375000000e+04
1.973232421875000000e+04
2.079467382812500000e+04
2.080915039062500000e+04
1.998069921875000000e+04
2.151286718750000000e+04
1.909370117187500000e+04
2.190028515625000000e+04
1.656238085937500000e+04
2.088627539062500000e+04
2.177236328125000000e+04
2.106979687500000000e+04
2.094598046875000000e+04
1.810388085937500000e+04
1.983091796875000000e+04
1.655203515625000000e+04
1.996248437500000000e+04
2.003775390625000000e+04
2.019500000000000000e+04
1.581983300781250000e+04
1.851695117187500000e+04
1.796188085937500000e+04
1.939490234375000000e+04
1.966379882812500000e+04
1.810394335937500000e+04
2.590401367187500000e+04
2.014087109375000000e+04
1.959945507812500000e+04
1.730314648437500000e+04
1.685430078125000000e+04
1.976931640625000000e+04
1.850332226562500000e+04
2.084900585937500000e+04
1.657907617187500000e+04
1.931329101562500000e+04
2.034216015625000000e+04
2.113687304687500000e+04
1.888254296875000000e+04
1.996058593750000000e+04
1.730538867187500000e+04
2.165083203125000000e+04
1.869124023437500000e+04
1.829138281250000000e+04
1.897430078125000000e+04
1.747439453125000000e+04
2.419134960937500000e+04
2.078165625000000000e+04
2.010415625000000000e+04
2.017076953125000000e+04
1.797136132812500000e+04
2.178635156250000000e+04
2.006276171875000000e+04
1.913389062500000000e+04
2.255998242187500000e+04
1.847905859375000000e+04
2.048931445312500000e+04
2.211646679687500000e+04
2.097422070312500000e+04
1.767848828125000000e+04
1.940478320312500000e+04
1.939314453125000000e+04
2.046385546875000000e+04
1.823129882812500000e+04
2.100348242187500000e+04
2.228154687500000000e+04
2.142329687500000000e+04
2.080010156250000000e+04
1.964320507812500000e+04
1.845623437500000000e+04
2.377962109375000000e+04
1.972803125000000000e+04
1.790294531250000000e+04
1.878171484375000000e+04
1.701427734375000000e+04
2.373338281250000000e+04
2.228678710937500000e+04
1.760057031250000000e+04
2.009211328125000000e+04
2.118558203125000000e+04
1.818691015625000000e+04
1.699092382812500000e+04
2.072839257812500000e+04
2.047183593750000000e+04
2.045666992187500000e+04
2.128140625000000000e+04
2.028522851562500000e+04
1.888078125000000000e+04
1.811961132812500000e+04
2.183635937500000000e+04
2.038261132812500000e+04
1.862762304687500000e+04
1.942690625000000000e+04
1.662043164062500000e+04
2.046766992187500000e+04
1.777513281250000000e+04
2.055714453125000000e+04
2.037218164062500000e+04
2.305429296875000000e+04
1.857808984375000000e+04
1.941529101562500000e+04
2.096435742187500000e+04
1.695664453125000000e+04
2.336763671875000000e+04
2.358951562500000000e+04
1.849883203125000000e+04
2.067279882812500000e+04
1.996095312500000000e+04
2.152623046875000000e+04
2.319132421875000000e+04
1.984668945312500000e+04
1.797163281250000000e+04
2.190069335937500000e+04
1.855772070312500000e+04
1.869439062500000000e+04
2.005562890625000000e+04
2.239826562500000000e+04
1.939413671875000000e+04
2.040209375000000000e+04
1.926565625000000000e+04
2.019486914062500000e+04
1.990175781250000000e+04
2.328394921875000000e+04
1.715116015625000000e+04
1.970530468750000000e+04
2.115122460937500000e+04
1.816727148437500000e+04
1.723470898437500000e+04
2.058446679687500000e+04
2.181284960937500000e+04
2.048169921875000000e+04
2.054933984375000000e+04
1.874278515625000000e+04
2.254226757812500000e+04
1.958416015625000000e+04
2.156892578125000000e+04
2.127239062500000000e+04
1.906217968750000000e+04
1.847599804687500000e+04
1.882204687500000000e+04
2.015514062500000000e+04
2.202081250000000000e+04
1.727680664062500000e+04
1.985821875000000000e+04
2.030646484375000000e+04
2.416157226562500000e+04
2.210543359375000000e+04
1.923056445312500000e+04
2.013262890625000000e+04
2.253726562500000000e+04
2.027381445312500000e+04
1.921717187500000000e+04
2.108458789062500000e+04
2.133751757812500000e+04
1.794765625000000000e+04
2.036121484375000000e+04
2.038366796875000000e+04
2.169724804687500000e+04
2.218804492187500000e+04
1.710577343750000000e+04
1.893061914062500000e+04
1.852915820312500000e+04
2.113434960937500000e+04
2.129247265625000000e+04
2.172926953125000000e+04
1.921156835937500000e+04
2.171986914062500000e+04
1.823991210937500000e+04
1.834291406250000000e+04
2.075907617187500000e+04
1.996283398437500000e+04
2.189056835937500000e+04
2.144786718750000000e+04
2.024962109375000000e+04
1.992351171875000000e+04
1.741758203125000000e+04
1.984909765625000000e+04
2.025392382812500000e+04
1.894698046875000000e+04
2.612413867187500000e+04
1.711288281250000000e+04
2.218175585937500000e+04
2.360003906250000000e+04
1.834218359375000000e+04
2.314939843750000000e+04
1.971911523437500000e+04
1.966863671875000000e+04
2.069508984375000000e+04
2.039304882812500000e+04
1.860550781250000000e+04
2.081562695312500000e+04
1.921004882812500000e+04
1.622967089843750000e+04
1.916559179687500000e+04
2.206018164062500000e+04
1.982081445312500000e+04
1.875380468750000000e+04
1.853749218750000000e+04
1.629349218750000000e+04
1.868531835937500000e+04
1.867138085937500000e+04
2.090917968750000000e+04
1.956833593750000000e+04
1.803883984375000000e+04
1.676764062500000000e+04
1.846762500000000000e+04
1.973952343750000000e+04
2.179208789062500000e+04
1.864012890625000000e+04
2.236577929687500000e+04
1.936194335937500000e+04
2.157041406250000000e+04
2.205555859375000000e+04
2.186124023437500000e+04
1.965871289062500000e+04
1.731607617187500000e+04
1.964699609375000000e+04
2.171240625000000000e+04
1.758634765625000000e+04
2.325127734375000000e+04
2.054178515625000000e+04
1.683033203125000000e+04
2.355929296875000000e+04
1.904008203125000000e+04
1.968210937500000000e+04
1.893852539062500000e+04
1.882765234375000000e+04
2.376166992187500000e+04
1.758215625000000000e+04
2.165432226562500000e+04
2.315825781250000000e+04
1.973906054687500000e+04
1.907137500000000000e+04
1.770252539062500000e+04
2.290670507812500000e+04
2.032817968750000000e+04
1.834096093750000000e+04
1.987293359375000000e+04
1.933456250000000000e+04
2.103958203125000000e+04
2.039770703125000000e+04
1.965390820312500000e+04
1.645357031250000000e+04
1.917233203125000000e+04
1.982073632812500000e+04
1.982702343750000000e+04
2.146389062500000000e+04
2.168694726562500000e+04
1.681576757812500000e+04
2.197769921875000000e+04
2.203080273437500000e+04
1.950703906250000000e+04
1.934631640625000000e+04
2.143914453125000000e+04
1.663525000000000000e+04
1.862913085937500000e+04
1.723869726562500000e+04
1.851974218750000000e+04
2.213305078125000000e+04
2.018436718750000000e+04
2.153809179687500000e+04
1.993177734375000000e+04
2.210616406250000000e+04
1.940899218750000000e+04
2.187933789062500000e+04
2.043365625000000000e+04
1.793756640625000000e+04
2.075310742187500000e+04
2.182965625000000000e+04
2.174733007812500000e+04
2.335152734375000000e+04
1.801940625000000000e+04
2.107355078125000000e+04
1.774416210937500000e+04
2.248419335937500000e+04
1.917829296875000000e+04
2.325279687500000000e+04
2.029340429687500000e+04
1.805672265625000000e+04
2.166189257812500000e+04
1.877442578125000000e+04
2.092489843750000000e+04
1.786556640625000000e+04
2.025397656250000000e+04
2.372116406250000000e+04
1.936850000000000000e+04
1.730280468750000000e+04
2.066464062500000000e+04
2.214443750000000000e+04
2.178162109375000000e+04
2.144324609375000000e+04
2.176230468750000000e+04
2.406906640625000000e+04
1.794719726562500000e+04
1.898583984375000000e+04
2.150000000000000000e+04
2.053457031250000000e+04
2.185884765625000000e+04
2.163856054687500000e+04
1.622361718750000000e+04
2.379754882812500000e+04
2.152699023437500000e+04
2.222644531250000000e+04
1.839980468750000000e+04
2.087402343750000000e+04
2.249308203125000000e+04
2.113675781250000000e+04
2.241860546875000000e+04
2.270565625000000000e+04
1.952903906250000000e+04
2.018780468750000000e+04
2.035499804687500000e+04
2.119648046875000000e+04
1.876000390625000000e+04
2.164069140625000000e+04
2.210510351562500000e+04
2.003353710937500000e+04
1.832981250000000000e+04
1.913923828125000000e+04
1.987298437500000000e+04
2.238584570312500000e+04
2.188399218750000000e+04
1.902648437500000000e+04
2.146348437500000000e+04
2.262407031250000000e+04
1.985184375000000000e+04
2.105515625000000000e+04
2.278022656250000000e+04
2.175757031250000000e+04
1.819515039062500000e+04
2.127591210937500000e+04
2.008151367187500000e+04
1.930034765625000000e+04
2.114777148437500000e+04
2.286816796875000000e+04
2.307585742187500000e+04
1.871477539062500000e+04
2.054980664062500000e+04
2.009187890625000000e+04
2.040856250000000000e+04
2.122078125000000000e+04
2.079070507812500000e+04
1.675965820312500000e+04
2.103190625000000000e+04
2.157238671875000000e+04
2.045494140625000000e+04
1.852636718750000000e+04
2.050464062500000000e+04
2.442344531250000000e+04
2.543861914062500000e+04
2.278476562500000000e+04
1.873067773437500000e+04
2.074953320312500000e+04
1.721735156250000000e+04
2.264495898437500000e+04
2.018798046875000000e+04
1.736373632812500000e+04
1.961653515625000000e+04
2.116376953125000000e+04
1.974502734375000000e+04
1.787811914062500000e+04
2.116672656250000000e+04
2.149753125000000000e+04
1.774896289062500000e+04
1.901896679687500000e+04
2.205420312500000000e+04
2.014122070312500000e+04
1.914227734375000000e+04
1.946256250000000000e+04
2.162388476562500000e+04
1.853852929687500000e+04
1.946235937500000000e+04
1.979920117187500000e+04
2.055681250000000000e+04
1.499241406250000000e+04
1.740828515625000000e+04
2.241122656250000000e+04
1.995347656250000000e+04
2.138084179687500000e+04
1.869014453125000000e+04
2.148704101562500000e+04
2.213549414062500000e+04
1.760208984375000000e+04
1.895508789062500000e+04
2.096868164062500000e+04
2.235406640625000000e+04
2.189843359375000000e+04
2.191720898437500000e+04
1.936256640625000000e+04
2.108016406250000000e+04
1.978063281250000000e+04
1.729047265625000000e+04
2.136015234375000000e+04
2.362525000000000000e+04
2.125950000000000000e+04
1.876276562500000000e+04
2.046727734375000000e+04
2.092128515625000000e+04
1.844048437500000000e+04
2.043695312500000000e+04
2.080990039062500000e+04
2.379757421875000000e+04
1.839599609375000000e+04
1.930503710937500000e+04
2.077602929687500000e+04
2.055365820312500000e+04
2.006014648437500000e+04
1.697325781250000000e+04
2.168356835937500000e+04
2.091960546875000000e+04
1.774210156250000000e+04
2.135402929687500000e+04
2.013999609375000000e+04
1.832981445312500000e+04
1.907319140625000000e+04
2.150422265625000000e+04
1.837920312500000000e+04
2.142859765625000000e+04
1.978305468750000000e+04
2.145769335937500000e+04
2.108985937500000000e+04
2.402896484375000000e+04
2.357930468750000000e+04
2.209760351562500000e+04
2.040801953125000000e+04
1.974337500000000000e+04
1.993715625000000000e+04
2.129830468750000000e+04
2.106905078125000000e+04
2.056966406250000000e+04
1.968878515625000000e+04
1.856723828125000000e+04
1.987080273437500000e+04
1.772638867187500000e+04
2.067380468750000000e+04
1.815507226562500000e+04
2.086503320312500000e+04
2.273775781250000000e+04
1.771850976562500000e+04
2.217497656250000000e+04
2.188047265625000000e+04
1.996677734375000000e+04
1.694299804687500000e+04
2.009505468750000000e+04
2.026143945312500000e+04
2.380306640625000000e+04
2.008641406250000000e+04
2.344126367187500000e+04
2.066291406250000000e+04
2.052313281250000000e+04
2.106536328125000000e+04
2.414885546875000000e+04
1.851866015625000000e+04
2.240783984375000000e+04
2.257278515625000000e+04
1.838125390625000000e+04
1.983989453125000000e+04
2.063723046875000000e+04
2.244884960937500000e+04
2.152477148437500000e+04
1.761397070312500000e+04
2.264925390625000000e+04
2.044171093750000000e+04
1.818630078125000000e+04
2.036021875000000000e+04
2.203710156250000000e+04
2.182408789062500000e+04
1.945212890625000000e+04
2.244536328125000000e+04
1.980925781250000000e+04
1.709876171875000000e+04
2.064531640625000000e+04
1.967147265625000000e+04
2.545178906250000000e+04
1.751850585937500000e+04
2.075542773437500000e+04
2.369829687500000000e+04
2.197805468750000000e+04
2.023491015625000000e+04
1.843586523437500000e+04
2.074180078125000000e+04
1.875125390625000000e+04
2.386568554687500000e+04
2.223881250000000000e+04
2.329385351562500000e+04
2.240760937500000000e+04
2.325951562500000000e+04
2.084457812500000000e+04
2.189283984375000000e+04
2.082469140625000000e+04
1.967043359375000000e+04
1.970921093750000000e+04
2.313233593750000000e+04
2.020348437500000000e+04
2.320185546875000000e+04
1.918817773437500000e+04
1.935593164062500000e+04
2.038491210937500000e+04
2.158480273437500000e+04
1.935966992187500000e+04
1.989377343750000000e+04
1.844566406250000000e+04
2.302439843750000000e+04
2.227319335937500000e+04
1.970202343750000000e+04
2.087917382812500000e+04
2.010860351562500000e+04
1.946689453125000000e+04
2.132982226562500000e+04
2.597807421875000000e+04
1.993978906250000000e+04
2.459121484375000000e+04
2.110552734375000000e+04
2.183830859375000000e+04
2.284962500000000000e+04
1.972047851562500000e+04
2.526189062500000000e+04
2.216310156250000000e+04
2.094899023437500000e+04
2.240895507812500000e+04
1.938387695312500000e+04
2.324337890625000000e+04
1.901698046875000000e+04
2.059506250000000000e+04
2.177684765625000000e+04
1.995665234375000000e+04
1.922516992187500000e+04
2.042157226562500000e+04
1.961503906250000000e+04
2.168162890625000000e+04
2.176377929687500000e+04
1.938942187500000000e+04
2.391604882812500000e+04
1.816925390625000000e+04
1.741065625000000000e+04
1.822689843750000000e+04
2.284533203125000000e+04
2.053714843750000000e+04
1.909257226562500000e+04
1.951030078125000000e+04
2.151724414062500000e+04
2.036200781250000000e+04
2.191623828125000000e+04
2.098921289062500000e+04
2.056016406250000000e+04
1.911444921875000000e+04
2.067069335937500000e+04
2.233175585937500000e+04
1.935247265625000000e+04
1.906767382812500000e+04
2.184018359375000000e+04
2.018868554687500000e+04
2.052569921875000000e+04
2.164323632812500000e+04
2.181741992187500000e+04
2.042217968750000000e+04
1.711820312500000000e+04
2.017603710937500000e+04
2.168957421875000000e+04
1.785469140625000000e+04
2.428435156250000000e+04
2.178923437500000000e+04
2.008390234375000000e+04
2.026010351562500000e+04
1.905808203125000000e+04
2.164852734375000000e+04
2.105137500000000000e+04
2.196189062500000000e+04
1.936889453125000000e+04
2.052456640625000000e+04
1.830197460937500000e+04
2.079134179687500000e+04
1.877694726562500000e+04
1.864068750000000000e+04
1.940746875000000000e+04
2.010717578125000000e+04
1.957522460937500000e+04
1.937960156250000000e+04
2.003132226562500000e+04
1.756585937500000000e+04
2.238639648437500000e+04
2.143764843750000000e+04
2.239668945312500000e+04
1.691557812500000000e+04
2.253457617187500000e+04
2.021825000000000000e+04
2.025982421875000000e+04
1.848258984375000000e+04
2.169258203125000000e+04
1.960525390625000000e+04
2.345181835937500000e+04
2.012535546875000000e+04
2.278050585937500000e+04
1.856717578125000000e+04
1.975153906250000000e+04
2.054643359375000000e+04
1.857449414062500000e+04
2.070832617187500000e+04
2.116699804687500000e+04
2.135566210937500000e+04
2.043617187500000000e+04
2.479666601562500000e+04
1.991940234375000000e+04
2.132454882812500000e+04
1.988659375000000000e+04
1.883294140625000000e+04
2.053137109375000000e+04
2.440293554687500000e+04
2.161295117187500000e+04
2.007674804687500000e+04
2.486181250000000000e+04
1.945271875000000000e+04
2.128024609375000000e+04
1.938636523437500000e+04
1.715608984375000000e+04
2.257894335937500000e+04
1.928715039062500000e+04
2.162176953125000000e+04
2.039583203125000000e+04
2.013387695312500000e+04
2.079062109375000000e+04
1.612507812500000000e+04
1.903086718750000000e+04
2.011368750000000000e+04
2.050770507812500000e+04
1.783046093750000000e+04
1.737292187500000000e+04
1.980688867187500000e+04
2.232514453125000000e+04
2.526317578125000000e+04
2.068112109375000000e+04
2.046239257812500000e+04
2.112681640625000000e+04
2.008563281250000000e+04
1.913069335937500000e+04
2.070580859375000000e+04
2.005700000000000000e+04
2.472872851562500000e+04
1.890048828125000000e+04
2.058084179687500000e+04
2.032464843750000000e+04
1.908120312500000000e+04
1.958032421875000000e+04
1.842732812500000000e+04
1.980440234375000000e+04
2.072481835937500000e+04
1.780447265625000000e+04
2.065464257812500000e+04
2.028544531250000000e+04
2.069431054687500000e+04
1.794523632812500000e+04
1.804950195312500000e+04
1.949695703125000000e+04
1.642392187500000000e+04
1.932936523437500000e+04
2.068032031250000000e+04
2.065519335937500000e+04
1.778133789062500000e+04
1.773453906250000000e+04
1.922829492187500000e+04
2.005909375000000000e+04
1.970184570312500000e+04
1.929299414062500000e+04
1.905252929687500000e+04
2.012272851562500000e+04
1.634441308593750000e+04
1.978893554687500000e+04
2.002821875000000000e+04
1.911564257812500000e+04
1.998780468750000000e+04
1.944414843750000000e+04
1.863837500000000000e+04
2.034623828125000000e+04
1.992007812500000000e+04
2.038921484375000000e+04
2.306615429687500000e+04
2.028236523437500000e+04
1.753137500000000000e+04
1.764270312500000000e+04
2.161172265625000000e+04
2.192540234375000000e+04
2.261755664062500000e+04
2.069683398437500000e+04
1.916094531250000000e+04
1.975638671875000000e+04
1.952401953125000000e+04
1.809918359375000000e+04
1.909932812500000000e+04
2.101692578125000000e+04
2.141580468750000000e+04
1.782821875000000000e+04
2.104549218750000000e+04
2.090582617187500000e+04
1.941652343750000000e+04
1.759612304687500000e+04
2.274329687500000000e+04
1.828435742187500000e+04
2.200859765625000000e+04
1.974167187500000000e+04
1.746216406250000000e+04
2.017635351562500000e+04
2.036882031250000000e+04
2.307001562500000000e+04
2.079075390625000000e+04
1.887693164062500000e+04
1.872503906250000000e+04
2.001848046875000000e+04
2.085948046875000000e+04
1.897213085937500000e+04
1.792740039062500000e+04
1.928424804687500000e+04
1.652802148437500000e+04
2.039611914062500000e+04
2.025118359375000000e+04
2.030625585937500000e+04
2.381279687500000000e+04
1.952935156250000000e+04
2.058526171875000000e+04
1.980725781250000000e+04
2.043891406250000000e+04
1.904989257812500000e+04
2.501868750000000000e+04
1.953131250000000000e+04
2.231596093750000000e+04
1.668138281250000000e+04
2.365150390625000000e+04
1.780094726562500000e+04
2.449641210937500000e+04
2.227644726562500000e+04
2.111090625000000000e+04
1.655102343750000000e+04
2.297615429687500000e+04
2.132175000000000000e+04
2.110051171875000000e+04
1.952392187500000000e+04
2.094057812500000000e+04
2.011027539062500000e+04
2.160401562500000000e+04
2.042882812500000000e+04
2.213340429687500000e+04
2.075786328125000000e+04
2.107858203125000000e+04
2.273111328125000000e+04
2.185946875000000000e+04
1.997182812500000000e+04
2.255242187500000000e+04
1.909379687500000000e+04
2.304203515625000000e+04
2.034174218750000000e+04
2.289741796875000000e+04
1.743849218750000000e+04
1.978208007812500000e+04
2.187747460937500000e+04
2.121632031250000000e+04
1.992776562500000000e+04
2.076077343750000000e+04
2.033815625000000000e+04
2.058959765625000000e+04
1.971994335937500000e+04
2.045404687500000000e+04
2.080385937500000000e+04
1.895727929687500000e+04
2.388856250000000000e+04
2.047067773437500000e+04
1.832734765625000000e+04
2.023629101562500000e+04
1.855617773437500000e+04
1.880488281250000000e+04
2.234373437500000000e+04
2.396722265625000000e+04
1.791776367187500000e+04
2.373976757812500000e+04
1.710186328125000000e+04
2.488382421875000000e+04
1.827348242187500000e+04
1.777816406250000000e+04
2.148959765625000000e+04
1.866046679687500000e+04
2.273083203125000000e+04
2.058221484375000000e+04
2.146700781250000000e+04
2.227814453125000000e+04
2.063650390625000000e+04
2.056320898437500000e+04
1.969852148437500000e+04
2.066177539062500000e+04
2.179785937500000000e+04
2.030714648437500000e+04
1.863306445312500000e+04
1.933743164062500000e+04
1.976953906250000000e+04
1.815848828125000000e+04
2.088006445312500000e+04
1.920092968750000000e+04
1.840753515625000000e+04
2.109944335937500000e+04
1.911959765625000000e+04
2.016495507812500000e+04
1.935808203125000000e+04
2.275460156250000000e+04
1.970255468750000000e+04
2.228631445312500000e+04
2.037000195312500000e+04
2.181387500000000000e+04
2.163121875000000000e+04
2.242495703125000000e+04
2.100685546875000000e+04
1.886260351562500000e+04
1.826600000000000000e+04
2.292524023437500000e+04
2.189096289062500000e+04
2.372234179687500000e+04
1.936240625000000000e+04
1.756624023437500000e+04
1.883197460937500000e+04
1.884105273437500000e+04
2.107172460937500000e+04
1.966916015625000000e+04
1.879563281250000000e+04
2.101632421875000000e+04
2.138512109375000000e+04
2.172693945312500000e+04
2.153146093750000000e+04
1.906845507812500000e+04
1.968498046875000000e+04
2.128772460937500000e+04
1.847791601562500000e+04
1.837638867187500000e+04
2.074978515625000000e+04
1.968433398437500000e+04
2.126232031250000000e+04
2.037687109375000000e+04
1.936216992187500000e+04
2.283617187500000000e+04
1.945349804687500000e+04
2.008164843750000000e+04
1.697004101562500000e+04
2.143842382812500000e+04
2.146438281250000000e+04
1.628580664062500000e+04
2.194110351562500000e+04
1.953861328125000000e+04
1.889301757812500000e+04
2.224552539062500000e+04
1.905871484375000000e+04
2.351461132812500000e+04
2.125174218750000000e+04
2.300663476562500000e+04
2.336341601562500000e+04
2.243471875000000000e+04
2.264639453125000000e+04
1.675087695312500000e+04
2.315713281250000000e+04
2.109137695312500000e+04
1.908355078125000000e+04
1.992281445312500000e+04
2.081959765625000000e+04
2.099054296875000000e+04
1.959832031250000000e+04
2.124148046875000000e+04
2.070087890625000000e+04
1.809589843750000000e+04
1.954607812500000000e+04
2.133332421875000000e+04
