7.876577293863942032e+03
1.387295488294131610e+04
1.467710629004358452e+04
1.071923461839694210e+04
9.475743883011367870e+03
1.263895050621987684e+04
1.183868744830212563e+04
6.281004878530717178e+03
1.006913730212610426e+04
6.661271861490223273e+03
1.367429742913421433e+04
1.192218371645566185e+04
1.291342063937832427e+04
1.214301556105157215e+04
1.263875890973320747e+04
1.077784140509250210e+04
9.159469466611792086e+03
1.203538542258685629e+04
1.232484426552708101e+04
1.689768913908124523e+04
1.174814721057941097e+04
1.244461784194115353e+04
8.119964288660679813e+03
1.601403411158551535e+04
1.366525620871080901e+04
1.598829217450925535e+04
1.035115916864818792e+04
1.276838486020928030e+04
1.504063273969660804e+04
1.906561020103735063e+04
