-2.784000000000000000e+03
-3.811834934316927502e+03
6.306038992329549728e+03
-3.422046961496590939e+03
2.332619255166727271e+03
-3.025536726186688156e+03
1.248311747380826091e+03
2.988642938782074452e+03
1.553877797605526393e+04
1.232423768703930727e+04
-2.097078269961054957e+03
2.765033474892334561e+04
7.404665364043577938e+03
4.260443297073561553e+04
8.056751815600083319e+03
4.173848438907297350e+03
4.353354488371329353e+03
3.521397759496181970e+04
1.949643096445592528e+04
2.224746112378405815e+04
6.671485660736059799e+03
1.730383150883060443e+04
4.360138160410058390e+02
3.422541030205905372e+03
1.211110407177634625e+04
4.657743876304737569e+03
5.205023460742511361e+02
3.014419510339152112e+04
8.572709595894259110e+03
1.250975501777457066e+04
5.567790795262715619e+03
1.268432895133905549e+04
2.687834967848228553e+04
1.782549137278078342e+04
1.258509624340092887e+04
9.012457941233660677e+03
2.118373061676693760e+04
3.255645435510944935e+03
-3.861540787583311953e+02
-1.292507320298175500e+03
1.230355764463040941e+04
-3.381593060686110221e+03
1.385543427813812923e+04
1.008184773634863814e+04
6.208937332495559531e+03
6.559645383947521623e+03
1.329002844473625373e+04
7.255915171653661673e+03
6.599137410777218520e+02
1.193208626629762875e+04
1.922461595756054885e+04
5.411253388497325432e+03
5.623315475812937621e+03
1.073866639048591242e+04
1.136393500206318640e+04
4.645675660857737967e+03
8.552799215485232708e+03
1.643573811724737243e+04
7.817368885072334706e+03
-7.376467875336061297e+00
1.385417196375857748e+04
2.006001906310848062e+04
1.025748062032949201e+04
2.789113679099666479e+04
1.064375997539049968e+04
6.603613206589846413e+03
2.645688987912124867e+04
8.228245304474921795e+03
3.852696404063410228e+03
2.130093834421835709e+03
1.336903530525357382e+04
5.322939997142434549e+02
3.461826172612521623e+04
2.078792158277642557e+03
2.211803344236799239e+04
2.651376566773638842e+04
1.679969671479428871e+04
3.118812880469309675e+04
8.214310243095924307e+02
9.127656293017198550e+03
1.259434045011214221e+04
4.060618145136175372e+03
4.017035071405858162e+03
5.551218509431426355e+03
3.723502344206431007e+04
1.850183452450185359e+04
7.796827225081581673e+03
2.230968790637150960e+04
4.363640209236349619e+03
1.167349269319580526e+04
5.837904760448811430e+03
1.483885855426991111e+04
1.580411224468383125e+03
2.944654687971641761e+04
-9.440437325974107807e+01
3.118507094087635414e+04
1.162579110026083436e+04
2.868530183273645889e+04
1.179643210182063967e+03
1.444442469971366518e+04
1.012737933831709415e+04
1.657348582581525261e+04
2.327454057197063958e+04
1.915082930058113197e+04
2.757513847578626155e+04
5.077655611934498666e+03
-3.682434068101798402e+03
1.790720653683497403e+03
-3.054417714640878330e+03
1.345082128627495422e+03
1.468903650772067704e+04
8.451012765625462634e+03
6.463367001826854903e+03
4.374814232420852932e+04
1.708052838373685972e+03
4.052760765395569615e+04
6.085439998022060536e+03
2.480744428757246351e+04
2.299812398554682295e+04
7.886843030719898707e+03
4.512071768925625292e+03
3.139482057765829086e+04
9.828236752178807365e+03
5.094798689566340727e+03
1.375220626397670094e+04
6.569712483589776639e+03
2.223096470758670876e+03
2.248909634201880181e+04
3.334908239518166738e+03
8.449830940717634803e+03
2.013937441730052115e+03
2.008326309959567152e+04
1.259817426071260707e+04
1.310700305186009427e+04
1.043496850739804904e+04
1.310036202914504793e+04
7.530345210515308281e+03
1.312929026761053501e+04
5.697864925005822442e+03
1.932033188104983856e+04
3.236078422340360339e+04
4.647849766166636982e+03
9.362969137332409446e+03
1.294529533014043045e+04
7.299149789015134957e+03
2.966641729684299571e+04
9.414624508772047193e+03
1.364508286759607290e+04
1.567100355160375148e+04
1.175788642956275544e+04
1.409117598330878354e+04
5.252493187049493827e+03
2.686084848115674322e+04
2.965955555514906882e+04
6.366550698995142739e+03
5.135011507848947076e+03
4.707465818420267169e+03
1.180146026463736962e+04
9.069569068006090674e+03
7.166846307095428529e+03
3.082131388627631168e+04
8.218409416346212311e+03
-1.966305422834119327e+03
2.457825455354485257e+03
1.197238248692553680e+04
2.367180612643105269e+04
2.262456369437056492e+04
1.791376237758004936e+04
1.506399585799328997e+04
1.470537725675703405e+04
2.172599998048404814e+04
4.304148772030338478e+03
3.356795122996858845e+04
1.505542479533341429e+04
1.459969790574052058e+04
6.364214855758207705e+03
2.804371352836368897e+04
2.469151281639648005e+04
2.301489252113278417e+04
2.947694225533136887e+03
4.178997092915586109e+03
3.207247481069053720e+03
1.010449345015790277e+04
1.310285341734369649e+04
5.941412701071476476e+03
1.697218227621331243e+04
-1.364480924437970771e+03
2.576917053849871991e+03
8.588859376631446139e+03
9.859822171221534518e+03
6.811773968448334927e+03
1.560462930394921614e+03
5.740847986173201207e+03
3.779171501311987959e+04
4.084850227152541629e+04
1.187953889064183204e+04
6.387689731934077827e+03
-1.936139844003913367e+03
-1.652810330190545756e+03
-2.392344340737735138e+02
3.483226574036010788e+03
8.935821618825098994e+03
2.076666986833888586e+04
1.516793836669631310e+04
2.005055006060959204e+04
2.514455187375009700e+03
4.214406702807755210e+03
1.820070661750096406e+04
1.049551610520988834e+04
1.427850956985156154e+04
1.735699982841539168e+04
1.197793724421246225e+04
-6.832268294859316029e+02
3.544022057265183776e+03
1.054804275049160242e+04
2.077482467864405044e+04
8.543538865618662385e+03
6.658875113304982733e+03
9.356339518025308280e+03
7.534178405513190228e+03
7.210204332821813296e+03
2.116166133107887799e+04
-1.306383134219719068e+03
2.687600256348388939e+03
2.809629940145221917e+04
3.541334637644563190e+04
7.133758514187240507e+03
7.814871970171849171e+03
1.555313149802968474e+04
1.090667007641758028e+04
8.158773360557631349e+03
2.726323764019272494e+04
6.365336860820068978e+03
2.587609412014317513e+03
9.928077123311486503e+03
1.379544373162423290e+04
4.085643571651491220e+04
1.918960388253254496e+04
1.024616233631068280e+04
2.812248668742072823e+03
2.154277547765982035e+03
5.415160565956807659e+03
5.103254701915840997e+03
1.859883742188824908e+04
4.773834825075246044e+03
5.646710471058648181e+03
1.296547136040102487e+04
6.313326872625201759e+03
9.197845118369481497e+03
2.458871994505719340e+04
2.430061333234106132e+04
1.841636065771084395e+04
6.590119931648916463e+03
1.118191132980688053e+04
9.556824456694570472e+03
8.223868126465727983e+03
3.635163070470721141e+04
2.337838673492238013e+04
1.408996318964337433e+03
1.993341147001012723e+04
1.509777181485175333e+03
2.978235214945375446e+03
-1.122986618326463713e+03
2.144149640575825106e+04
3.130181868549908359e+03
1.646741650544882941e+04
1.680466581536138619e+02
2.056977685933605244e+03
1.002547143216068071e+04
5.514324140353119219e+01
1.055761698436107326e+04
2.770346485442831909e+04
1.677538104705314618e+04
1.426969013466081378e+04
5.261504131856378808e+04
2.599746664296131348e+04
5.652443234036583817e+03
3.790962649830247301e+03
9.237066032888662448e+03
5.427824676503141745e+03
3.018500715179835970e+04
1.541149452288801876e+04
2.638995159135931681e+04
8.862409869252507633e+03
5.326566109970720390e+03
2.775621896003215079e+04
3.068787988305164254e+04
6.524015474912130230e+03
1.203353941584210042e+04
1.080131462519237357e+04
2.648455628964066636e+04
5.555730782485612508e+03
1.360454664860444245e+04
8.135767096264204156e+03
1.449995769161547651e+04
1.117839843257297980e+04
1.290727233031110336e+04
1.151912649657726615e+04
1.324687400131921640e+04
9.257275292807809819e+03
5.107614623738163209e+04
1.671989589109815370e+03
2.816152162217847035e+03
2.044574499851852670e+04
9.410456513951134184e+03
2.510825056203121335e+02
1.963545957481219375e+04
2.759921577158122818e+04
1.090635615867030538e+04
1.482521587843304951e+04
3.603311708671314591e+03
5.368145944879161107e+02
1.017225186398071492e+04
7.454297294775591581e+03
9.010452181145414215e+03
1.486987200935158944e+04
1.795884798691336255e+04
1.194276328948318042e+04
2.575119234976567168e+04
1.482792445623628009e+04
9.467568838951936414e+03
1.246917746916464966e+04
-1.493030862489674746e+02
1.435650078648798262e+04
1.753409825988926059e+03
8.466150574595159924e+03
2.062706801689618442e+04
2.460375389681166780e+03
5.217230011903328887e+03
5.839108130129851816e+03
1.657591783578030299e+04
6.919333933454827275e+02
1.284642096553691590e+04
1.057606983276116807e+04
1.197188412093176885e+04
8.066267307879154941e+03
2.155095853045136755e+04
1.151869951625260182e+04
4.850028227088285348e+03
1.178118631346026450e+04
1.207858291783733694e+04
7.066327022216804835e+03
9.274742468603521047e+03
7.570390262032067767e+03
8.542439663346309317e+03
1.859878448308123188e+04
3.972509384560428316e+03
2.380591992116741676e+04
1.208141703833665451e+04
1.539576132183948721e+04
5.738199404755228898e+03
1.779922666104308155e+04
5.856456022738497268e+03
1.776417318491433980e+04
8.483922041584023646e+02
8.526679452494139696e+03
1.021953050763853980e+03
1.375546862027932366e+04
2.295779576904807527e+03
1.658144840387037402e+04
4.210756662146732197e+03
2.279414106819426524e+04
1.456509246082292520e+04
1.193288686710035836e+04
2.982129621129292900e+03
1.323721088062825584e+04
1.085991019226653225e+04
2.646724883734715695e+04
3.164687060501700034e+04
1.579436373220045971e+04
1.812876733587918716e+04
3.378550704470669007e+04
7.962975448707291434e+03
1.350958377945357461e+04
5.103841690441320679e+03
-3.308243642312952034e+03
9.249186134922090787e+03
4.110743870148540395e+02
5.005193184489862688e+03
1.229560721188837670e+04
1.235700784539584674e+04
5.432482883277647488e+03
8.653918186816605157e+03
2.630301196881355281e+04
7.879566842580725279e+03
1.947094150422015809e+04
9.852948938648432886e+03
1.696456065614182535e+03
1.751488297920735567e+04
-2.488885213475443834e+03
-1.020139724409484188e+03
7.009841165235161498e+03
5.900039027509124935e+03
8.637059732265637649e+03
3.261460767223995390e+03
8.167472059862364404e+03
1.047344327996117863e+04
9.755861710595640034e+03
1.297441534337488883e+04
-2.349404576311336768e+03
2.269786055284631584e+04
1.858449443006530055e+04
9.849500612749952779e+03
1.002001759405264784e+04
1.392047028160091395e+04
1.562861342354973931e+04
1.177992780943744037e+04
3.428125214343879634e+03
1.376038198771131874e+03
1.642338667704011186e+03
1.123406116317456144e+04
1.255501758878950750e+04
4.674376275965066452e+04
1.800395141781595885e+04
4.889398287178079045e+03
2.531109623862229637e+04
1.773171807121810343e+04
2.790147219934487293e+04
5.972237376184374625e+03
7.258110278043147446e+03
9.110195954965683995e+03
4.707485746442152958e+03
1.263241593285485033e+04
4.653552531747803187e+03
3.343186514735047967e+04
9.311014123528581194e+02
1.908100454491994606e+04
4.403742733376398064e+03
2.218632443213172792e+03
1.662874398145411396e+04
7.143471670819260908e+03
7.349794015583358487e+03
1.339449338041282545e+03
1.860902800156402373e+04
8.625624635215779563e+03
9.334358798794335598e+03
3.421219833469413425e+04
1.539533914144627852e+04
2.011098003510660055e+04
3.815959350948258361e+03
5.883971706091791930e+03
3.985281546244536003e+03
1.039621490965510202e+04
2.432825336621241149e+03
5.613192385706934147e+03
6.200420095451744601e+03
1.774928698112204438e+04
1.934090116842654243e+04
1.748143108788957761e+04
1.160784780405152560e+04
3.760795524697159999e+04
2.700010001020703203e+04
1.783538913165056874e+04
1.426684879680312406e+04
3.183166219881059988e+03
1.119195240348558946e+04
1.157306944051447863e+04
7.091105161754523579e+03
4.876839411524126263e+03
6.434257306529707421e+03
6.379728609386820608e+03
4.178448419403775915e+03
6.102342629031504657e+03
2.503364463280115160e+04
6.456552126063688775e+03
7.559683659404558057e+03
2.034792852881458748e+04
2.103000649837787932e+03
2.199973924339564473e+04
1.835655067525489358e+04
8.813693779114251811e+03
1.357322281452654715e+04
8.052664877084429463e+03
6.398981335022781423e+03
1.493129940252498636e+04
1.726324085683087105e+04
1.500854786645197782e+04
8.638607708131949039e+03
1.066064123529647441e+04
3.756261251077611087e+04
7.953397537963384821e+03
1.140208216295850434e+04
3.121818658320522081e+04
1.559451934046524912e+04
2.945322194085688898e+04
7.920101395444233276e+03
8.270375398518055590e+03
-2.004825564085786937e+03
2.109899039266294130e+04
1.105061323192515192e+04
2.112191740725756063e+03
2.444323695693019545e+02
-3.361536953654861463e+03
-4.697357979136107815e+02
7.716086163472527915e+03
1.334375346460177752e+04
1.450290305834094761e+04
6.237744166935628527e+03
1.568101940212297995e+04
1.060586100070178509e+04
1.019312906057106011e+04
3.097201564659253927e+04
9.821438744225530172e+03
9.063056095742649632e+03
3.204447001396767882e+04
9.243112400868307304e+03
2.400739344298957076e+04
3.846647646530228940e+03
1.938619650322063535e+04
1.311465584823085919e+04
-4.618824742008868043e+02
4.764563137093823752e+04
4.633707741188438376e+03
1.624146303861697925e+04
1.659794376634282162e+04
1.224253924688460938e+04
1.892496236094107007e+04
1.160875257813955432e+04
1.397625476294097462e+04
3.087133703999306817e+04
3.000886624535322699e+04
2.635137132415491578e+03
6.095343018303325152e+03
3.556527915154134098e+04
5.919747924639928897e+03
-1.289983995483347599e+03
1.842337319921292419e+03
1.443557654829341118e+04
1.267394907304008484e+04
7.578412179757362537e+03
2.423027113797760830e+04
8.026875300097598483e+03
4.485095978871393527e+03
5.829753626270464338e+03
4.244640844694480620e+03
2.011908002539893232e+03
9.778983053775273220e+03
1.139460232831295116e+03
2.369014882667663187e+03
9.723489727805572329e+03
1.911309992685791804e+04
2.382503716784465360e+04
1.616208258250348536e+03
1.277883956687151840e+04
7.655838564966345075e+03
1.414948527696308156e+04
1.270975311681755556e+04
1.276534665050281183e+04
8.016159701223670709e+03
2.411320606104424223e+04
7.924603998301189677e+03
1.305582012908634351e+04
1.056074617306221626e+04
7.838030263090526205e+03
1.759988229748636877e+04
6.519630211570030951e+03
1.240361472502931429e+04
2.323271369949573273e+04
1.033991696019194933e+04
2.106268869235456805e+04
4.048500791646876678e+03
9.246432275907369331e+03
1.208486129377533143e+04
2.702258554817671757e+04
2.814009826331338991e+04
3.740654709629792706e+03
1.456343864315207429e+04
1.151412828203033132e+04
2.764640506293368162e+03
1.977343629711496396e+04
8.012537488588448468e+03
1.128208563582977877e+04
2.951852126530660826e+03
1.427765510959202584e+04
4.036988278353273199e+04
5.328100421394763089e+02
6.381997760575849497e+03
1.160628117027776534e+04
2.741069998260686134e+03
1.925245204920424658e+04
1.697025550467360745e+03
1.391551324989094428e+04
7.254610016190399620e+03
5.981356665803748911e+03
2.272605861393954547e+04
1.645242029280315910e+04
1.169994928211866863e+04
1.400150923089987737e+04
1.873706985488466307e+04
4.217120064503107642e+03
2.136791401431646955e+04
1.559095245287876605e+04
1.291472646240175891e+04
9.242646100383632074e+03
7.628004085822377419e+03
3.595372878174034668e+03
7.918555765425246136e+03
1.984380560521099687e+04
1.728430171388963572e+04
3.835558086053700663e+03
2.161092554087557801e+04
1.377065825025396771e+04
5.168516787828262750e+03
4.757468728237963660e+03
2.084626028126214078e+04
2.127099881136100885e+04
2.997285922495903651e+04
8.014230563228519713e+03
1.040280395222624247e+04
-8.864118661520175237e+02
-2.121249620787532422e+03
2.693074550136628659e+03
1.534704739700609935e+04
4.854440187898986915e+04
6.574917237392002789e+03
3.804739216876005685e+03
3.353022326415420139e+03
1.396079718121139740e+04
2.088443493712314375e+04
1.144032599628852040e+04
-2.902681873571901633e+03
1.929685380699473899e+04
1.793395234112067556e+04
2.343596665342316919e+04
1.611181604821698329e+03
7.467438597596654290e+03
2.326268705896594111e+04
8.824016714620287530e+03
3.745886498590597057e+03
3.340773062838073383e+04
1.737391531992190721e+04
2.037729431937585832e+04
8.634589372472670220e+03
1.927949122705819900e+04
5.663182665531130624e+03
1.461214554523406514e+04
2.009883764103563408e+03
5.201588079244008259e+04
2.161701562940203985e+03
1.083505258445830805e+03
1.763022096005530693e+04
7.088338795492630197e+03
3.058409495955752209e+04
2.177121209327696306e+03
1.322802817915715877e+03
1.570459396828554236e+04
2.638177455678909610e+04
5.065478861266315107e+03
1.212821178294784841e+04
1.105156848214555794e+04
1.496605193088479791e+04
2.299830066726350196e+04
9.406838792191698303e+03
1.136210329637002906e+04
1.314501156162712323e+04
6.180229830460953053e+03
1.647573606360861595e+04
2.173850663535246349e+04
9.574914093126641092e+03
1.520363459199846875e+04
-1.558043699994854251e+03
1.005198610007011121e+04
5.531059038364893240e+03
1.481709056297644202e+04
1.018348792067438808e+04
1.272829946739317165e+04
4.143107859569661741e+03
9.345294621576906138e+03
7.847353536227058612e+03
2.535558429412884288e+04
4.461169856275700295e+04
1.199658788155472030e+04
1.597574870500990437e+04
2.014473355528655520e+04
1.645475361375053035e+04
8.826606170455424945e+03
2.288981720330828102e+04
1.719452040112580653e+04
1.728233708067997577e+04
-1.841193874566781687e+03
2.570593594183730966e+04
3.818245563499867785e+03
9.127367890387456555e+02
1.629605328673051190e+04
8.056909898759904536e+03
1.340501381710263740e+04
2.658790810611582128e+04
-2.235950422054440878e+01
1.214704150805918835e+04
6.711978067462774561e+03
6.750195205766038271e+03
4.963244131849219229e+03
9.103365487315559221e+03
3.053971629053823563e+03
3.240294481740210904e+04
8.744058925214127157e+03
2.194347076604020549e+04
2.957848964972120302e+04
2.172391165336304311e+03
2.718023832817145831e+03
7.577321720014505445e+03
4.090227126258360386e+03
6.333737422248522307e+03
1.061852330632813573e+04
1.524513556595338378e+04
2.203618108754931018e+04
5.549515924111699132e+04
1.381276733235489519e+04
3.239122253440344139e+04
1.450988151581409693e+04
2.376363764228364744e+04
1.019808131255111766e+04
1.499186650130496673e+03
3.023168836610449944e+03
2.431357249733417848e+04
7.299256704166225973e+03
4.282314942038407935e+03
1.502004112471121698e+04
4.247476245659206143e+03
4.628404725869263530e+03
1.008633750484267694e+04
9.292875904057385924e+03
6.917886939304399675e+03
2.052694227867147492e+04
4.787037875298738982e+03
2.071914634786782699e+04
7.349099240021580954e+03
1.103840414644411794e+04
2.828831071513474672e+04
5.120206162390259124e+03
1.127705373245354349e+04
6.873290036705968305e+03
5.959003685685042001e+03
1.453036328888111348e+04
9.666160486915290676e+03
9.358520158652074315e+03
1.604016357033123313e+04
6.077007412487111651e+03
4.841833995661461813e+03
1.248934415149860070e+04
1.141367054099095185e+04
1.831370375003738445e+04
7.404070746783911090e+03
2.153867433123200499e+03
7.013392920946046615e+03
2.831933163034684549e+04
1.570275949199982279e+04
1.017327408389878656e+04
1.632228296202052661e+04
9.571235537184602435e+03
1.329764916982959767e+04
1.850990644892938872e+04
1.423050621946133288e+04
7.232108762321292943e+02
1.821193133019963716e+04
6.890899872098281776e+03
7.867560652310878140e+03
2.232816150958530488e+04
2.016994138668290543e+04
1.070704680889889460e+03
-1.978158004937654368e+02
1.910537072345551132e+04
9.570451677095512423e+03
1.803049986026494662e+04
8.617463907511159050e+03
2.176050672697644768e+04
3.575764282666363579e+04
8.406673426327211928e+03
3.814247171478754353e+03
3.407211506447338616e+04
7.567431485401393729e+03
2.925050663572577469e+04
1.506356491027127413e+04
1.384142987145602274e+04
1.043838522813585769e+04
2.795811836061913345e+04
3.390971228629743564e+04
-3.284623974821860202e+02
8.340152169074748599e+03
8.785334987780419397e+03
1.934576278878148150e+04
1.098790615340686418e+04
3.875103576738008269e+04
-2.768099782695083832e+03
2.246239253728170297e+04
1.192013176214811392e+04
1.262129169120902952e+04
1.803941417380276471e+04
6.390914760998017300e+03
1.140314103523864787e+03
2.216899002452568675e+04
1.010002774544177919e+04
1.138858598272844392e+04
2.991675476026640808e+03
6.436403236156495950e+03
2.576383783283165758e+04
1.810175294740693789e+04
-2.259011424052714574e+02
-1.876271339482132817e+03
1.292931328769479114e+04
8.728830862528724538e+03
5.027210930764578734e+03
1.286600390962107303e+04
6.162713166069608633e+03
2.653930668959507966e+04
1.280668568916121876e+04
1.339709722082490043e+04
9.677616993498406373e+03
1.638489478481189508e+04
1.565555603704763416e+04
2.194040080192688765e+04
2.116689130829804526e+03
1.079999969795391735e+04
5.799614940988591115e+03
2.389529868018360503e+04
1.131738239745586179e+04
1.032662463839419433e+04
5.025537533240294579e+03
8.068833231057507874e+03
5.014405004909006493e+03
1.239446999791302733e+04
2.012438923695418634e+04
2.974997648507165286e+04
3.606821725860716469e+03
3.649565211948174692e+04
3.955641239913860773e+03
1.341028621248663694e+04
1.899868622665163912e+03
9.960740222518776136e+03
7.359111936044598679e+02
2.711148650424522930e+04
1.631926738826725705e+04
1.628557376085426586e+04
1.335905610745993181e+04
1.314393528937311658e+03
2.437269424534050631e+04
3.423879710818952390e+03
5.592590889995796715e+03
-1.024084931967310695e+03
3.695531189366286526e+03
2.786044356218454050e+04
1.488328788613749384e+04
1.878742494016606088e+03
5.319317306317852854e+03
7.615124424556833219e+03
4.748348979634321950e+03
6.517428936707000503e+03
2.110413905560359126e+03
1.567373031523870486e+04
4.987856855764207467e+03
2.501262575652498708e+04
3.778438271897222148e+04
9.389033518156749778e+03
1.240070990188326141e+04
2.722689272200762207e+04
2.134208201000666577e+03
1.434619048937267144e+04
1.778365160337725683e+03
1.650186498655645664e+03
1.169639486830182068e+04
1.551674069726806556e+04
7.106941844312425019e+03
1.430566686234179724e+04
1.513763201039134583e+04
1.509220021854932747e+04
1.280672402472946123e+04
2.790876875113181814e+04
5.304614930888545132e+03
3.164156162892477005e+04
9.815806038766990241e+03
7.083112078014683902e+03
3.582991958562997024e+04
1.558072648327369279e+04
3.365924612535116466e+04
1.327531033303964796e+04
2.285247062020688827e+04
7.985230181515781624e+03
2.933590747073906641e+03
2.849043693945007817e+03
2.343905074111505382e+04
1.225866372040505303e+04
9.213822388798624161e+03
1.279373059183164332e+04
1.385586548927807416e+04
1.092428745040805006e+04
1.438174286922963620e+04
2.429976562536078927e+04
2.117864899218769278e+04
2.043846757512675322e+04
2.492688156192281531e+04
2.129335119103014677e+03
7.324140038658910271e+03
3.832796441095230875e+03
3.136205986725435650e+02
3.599076696147243183e+03
5.318349344349499734e+04
2.069279426262265770e+04
8.709602069177988596e+03
3.055650514691334138e+03
1.751334504220464441e+04
1.983577069344431720e+03
1.124259272960918133e+04
2.902429295376865048e+04
2.224040479634747317e+04
1.966754880588004016e+04
3.680310253725131133e+03
2.381876325471389282e+04
3.644240648736160892e+02
1.384094436575737927e+04
6.358063901786903443e+03
1.958535540666798988e+04
2.511906849227813836e+03
7.343037085539538566e+03
-3.101613854204714471e+02
2.287526370892089471e+04
2.618464437136834022e+04
2.812888315253348992e+04
1.054346827328447489e+03
3.069038664773102937e+04
2.085008586884174292e+04
2.032482964231348433e+03
8.256030114754632450e+03
1.819187851361798312e+04
6.446350683938921975e+03
1.268901792487465627e+02
3.676323718926209949e+03
5.768630783507285742e+03
3.963855019507266661e+03
1.361346709780326091e+04
4.717366250664861582e+03
3.717290589571716555e+04
2.449574683688788355e+02
1.745063964959880832e+04
1.939926831217583185e+03
-1.034245977183745708e+03
2.821686817211914604e+04
1.010825611598267642e+04
1.347360087302993816e+04
1.216907763217584215e+04
5.107545217916191177e+03
3.160978353602387870e+04
1.493778505869879518e+04
2.203606118348932796e+04
7.281483628961917020e+03
3.251074141383419374e+02
5.166543766650778707e+03
1.564512155334165800e+04
9.148105398828782199e+03
3.679877665827058536e+03
1.341857344931026091e+04
1.043038662761647720e+04
3.904590712591256306e+03
1.198080872199308760e+04
1.894730567612703089e+04
2.520690580748189313e+04
1.257035911994530761e+04
6.497275701540942464e+03
4.569180669928551652e+03
8.251094108258177585e+03
1.980007134344954829e+04
2.023300319509146357e+04
3.951882642116601346e+03
3.413801044680560153e+04
1.201697507378340015e+04
4.600927641047350335e+03
1.011796079468178505e+04
1.324072345077351565e+04
6.968376301706149206e+03
3.931572022381086572e+04
2.128961267576537648e+04
2.127309956505866649e+04
3.177775762574115652e+04
2.666276964206504636e+04
1.167225185780131869e+04
1.866690833973239205e+04
1.499048541581201971e+04
4.805319806809409783e+03
1.048827969190671138e+04
-4.517293246701658973e+03
3.332083784198129251e+03
8.329004946746539645e+03
2.722598382540069360e+04
1.217287795109758190e+04
-5.958538728761637913e+02
6.479571755561138161e+03
4.592772198733543519e+03
-2.089244007465006234e+03
3.490919042813924170e+04
2.313008187794706828e+04
2.208162659595630885e+03
1.813905798305459757e+04
6.652972351603841526e+04
1.171916156201998638e+04
3.135106348291303220e+03
1.476595177226090300e+03
6.351832865023076920e+03
1.819731387509587512e+04
9.479281428640426839e+02
1.148941464185159930e+04
3.099075727934745009e+04
6.002129993906690288e+03
5.144877118189902831e+03
3.451708690575399669e+04
2.184347860586398747e+04
1.337319297984348304e+04
2.585745591025949579e+03
1.621247463242154663e+04
8.204315428648556008e+02
1.409651421354353806e+04
1.964844934904072943e+04
1.302512240064604521e+04
6.464895257510821466e+03
-1.905336572370601971e+02
6.584529550136327089e+03
2.026020258538551207e+04
1.408605020016438357e+04
5.872936024405330500e+03
1.062988228797780175e+04
4.847058044033794431e+04
7.922431062082856442e+03
1.580292800071595047e+04
1.212694456585672924e+04
3.594173705311152844e+03
4.845773006853843071e+03
2.542098908175652105e+04
-1.678134100703478680e+03
1.399835780523065660e+04
8.676187165866534997e+03
5.506149341584113245e+03
7.522278986460800297e+03
2.065797712039928956e+04
1.059086173017624969e+04
1.082722531859972878e+04
4.452117900893042133e+03
2.742436337582570923e+04
4.820207301330341579e+03
2.772279666610989443e+04
3.701518204375627101e+04
4.409610234696408952e+03
5.419283164636597576e+03
2.552224452255750657e+04
-7.013578744131737039e+02
4.855391808625669910e+03
1.253244040774151472e+04
8.316410099290302242e+03
2.002789002872450510e+04
2.137026783367166354e+04
2.734259949720166333e+03
5.989285316204965056e+03
1.683464001367097080e+04
1.334547803115572606e+04
6.095341132374374865e+03
-1.404263794281926039e+02
1.939682671908232805e+04
1.710644929113645776e+04
1.081651303206868579e+04
5.712120027391958502e+03
8.021030185177846761e+02
2.097253900230654108e+04
1.426067268208563291e+04
1.737263984963026087e+04
1.269347587238738015e+04
2.452497210636639466e+03
9.312880341438201867e+03
2.577442721090324085e+02
7.942059127813558916e+03
1.095902443446757206e+04
1.462554698928095240e+04
2.093796773483942525e+04
2.359498311450262554e+04
7.253710244481580958e+03
1.804972918675225810e+04
2.195974785381324909e+04
2.609750677025866753e+04
8.595212496785869007e+03
1.047475767666327556e+04
1.185624160204819782e+04
1.482426860972761642e+04
5.357576718288182747e+03
1.350501469722069669e+04
-2.343474849992839154e+03
1.873706824915642574e+04
3.294330731254985039e+03
-9.226097321492046603e+02
5.367186622077626453e+03
8.774663416052590037e+03
1.767584386822174565e+04
5.144084318797337801e+03
1.603100336944012452e+04
4.933253881274784362e+03
1.515284077634695132e+04
1.099369189293428281e+04
1.386986878208634880e+04
8.395489734736140690e+02
2.509577113711838319e+04
1.153762331433524741e+04
9.327354599439378944e+03
7.977901481884983696e+03
1.032064065973978541e+04
1.933093680205256533e+04
4.933801813380812746e+03
1.215685931009329943e+04
8.025356429763356573e+03
2.642449268198707068e+04
4.318782613718908397e+04
1.633136880758714869e+04
2.832787209398103187e+03
9.160171313463100887e+03
2.571782839939694895e+03
7.036943498298783197e+03
1.488011827527316564e+04
7.719051338309580387e+03
1.204928117620684861e+04
2.583754273986375483e+04
1.429638924766457421e+04
2.464693882826113986e+04
-2.779826235259469740e+03
-6.565582209656424766e+02
3.027620622687400555e+03
9.590775900302096488e+03
9.402385508188272070e+03
8.611260047973801193e+02
2.069426353591073712e+04
-1.756675336537644853e+03
8.161489730753795811e+03
1.803661683810122850e+04
3.157980447361075494e+04
1.227434110288878765e+04
5.977852063175987496e+03
5.070957934714086150e+03
1.110128283148783339e+04
6.156072693180054557e+03
3.491020607076797751e+04
8.939019061475137278e+03
1.990184946029288403e+04
1.117743352299483377e+04
9.766821243098525883e+03
2.445443859593821253e+04
1.973885945641594662e+04
3.990383808187519026e+04
3.241919168974362947e+03
8.429865345194037218e+03
1.870426269586213675e+04
1.933333540758705567e+04
1.637302469562192073e+03
4.596590061094849261e+03
8.325918484607914252e+02
7.803842656004761011e+03
7.600040107300247655e+03
9.019893126566374121e+03
6.183801013997235714e+03
3.768886306587467698e+04
4.468776417311824844e+03
6.800336620725423927e+03
1.132024730363206982e+04
1.347384643178936130e+04
1.564246521013967504e+04
2.011987901617269017e+04
7.858563454739808549e+03
1.263602723782701469e+04
1.794147687807330840e+02
-3.150928911398774744e+03
1.612710171911138241e+04
2.327395276821347579e+04
1.278773815418758932e+04
1.809118919437692966e+04
1.491121289528757188e+04
5.896736909046561777e+03
1.000588781265048056e+04
2.791705230493411818e+03
1.701116989863092749e+04
2.450159692218212513e+03
1.871081215064527714e+04
4.816583522943345088e+03
1.278426102714136505e+03
1.159621154016117907e+04
2.161896804394585706e+04
7.719069103840225580e+03
1.686404876598361443e+04
6.360938871008612296e+03
2.172044956804750836e+04
5.593186179842302408e+03
7.795257048361714624e+03
5.819642579013427167e+03
3.259806781080335895e+03
6.973488316797489460e+03
1.295639340302754499e+04
7.162518295851174116e+03
3.231695281924696610e+04
1.400956772090278173e+04
3.959407375306362519e+04
2.670937555175345551e+04
-1.518627747151626636e+03
7.323892104377294345e+03
-1.542526613901427481e+02
1.008840128275060306e+04
6.064464284947996930e+03
2.804020789322609198e+04
9.622896692375503335e+03
3.436990996190233273e+04
2.402409602043939685e+03
1.578698111998813329e+04
1.098418916722252106e+04
1.062171669814905181e+04
1.094347652317605935e+01
8.884105417611182929e+03
1.298245861825215798e+03
7.863956265199905829e+03
6.164904129159517652e+03
5.705153019556355503e+02
2.292987219057503899e+04
2.607121133960806219e+03
2.105068391796040669e+04
3.017456680182182390e+04
7.300264521183681609e+03
5.726206406478348072e+03
1.731697774375396693e+04
2.176123482127316674e+04
2.113185917376426005e+03
3.251969137648569813e+03
1.164373145771499730e+04
9.387530638229109172e+03
1.758620808951334766e+04
3.952474655129342864e+04
9.471857978240997909e+03
2.464956190184222214e+04
1.158764821583923367e+04
1.875079160982247413e+04
1.120599624078499619e+04
1.909565168179079774e+04
1.118885888056740441e+04
1.599145134604331906e+04
3.462244616886148287e+04
1.155383093715891300e+04
3.132708081094508088e+04
2.194437115248411283e+04
1.906001258266888908e+04
-1.382837324915211639e+03
1.013525503346249934e+02
6.826055412671421436e+03
1.248607568474679965e+03
4.589030336767989866e+03
-5.465463872937550605e+02
1.735850789002902093e+04
2.873664867749626865e+04
-1.509837685397999394e+03
2.052339660192880547e+04
3.378656006249116035e+04
4.972142139341896836e+03
2.749405288327003291e+04
1.318204966829506338e+04
1.459653338280411845e+04
9.465027002730124877e+03
-1.640055978978445182e+03
2.666988582047326781e+04
1.283037885548297345e+04
1.877897167760791945e+03
1.489523114421072933e+04
2.351198982020260155e+04
8.127928705591432845e+03
1.181766325523594787e+04
8.205878283073951025e+03
7.989793826404540596e+03
1.038922767989647946e+04
1.281954246013458760e+04
6.489576667189574437e+03
8.205439803750959982e+03
5.059757378902071650e+03
8.766324624635890359e+03
9.371015462730796571e+03
1.239246973196352701e+04
3.774603801337369077e+03
1.718794365646547158e+04
3.323613447632730822e+04
1.532448805880519649e+04
2.010345039835228090e+04
1.202438441264866196e+04
3.655700679791173025e+04
4.073311874604179138e+03
2.293392140017697602e+04
1.001234680272050355e+04
5.289801049269310170e+03
1.389924695817447900e+04
3.066407872722053980e+03
3.590719203311556612e+03
9.116718333959615848e+03
1.115021381787485188e+04
1.310485265522573172e+04
3.547589646652170813e+03
8.938022729276479367e+03
6.872931483797785404e+03
3.124913224261377763e+03
4.320500130329984677e+04
3.109820347429966569e+04
2.281238935056995979e+04
8.251076600770345976e+03
3.467691441944896360e+04
4.388553333103688601e+03
1.309904278717113357e+03
4.143034276823799701e+03
5.748590426482158364e+03
6.722956225944760263e+03
1.372657780993089546e+04
2.846134523109001384e+04
5.505926138336712029e+03
9.792225177616102883e+03
6.575694888224046736e+03
1.818698791254773460e+04
2.171283808332557965e+04
2.328607976654603408e+04
1.834144588053778716e+04
2.196807204448804987e+04
7.808466262031450242e+03
3.402996167296452313e+03
1.209460210593273951e+04
2.301848395832007009e+04
1.150756782166206904e+04
1.492908290627939823e+04
3.995442918604765873e+04
2.535589858038449165e+04
1.207198014764802065e+04
1.168661074575597922e+04
2.118045935580521837e+04
6.681625616595549673e+02
2.972457751233829185e+03
1.270037606934514406e+04
2.265250411053144853e+04
6.525703687193961741e+03
2.330211941529990145e+04
1.690573752108451299e+04
7.842112405253507859e+03
1.116932568188057485e+04
8.362486872389210475e+03
-3.005746441177820998e+02
1.393813126743107750e+04
5.639361640066861582e+03
4.914538624393979262e+03
2.088118766361436428e+04
3.066581471737398897e+04
2.301090290374902906e+04
1.454534643981372392e+04
2.477178558217670070e+04
1.780690236826063847e+04
3.840265770878375406e+03
5.017143803267932526e+03
1.047961028412104861e+04
1.297039171529651139e+04
1.556017859837069864e+03
9.203912846589077162e+03
3.320215016240797922e+03
3.409283090927429294e+04
7.048244014071293577e+02
3.818271383187789979e+03
1.122082764412588767e+04
9.474766649125034746e+03
6.656039607690129742e+03
7.710179546858418689e+03
3.416019257182602814e+03
2.075171490516423000e+04
2.702826017329486058e+04
1.022944324755955677e+04
6.401247689472679667e+03
4.731642640435695284e+03
9.777437375417895964e+03
1.466240290112304501e+04
1.981650332655892271e+04
2.852607780830688353e+04
2.598278597419329344e+03
5.969604433101494578e+03
4.234680369137846719e+04
2.378126432256637781e+04
9.612672802084511204e+03
1.111382596849185938e+04
4.209207049735358851e+03
8.259270047886844623e+03
1.989911925168836024e+04
1.138313418914996419e+03
-4.847357511592306309e+02
2.769950216435232505e+03
4.889013736967256591e+03
1.084758805431533983e+04
9.867633213315562898e+03
2.800356262185261585e+04
5.135190488409598402e+03
2.430335438261915988e+04
4.781885493201480131e+03
2.118006664272570197e+04
1.684888462363361759e+04
6.522493619339162251e+03
1.348455742786123483e+04
1.902056980607865262e+04
1.403018517510495440e+04
3.031913958606842789e+04
1.187497121438457725e+03
1.137272277571388258e+04
2.476356415419437326e+04
1.546323938011317659e+04
6.928896165176918657e+03
4.529606593032112869e+03
6.842784517186788662e+01
1.728667551203729090e+04
1.051115970761728749e+04
8.208869429566299004e+03
1.960533799177070250e+04
1.379706652327117263e+04
1.147614404041418857e+04
2.205241236955435306e+04
1.069410171198357784e+04
9.197294516909820231e+03
1.403133377714799735e+03
1.496396951584474482e+04
8.325764609601017582e+03
1.963776124444774496e+03
3.033468789035008740e+04
-1.610125332427630383e+03
4.147160417261691327e+04
3.551925851391672040e+04
5.972764909692362380e+03
3.919773721342549106e+04
2.071215644713478832e+04
1.837938501020841068e+04
8.316816412353105989e+03
-2.048894137842808050e+01
2.808429650304392453e+03
2.116327935379499104e+04
9.474732037741383465e+03
8.152398768763107910e+03
9.860139340355604872e+03
5.126728659937516568e+03
1.872391240437918896e+04
4.055080057534065418e+03
2.350117225165297350e+04
1.261201723354384740e+03
1.251491736031914479e+04
1.893501968703837701e+04
1.724496593374678923e+04
6.678217595593683654e+03
3.134653125745375655e+04
1.871128085039106372e+04
7.826354006250736347e+03
2.706541649693677027e+04
1.508158692643983159e+04
1.933818955575452492e+01
1.493295905032922201e+04
1.169390315076832667e+04
4.289659410017568734e+04
2.963390078756475850e+04
7.614552850272866635e+03
4.500594913162229204e+03
-3.032519068239369517e+03
5.114297289853818256e+03
5.228045703355280239e+03
7.968662827739353816e+03
1.976416428774793167e+04
6.235397042487658837e+03
7.960996694386962190e+03
2.079825332220131259e+03
3.129703494074764421e+03
-2.674043784191078430e+02
1.652360075862688245e+04
1.962658418242534026e+04
2.254711046190896013e+04
2.950758899240256142e+03
1.289029839310780881e+04
2.307821623016167359e+04
3.139206786967440621e+03
1.747474157216398453e+04
1.729259702817844664e+04
2.289729373432609282e+04
1.282854728908467769e+04
3.608062032384069607e+04
2.179974916756012681e+04
6.769019362552056919e+03
6.721617278620053185e+03
1.667532942435102541e+03
1.220234200484222674e+04
1.273528268480072074e+04
1.468394465924630640e+04
8.544334173647119314e+03
5.048561987285457872e+04
-2.466062690309143363e+03
4.644851055346000794e+04
9.196302153740954964e+03
2.152381212519642577e+04
8.266032297176430802e+03
1.044701831663277517e+03
3.274255186921022869e+03
2.853193783468479978e+03
8.339774663359550686e+03
-1.547468216978915734e+03
2.838178742986531142e+04
2.609165038432720030e+04
3.511137119093436195e+04
1.436403003778077618e+04
1.146891911059267477e+04
1.478468170878914862e+04
1.786142050741386265e+04
9.023653680707768217e+03
1.512082657896999626e+04
1.844776138099234959e+04
