4.792292738159651635e+05
6.437844608097017044e+05
6.469784326215130277e+05
6.202700089176142355e+05
5.843508604887237307e+05
6.884467428805697709e+05
5.840890736091659637e+05
5.163042608703715377e+05
6.209545289372948464e+05
6.090511957232928835e+05
6.580199565113793360e+05
6.167495179112980841e+05
6.678386496269818163e+05
6.480817755481342319e+05
6.280118742640324635e+05
6.837332792740138248e+05
5.659295424567691516e+05
7.481690779221013654e+05
6.060259205889592413e+05
7.125222725706299534e+05
6.340072216050151037e+05
5.676277296533815097e+05
6.188243494731807150e+05
6.232808078330769204e+05
6.596089586007102625e+05
6.318376404533993918e+05
6.784012567570985993e+05
6.237801424210623372e+05
7.155501900621990208e+05
6.877418597981089260e+05
