2.783662841796875000e+03
4.787624023437500000e+03
1.117722753906250000e+04
1.118246972656250000e+04
1.341746875000000000e+04
1.384288476562500000e+04
1.301541894531250000e+04
1.227631640625000000e+04
1.348151953125000000e+04
1.604426367187500000e+04
1.537731250000000000e+04
1.623502929687500000e+04
1.827226367187500000e+04
2.076186914062500000e+04
1.675592578125000000e+04
1.946248437500000000e+04
1.854368554687500000e+04
2.034102539062500000e+04
1.957505273437500000e+04
2.473412500000000000e+04
2.520630078125000000e+04
1.794726171875000000e+04
1.898600585937500000e+04
2.029055078125000000e+04
1.971389843750000000e+04
2.305282617187500000e+04
1.879177929687500000e+04
1.915387304687500000e+04
2.149989843750000000e+04
2.437121875000000000e+04
2.138874609375000000e+04
2.217889843750000000e+04
2.038755468750000000e+04
2.000266992187500000e+04
2.000800390625000000e+04
2.249483203125000000e+04
1.927800390625000000e+04
2.166853710937500000e+04
2.207831445312500000e+04
1.579425488281250000e+04
2.100451171875000000e+04
1.967621093750000000e+04
2.225195312500000000e+04
2.144233398437500000e+04
2.047909375000000000e+04
2.159645507812500000e+04
2.100459179687500000e+04
2.047087890625000000e+04
2.000530664062500000e+04
1.718975195312500000e+04
1.907003906250000000e+04
1.926314453125000000e+04
2.193851953125000000e+04
1.865129687500000000e+04
2.059188867187500000e+04
1.942421875000000000e+04
1.758928125000000000e+04
1.913471875000000000e+04
1.750764062500000000e+04
1.669046679687500000e+04
1.928047656250000000e+04
1.867314062500000000e+04
2.008853320312500000e+04
2.005982617187500000e+04
2.145495312500000000e+04
1.826057226562500000e+04
2.115963085937500000e+04
2.010801953125000000e+04
2.522134960937500000e+04
2.198900000000000000e+04
1.753600585937500000e+04
1.996859765625000000e+04
1.746177734375000000e+04
1.840389062500000000e+04
2.441567187500000000e+04
2.143888281250000000e+04
2.286152929687500000e+04
2.401377734375000000e+04
1.803345507812500000e+04
2.034091015625000000e+04
1.877763671875000000e+04
2.024338085937500000e+04
1.987127929687500000e+04
2.303498437500000000e+04
1.941686328125000000e+04
1.842692968750000000e+04
2.722514062500000000e+04
2.132488281250000000e+04
2.060696679687500000e+04
2.127513867187500000e+04
2.123103710937500000e+04
2.238467773437500000e+04
2.455062109375000000e+04
2.018283007812500000e+04
1.978430664062500000e+04
1.947102343750000000e+04
2.190513867187500000e+04
2.102650976562500000e+04
2.155744140625000000e+04
1.899093359375000000e+04
2.165929492187500000e+04
2.142410742187500000e+04
2.140098632812500000e+04
2.236530468750000000e+04
2.450397265625000000e+04
2.347196484375000000e+04
2.261451367187500000e+04
2.202959960937500000e+04
2.218117187500000000e+04
2.323429492187500000e+04
1.966394531250000000e+04
1.902374023437500000e+04
2.114808593750000000e+04
1.978666210937500000e+04
2.005922656250000000e+04
2.220597070312500000e+04
2.337834570312500000e+04
1.964260546875000000e+04
2.103238671875000000e+04
2.221907031250000000e+04
2.417628906250000000e+04
2.190328515625000000e+04
2.385715625000000000e+04
2.305253906250000000e+04
2.101787500000000000e+04
2.173152539062500000e+04
1.873919921875000000e+04
1.725028515625000000e+04
2.080718164062500000e+04
2.274103906250000000e+04
2.179548242187500000e+04
1.982098632812500000e+04
2.217602929687500000e+04
2.307876953125000000e+04
1.928459765625000000e+04
2.158136328125000000e+04
2.057379492187500000e+04
2.378542968750000000e+04
1.930895507812500000e+04
2.382972656250000000e+04
2.253455078125000000e+04
2.326104882812500000e+04
2.103110351562500000e+04
2.476626562500000000e+04
1.967175390625000000e+04
2.412418359375000000e+04
2.505305078125000000e+04
1.976365234375000000e+04
2.122977343750000000e+04
2.064287890625000000e+04
2.415469531250000000e+04
2.079440039062500000e+04
2.071992187500000000e+04
2.078102539062500000e+04
2.383029882812500000e+04
2.152233203125000000e+04
2.122569140625000000e+04
1.984426171875000000e+04
2.028873242187500000e+04
2.149876171875000000e+04
2.317656250000000000e+04
2.568219140625000000e+04
2.325102539062500000e+04
2.273003320312500000e+04
2.051211328125000000e+04
2.212106250000000000e+04
2.170641015625000000e+04
2.095899804687500000e+04
2.184637304687500000e+04
1.991535156250000000e+04
2.072630078125000000e+04
2.399388281250000000e+04
2.365021093750000000e+04
2.050773242187500000e+04
2.547969726562500000e+04
2.276047460937500000e+04
2.358931640625000000e+04
2.132666796875000000e+04
2.206135937500000000e+04
2.081365625000000000e+04
2.264170312500000000e+04
2.795544531250000000e+04
2.603426171875000000e+04
2.382202343750000000e+04
2.257944335937500000e+04
2.034577734375000000e+04
2.344907617187500000e+04
2.382059375000000000e+04
2.003762500000000000e+04
2.291711718750000000e+04
2.439509960937500000e+04
2.276710546875000000e+04
2.194650781250000000e+04
2.378778710937500000e+04
2.063865625000000000e+04
2.391980859375000000e+04
2.378727734375000000e+04
2.079033203125000000e+04
1.905711718750000000e+04
1.960594531250000000e+04
2.361175781250000000e+04
2.467512109375000000e+04
2.121922070312500000e+04
2.180180468750000000e+04
2.349282421875000000e+04
2.149540625000000000e+04
2.169406250000000000e+04
1.937559179687500000e+04
2.402387109375000000e+04
2.186283203125000000e+04
2.645611718750000000e+04
2.300859960937500000e+04
2.018372265625000000e+04
1.975412890625000000e+04
2.152462890625000000e+04
2.321299414062500000e+04
2.478549414062500000e+04
2.340922656250000000e+04
2.551026171875000000e+04
2.113765234375000000e+04
1.946967578125000000e+04
2.183275781250000000e+04
2.432054492187500000e+04
2.432268750000000000e+04
2.164081640625000000e+04
2.374076171875000000e+04
2.169697070312500000e+04
2.197286718750000000e+04
2.407486523437500000e+04
1.977444726562500000e+04
1.982124609375000000e+04
2.595682226562500000e+04
2.143736914062500000e+04
1.839314257812500000e+04
1.974668554687500000e+04
2.363445312500000000e+04
2.171522656250000000e+04
2.258728906250000000e+04
2.619379687500000000e+04
2.209304296875000000e+04
2.102448046875000000e+04
2.444829492187500000e+04
2.408135937500000000e+04
2.380072656250000000e+04
2.076346484375000000e+04
2.591751757812500000e+04
2.151544921875000000e+04
1.952451953125000000e+04
2.262057812500000000e+04
2.490353710937500000e+04
1.909240234375000000e+04
2.025121289062500000e+04
2.055319335937500000e+04
2.075712500000000000e+04
2.421409375000000000e+04
1.959028515625000000e+04
2.627242578125000000e+04
2.370861328125000000e+04
2.196928125000000000e+04
2.040974609375000000e+04
2.088797656250000000e+04
2.368838476562500000e+04
2.138187500000000000e+04
2.222138867187500000e+04
2.208576562500000000e+04
2.256238671875000000e+04
2.359787109375000000e+04
2.147803125000000000e+04
2.154202734375000000e+04
2.153766406250000000e+04
2.175926757812500000e+04
1.828372460937500000e+04
2.154978320312500000e+04
1.868971875000000000e+04
2.083017187500000000e+04
2.150809375000000000e+04
1.790798437500000000e+04
2.285773046875000000e+04
2.527543164062500000e+04
2.090776953125000000e+04
2.137467578125000000e+04
2.326681250000000000e+04
2.343617773437500000e+04
2.178733789062500000e+04
2.035724609375000000e+04
1.810985937500000000e+04
2.158696289062500000e+04
2.243187890625000000e+04
2.267620898437500000e+04
2.335319140625000000e+04
2.294799414062500000e+04
2.300681640625000000e+04
2.122299218750000000e+04
2.157688671875000000e+04
2.475398828125000000e+04
2.748382617187500000e+04
2.117879687500000000e+04
2.062946484375000000e+04
2.274652148437500000e+04
2.137259375000000000e+04
2.006229296875000000e+04
2.150507421875000000e+04
2.253827734375000000e+04
2.316332617187500000e+04
2.485134765625000000e+04
2.133769531250000000e+04
1.874285546875000000e+04
2.405259179687500000e+04
2.555166406250000000e+04
1.983144531250000000e+04
2.115712109375000000e+04
2.304074023437500000e+04
2.278740039062500000e+04
2.215690039062500000e+04
1.933074218750000000e+04
2.455260742187500000e+04
2.428062500000000000e+04
2.258854101562500000e+04
2.045538281250000000e+04
2.187864453125000000e+04
2.396322460937500000e+04
1.905529687500000000e+04
2.342149804687500000e+04
2.465511718750000000e+04
2.241039648437500000e+04
2.158931835937500000e+04
2.094649414062500000e+04
2.158106054687500000e+04
2.163764062500000000e+04
2.786750976562500000e+04
2.227896093750000000e+04
2.278186328125000000e+04
2.246342578125000000e+04
2.313948046875000000e+04
2.492491015625000000e+04
2.217266601562500000e+04
2.287156054687500000e+04
2.083272265625000000e+04
2.075361718750000000e+04
2.238510156250000000e+04
2.275168164062500000e+04
2.200366796875000000e+04
2.060155468750000000e+04
2.178479296875000000e+04
2.105458398437500000e+04
2.156894726562500000e+04
2.078640625000000000e+04
2.127523046875000000e+04
2.639953906250000000e+04
2.253988671875000000e+04
2.403258203125000000e+04
2.444349804687500000e+04
2.577857031250000000e+04
2.041390820312500000e+04
2.145372265625000000e+04
1.935499023437500000e+04
2.221670117187500000e+04
2.263484960937500000e+04
2.271792382812500000e+04
2.101282812500000000e+04
1.967892382812500000e+04
2.198373046875000000e+04
2.199578125000000000e+04
2.492381250000000000e+04
2.044787890625000000e+04
2.483562890625000000e+04
2.199761328125000000e+04
1.911335742187500000e+04
1.961616406250000000e+04
2.026748828125000000e+04
2.240654492187500000e+04
1.950225976562500000e+04
2.337874218750000000e+04
2.141814257812500000e+04
2.335970703125000000e+04
2.234092968750000000e+04
2.339672265625000000e+04
2.410866796875000000e+04
2.475006445312500000e+04
2.159951562500000000e+04
2.276044335937500000e+04
2.207416796875000000e+04
2.168492773437500000e+04
2.456149023437500000e+04
2.271805859375000000e+04
2.315396875000000000e+04
2.044962109375000000e+04
2.274160546875000000e+04
2.320779687500000000e+04
2.282003515625000000e+04
2.485792187500000000e+04
2.111728125000000000e+04
2.561011523437500000e+04
2.107096484375000000e+04
2.127917382812500000e+04
2.022853906250000000e+04
2.141409375000000000e+04
2.376457812500000000e+04
2.234868945312500000e+04
2.287494335937500000e+04
2.285248437500000000e+04
2.102466601562500000e+04
2.212329101562500000e+04
2.100711132812500000e+04
2.002813671875000000e+04
1.940609570312500000e+04
2.250911328125000000e+04
1.961853710937500000e+04
2.229211523437500000e+04
2.339021679687500000e+04
2.122241015625000000e+04
2.060900390625000000e+04
2.348650000000000000e+04
2.355715234375000000e+04
2.375052929687500000e+04
2.312152343750000000e+04
2.350977734375000000e+04
2.178874218750000000e+04
2.287816601562500000e+04
2.175396289062500000e+04
2.034215625000000000e+04
2.103447070312500000e+04
2.226394726562500000e+04
2.102010351562500000e+04
2.249842773437500000e+04
2.309513867187500000e+04
2.017442578125000000e+04
2.255124804687500000e+04
1.941828906250000000e+04
1.752748437500000000e+04
2.012729492187500000e+04
2.198294335937500000e+04
2.142234960937500000e+04
1.837544140625000000e+04
2.167997460937500000e+04
2.272494921875000000e+04
1.932951171875000000e+04
2.004573828125000000e+04
2.148511328125000000e+04
2.103628125000000000e+04
2.010516015625000000e+04
1.829545703125000000e+04
2.211362500000000000e+04
2.131877734375000000e+04
2.282492187500000000e+04
2.141748242187500000e+04
2.069744531250000000e+04
2.165483984375000000e+04
2.364664062500000000e+04
2.001311718750000000e+04
2.382353515625000000e+04
1.830406250000000000e+04
2.032295898437500000e+04
1.898089843750000000e+04
2.140486914062500000e+04
2.236566796875000000e+04
1.976906250000000000e+04
2.076357812500000000e+04
2.134848046875000000e+04
2.321790625000000000e+04
1.737444140625000000e+04
2.341771484375000000e+04
2.014818750000000000e+04
2.144114257812500000e+04
2.361876171875000000e+04
2.434529687500000000e+04
2.162075390625000000e+04
2.411516601562500000e+04
2.068386718750000000e+04
2.460889062500000000e+04
2.210259765625000000e+04
2.362091015625000000e+04
2.215687500000000000e+04
2.034646093750000000e+04
2.125516015625000000e+04
1.976346875000000000e+04
2.163432421875000000e+04
2.118223828125000000e+04
2.186152734375000000e+04
2.032982812500000000e+04
1.881948828125000000e+04
1.885749218750000000e+04
2.140711523437500000e+04
2.268932031250000000e+04
2.324772851562500000e+04
2.251753320312500000e+04
2.248802929687500000e+04
2.269396289062500000e+04
2.364604101562500000e+04
2.492671679687500000e+04
2.233050390625000000e+04
1.886922656250000000e+04
2.153559375000000000e+04
2.490464648437500000e+04
2.096939453125000000e+04
1.990924804687500000e+04
2.072400195312500000e+04
1.972595703125000000e+04
2.169669335937500000e+04
2.324498828125000000e+04
2.113797070312500000e+04
2.235812109375000000e+04
2.252472070312500000e+04
2.293737890625000000e+04
2.178225390625000000e+04
2.201332617187500000e+04
2.150918750000000000e+04
2.142661718750000000e+04
2.169329296875000000e+04
2.138953320312500000e+04
2.111314453125000000e+04
2.429494531250000000e+04
2.287684570312500000e+04
2.405825390625000000e+04
2.040359179687500000e+04
2.246132812500000000e+04
2.215436914062500000e+04
2.396083398437500000e+04
2.136097851562500000e+04
2.074599609375000000e+04
2.330925195312500000e+04
2.093526171875000000e+04
2.159381250000000000e+04
2.263402343750000000e+04
2.705699023437500000e+04
2.119412500000000000e+04
2.168585156250000000e+04
2.257683007812500000e+04
2.497498437500000000e+04
2.364112890625000000e+04
2.274576562500000000e+04
2.086056835937500000e+04
1.983506835937500000e+04
2.036863671875000000e+04
2.046630468750000000e+04
2.011587304687500000e+04
2.391573828125000000e+04
1.985426953125000000e+04
2.224447070312500000e+04
2.037398046875000000e+04
2.237584375000000000e+04
2.098726953125000000e+04
1.937178320312500000e+04
2.525966406250000000e+04
2.202399414062500000e+04
2.068387890625000000e+04
2.377038281250000000e+04
2.234578710937500000e+04
2.305620507812500000e+04
2.052766015625000000e+04
2.362248437500000000e+04
2.152476171875000000e+04
2.257488085937500000e+04
2.203546679687500000e+04
2.231525000000000000e+04
2.071428125000000000e+04
2.050183203125000000e+04
2.124150195312500000e+04
1.893098437500000000e+04
2.003335351562500000e+04
2.154929687500000000e+04
2.247688085937500000e+04
1.930124414062500000e+04
2.141678125000000000e+04
2.074932226562500000e+04
2.138775390625000000e+04
2.090951562500000000e+04
2.038669921875000000e+04
2.173610351562500000e+04
2.234458203125000000e+04
2.098165625000000000e+04
2.341701562500000000e+04
2.152809765625000000e+04
2.513361914062500000e+04
2.205695312500000000e+04
2.065898046875000000e+04
1.996636328125000000e+04
2.323279687500000000e+04
2.042064062500000000e+04
2.162838085937500000e+04
2.036593750000000000e+04
2.210967187500000000e+04
2.462957812500000000e+04
2.535973828125000000e+04
1.991570703125000000e+04
1.978096679687500000e+04
2.482103515625000000e+04
2.177474609375000000e+04
2.059401171875000000e+04
2.046617968750000000e+04
1.732059960937500000e+04
1.948348828125000000e+04
2.137662109375000000e+04
2.340213867187500000e+04
2.275401953125000000e+04
2.098682812500000000e+04
2.359672656250000000e+04
2.106988476562500000e+04
2.126742187500000000e+04
2.316700585937500000e+04
2.067289257812500000e+04
2.204568750000000000e+04
1.930020312500000000e+04
2.184733789062500000e+04
2.076064062500000000e+04
1.989250000000000000e+04
2.420597851562500000e+04
2.117714062500000000e+04
2.272513671875000000e+04
2.298382812500000000e+04
2.112302734375000000e+04
2.087100390625000000e+04
2.148223046875000000e+04
2.022635156250000000e+04
1.973499218750000000e+04
2.139677539062500000e+04
2.247428125000000000e+04
2.066196875000000000e+04
1.906232226562500000e+04
2.170083007812500000e+04
2.030742968750000000e+04
2.282464453125000000e+04
2.102689062500000000e+04
2.114169140625000000e+04
2.198661328125000000e+04
2.005986718750000000e+04
2.255756250000000000e+04
2.513693945312500000e+04
2.273114453125000000e+04
2.450501757812500000e+04
2.249638085937500000e+04
2.368144921875000000e+04
2.328677343750000000e+04
2.215304687500000000e+04
2.216785937500000000e+04
2.355672460937500000e+04
2.156933007812500000e+04
1.900563671875000000e+04
2.177980273437500000e+04
2.154215625000000000e+04
2.276369726562500000e+04
2.537920312500000000e+04
1.980741210937500000e+04
1.970596093750000000e+04
2.024772656250000000e+04
1.980946484375000000e+04
1.942460742187500000e+04
2.482017187500000000e+04
1.950354687500000000e+04
2.130890625000000000e+04
2.394359765625000000e+04
2.096196875000000000e+04
2.362320312500000000e+04
2.383791796875000000e+04
2.344668554687500000e+04
2.492516796875000000e+04
1.918639843750000000e+04
2.507791406250000000e+04
2.002007031250000000e+04
2.431548242187500000e+04
2.038414843750000000e+04
2.155696679687500000e+04
2.729319140625000000e+04
2.171775781250000000e+04
2.310743750000000000e+04
2.042495703125000000e+04
1.821190625000000000e+04
2.122910546875000000e+04
2.016598046875000000e+04
2.298014843750000000e+04
2.132432226562500000e+04
2.187208789062500000e+04
2.540743359375000000e+04
2.187968164062500000e+04
2.827885937500000000e+04
2.370459570312500000e+04
2.439148242187500000e+04
2.066617187500000000e+04
2.149873046875000000e+04
2.525438476562500000e+04
2.307622656250000000e+04
2.004025195312500000e+04
1.988566015625000000e+04
2.113484960937500000e+04
2.023493945312500000e+04
2.217082812500000000e+04
2.016783984375000000e+04
2.078361718750000000e+04
2.121354882812500000e+04
2.281392968750000000e+04
2.152705664062500000e+04
2.331090625000000000e+04
2.327177148437500000e+04
1.952403906250000000e+04
2.281298632812500000e+04
2.128222656250000000e+04
2.586691796875000000e+04
2.348122656250000000e+04
1.871601171875000000e+04
1.872266015625000000e+04
2.125544531250000000e+04
2.235160937500000000e+04
1.987521289062500000e+04
2.210173242187500000e+04
2.383029296875000000e+04
2.405178906250000000e+04
2.347166601562500000e+04
2.340565429687500000e+04
2.096969531250000000e+04
2.276765234375000000e+04
2.081750390625000000e+04
2.482991406250000000e+04
2.386371484375000000e+04
2.043882421875000000e+04
2.152816015625000000e+04
2.045998046875000000e+04
2.025097656250000000e+04
2.243519921875000000e+04
2.400825390625000000e+04
2.054104492187500000e+04
1.957651171875000000e+04
2.310628710937500000e+04
2.565665820312500000e+04
2.260961914062500000e+04
2.080532421875000000e+04
2.153533007812500000e+04
2.517112109375000000e+04
2.286497265625000000e+04
2.311202343750000000e+04
2.258956640625000000e+04
2.596169921875000000e+04
2.276671875000000000e+04
2.305719140625000000e+04
2.280963281250000000e+04
2.091426953125000000e+04
2.095827539062500000e+04
2.424752734375000000e+04
2.214329882812500000e+04
2.230241015625000000e+04
2.272878515625000000e+04
2.357593554687500000e+04
2.226441210937500000e+04
2.047356640625000000e+04
2.352658203125000000e+04
2.034778710937500000e+04
1.987777734375000000e+04
2.245417578125000000e+04
2.129049218750000000e+04
2.277043359375000000e+04
1.980318750000000000e+04
2.086313476562500000e+04
2.165438281250000000e+04
2.011869921875000000e+04
2.353168554687500000e+04
2.227820312500000000e+04
2.329942968750000000e+04
2.151458593750000000e+04
2.346110546875000000e+04
2.479894335937500000e+04
2.021682421875000000e+04
2.300941210937500000e+04
1.995993750000000000e+04
2.356414453125000000e+04
2.257765429687500000e+04
2.519351367187500000e+04
1.992441601562500000e+04
2.342120703125000000e+04
2.316225976562500000e+04
2.156860351562500000e+04
2.212479687500000000e+04
2.150649218750000000e+04
2.082022265625000000e+04
2.212332812500000000e+04
2.315877539062500000e+04
2.035144921875000000e+04
2.372212500000000000e+04
2.183476757812500000e+04
2.234627734375000000e+04
2.277124218750000000e+04
2.176841015625000000e+04
2.332461132812500000e+04
2.245432031250000000e+04
2.359144335937500000e+04
2.684238476562500000e+04
2.210350781250000000e+04
2.340998437500000000e+04
2.036732031250000000e+04
2.372611914062500000e+04
2.058266601562500000e+04
2.207951562500000000e+04
2.148297656250000000e+04
2.056431640625000000e+04
1.952668750000000000e+04
2.268568554687500000e+04
1.963664257812500000e+04
2.458080273437500000e+04
2.325553125000000000e+04
2.164175390625000000e+04
1.794127734375000000e+04
2.085575976562500000e+04
2.054111718750000000e+04
2.377969335937500000e+04
2.377965234375000000e+04
2.417562109375000000e+04
2.075050781250000000e+04
2.473001171875000000e+04
2.223451171875000000e+04
2.090415625000000000e+04
1.927622460937500000e+04
2.240364257812500000e+04
2.258255078125000000e+04
1.571569921875000000e+04
2.325977343750000000e+04
2.318626757812500000e+04
2.303101953125000000e+04
2.033419726562500000e+04
2.586319531250000000e+04
2.394722851562500000e+04
2.250843359375000000e+04
2.048227734375000000e+04
1.769199414062500000e+04
2.428217968750000000e+04
2.050414453125000000e+04
2.298342578125000000e+04
2.489903515625000000e+04
2.072008789062500000e+04
2.136015234375000000e+04
2.372982617187500000e+04
2.352427343750000000e+04
2.634709570312500000e+04
2.306394531250000000e+04
2.258933789062500000e+04
2.637108984375000000e+04
1.922403125000000000e+04
2.267470507812500000e+04
2.170296875000000000e+04
2.006041796875000000e+04
2.281100976562500000e+04
2.413051562500000000e+04
2.063650976562500000e+04
2.145529882812500000e+04
2.028935156250000000e+04
2.104469140625000000e+04
2.156714453125000000e+04
2.358780468750000000e+04
2.401819921875000000e+04
2.008300781250000000e+04
2.254064648437500000e+04
2.380942968750000000e+04
1.937333203125000000e+04
2.288185156250000000e+04
2.470866210937500000e+04
1.944609960937500000e+04
2.316511132812500000e+04
2.164764453125000000e+04
2.192633984375000000e+04
2.256565820312500000e+04
2.034037500000000000e+04
2.094214257812500000e+04
2.334807421875000000e+04
2.206203906250000000e+04
2.552556835937500000e+04
2.369634765625000000e+04
2.016605273437500000e+04
2.293800195312500000e+04
2.395403515625000000e+04
2.476414062500000000e+04
2.480757031250000000e+04
2.146602343750000000e+04
1.950240820312500000e+04
2.121066406250000000e+04
2.104991015625000000e+04
2.458610546875000000e+04
2.141282617187500000e+04
2.099777343750000000e+04
2.133489843750000000e+04
2.371465429687500000e+04
2.296890234375000000e+04
2.412055468750000000e+04
2.059887500000000000e+04
1.922299414062500000e+04
1.965420117187500000e+04
2.245068554687500000e+04
2.393011328125000000e+04
1.906200000000000000e+04
2.586908007812500000e+04
2.418285546875000000e+04
2.150233398437500000e+04
2.217357031250000000e+04
2.420756250000000000e+04
2.145038281250000000e+04
2.121246484375000000e+04
2.381375000000000000e+04
2.090934765625000000e+04
2.004821289062500000e+04
2.294335546875000000e+04
1.855091601562500000e+04
2.448611914062500000e+04
2.252505468750000000e+04
2.122997460937500000e+04
2.163840625000000000e+04
2.381810937500000000e+04
2.170444531250000000e+04
2.157079101562500000e+04
2.265792187500000000e+04
1.896581054687500000e+04
2.531839648437500000e+04
2.421565625000000000e+04
2.090621484375000000e+04
1.895352343750000000e+04
2.344023437500000000e+04
1.965345507812500000e+04
2.287612890625000000e+04
2.146309375000000000e+04
2.091891210937500000e+04
2.089872460937500000e+04
2.224830078125000000e+04
2.292848828125000000e+04
2.172537500000000000e+04
2.398155859375000000e+04
2.085409765625000000e+04
2.239898046875000000e+04
2.212337695312500000e+04
2.020464843750000000e+04
2.140576562500000000e+04
2.266002734375000000e+04
2.308954882812500000e+04
2.162924609375000000e+04
2.387073242187500000e+04
2.144133203125000000e+04
2.457310546875000000e+04
2.325725781250000000e+04
2.179076562500000000e+04
2.142402148437500000e+04
2.400788671875000000e+04
1.965064648437500000e+04
2.048854687500000000e+04
2.200098828125000000e+04
2.353837109375000000e+04
1.855622460937500000e+04
2.707608789062500000e+04
2.301253710937500000e+04
1.933304492187500000e+04
2.608495898437500000e+04
2.091032812500000000e+04
2.320755078125000000e+04
2.368530273437500000e+04
2.118083593750000000e+04
2.229089062500000000e+04
2.603187109375000000e+04
1.943294921875000000e+04
1.985992382812500000e+04
2.227575000000000000e+04
2.241575390625000000e+04
2.366849609375000000e+04
2.331668554687500000e+04
2.178044726562500000e+04
2.161308007812500000e+04
2.180257421875000000e+04
2.515809765625000000e+04
1.919344531250000000e+04
2.154006445312500000e+04
2.092691796875000000e+04
2.070005859375000000e+04
2.200117382812500000e+04
2.478583593750000000e+04
2.309618945312500000e+04
2.158479687500000000e+04
2.205810546875000000e+04
2.184431640625000000e+04
2.459478320312500000e+04
2.517652343750000000e+04
1.954521093750000000e+04
2.255359375000000000e+04
2.206782812500000000e+04
1.876316210937500000e+04
2.567428320312500000e+04
2.172212890625000000e+04
2.350099609375000000e+04
2.295096093750000000e+04
2.124588476562500000e+04
2.376223046875000000e+04
2.418996289062500000e+04
2.108718359375000000e+04
2.227985156250000000e+04
2.324089062500000000e+04
2.429102734375000000e+04
2.089274023437500000e+04
1.847542773437500000e+04
2.081154687500000000e+04
2.128329687500000000e+04
1.852798046875000000e+04
2.451390625000000000e+04
2.015186718750000000e+04
1.865277539062500000e+04
2.102309570312500000e+04
2.051598046875000000e+04
1.876735351562500000e+04
2.192851367187500000e+04
2.079352539062500000e+04
2.326719921875000000e+04
1.989595703125000000e+04
2.018609570312500000e+04
2.013854687500000000e+04
2.414270703125000000e+04
2.372608203125000000e+04
2.068596875000000000e+04
1.848066992187500000e+04
2.326194140625000000e+04
2.387631250000000000e+04
2.232264257812500000e+04
2.100709375000000000e+04
2.291328320312500000e+04
2.263674609375000000e+04
2.097556054687500000e+04
2.335678515625000000e+04
1.972103515625000000e+04
2.359646093750000000e+04
2.490434570312500000e+04
2.079215234375000000e+04
2.326953906250000000e+04
2.406704687500000000e+04
2.536220703125000000e+04
2.173481054687500000e+04
2.216602539062500000e+04
2.289102343750000000e+04
2.194056445312500000e+04
2.231366601562500000e+04
2.039056640625000000e+04
2.421835351562500000e+04
2.018455273437500000e+04
2.183615039062500000e+04
1.999611523437500000e+04
2.105305078125000000e+04
2.029776562500000000e+04
2.187036523437500000e+04
2.499791406250000000e+04
2.182450976562500000e+04
2.054657421875000000e+04
1.860766210937500000e+04
2.502179101562500000e+04
2.018499609375000000e+04
2.196121679687500000e+04
2.174989648437500000e+04
2.228567578125000000e+04
2.002211914062500000e+04
2.305242773437500000e+04
2.387892578125000000e+04
2.236443750000000000e+04
2.006081835937500000e+04
2.449067968750000000e+04
2.214832031250000000e+04
2.138192187500000000e+04
2.103188671875000000e+04
1.952934375000000000e+04
2.025903515625000000e+04
2.264037500000000000e+04
2.093490625000000000e+04
2.112966796875000000e+04
2.288228125000000000e+04
2.161134570312500000e+04
2.050845312500000000e+04
2.228912890625000000e+04
2.375277343750000000e+04
2.530874609375000000e+04
2.129354882812500000e+04
2.237689648437500000e+04
2.626117382812500000e+04
2.171138281250000000e+04
2.170830468750000000e+04
2.281744726562500000e+04
2.340704687500000000e+04
2.254645703125000000e+04
2.239963476562500000e+04
2.293563085937500000e+04
2.332717578125000000e+04
2.496833984375000000e+04
2.398500585937500000e+04
2.362632421875000000e+04
2.029474609375000000e+04
2.130391406250000000e+04
2.222783593750000000e+04
2.308089453125000000e+04
2.206928906250000000e+04
2.087809960937500000e+04
2.252291796875000000e+04
2.219428906250000000e+04
2.403232226562500000e+04
2.312176171875000000e+04
1.932008789062500000e+04
2.479139453125000000e+04
2.144119531250000000e+04
2.148229296875000000e+04
2.138944531250000000e+04
2.257204687500000000e+04
2.252107031250000000e+04
2.133521875000000000e+04
2.450818945312500000e+04
2.027217578125000000e+04
2.123376953125000000e+04
2.339695898437500000e+04
2.155917382812500000e+04
2.122365625000000000e+04
2.181644921875000000e+04
2.304097656250000000e+04
2.325881250000000000e+04
1.972998632812500000e+04
2.162889648437500000e+04
2.530788085937500000e+04
2.469826171875000000e+04
2.255139062500000000e+04
2.068104296875000000e+04
2.385803515625000000e+04
1.960082031250000000e+04
2.384040820312500000e+04
1.942290039062500000e+04
2.194266601562500000e+04
2.431717187500000000e+04
2.505361914062500000e+04
2.304928125000000000e+04
2.285128125000000000e+04
2.426841796875000000e+04
2.144972460937500000e+04
2.061483203125000000e+04
2.298586328125000000e+04
2.513110351562500000e+04
2.199774609375000000e+04
2.316762890625000000e+04
2.194060351562500000e+04
2.407204101562500000e+04
2.047049609375000000e+04
2.303752734375000000e+04
2.219051367187500000e+04
2.040574023437500000e+04
2.043277343750000000e+04
2.227911914062500000e+04
2.005212890625000000e+04
2.309156640625000000e+04
2.373408398437500000e+04
2.094003125000000000e+04
1.982729296875000000e+04
2.070440429687500000e+04
2.591567773437500000e+04
2.210143750000000000e+04
2.012838085937500000e+04
2.224656250000000000e+04
2.156291406250000000e+04
2.408429687500000000e+04
2.308590820312500000e+04
2.056562109375000000e+04
2.106387109375000000e+04
2.205519140625000000e+04
2.151488281250000000e+04
2.112403125000000000e+04
2.041816796875000000e+04
1.965300390625000000e+04
2.170748437500000000e+04
2.534963085937500000e+04
2.156406250000000000e+04
2.109490039062500000e+04
1.917644531250000000e+04
2.040803710937500000e+04
2.086435937500000000e+04
2.377181835937500000e+04
1.986327148437500000e+04
2.206798046875000000e+04
2.053759570312500000e+04
2.092283984375000000e+04
2.658930859375000000e+04
2.168592968750000000e+04
2.228287304687500000e+04
2.023291796875000000e+04
2.252167187500000000e+04
2.664208203125000000e+04
2.202114843750000000e+04
2.129442382812500000e+04
2.320253125000000000e+04
2.099431250000000000e+04
2.273067187500000000e+04
2.075925000000000000e+04
2.373617578125000000e+04
2.427963085937500000e+04
2.099672656250000000e+04
2.499879492187500000e+04
2.225235742187500000e+04
2.054691992187500000e+04
2.450017187500000000e+04
2.152201953125000000e+04
2.004054101562500000e+04
2.073933007812500000e+04
2.349997460937500000e+04
2.052034765625000000e+04
2.005244726562500000e+04
1.991040234375000000e+04
2.298742382812500000e+04
2.187659765625000000e+04
2.112714257812500000e+04
2.100835351562500000e+04
1.982215429687500000e+04
2.236282031250000000e+04
2.185862109375000000e+04
2.279908789062500000e+04
2.255849609375000000e+04
2.132351171875000000e+04
1.945621484375000000e+04
1.917253125000000000e+04
1.976101171875000000e+04
2.385230078125000000e+04
2.174832812500000000e+04
2.205684179687500000e+04
2.020781445312500000e+04
2.441248437500000000e+04
1.814408007812500000e+04
2.304025585937500000e+04
2.159285156250000000e+04
1.935466992187500000e+04
2.307484570312500000e+04
2.328132421875000000e+04
2.455770507812500000e+04
2.077870703125000000e+04
1.977059960937500000e+04
2.049040039062500000e+04
2.419248437500000000e+04
2.152144335937500000e+04
2.174809179687500000e+04
2.551733203125000000e+04
1.886234179687500000e+04
2.020604687500000000e+04
2.203260937500000000e+04
2.221514453125000000e+04
2.096882421875000000e+04
2.021038671875000000e+04
2.102396093750000000e+04
2.136855468750000000e+04
2.288506835937500000e+04
2.259807812500000000e+04
2.155176562500000000e+04
2.264211132812500000e+04
2.331971484375000000e+04
2.302359765625000000e+04
2.342168750000000000e+04
2.315027343750000000e+04
1.955995312500000000e+04
2.024351171875000000e+04
2.225508203125000000e+04
2.415015234375000000e+04
2.219855859375000000e+04
2.443407421875000000e+04
2.310388085937500000e+04
1.967388281250000000e+04
2.306508984375000000e+04
2.152987695312500000e+04
2.057407617187500000e+04
1.997998046875000000e+04
2.127185937500000000e+04
2.276026171875000000e+04
2.331194335937500000e+04
2.185826562500000000e+04
2.273451367187500000e+04
1.882852929687500000e+04
2.643397265625000000e+04
2.150225390625000000e+04
2.276272656250000000e+04
2.216187304687500000e+04
2.430257421875000000e+04
2.419110546875000000e+04
2.104115625000000000e+04
2.389930078125000000e+04
2.524177734375000000e+04
2.317000976562500000e+04
1.886415234375000000e+04
2.345210546875000000e+04
2.332999023437500000e+04
2.177002539062500000e+04
2.262806054687500000e+04
2.091887890625000000e+04
2.034993554687500000e+04
2.230421875000000000e+04
2.168100976562500000e+04
1.984682421875000000e+04
2.166747265625000000e+04
2.213780078125000000e+04
2.288121875000000000e+04
2.258137890625000000e+04
2.182941015625000000e+04
2.016832421875000000e+04
2.305945312500000000e+04
2.227269921875000000e+04
2.189337890625000000e+04
2.258820312500000000e+04
2.335680859375000000e+04
2.017929492187500000e+04
2.231954687500000000e+04
2.577172460937500000e+04
2.158051171875000000e+04
2.357021875000000000e+04
2.159359375000000000e+04
2.040426953125000000e+04
2.218721875000000000e+04
2.348441796875000000e+04
2.197663671875000000e+04
2.097309765625000000e+04
2.047163867187500000e+04
2.012472460937500000e+04
1.983350000000000000e+04
2.046728515625000000e+04
1.991623242187500000e+04
1.823068750000000000e+04
2.422651953125000000e+04
2.501910742187500000e+04
2.522606250000000000e+04
2.148418359375000000e+04
2.036385937500000000e+04
1.968252343750000000e+04
2.593655273437500000e+04
2.321958984375000000e+04
2.063239062500000000e+04
2.157708203125000000e+04
1.943817968750000000e+04
2.272909960937500000e+04
2.252043359375000000e+04
2.145801367187500000e+04
2.360361523437500000e+04
2.039534960937500000e+04
2.087303515625000000e+04
2.216173437500000000e+04
2.129504101562500000e+04
2.256761718750000000e+04
2.079655859375000000e+04
2.299280273437500000e+04
2.316440234375000000e+04
2.207068554687500000e+04
1.997915625000000000e+04
1.804533398437500000e+04
2.377227539062500000e+04
1.989921679687500000e+04
2.216832421875000000e+04
2.549332031250000000e+04
2.262177539062500000e+04
2.267650781250000000e+04
1.810230078125000000e+04
2.651781250000000000e+04
1.982640625000000000e+04
2.252631640625000000e+04
2.310616210937500000e+04
1.991681640625000000e+04
2.117839062500000000e+04
2.007297656250000000e+04
2.089381640625000000e+04
2.390827343750000000e+04
2.286396679687500000e+04
1.966135742187500000e+04
2.141593554687500000e+04
1.937257031250000000e+04
1.977573632812500000e+04
2.275296093750000000e+04
2.460818554687500000e+04
2.392729296875000000e+04
2.632221093750000000e+04
1.988814453125000000e+04
2.343784765625000000e+04
2.059898828125000000e+04
2.243735351562500000e+04
2.222041601562500000e+04
2.251186914062500000e+04
2.358776562500000000e+04
2.348880859375000000e+04
2.084893750000000000e+04
2.157224023437500000e+04
2.458941015625000000e+04
2.143044921875000000e+04
2.180944921875000000e+04
1.890532812500000000e+04
1.904057421875000000e+04
2.219790234375000000e+04
2.278574414062500000e+04
1.917939062500000000e+04
2.554232812500000000e+04
2.074559765625000000e+04
2.402264843750000000e+04
2.186434570312500000e+04
2.122232031250000000e+04
2.245381640625000000e+04
2.528187500000000000e+04
2.311729687500000000e+04
2.072716210937500000e+04
2.248208984375000000e+04
2.451491210937500000e+04
1.895634375000000000e+04
2.372170703125000000e+04
2.228300781250000000e+04
2.151817968750000000e+04
2.204146093750000000e+04
2.273282812500000000e+04
2.322500976562500000e+04
2.101526562500000000e+04
2.227979492187500000e+04
2.235962109375000000e+04
2.216299609375000000e+04
2.370005468750000000e+04
2.253279687500000000e+04
2.075313671875000000e+04
2.443709179687500000e+04
2.341463671875000000e+04
2.159694140625000000e+04
2.610148437500000000e+04
2.081946679687500000e+04
2.718442578125000000e+04
2.109779687500000000e+04
2.264230078125000000e+04
2.435975390625000000e+04
2.043870312500000000e+04
2.211142578125000000e+04
2.272601953125000000e+04
2.284385937500000000e+04
2.229199414062500000e+04
2.166829492187500000e+04
2.266532617187500000e+04
2.088159570312500000e+04
2.312530859375000000e+04
2.337160156250000000e+04
2.347441601562500000e+04
2.174654687500000000e+04
2.240553515625000000e+04
2.238597656250000000e+04
1.883647265625000000e+04
2.480655468750000000e+04
2.256998046875000000e+04
2.270130273437500000e+04
1.890253125000000000e+04
2.277694531250000000e+04
2.080151171875000000e+04
2.501446484375000000e+04
1.957619921875000000e+04
2.072264453125000000e+04
2.043175000000000000e+04
2.443545312500000000e+04
2.294859765625000000e+04
1.982708203125000000e+04
2.256545703125000000e+04
2.569997265625000000e+04
2.213032812500000000e+04
2.462995312500000000e+04
1.962493554687500000e+04
2.154958984375000000e+04
2.295016406250000000e+04
2.608467968750000000e+04
2.467092773437500000e+04
2.359687500000000000e+04
2.345161718750000000e+04
2.201740625000000000e+04
2.273233984375000000e+04
2.152671289062500000e+04
2.251362890625000000e+04
2.158009765625000000e+04
2.230291210937500000e+04
1.909265429687500000e+04
2.110230859375000000e+04
2.269163867187500000e+04
2.174062109375000000e+04
2.051072460937500000e+04
1.982949804687500000e+04
2.103075585937500000e+04
2.174205273437500000e+04
2.139071093750000000e+04
2.057957421875000000e+04
2.183744921875000000e+04
2.220847851562500000e+04
2.604569531250000000e+04
2.583190625000000000e+04
2.448307226562500000e+04
2.308066015625000000e+04
2.279072851562500000e+04
2.120525000000000000e+04
2.308380078125000000e+04
1.974779687500000000e+04
2.095275781250000000e+04
2.489577929687500000e+04
2.225118359375000000e+04
2.091177539062500000e+04
2.554866015625000000e+04
2.236721093750000000e+04
2.735533984375000000e+04
2.013451953125000000e+04
2.252951953125000000e+04
2.387416601562500000e+04
2.239603515625000000e+04
2.297584960937500000e+04
2.414839062500000000e+04
2.171229101562500000e+04
2.070498242187500000e+04
2.572379296875000000e+04
2.677858007812500000e+04
1.894970703125000000e+04
2.480282031250000000e+04
2.227475000000000000e+04
2.258639453125000000e+04
2.371844140625000000e+04
2.161052343750000000e+04
2.028795703125000000e+04
