-9.652561086415447062e+05
-4.417696571065665978e+01
-3.366078220884536449e+02
-5.979770409056269500e+02
-1.922247925326983705e+03
-1.337946649724629606e+04
-1.809104196597771761e+02
-2.088957255811927212e+02
-1.867746859165345370e+02
-1.239174944529558360e+02
-4.489664504071519957e+01
-8.244302582602912821e+01
-3.344299749436937219e+01
-2.498851429977064242e+01
-2.573172544731563249e+01
-6.086958745561746880e+06
-1.984609785327074304e+07
-3.369569577611862123e+07
-4.684001986367308348e+07
-5.999235064296458662e+07
-7.316680903596585989e+07
-8.694340790843513608e+07
-1.006403755782131106e+08
-1.132909873648833781e+08
-1.270090397089195251e+08
-1.404966684679197967e+08
-1.542361733606517911e+08
-1.678076108210863769e+08
-1.818096584503819942e+08
-2.050742529390652478e+08
-2.317465986044506431e+08
-9.099577942458346486e+07
-4.999529672049748152e+07
-6.351785124751067162e+07
-7.699883251510843635e+07
-9.048106895269091427e+07
-1.042685921841412187e+08
-1.183459632155303657e+08
-1.318307998865189105e+08
-1.451392795857457817e+08
-1.579636038364843726e+08
-1.709837949023894370e+08
-1.851129953814949393e+08
-1.986176372812458277e+08
-2.123261916449125707e+08
-2.256326885189166963e+08
-2.389402000413573682e+08
-2.520800730032047331e+08
-2.658858256514233947e+08
-2.795565968801661730e+08
-2.927318691021977663e+08
-3.059491627024208903e+08
-3.195655180699512362e+08
-3.332963861828939915e+08
-3.471450463674451113e+08
-3.608192901340164542e+08
-3.746820439980258942e+08
-3.878252249066475034e+08
-4.008266176735657454e+08
-4.148570673988992572e+08
-4.279693728257466555e+08
-4.410554712853309512e+08
-4.541687115000096560e+08
-4.673505086230443120e+08
-4.803949926094332933e+08
-4.934449810489171147e+08
-5.072523416027554274e+08
-5.209186364070284963e+08
-5.343063955908447504e+08
-5.479371765029904842e+08
-5.618634968611652851e+08
-5.750637687478390932e+08
-5.912259336419020891e+08
-6.169409462334760427e+08
-6.436138591792837381e+08
-5.876346845611027479e+08
-2.825500453339608852e+06
-4.322470912285266422e+02
-3.213350866464850242e+02
-3.609165991164575757e+02
-4.179597844118065950e+02
-7.504329142587797605e+02
-3.170880289391942597e+02
-3.844451245026324386e+02
-2.437303676031093289e+02
-7.302110611759082985e+02
-6.701621584795784656e+02
-4.482637373484407135e+02
-7.425173509381627664e+05
-1.124333669108401053e+07
-2.488877967730646208e+07
-3.843681857686115056e+07
-5.171008888525220752e+07
-6.510336815572132170e+07
-7.836875853315775096e+07
-9.121429104356028140e+07
-1.044833087789620906e+08
-1.173469920504470170e+08
-1.315408686671774387e+08
-1.547901698224077225e+08
-1.813898295985635519e+08
-2.086010200036606491e+08
-2.359344341533393860e+08
-2.621050151509224474e+08
-2.880855476158038378e+08
-3.138618499648292661e+08
-3.411018573315588236e+08
-3.680273601642254591e+08
-3.947699885162713528e+08
-4.214945123397860527e+08
-4.483333011028609276e+08
-4.754880699359906316e+08
-5.022689098486840129e+08
-5.295565631595562100e+08
-5.558006682319463491e+08
-5.826391070601770878e+08
-6.094960556556847095e+08
-6.361280372393368483e+08
-6.637773218634972572e+08
-6.913930105542055368e+08
-1.373904795928451419e+08
-3.976742500323795184e+02
-5.797913986546336673e+02
-3.599136601229226926e+02
-2.728569092738567861e+02
-3.394219316143995684e+02
-6.719883138283058770e+02
-5.247100854077490339e+02
-3.404257628037756263e+02
-3.729647231747645719e+02
-4.043606642409391725e+02
-1.265372905492271911e+03
-1.341852132884661160e+03
-1.177868786511104872e+03
-6.316006332608145613e+02
-4.697876851922090964e+02
-4.770491026067875282e+02
-3.811329010437705165e+02
-4.285084462749808267e+02
-2.583614385429710296e+02
-2.633699507983881176e+02
-3.413854246085410864e+02
-2.236712707396482074e+02
-2.750000918762364677e+02
-3.590167458129021725e+02
-2.376991035404084300e+02
-2.756733697895751334e+02
-2.678784668381508141e+02
-2.154600569739992011e+02
-3.996916693616660723e+02
-1.357247335281222433e+02
-3.787193644445658833e+02
-5.091376310888496164e+02
-1.183578760137959023e+02
-9.712706363572080193e+01
-9.774646314314806261e+01
-1.027279440288698424e+02
-1.168762808776373703e+02
-1.828452180271473537e+02
-1.706329666955828941e+02
-1.987650729373685294e+02
-1.693060670436289570e+02
-2.443255188302837269e+02
-1.984782273188705233e+02
-2.734072789280290863e+02
-2.017330528193928956e+02
-1.367880601754377494e+02
-1.539858280705127811e+02
-1.181635441223037049e+02
-9.685247185230039690e+01
-1.521801209293022623e+02
-1.152510361665481042e+02
-1.473558979605250840e+02
-1.181765262747088912e+02
-8.474441143980575930e+01
-1.255979294387418292e+02
-1.475455770619469149e+02
-1.487560995774184676e+02
-1.604807266444529716e+02
-2.203944390962703324e+02
-1.628617272262610811e+02
-1.706728944050753967e+02
-2.117980632644099046e+02
-1.322283058604871542e+02
-1.327098892013680711e+02
-1.397140023355251799e+02
-2.478987249568784534e+02
-8.025952701989783122e+01
-1.282554448835651897e+02
-1.379476192407258850e+02
-9.625509345325599497e+01
-1.187695636812487265e+02
-1.281154495412842493e+02
-8.213941646150269094e+01
-8.103600876970554623e+01
-7.132898891097327976e+01
-4.728541957180052435e+01
-6.252449933736657783e+01
-2.468794022028196267e+01
-3.545116194707223656e+01
-2.169184035778971520e+01
-2.717014899523217153e+01
-2.205527825343954973e+01
-4.006371010968715751e+01
-2.486030355636578548e+01
-2.786138628029780762e+01
-2.836503448843097175e+01
-1.745507013136714747e+01
-2.516057015661834129e+01
-2.959826507202701151e+01
-2.472911774230191639e+01
-3.882875361930074831e+01
-2.255769504424161909e+01
-2.431992100499292775e+01
-3.138551435701365477e+01
-2.584027568601850788e+01
-2.101331325555261031e+01
-3.762374308357895814e+01
-3.413467410901851196e+01
-2.882147235944361796e+01
-1.760887664408506836e+01
-3.426382278856043939e+01
-3.336633224910271167e+01
-4.705545377158158260e+01
-4.145469273755040263e+01
-2.417586145034579204e+01
-2.987020934721625309e+01
-2.545078310099018637e+01
-2.483629101610563339e+01
-2.596031888535361531e+01
-1.936717181610472949e+01
-3.193742355115211495e+01
-3.697724228464402785e+01
-1.941831338794209927e+01
-3.229107953843499956e+01
-5.108426202312679720e+01
-3.226935387842041081e+01
-2.867884188468550377e+01
-1.902353567661540623e+01
-1.694674528543321301e+01
-1.834470975523849035e+01
-2.178859982652264549e+01
-2.892512696860844201e+01
-2.100373823362014747e+01
-3.333820841539558444e+01
-2.199167035035059570e+01
-2.543524594914580916e+01
-1.852358743365251570e+01
-3.295686251619656559e+01
-2.470111983741875505e+01
-2.575516035486475630e+01
-2.454888090285611568e+01
-3.525523857866791388e+01
-1.025328163644168455e+01
-1.624166991754434974e+01
-3.415159309069623816e+01
-3.170408405300775101e+01
-2.716096893066598383e+01
-1.743559937392203807e+01
-3.110902126133711931e+01
-2.525468696209839337e+01
-2.197898176410915738e+01
-5.123400770839661078e+01
-2.375121086402460335e+01
-2.833686262744265605e+01
-3.136299050898169227e+01
-1.690777178658046864e+01
-2.019857233272358599e+01
-2.387399175859846778e+01
-2.633932162444419944e+01
-3.123910984004326608e+01
-2.215643779012184211e+01
-2.274335855650369709e+01
-2.526515184837416683e+01
-2.365369023211427901e+01
-2.275229652418969550e+01
-3.086666463826535534e+01
-2.437967591127350175e+01
-3.302675321925989493e+01
-3.507975482390327926e+01
-3.044853083133117622e+01
-3.129895009671038864e+01
-3.619518507060648460e+01
-3.606915711073973796e+01
-3.294657241876741693e+01
-2.533768163078560320e+01
-2.371705058377792241e+01
-4.546348870327783942e+01
-3.343326883852733999e+01
-2.452187014067921567e+01
-3.905162421410279450e+01
-3.507252272153295536e+01
-3.713731242657459575e+01
-5.251089735856375285e+01
-1.942723728180586562e+01
-2.441707828313278839e+01
-3.832710217704270406e+01
-3.684169944832775911e+01
-3.412357029354312488e+01
-3.059966065680069391e+01
-4.808985992136500442e+01
-1.568318509996185739e+01
-2.558349706637666188e+01
-2.895638624256753246e+01
-1.821941514377819615e+01
-2.969961487212656337e+01
-2.341077061512358171e+01
-2.044236846328777801e+01
-2.191228112089589786e+01
-3.372741271727567636e+01
-2.781087473754148576e+01
-2.063547290371772647e+01
-4.608609688441059404e+01
-3.670157245342799257e+01
-2.773683380169015322e+01
-3.213841874845520863e+01
-1.843576304130271382e+01
-2.337036544255951043e+01
-2.622219890025183275e+01
-1.897491770636954911e+01
-2.161601945541936942e+01
-3.146614249628611759e+01
-3.830080894269826075e+01
-2.622610800771331441e+01
-2.424818482231366445e+01
-4.229731587839581408e+01
-2.388333061187942263e+01
-3.326266400089166808e+01
-2.878929857776454426e+01
-2.057607129185189621e+01
-2.948975936598336745e+01
-3.105543674909894136e+01
-2.418913236673255795e+01
-2.881366507832539625e+01
-2.062083457687528565e+01
-4.347966869666478829e+01
-3.105781908936329572e+01
-2.412537676378992302e+01
-2.124314349344066599e+01
-1.971322705908432482e+01
-2.000214436949324437e+01
-1.849874178457144680e+01
-3.891823116380308534e+01
-3.114173348757577031e+01
-5.564465050948430047e+01
-2.807529467122079581e+01
-4.489247691642899696e+01
-3.245976657798573228e+01
-4.198272115615942113e+01
-5.961319369801859835e+01
-5.361894187800426437e+01
-5.126667137412122344e+01
-4.412962108585630006e+01
-3.865406316964313049e+01
-3.862381456995555595e+01
-2.559878255553000770e+01
-1.868796178100433991e+01
-2.127888058356250767e+01
-1.976353281045752652e+01
-2.054997983132100714e+01
-1.847801032001827792e+01
-2.478478599717798048e+01
-3.000191195645157194e+01
-2.829722388866624527e+01
-3.190504245023258889e+01
-2.306926388758019542e+01
-2.243054356934099758e+01
-3.034907809507660659e+01
-1.734254178422009574e+01
-1.704572986781332844e+01
-2.033816756490125854e+01
-2.022007742621624260e+01
-2.125035647281068307e+01
-2.757256366771371248e+01
-2.172099128491930387e+01
-3.384752198454428651e+01
-2.007079086838211524e+01
-2.945434447112269893e+01
-2.956170632554902156e+01
-3.121785361569200035e+01
-3.281941564484630902e+01
-2.209641740559280265e+01
-2.027345095998074243e+01
-2.756868839829721196e+01
-2.256043698480829818e+01
-2.580738268626810239e+01
-2.277577095593879264e+01
-2.440991975622829457e+01
-1.959272128482050945e+01
-2.591236283855152323e+01
-3.752204096956963042e+01
-3.310139948998198633e+01
-2.542628943393235019e+01
-1.976248998887912833e+01
-2.430127788009612999e+01
-3.244650089011815908e+01
-3.809718749397676163e+01
-3.253362247578952804e+01
-2.346245753184631511e+01
-2.737675095780135592e+01
-2.224296967600226793e+01
-3.162421252314944553e+01
-3.676793165286991893e+01
-3.313058794856893030e+01
-2.448865572570249327e+01
-2.563119923434351932e+01
-2.463598145970500397e+01
-4.004220870499361951e+01
-3.689321512814920112e+01
-3.806393720009367598e+01
-3.181407256244285620e+01
-4.810048865192702294e+01
-3.499721006681295421e+01
-5.104976736032605800e+01
-2.809647801429758829e+01
-3.121999962640927606e+01
-2.516955781292017136e+01
-3.579344132164214898e+01
-4.091998313129566611e+01
-5.780716048916760030e+01
-3.378437717380224825e+01
-3.168961705476500512e+01
-5.464366751970027281e+01
-5.832352571272451769e+01
-3.508548046118563235e+01
-2.751919501290812420e+01
-2.663228388646988520e+01
-2.293541900356707686e+01
-3.674118708888311602e+01
-2.170200494859384577e+01
-3.650309691374735621e+01
-2.517272389282378953e+01
-4.202970938979997584e+01
-3.619493344335584339e+01
-2.632709269525621565e+01
-2.880876441589209591e+01
-3.347133003928016137e+01
-2.317252730941364547e+01
-1.955894875884536077e+01
-3.545517179646326156e+01
-3.007584747067996389e+01
-3.069719435681523834e+01
-1.669176635755044202e+01
-2.136382514226509244e+01
-3.146811472332302628e+01
-1.665848637405280641e+01
-3.258195160600594420e+01
-3.602359769600638373e+01
-2.412304285567041262e+01
-2.310997756657142332e+01
-2.161826868488837761e+01
-2.720084476103390259e+01
-2.142796717983226529e+01
-2.991173636419323500e+01
-2.585446206782237866e+01
-2.231114509772443810e+01
-3.617643532048377608e+01
-5.696243905751565251e+01
-3.673744550455006674e+01
-7.982605890622650691e+01
-5.467722945562397996e+01
-8.136207472710063371e+01
-1.238276812302521392e+02
-8.753812131610533243e+01
-1.411577799452445561e+02
-1.049218414050703529e+02
-1.023448218597064283e+02
-1.585946143599608718e+02
-1.971196083563960428e+02
-1.124627358078503221e+02
-9.354875045131663569e+01
-9.541837549605273239e+01
-2.158074010888076373e+02
-1.926755135975983819e+02
-2.479633669444846475e+02
-1.596701440349671088e+02
-2.200149248366147674e+02
-1.209487051300824305e+02
-9.806777137437941860e+01
-1.414603996897677689e+02
-6.370434747768064199e+01
-1.242636278169148198e+02
-1.200527037284021787e+02
-2.215407331139011546e+02
-1.980311360806122991e+02
-3.004785195910163793e+02
-2.083602534251720897e+02
-2.544140735475320412e+02
-2.067783056206201309e+02
-1.530441489203683147e+02
-7.933584256028029813e+02
-2.520835853656911638e+02
-3.185736969661252260e+02
-2.435431170277614399e+02
-4.078803685205415945e+02
-3.396095203183737112e+02
-2.668927400114528723e+02
-2.427327945060241348e+02
-2.683627497256191532e+02
-4.925250743853940776e+02
