7.912878910678079410e+04
2.055431814309517504e+05
1.648059765040078200e+05
1.880405525928357092e+05
1.461541693437286303e+05
2.736778812612051261e+05
2.650363816224725451e+05
2.644317210870556301e+05
1.736589770553210692e+05
2.161117134259386221e+05
2.147068582451833354e+05
1.673294512767465494e+05
1.784799616601848684e+05
2.129930738430797937e+05
1.587694204624367994e+05
1.946206589520103589e+05
1.922486026940520387e+05
1.338692249067721423e+05
1.948369344087627251e+05
1.478093146949031216e+05
1.746435903436620720e+05
1.860283485444591497e+05
1.723913811125128123e+05
1.128812448808061308e+05
1.163098926086719293e+05
1.576219074971139198e+05
2.035483996847295493e+05
1.759138752396988857e+05
2.070782465277150623e+05
1.494128867511245771e+05
