4.031670654296875000e+03
6.314145996093750000e+03
1.012604882812500000e+04
1.056762500000000000e+04
1.204362988281250000e+04
1.215267089843750000e+04
1.243208398437500000e+04
1.364432226562500000e+04
1.450814746093750000e+04
1.277245214843750000e+04
1.621958886718750000e+04
1.692099023437500000e+04
1.606609472656250000e+04
1.652160937500000000e+04
1.717193750000000000e+04
1.634276171875000000e+04
1.596665039062500000e+04
1.502539453125000000e+04
1.616275292968750000e+04
1.653765039062500000e+04
1.561602734375000000e+04
1.606852441406250000e+04
1.699228125000000000e+04
1.627733398437500000e+04
1.476662988281250000e+04
1.524653417968750000e+04
1.745225781250000000e+04
1.570998925781250000e+04
1.590447851562500000e+04
1.700274609375000000e+04
1.718591406250000000e+04
1.642848242187500000e+04
1.682119531250000000e+04
1.681241210937500000e+04
1.736872265625000000e+04
1.698019531250000000e+04
1.576569042968750000e+04
1.697199609375000000e+04
1.686170117187500000e+04
1.871832812500000000e+04
1.739070507812500000e+04
1.791047851562500000e+04
1.891526367187500000e+04
1.656835156250000000e+04
1.709069140625000000e+04
1.705681250000000000e+04
1.673798242187500000e+04
1.667644726562500000e+04
1.740250390625000000e+04
1.812099218750000000e+04
1.637809863281250000e+04
1.595230468750000000e+04
1.716394140625000000e+04
1.797579687500000000e+04
1.652558203125000000e+04
1.744898828125000000e+04
1.508513476562500000e+04
1.689691796875000000e+04
1.819814648437500000e+04
1.760621484375000000e+04
1.611576660156250000e+04
1.501124316406250000e+04
1.467171582031250000e+04
1.562895312500000000e+04
1.647564453125000000e+04
1.688026757812500000e+04
1.644817578125000000e+04
1.644724023437500000e+04
1.663464062500000000e+04
1.645187500000000000e+04
1.534546386718750000e+04
1.788410351562500000e+04
1.699760742187500000e+04
1.660153515625000000e+04
1.464740332031250000e+04
1.602931054687500000e+04
1.688774609375000000e+04
1.680953515625000000e+04
1.671778906250000000e+04
1.751801757812500000e+04
1.623297851562500000e+04
1.882423828125000000e+04
1.608399511718750000e+04
1.690198046875000000e+04
1.525190625000000000e+04
1.665521093750000000e+04
1.820129492187500000e+04
1.611963671875000000e+04
1.497290722656250000e+04
1.587261816406250000e+04
1.581545312500000000e+04
1.775747265625000000e+04
1.887357031250000000e+04
1.691667773437500000e+04
1.716719531250000000e+04
1.609344433593750000e+04
1.632514550781250000e+04
1.540033593750000000e+04
1.590454296875000000e+04
1.840915039062500000e+04
1.769277929687500000e+04
1.614886328125000000e+04
1.591086523437500000e+04
1.732927148437500000e+04
1.618746777343750000e+04
1.515001171875000000e+04
1.611530664062500000e+04
1.647784765625000000e+04
1.732821484375000000e+04
1.638323242187500000e+04
1.643031835937500000e+04
1.732749804687500000e+04
1.665275585937500000e+04
1.766148046875000000e+04
1.615447656250000000e+04
1.633009960937500000e+04
1.776922656250000000e+04
1.698738867187500000e+04
1.518130664062500000e+04
1.578978906250000000e+04
1.739926367187500000e+04
1.696162695312500000e+04
1.767467578125000000e+04
1.840459375000000000e+04
1.722352148437500000e+04
1.596777539062500000e+04
1.636978027343750000e+04
1.696908007812500000e+04
1.615580078125000000e+04
1.462772558593750000e+04
1.695300000000000000e+04
1.649146289062500000e+04
1.582164453125000000e+04
1.855665625000000000e+04
1.307495703125000000e+04
1.660464843750000000e+04
1.638685156250000000e+04
1.762560156250000000e+04
1.546947949218750000e+04
1.648313281250000000e+04
1.542097851562500000e+04
1.525373535156250000e+04
1.641199609375000000e+04
1.553894140625000000e+04
1.598656054687500000e+04
1.771252343750000000e+04
1.660429492187500000e+04
1.550254687500000000e+04
1.659417773437500000e+04
1.698309960937500000e+04
1.736721875000000000e+04
1.578080761718750000e+04
1.514620410156250000e+04
1.690001562500000000e+04
1.728302734375000000e+04
1.606750976562500000e+04
1.628464746093750000e+04
1.565832812500000000e+04
1.742785937500000000e+04
1.656138281250000000e+04
1.721835156250000000e+04
1.571852929687500000e+04
1.735978515625000000e+04
1.650025585937500000e+04
1.614097558593750000e+04
1.518191601562500000e+04
1.502679687500000000e+04
1.629568652343750000e+04
1.651255273437500000e+04
1.729443554687500000e+04
1.534419335937500000e+04
1.592710449218750000e+04
1.897861523437500000e+04
1.583197753906250000e+04
1.623720117187500000e+04
1.689897070312500000e+04
1.730477343750000000e+04
1.646657031250000000e+04
1.639393359375000000e+04
1.711780078125000000e+04
1.649830468750000000e+04
1.455779687500000000e+04
1.688097460937500000e+04
1.584855175781250000e+04
1.556692382812500000e+04
1.606577636718750000e+04
1.578062500000000000e+04
1.662639843750000000e+04
1.829426171875000000e+04
1.602469921875000000e+04
1.780803515625000000e+04
1.657619335937500000e+04
1.592549023437500000e+04
1.523014355468750000e+04
1.681946875000000000e+04
1.624091601562500000e+04
1.871884179687500000e+04
1.565345312500000000e+04
1.580507812500000000e+04
1.763120507812500000e+04
1.757074414062500000e+04
1.716099609375000000e+04
1.769826953125000000e+04
1.521880957031250000e+04
1.591777343750000000e+04
1.679237695312500000e+04
1.487318261718750000e+04
1.571391503906250000e+04
1.716405664062500000e+04
1.487733593750000000e+04
1.521939648437500000e+04
1.757968945312500000e+04
1.657575390625000000e+04
1.657225000000000000e+04
1.870544921875000000e+04
1.579236132812500000e+04
1.767457812500000000e+04
1.843955273437500000e+04
1.610167773437500000e+04
1.596832714843750000e+04
1.640594335937500000e+04
1.637131152343750000e+04
1.790565625000000000e+04
1.691491601562500000e+04
1.580007910156250000e+04
1.609145117187500000e+04
1.634934960937500000e+04
1.730372070312500000e+04
1.552472265625000000e+04
1.750377929687500000e+04
1.435362597656250000e+04
1.746303906250000000e+04
1.540936621093750000e+04
1.698690625000000000e+04
1.645013476562500000e+04
1.698672265625000000e+04
1.471170800781250000e+04
1.825673828125000000e+04
1.570141894531250000e+04
1.555486328125000000e+04
1.751262890625000000e+04
1.625134863281250000e+04
1.671918554687500000e+04
1.554012402343750000e+04
1.769451757812500000e+04
1.672176953125000000e+04
1.876532421875000000e+04
1.662463867187500000e+04
1.713032421875000000e+04
1.711694726562500000e+04
1.772972851562500000e+04
1.949923242187500000e+04
1.794082031250000000e+04
1.764712890625000000e+04
1.602223242187500000e+04
1.661927148437500000e+04
1.561308789062500000e+04
1.779635546875000000e+04
1.738262695312500000e+04
1.774032617187500000e+04
1.732952929687500000e+04
1.503864648437500000e+04
1.747413867187500000e+04
1.609598339843750000e+04
1.524427246093750000e+04
1.741759570312500000e+04
1.674572460937500000e+04
1.775696875000000000e+04
1.740639843750000000e+04
1.821515039062500000e+04
1.600654882812500000e+04
1.681379882812500000e+04
1.759859765625000000e+04
1.891596875000000000e+04
1.750016210937500000e+04
1.821954882812500000e+04
1.726352148437500000e+04
1.634273046875000000e+04
1.661967382812500000e+04
1.702444726562500000e+04
1.760808789062500000e+04
1.663737109375000000e+04
1.569956152343750000e+04
1.522988769531250000e+04
1.612701757812500000e+04
1.700104882812500000e+04
1.746419140625000000e+04
1.763010351562500000e+04
1.873849609375000000e+04
1.741745898437500000e+04
1.739531250000000000e+04
1.666942773437500000e+04
1.764024218750000000e+04
1.755237500000000000e+04
1.684197851562500000e+04
1.682625000000000000e+04
1.827958007812500000e+04
1.741784960937500000e+04
1.713814843750000000e+04
1.543871582031250000e+04
1.702239648437500000e+04
1.684730664062500000e+04
1.748899414062500000e+04
1.475753417968750000e+04
1.780045312500000000e+04
1.650033593750000000e+04
1.539651757812500000e+04
1.653828320312500000e+04
1.961780468750000000e+04
1.705085937500000000e+04
1.643644726562500000e+04
1.729147656250000000e+04
1.833723242187500000e+04
1.901403125000000000e+04
1.711959570312500000e+04
1.867670703125000000e+04
1.568581250000000000e+04
1.879285937500000000e+04
1.662507812500000000e+04
1.659257421875000000e+04
1.920485742187500000e+04
1.830754101562500000e+04
1.590170507812500000e+04
1.835667382812500000e+04
1.831619531250000000e+04
1.691313476562500000e+04
1.873104101562500000e+04
1.698014843750000000e+04
1.825278710937500000e+04
1.747704101562500000e+04
1.657319726562500000e+04
1.683102148437500000e+04
1.620391601562500000e+04
1.992928515625000000e+04
1.725902929687500000e+04
1.731631640625000000e+04
1.764344726562500000e+04
1.822986914062500000e+04
1.789212500000000000e+04
1.645899414062500000e+04
1.778784570312500000e+04
1.688755859375000000e+04
2.093322265625000000e+04
1.578426464843750000e+04
1.873004492187500000e+04
1.614472656250000000e+04
1.683380273437500000e+04
1.905390820312500000e+04
1.855341601562500000e+04
1.670048242187500000e+04
1.638719921875000000e+04
1.961295312500000000e+04
1.685932226562500000e+04
1.812648242187500000e+04
1.942654296875000000e+04
1.861838867187500000e+04
1.569222656250000000e+04
1.856639062500000000e+04
1.773233984375000000e+04
1.716300585937500000e+04
1.873398437500000000e+04
1.899469531250000000e+04
1.777684179687500000e+04
1.534735546875000000e+04
1.641290820312500000e+04
1.726679492187500000e+04
1.660227343750000000e+04
1.618025585937500000e+04
1.747441601562500000e+04
1.799911523437500000e+04
1.610182031250000000e+04
1.651607031250000000e+04
1.787464453125000000e+04
1.763287890625000000e+04
1.923633984375000000e+04
1.643777148437500000e+04
1.580510253906250000e+04
1.752885742187500000e+04
1.794751367187500000e+04
1.683335742187500000e+04
1.940830468750000000e+04
1.801166406250000000e+04
1.707901953125000000e+04
1.834625000000000000e+04
1.796611328125000000e+04
1.726812890625000000e+04
1.679440234375000000e+04
1.832733984375000000e+04
1.608675390625000000e+04
1.681507031250000000e+04
1.679383984375000000e+04
1.744391406250000000e+04
1.712133593750000000e+04
1.797171484375000000e+04
1.831816406250000000e+04
1.742414648437500000e+04
1.657611718750000000e+04
1.826872460937500000e+04
1.888198242187500000e+04
1.936847851562500000e+04
1.675461914062500000e+04
1.532763574218750000e+04
1.694626367187500000e+04
1.829191601562500000e+04
2.004528710937500000e+04
1.688260937500000000e+04
1.893308789062500000e+04
1.559530859375000000e+04
1.882332226562500000e+04
2.011054687500000000e+04
1.681117187500000000e+04
1.857038281250000000e+04
1.688907617187500000e+04
1.762922265625000000e+04
1.562656835937500000e+04
1.663248437500000000e+04
1.831177734375000000e+04
1.932534179687500000e+04
1.853667382812500000e+04
1.697936523437500000e+04
1.748626562500000000e+04
1.879375390625000000e+04
1.544325585937500000e+04
1.832433984375000000e+04
1.442087792968750000e+04
1.752013281250000000e+04
1.885969140625000000e+04
1.783687500000000000e+04
1.590384179687500000e+04
1.764622851562500000e+04
2.083595703125000000e+04
1.676146093750000000e+04
1.672291992187500000e+04
1.745472656250000000e+04
1.633951660156250000e+04
1.699809375000000000e+04
1.655713476562500000e+04
1.750884570312500000e+04
1.916364648437500000e+04
1.713697460937500000e+04
1.733100976562500000e+04
1.764960156250000000e+04
1.872371875000000000e+04
1.606116796875000000e+04
2.012982031250000000e+04
1.798749609375000000e+04
1.866953906250000000e+04
1.808551953125000000e+04
1.672552734375000000e+04
1.812866601562500000e+04
1.852878906250000000e+04
1.890664843750000000e+04
1.810292382812500000e+04
1.805802929687500000e+04
1.781724609375000000e+04
2.070809375000000000e+04
1.680949804687500000e+04
1.771262695312500000e+04
1.827517382812500000e+04
1.690208007812500000e+04
1.789009179687500000e+04
1.932715429687500000e+04
1.680741796875000000e+04
1.768782812500000000e+04
1.724025195312500000e+04
1.679903515625000000e+04
1.812695507812500000e+04
1.679336132812500000e+04
1.468004882812500000e+04
1.749126757812500000e+04
1.644718945312500000e+04
1.660684375000000000e+04
1.829909960937500000e+04
1.717404296875000000e+04
1.701985156250000000e+04
1.773166796875000000e+04
1.779654296875000000e+04
1.876160742187500000e+04
1.764272656250000000e+04
1.755328906250000000e+04
1.898272265625000000e+04
1.799776757812500000e+04
1.822424023437500000e+04
1.662391015625000000e+04
1.613077343750000000e+04
1.717954296875000000e+04
1.745893164062500000e+04
1.646825195312500000e+04
1.600339843750000000e+04
1.672433203125000000e+04
1.785035156250000000e+04
1.909232812500000000e+04
1.719900390625000000e+04
1.704480273437500000e+04
1.715481054687500000e+04
1.974355273437500000e+04
1.676532617187500000e+04
1.970726562500000000e+04
1.840842187500000000e+04
1.700725390625000000e+04
1.867361523437500000e+04
1.765214062500000000e+04
1.893358593750000000e+04
1.684413671875000000e+04
1.764383593750000000e+04
1.869851562500000000e+04
1.741518164062500000e+04
1.684119335937500000e+04
1.656663281250000000e+04
1.714841210937500000e+04
1.693959179687500000e+04
1.738948242187500000e+04
1.678948437500000000e+04
1.985557617187500000e+04
1.755161328125000000e+04
1.641065625000000000e+04
1.611012304687500000e+04
1.796768554687500000e+04
1.737744335937500000e+04
1.579090429687500000e+04
1.777591406250000000e+04
1.575453906250000000e+04
1.807248828125000000e+04
1.742668359375000000e+04
1.739394921875000000e+04
1.689835937500000000e+04
1.854711132812500000e+04
1.851343945312500000e+04
1.735806640625000000e+04
1.960273046875000000e+04
1.749396484375000000e+04
1.752731445312500000e+04
1.802611718750000000e+04
1.793355468750000000e+04
1.707639257812500000e+04
1.646771484375000000e+04
1.629712207031250000e+04
1.517331250000000000e+04
1.979031835937500000e+04
1.803562890625000000e+04
1.858218164062500000e+04
1.638864843750000000e+04
1.610823828125000000e+04
1.994934570312500000e+04
1.859982812500000000e+04
1.846169531250000000e+04
1.790523828125000000e+04
1.761300390625000000e+04
1.724651367187500000e+04
2.051949804687500000e+04
1.773785742187500000e+04
1.519737207031250000e+04
1.883099218750000000e+04
1.734493359375000000e+04
2.019091406250000000e+04
1.632277929687500000e+04
1.755520703125000000e+04
1.653588671875000000e+04
1.764065429687500000e+04
1.770247460937500000e+04
1.706658593750000000e+04
1.834672265625000000e+04
1.702876562500000000e+04
1.740935156250000000e+04
1.515151171875000000e+04
1.649441015625000000e+04
1.985358789062500000e+04
1.637328320312500000e+04
1.798531835937500000e+04
1.779675585937500000e+04
1.708062500000000000e+04
1.579029101562500000e+04
1.594629492187500000e+04
1.867626757812500000e+04
1.930120898437500000e+04
1.763739062500000000e+04
1.843094140625000000e+04
1.742957226562500000e+04
1.601067480468750000e+04
1.785129882812500000e+04
1.687628515625000000e+04
1.518064746093750000e+04
1.952320312500000000e+04
1.940355273437500000e+04
1.746646679687500000e+04
1.717966015625000000e+04
1.649318164062500000e+04
1.705084375000000000e+04
1.723336914062500000e+04
1.969683593750000000e+04
1.817789843750000000e+04
1.839395117187500000e+04
1.685430078125000000e+04
1.722341406250000000e+04
1.722486132812500000e+04
1.722746679687500000e+04
1.728386523437500000e+04
2.018363671875000000e+04
1.703957812500000000e+04
1.756336523437500000e+04
1.794781640625000000e+04
1.800144335937500000e+04
1.883314843750000000e+04
1.713768750000000000e+04
1.880739453125000000e+04
1.735792968750000000e+04
1.536324316406250000e+04
1.686028906250000000e+04
1.634962890625000000e+04
1.865205664062500000e+04
1.657148632812500000e+04
1.516389062500000000e+04
1.831904101562500000e+04
1.866475781250000000e+04
1.674585156250000000e+04
1.691290429687500000e+04
1.814084179687500000e+04
1.858716992187500000e+04
1.749239062500000000e+04
1.941876171875000000e+04
1.727058984375000000e+04
1.976411523437500000e+04
1.649520507812500000e+04
1.582526367187500000e+04
1.619309960937500000e+04
1.648409960937500000e+04
1.723017382812500000e+04
1.761665625000000000e+04
1.981922656250000000e+04
1.998307226562500000e+04
1.546744531250000000e+04
1.807698046875000000e+04
1.849622265625000000e+04
1.676444335937500000e+04
1.600167187500000000e+04
1.780286523437500000e+04
1.829408984375000000e+04
1.791250976562500000e+04
1.806723632812500000e+04
1.666737500000000000e+04
1.902406835937500000e+04
1.945591406250000000e+04
1.513983886718750000e+04
1.779888867187500000e+04
1.552987011718750000e+04
1.735383984375000000e+04
1.673537500000000000e+04
1.630986425781250000e+04
1.735336523437500000e+04
1.739247460937500000e+04
1.657452148437500000e+04
1.605231738281250000e+04
1.787977929687500000e+04
1.827692382812500000e+04
1.909654101562500000e+04
1.530412890625000000e+04
1.645803320312500000e+04
1.681730859375000000e+04
1.850668554687500000e+04
1.641878125000000000e+04
1.987765429687500000e+04
1.708352929687500000e+04
1.773510546875000000e+04
1.856855468750000000e+04
1.613684960937500000e+04
1.761662695312500000e+04
1.672699609375000000e+04
1.659282031250000000e+04
1.693335156250000000e+04
1.726448437500000000e+04
1.771826171875000000e+04
1.638959765625000000e+04
1.839214453125000000e+04
1.770194140625000000e+04
1.891468750000000000e+04
1.656746679687500000e+04
2.003636328125000000e+04
1.621349121093750000e+04
1.664093554687500000e+04
1.729775781250000000e+04
1.771561132812500000e+04
1.717065039062500000e+04
1.798332812500000000e+04
1.630368945312500000e+04
1.658088281250000000e+04
1.548539843750000000e+04
1.594156640625000000e+04
1.581920214843750000e+04
1.755689062500000000e+04
1.923642578125000000e+04
1.686043554687500000e+04
1.523855957031250000e+04
1.914221289062500000e+04
1.792169140625000000e+04
1.819799804687500000e+04
2.119073046875000000e+04
1.548415625000000000e+04
1.681061914062500000e+04
1.722785546875000000e+04
1.854152148437500000e+04
2.052153320312500000e+04
1.836008203125000000e+04
1.799864453125000000e+04
1.656177734375000000e+04
1.679315234375000000e+04
1.975513867187500000e+04
1.830169335937500000e+04
1.634216210937500000e+04
1.581891894531250000e+04
1.754423437500000000e+04
1.760748242187500000e+04
1.839305078125000000e+04
1.708876953125000000e+04
1.535684765625000000e+04
1.742526757812500000e+04
1.936946875000000000e+04
1.790217187500000000e+04
1.799124804687500000e+04
2.080688476562500000e+04
1.748695703125000000e+04
1.805522265625000000e+04
1.789120507812500000e+04
1.837232812500000000e+04
1.721477734375000000e+04
1.788863281250000000e+04
1.846750781250000000e+04
1.646704296875000000e+04
1.759623046875000000e+04
1.816311132812500000e+04
1.796162109375000000e+04
1.654524804687500000e+04
1.693951171875000000e+04
1.907033398437500000e+04
1.753199023437500000e+04
1.633876171875000000e+04
1.802432226562500000e+04
1.767748046875000000e+04
1.686113671875000000e+04
1.780404687500000000e+04
1.653625390625000000e+04
1.875952734375000000e+04
1.723250585937500000e+04
1.814903320312500000e+04
1.882622851562500000e+04
1.642842578125000000e+04
1.776006640625000000e+04
1.700561132812500000e+04
1.697471093750000000e+04
1.808077539062500000e+04
1.750469921875000000e+04
1.712247460937500000e+04
1.818277539062500000e+04
1.909936328125000000e+04
1.591002441406250000e+04
1.800291796875000000e+04
1.640556445312500000e+04
1.835370312500000000e+04
1.835833984375000000e+04
1.579182226562500000e+04
1.745841992187500000e+04
1.907325585937500000e+04
1.740892773437500000e+04
1.666031445312500000e+04
1.730477734375000000e+04
1.548381542968750000e+04
1.853984570312500000e+04
1.660458398437500000e+04
1.548900976562500000e+04
1.880896484375000000e+04
1.602222070312500000e+04
1.766263867187500000e+04
1.867070703125000000e+04
1.987628320312500000e+04
1.755262695312500000e+04
1.710903710937500000e+04
1.736254882812500000e+04
1.738302343750000000e+04
1.743730273437500000e+04
1.887210546875000000e+04
1.710793164062500000e+04
1.686930664062500000e+04
1.609610742187500000e+04
1.722675390625000000e+04
1.636401367187500000e+04
1.741560156250000000e+04
1.761556640625000000e+04
1.770587304687500000e+04
1.652190625000000000e+04
1.444034082031250000e+04
1.752306250000000000e+04
1.854571289062500000e+04
1.618455664062500000e+04
1.879959765625000000e+04
1.447381152343750000e+04
1.742377929687500000e+04
1.720493945312500000e+04
1.559349316406250000e+04
1.666315625000000000e+04
1.832038867187500000e+04
1.757323632812500000e+04
1.652232421875000000e+04
1.887006640625000000e+04
1.727301562500000000e+04
1.575758105468750000e+04
1.942343554687500000e+04
1.632095703125000000e+04
1.634527246093750000e+04
1.897695117187500000e+04
1.727484375000000000e+04
1.431828320312500000e+04
1.977184765625000000e+04
1.615204492187500000e+04
1.609179687500000000e+04
1.924089453125000000e+04
1.628174707031250000e+04
1.888985742187500000e+04
1.582240039062500000e+04
1.790088867187500000e+04
1.669872460937500000e+04
1.771070507812500000e+04
1.787776562500000000e+04
1.642641210937500000e+04
1.899131054687500000e+04
1.821971093750000000e+04
1.736815625000000000e+04
1.748819921875000000e+04
1.764728125000000000e+04
1.692774414062500000e+04
1.811461523437500000e+04
1.797883984375000000e+04
1.928739257812500000e+04
1.968123046875000000e+04
1.661903320312500000e+04
1.643040820312500000e+04
1.536535546875000000e+04
1.737819335937500000e+04
1.545483203125000000e+04
1.978890234375000000e+04
1.895027929687500000e+04
1.907405078125000000e+04
1.875924609375000000e+04
1.966309570312500000e+04
1.779114843750000000e+04
1.785607617187500000e+04
1.944903906250000000e+04
1.710622851562500000e+04
1.645850585937500000e+04
1.695594726562500000e+04
1.698076171875000000e+04
1.764577929687500000e+04
1.677300390625000000e+04
2.008487109375000000e+04
1.718098437500000000e+04
1.782033007812500000e+04
1.720970312500000000e+04
1.864207812500000000e+04
1.638699218750000000e+04
1.674283593750000000e+04
1.599538183593750000e+04
1.672702343750000000e+04
1.743633984375000000e+04
1.806329101562500000e+04
1.586753417968750000e+04
1.923052929687500000e+04
1.855756835937500000e+04
1.788791601562500000e+04
1.687053320312500000e+04
1.957027539062500000e+04
1.748286523437500000e+04
1.688942773437500000e+04
1.871001953125000000e+04
1.775317968750000000e+04
1.566424609375000000e+04
1.835957421875000000e+04
1.805672656250000000e+04
1.929957226562500000e+04
1.765568554687500000e+04
1.890670703125000000e+04
1.637241601562500000e+04
1.700322851562500000e+04
1.805644726562500000e+04
1.648358593750000000e+04
1.678603710937500000e+04
1.771704882812500000e+04
1.626998144531250000e+04
1.818219921875000000e+04
1.637946679687500000e+04
1.617851171875000000e+04
1.782337890625000000e+04
1.607573730468750000e+04
1.822584570312500000e+04
1.792918750000000000e+04
1.736671484375000000e+04
1.619892773437500000e+04
1.790171484375000000e+04
1.887611328125000000e+04
1.674172851562500000e+04
1.728836718750000000e+04
1.799320117187500000e+04
1.700520312500000000e+04
1.858393359375000000e+04
1.977080859375000000e+04
1.727258007812500000e+04
1.623517968750000000e+04
1.701458593750000000e+04
1.924656250000000000e+04
1.860824414062500000e+04
1.962891601562500000e+04
1.535427050781250000e+04
1.723150976562500000e+04
1.588136523437500000e+04
1.697700390625000000e+04
1.664637304687500000e+04
1.744860742187500000e+04
1.739173046875000000e+04
1.835343945312500000e+04
1.796298632812500000e+04
1.699333007812500000e+04
1.734897851562500000e+04
1.838082617187500000e+04
1.924958007812500000e+04
1.677864453125000000e+04
1.643253320312500000e+04
1.818386718750000000e+04
1.777598437500000000e+04
1.759730078125000000e+04
1.636403125000000000e+04
1.849339843750000000e+04
1.837705273437500000e+04
1.617309765625000000e+04
1.755960742187500000e+04
1.838372656250000000e+04
1.649376757812500000e+04
1.788596093750000000e+04
1.692286914062500000e+04
1.733383593750000000e+04
2.044700000000000000e+04
1.426414843750000000e+04
1.714224414062500000e+04
1.660885937500000000e+04
1.576849804687500000e+04
1.930027343750000000e+04
1.905574218750000000e+04
1.789530078125000000e+04
1.879750000000000000e+04
1.704347265625000000e+04
1.903273437500000000e+04
1.678356250000000000e+04
1.611137988281250000e+04
1.694758203125000000e+04
1.924359179687500000e+04
1.607472167968750000e+04
1.825617382812500000e+04
1.727131250000000000e+04
1.824695898437500000e+04
1.809311523437500000e+04
1.834464453125000000e+04
1.729060742187500000e+04
1.592813574218750000e+04
1.787283007812500000e+04
1.862201562500000000e+04
1.667273828125000000e+04
1.833021875000000000e+04
1.760577539062500000e+04
1.751158007812500000e+04
1.766432031250000000e+04
1.813569921875000000e+04
1.670230273437500000e+04
1.871100585937500000e+04
1.641939453125000000e+04
2.112516601562500000e+04
1.767009765625000000e+04
1.768339062500000000e+04
1.967387500000000000e+04
1.684937304687500000e+04
2.009734179687500000e+04
1.777586132812500000e+04
1.868443750000000000e+04
2.033832226562500000e+04
1.754306835937500000e+04
1.558667480468750000e+04
1.749334960937500000e+04
1.665777148437500000e+04
2.038667968750000000e+04
1.870428710937500000e+04
1.980304687500000000e+04
1.805914648437500000e+04
1.680488671875000000e+04
1.624335644531250000e+04
1.772766601562500000e+04
1.925390234375000000e+04
1.778644726562500000e+04
1.655135546875000000e+04
1.741413281250000000e+04
1.927775195312500000e+04
1.785576953125000000e+04
1.731671093750000000e+04
1.813021093750000000e+04
1.787535937500000000e+04
1.696449414062500000e+04
1.713529882812500000e+04
1.768004492187500000e+04
1.692325390625000000e+04
1.754519140625000000e+04
1.738744921875000000e+04
1.742279492187500000e+04
1.817066015625000000e+04
1.780368554687500000e+04
1.697516406250000000e+04
1.603472265625000000e+04
1.987455078125000000e+04
1.696831445312500000e+04
1.960654296875000000e+04
1.986091992187500000e+04
1.638335742187500000e+04
1.719410351562500000e+04
1.900161328125000000e+04
1.692623046875000000e+04
1.628234570312500000e+04
1.639616796875000000e+04
1.760464453125000000e+04
1.782747460937500000e+04
1.641350390625000000e+04
1.681237304687500000e+04
1.739412109375000000e+04
1.782317382812500000e+04
1.891587500000000000e+04
1.809626953125000000e+04
1.768093554687500000e+04
1.726654296875000000e+04
1.838355859375000000e+04
1.719339257812500000e+04
1.808296875000000000e+04
1.765588281250000000e+04
1.708498828125000000e+04
1.932165039062500000e+04
1.635223144531250000e+04
1.738267382812500000e+04
1.764364453125000000e+04
1.971132031250000000e+04
1.624211523437500000e+04
1.979789648437500000e+04
1.720142187500000000e+04
1.705885937500000000e+04
2.009312109375000000e+04
1.859393359375000000e+04
1.671633789062500000e+04
1.976157226562500000e+04
1.757738867187500000e+04
1.634428320312500000e+04
1.690084179687500000e+04
1.638655859375000000e+04
1.743192382812500000e+04
1.903524414062500000e+04
1.708071875000000000e+04
1.767947265625000000e+04
1.785050976562500000e+04
1.867120703125000000e+04
1.884134375000000000e+04
1.840835742187500000e+04
1.746171484375000000e+04
1.666448437500000000e+04
1.601519628906250000e+04
1.737100390625000000e+04
1.724022851562500000e+04
1.879338085937500000e+04
1.715558984375000000e+04
1.944394531250000000e+04
1.752080859375000000e+04
1.682901953125000000e+04
2.068675781250000000e+04
1.961341210937500000e+04
1.706453320312500000e+04
1.915350000000000000e+04
1.845933203125000000e+04
1.845534179687500000e+04
1.759025000000000000e+04
1.661635937500000000e+04
1.686825781250000000e+04
1.733036914062500000e+04
1.654865039062500000e+04
1.679047851562500000e+04
1.794072265625000000e+04
1.715296484375000000e+04
2.073073828125000000e+04
1.915661523437500000e+04
1.685724414062500000e+04
1.861693359375000000e+04
1.912700390625000000e+04
1.741594531250000000e+04
1.653776367187500000e+04
1.865685156250000000e+04
1.961120507812500000e+04
1.682498632812500000e+04
1.830635742187500000e+04
1.577867187500000000e+04
1.577232910156250000e+04
1.590165039062500000e+04
1.806327343750000000e+04
1.774920703125000000e+04
1.892412109375000000e+04
1.926181445312500000e+04
1.645909765625000000e+04
1.884625585937500000e+04
1.618293554687500000e+04
1.682605078125000000e+04
1.790504296875000000e+04
1.463970117187500000e+04
1.627894726562500000e+04
1.756889453125000000e+04
1.722577734375000000e+04
1.593718750000000000e+04
1.632564648437500000e+04
1.435660644531250000e+04
1.697365234375000000e+04
1.881023242187500000e+04
1.757071093750000000e+04
1.791684960937500000e+04
1.678501562500000000e+04
1.913459960937500000e+04
1.806498632812500000e+04
1.808602734375000000e+04
1.810255078125000000e+04
1.645242382812500000e+04
1.717027343750000000e+04
1.832925781250000000e+04
1.713067578125000000e+04
1.660145507812500000e+04
1.964582226562500000e+04
1.683890429687500000e+04
1.781740429687500000e+04
1.645414648437500000e+04
1.671913476562500000e+04
1.760963671875000000e+04
1.799373828125000000e+04
1.705101757812500000e+04
1.764623046875000000e+04
1.766705078125000000e+04
1.710170312500000000e+04
1.971453125000000000e+04
1.660016210937500000e+04
1.832786328125000000e+04
1.854775000000000000e+04
1.930197265625000000e+04
1.985359765625000000e+04
1.928712695312500000e+04
1.761325390625000000e+04
1.804055664062500000e+04
1.709973242187500000e+04
1.905459960937500000e+04
1.652716796875000000e+04
1.826553710937500000e+04
1.817417578125000000e+04
1.825330078125000000e+04
1.841302734375000000e+04
1.910730078125000000e+04
1.595002441406250000e+04
1.749290234375000000e+04
1.656516406250000000e+04
1.884427148437500000e+04
1.692399804687500000e+04
1.983159179687500000e+04
1.567491308593750000e+04
1.842195507812500000e+04
1.734019140625000000e+04
1.704092187500000000e+04
1.965002734375000000e+04
1.476248535156250000e+04
1.594974218750000000e+04
1.813123437500000000e+04
1.789857617187500000e+04
1.737681835937500000e+04
1.643491406250000000e+04
1.638592968750000000e+04
1.851427734375000000e+04
1.810800781250000000e+04
1.908771679687500000e+04
1.598672363281250000e+04
1.853046484375000000e+04
1.696954492187500000e+04
1.564854394531250000e+04
1.928067382812500000e+04
1.789296679687500000e+04
1.730886914062500000e+04
1.654908398437500000e+04
1.568262304687500000e+04
1.657417968750000000e+04
1.590526269531250000e+04
1.762146093750000000e+04
1.795806250000000000e+04
1.690794531250000000e+04
1.472024316406250000e+04
1.948540820312500000e+04
1.846484375000000000e+04
1.648570703125000000e+04
1.827312695312500000e+04
1.608805566406250000e+04
1.546091992187500000e+04
1.431299414062500000e+04
1.799529882812500000e+04
1.935634375000000000e+04
1.636921289062500000e+04
1.805145117187500000e+04
1.791744140625000000e+04
1.641530664062500000e+04
1.651343164062500000e+04
1.610469042968750000e+04
1.861610156250000000e+04
1.781958789062500000e+04
1.835909375000000000e+04
1.739100976562500000e+04
1.756137500000000000e+04
1.921133007812500000e+04
1.771209570312500000e+04
1.638961132812500000e+04
1.789892187500000000e+04
1.882080078125000000e+04
1.544548632812500000e+04
2.034302539062500000e+04
1.795121484375000000e+04
1.545355664062500000e+04
1.726328125000000000e+04
1.742157031250000000e+04
1.791122851562500000e+04
1.835195703125000000e+04
1.723270898437500000e+04
1.732553515625000000e+04
1.687311132812500000e+04
1.775696484375000000e+04
1.776604687500000000e+04
1.665988085937500000e+04
1.734966015625000000e+04
1.706613476562500000e+04
1.821670312500000000e+04
1.928225585937500000e+04
1.639337109375000000e+04
1.719490625000000000e+04
1.845467187500000000e+04
1.623058984375000000e+04
1.878457226562500000e+04
1.819108203125000000e+04
1.711574218750000000e+04
1.685225781250000000e+04
1.720706640625000000e+04
1.573026855468750000e+04
1.640147460937500000e+04
1.734557226562500000e+04
1.795034960937500000e+04
1.789167187500000000e+04
1.783363476562500000e+04
1.599971191406250000e+04
1.656826171875000000e+04
1.822020898437500000e+04
1.608330175781250000e+04
1.635383593750000000e+04
1.817843945312500000e+04
1.469510351562500000e+04
1.813825585937500000e+04
1.828337109375000000e+04
1.738948828125000000e+04
1.943894531250000000e+04
1.846683984375000000e+04
1.736800390625000000e+04
1.714371093750000000e+04
1.586407421875000000e+04
1.692447070312500000e+04
1.953676953125000000e+04
1.864941796875000000e+04
1.702874023437500000e+04
1.556904687500000000e+04
1.803085351562500000e+04
1.808899804687500000e+04
1.735121093750000000e+04
1.640511132812500000e+04
1.635954296875000000e+04
1.642878320312500000e+04
1.700012695312500000e+04
1.586912109375000000e+04
1.676522851562500000e+04
1.844949609375000000e+04
1.573610156250000000e+04
2.048454296875000000e+04
1.559401074218750000e+04
1.868726953125000000e+04
1.670110351562500000e+04
1.536583398437500000e+04
1.820289843750000000e+04
1.886225000000000000e+04
1.919579882812500000e+04
1.859619531250000000e+04
1.597190234375000000e+04
1.969236328125000000e+04
1.682824218750000000e+04
1.683929687500000000e+04
1.839820703125000000e+04
1.722389648437500000e+04
1.807779101562500000e+04
1.728076562500000000e+04
1.699628515625000000e+04
1.668922070312500000e+04
1.647725781250000000e+04
1.605588378906250000e+04
1.589256445312500000e+04
1.786067968750000000e+04
1.736362304687500000e+04
1.745850585937500000e+04
1.774969531250000000e+04
1.655996875000000000e+04
1.756928906250000000e+04
1.758805468750000000e+04
1.936919726562500000e+04
1.749112109375000000e+04
1.860641015625000000e+04
1.702289257812500000e+04
1.956670507812500000e+04
1.650978320312500000e+04
1.804372265625000000e+04
1.863776953125000000e+04
1.791287500000000000e+04
1.614652636718750000e+04
1.615617578125000000e+04
1.789787304687500000e+04
1.719535742187500000e+04
1.732723437500000000e+04
1.698554101562500000e+04
1.677493164062500000e+04
1.865821679687500000e+04
1.694696679687500000e+04
1.699400390625000000e+04
1.637318164062500000e+04
1.784064453125000000e+04
1.665277539062500000e+04
1.592156738281250000e+04
1.812943554687500000e+04
1.803443750000000000e+04
1.733512304687500000e+04
1.863540429687500000e+04
1.828011328125000000e+04
1.872854296875000000e+04
1.733071093750000000e+04
1.830520898437500000e+04
1.756560156250000000e+04
1.693725195312500000e+04
1.811708789062500000e+04
1.497613281250000000e+04
1.892180468750000000e+04
1.703332226562500000e+04
1.680627539062500000e+04
1.615288671875000000e+04
1.742210351562500000e+04
1.580549511718750000e+04
1.988090820312500000e+04
1.617008105468750000e+04
1.837326953125000000e+04
1.669041210937500000e+04
1.729706640625000000e+04
1.668575585937500000e+04
1.812082421875000000e+04
1.768455273437500000e+04
1.669450781250000000e+04
1.892539257812500000e+04
1.825662500000000000e+04
1.828956640625000000e+04
1.652613281250000000e+04
1.709320507812500000e+04
1.676420898437500000e+04
1.856740625000000000e+04
1.653262500000000000e+04
1.921135937500000000e+04
1.807864257812500000e+04
1.666528710937500000e+04
1.651462500000000000e+04
1.820727734375000000e+04
1.661868359375000000e+04
1.677093359375000000e+04
1.883560351562500000e+04
1.769840625000000000e+04
1.562319824218750000e+04
1.759118554687500000e+04
1.815849804687500000e+04
1.668306445312500000e+04
1.919776757812500000e+04
1.764849023437500000e+04
1.762955859375000000e+04
1.750832421875000000e+04
1.728777343750000000e+04
1.804841796875000000e+04
1.727813085937500000e+04
1.727435156250000000e+04
1.683550195312500000e+04
1.769564257812500000e+04
2.053204296875000000e+04
1.778356445312500000e+04
1.753437304687500000e+04
1.758278515625000000e+04
1.765007421875000000e+04
1.738618554687500000e+04
1.699262890625000000e+04
1.636786914062500000e+04
1.892371679687500000e+04
1.724867382812500000e+04
1.766808789062500000e+04
1.703650781250000000e+04
1.740517968750000000e+04
1.709440820312500000e+04
1.819284960937500000e+04
1.724592968750000000e+04
1.723941796875000000e+04
1.699671484375000000e+04
1.850511914062500000e+04
1.568835742187500000e+04
1.685738281250000000e+04
1.803178125000000000e+04
1.742341406250000000e+04
1.698301953125000000e+04
1.887254687500000000e+04
2.068362500000000000e+04
1.786395703125000000e+04
1.786813671875000000e+04
1.736358789062500000e+04
1.921041601562500000e+04
1.555263769531250000e+04
1.758481250000000000e+04
1.832461718750000000e+04
1.652546093750000000e+04
1.645368945312500000e+04
1.828294726562500000e+04
1.735840039062500000e+04
1.640594140625000000e+04
1.777502148437500000e+04
1.574526757812500000e+04
1.574563671875000000e+04
1.515047265625000000e+04
1.759978906250000000e+04
1.772166992187500000e+04
1.676641015625000000e+04
1.763974609375000000e+04
1.808287304687500000e+04
1.857574023437500000e+04
1.814318945312500000e+04
1.842620703125000000e+04
1.755926953125000000e+04
1.756718750000000000e+04
1.654480273437500000e+04
1.744148046875000000e+04
1.805819921875000000e+04
1.820344335937500000e+04
1.984575390625000000e+04
1.677251562500000000e+04
1.634846289062500000e+04
1.639484179687500000e+04
1.764914843750000000e+04
1.638700585937500000e+04
1.792624804687500000e+04
1.855300781250000000e+04
1.872842578125000000e+04
1.742135742187500000e+04
1.824538281250000000e+04
1.713305859375000000e+04
1.858452343750000000e+04
1.703248437500000000e+04
1.701094140625000000e+04
1.645925000000000000e+04
1.883810156250000000e+04
1.775927343750000000e+04
1.785555859375000000e+04
1.661304492187500000e+04
1.721063867187500000e+04
1.646404101562500000e+04
1.651185937500000000e+04
1.901146679687500000e+04
1.545857031250000000e+04
1.702124218750000000e+04
1.823955664062500000e+04
1.779542578125000000e+04
1.818627734375000000e+04
1.589969140625000000e+04
1.854322656250000000e+04
1.893480273437500000e+04
1.631731250000000000e+04
1.750355664062500000e+04
1.647235546875000000e+04
1.631757714843750000e+04
1.783511132812500000e+04
1.490892578125000000e+04
1.669340234375000000e+04
1.794735546875000000e+04
1.630565039062500000e+04
1.840471679687500000e+04
1.925591210937500000e+04
1.604217578125000000e+04
1.772538281250000000e+04
1.677356054687500000e+04
1.909792968750000000e+04
1.703983398437500000e+04
1.655821093750000000e+04
1.728967187500000000e+04
1.678005859375000000e+04
1.745504492187500000e+04
1.625030664062500000e+04
