4.481324473059315096e+03
2.520786815206639403e+03
2.247872437162358779e+02
1.544120118715519084e+03
6.357371949314304402e+03
4.133527481952179187e+03
7.124786561343391895e+02
3.655242673903924697e+03
3.966571784544044021e+03
2.405916386995532321e+03
4.335356722403706044e+03
2.704927073710508466e+03
4.632989473162640934e+03
6.007550672878499427e+03
5.457157276527925205e+03
3.222898105693971047e+03
1.766912509395805728e+03
1.600994177514908642e+03
6.760851574120868463e+03
1.012565711924634002e+03
3.468678031069315239e+03
5.238339169410272916e+03
2.658714430322181670e+03
4.344699409478870621e+03
2.407979429015579626e+03
1.172898235915618443e+03
4.351325990402256139e+03
1.076683955581525396e+02
4.978809267552771303e+02
4.596221688064897535e+03
