1.299300476266244659e+05
6.117693838545247854e+04
1.379786269462873170e+05
1.230689783614371554e+05
2.103873480731047457e+05
1.311695852873456315e+05
6.801885503396624699e+04
7.812766029649875418e+04
1.170711675230675610e+05
1.300421561419697391e+05
9.534318618122542102e+04
1.311181833499213681e+05
1.490754339253569779e+05
1.741636596329590539e+05
1.684815625407882035e+05
1.514133603951453406e+05
1.455680018472544034e+05
2.429600586978929059e+05
2.004238312820030551e+05
8.284880764255026588e+04
1.374086774937355076e+05
1.855968979810428864e+05
1.220974979906687222e+05
2.098186036325657333e+05
1.559003244219622866e+05
1.909430504032091994e+05
2.046111030749261845e+05
1.462044542176180694e+05
1.492974297362943762e+05
1.995025889340038411e+05
