6.805558105468750000e+03
1.378222753906250000e+04
2.477042187500000000e+04
2.879973828125000000e+04
3.703962109375000000e+04
3.255366015625000000e+04
3.711453515625000000e+04
3.834199609375000000e+04
4.209284375000000000e+04
4.318338281250000000e+04
4.074262890625000000e+04
4.331644531250000000e+04
4.616783203125000000e+04
5.199538281250000000e+04
4.974435156250000000e+04
5.141258203125000000e+04
5.399859375000000000e+04
5.326267187500000000e+04
5.735026562500000000e+04
5.170322656250000000e+04
6.245985156250000000e+04
5.335318750000000000e+04
5.688069531250000000e+04
6.167771484375000000e+04
6.414335546875000000e+04
6.699939062500000000e+04
6.226911718750000000e+04
6.465269531250000000e+04
6.281697265625000000e+04
6.798228906250000000e+04
7.443307812500000000e+04
6.691492187500000000e+04
6.265518750000000000e+04
6.481289062500000000e+04
7.093760156250000000e+04
6.758936718750000000e+04
6.947438281250000000e+04
7.720356250000000000e+04
6.997225000000000000e+04
7.762432812500000000e+04
8.756107812500000000e+04
8.927909375000000000e+04
7.721609375000000000e+04
9.054929687500000000e+04
9.623434375000000000e+04
8.167633593750000000e+04
8.748310937500000000e+04
1.082148281250000000e+05
9.259410937500000000e+04
9.921046875000000000e+04
9.444540625000000000e+04
1.005624453125000000e+05
8.856567968750000000e+04
1.038097578125000000e+05
9.918761718750000000e+04
1.027097656250000000e+05
9.333848437500000000e+04
1.225287968750000000e+05
9.896694531250000000e+04
1.064230312500000000e+05
1.006029296875000000e+05
1.033726562500000000e+05
1.262814531250000000e+05
1.247844296875000000e+05
1.283517968750000000e+05
1.244712890625000000e+05
1.213785000000000000e+05
1.098176093750000000e+05
1.090413515625000000e+05
1.040631796875000000e+05
1.279515312500000000e+05
1.112879531250000000e+05
1.172087812500000000e+05
9.666845312500000000e+04
1.095815625000000000e+05
1.043291093750000000e+05
1.384376562500000000e+05
1.049101484375000000e+05
1.047022109375000000e+05
9.722220312500000000e+04
1.216297500000000000e+05
1.129041953125000000e+05
1.056400156250000000e+05
1.133539218750000000e+05
1.253183984375000000e+05
1.188025937500000000e+05
1.381011093750000000e+05
1.247248906250000000e+05
1.205063437500000000e+05
1.049050390625000000e+05
1.032047656250000000e+05
1.451330312500000000e+05
1.119562343750000000e+05
1.197619531250000000e+05
1.099798593750000000e+05
1.254209843750000000e+05
1.205452265625000000e+05
1.091682031250000000e+05
1.154027578125000000e+05
1.201951093750000000e+05
1.261306328125000000e+05
1.230920625000000000e+05
9.594456250000000000e+04
1.147582031250000000e+05
7.088858593750000000e+04
1.018342500000000000e+05
1.132842187500000000e+05
9.393225781250000000e+04
1.010168750000000000e+05
1.292733750000000000e+05
1.005572031250000000e+05
1.229520156250000000e+05
1.130023750000000000e+05
1.004809140625000000e+05
1.137157109375000000e+05
8.854703906250000000e+04
9.204021875000000000e+04
8.354320312500000000e+04
1.079275781250000000e+05
8.402294531250000000e+04
1.160876093750000000e+05
1.093401796875000000e+05
1.123270468750000000e+05
8.825718750000000000e+04
9.776553125000000000e+04
9.660128906250000000e+04
9.845107812500000000e+04
7.452419531250000000e+04
8.440045312500000000e+04
6.255021093750000000e+04
1.060346953125000000e+05
7.270209375000000000e+04
7.668061718750000000e+04
6.309364453125000000e+04
8.245544531250000000e+04
9.498387500000000000e+04
6.625268750000000000e+04
9.883465625000000000e+04
6.754589062500000000e+04
5.420400000000000000e+04
5.730310156250000000e+04
7.917717968750000000e+04
9.545679687500000000e+04
7.024500000000000000e+04
8.065200000000000000e+04
8.541085937500000000e+04
6.843869531250000000e+04
7.214953906250000000e+04
7.680515625000000000e+04
7.642336718750000000e+04
8.801525000000000000e+04
6.065532421875000000e+04
7.628151562500000000e+04
6.338460937500000000e+04
5.224568750000000000e+04
4.242077734375000000e+04
5.956899609375000000e+04
4.735217578125000000e+04
7.413377343750000000e+04
4.907786718750000000e+04
5.146191015625000000e+04
5.848470703125000000e+04
5.790545312500000000e+04
4.389400781250000000e+04
7.841110156250000000e+04
5.482605859375000000e+04
5.943187500000000000e+04
5.306404296875000000e+04
6.458342968750000000e+04
3.420427343750000000e+04
6.309357812500000000e+04
3.754250000000000000e+04
3.863017187500000000e+04
3.797187500000000000e+04
3.440885156250000000e+04
3.244203125000000000e+04
3.731473828125000000e+04
4.624463281250000000e+04
3.124451562500000000e+04
3.888119140625000000e+04
6.023083593750000000e+04
4.274251562500000000e+04
3.764425781250000000e+04
3.518858984375000000e+04
4.159880468750000000e+04
4.527417968750000000e+04
3.421491406250000000e+04
4.352399218750000000e+04
3.895819531250000000e+04
3.337469921875000000e+04
3.807363671875000000e+04
3.789685156250000000e+04
3.370062500000000000e+04
3.751621875000000000e+04
4.063748437500000000e+04
2.811926953125000000e+04
3.357233593750000000e+04
2.522203125000000000e+04
4.144179687500000000e+04
3.909929687500000000e+04
2.564786328125000000e+04
2.924841210937500000e+04
3.474577734375000000e+04
3.147835937500000000e+04
2.608364648437500000e+04
2.717587109375000000e+04
2.272691796875000000e+04
2.920338085937500000e+04
3.788565234375000000e+04
3.168277343750000000e+04
4.119399609375000000e+04
3.310494531250000000e+04
3.462275000000000000e+04
3.391910156250000000e+04
3.930588281250000000e+04
3.655180078125000000e+04
2.964005078125000000e+04
3.046229492187500000e+04
2.689401562500000000e+04
3.433379687500000000e+04
2.538008203125000000e+04
2.605664648437500000e+04
2.231504296875000000e+04
2.472374218750000000e+04
2.208833203125000000e+04
1.639336328125000000e+04
1.868231445312500000e+04
2.083863671875000000e+04
2.117077734375000000e+04
2.040800195312500000e+04
2.811820117187500000e+04
1.980316015625000000e+04
1.860033398437500000e+04
1.712353906250000000e+04
1.337308984375000000e+04
2.049014648437500000e+04
2.107145312500000000e+04
1.624618652343750000e+04
2.191090234375000000e+04
1.634147558593750000e+04
1.743042968750000000e+04
1.365090820312500000e+04
1.990795703125000000e+04
2.253308593750000000e+04
2.823189843750000000e+04
1.637512988281250000e+04
1.762937890625000000e+04
1.584769531250000000e+04
1.531152050781250000e+04
1.395020898437500000e+04
1.875625000000000000e+04
1.550109375000000000e+04
1.714127539062500000e+04
1.481542089843750000e+04
1.290725878906250000e+04
1.091797070312500000e+04
1.336464746093750000e+04
1.559295312500000000e+04
1.406776171875000000e+04
2.164563476562500000e+04
1.821125976562500000e+04
1.625321289062500000e+04
1.518715234375000000e+04
1.579254687500000000e+04
1.288834277343750000e+04
1.496754980468750000e+04
1.589238281250000000e+04
1.937958007812500000e+04
1.616129687500000000e+04
2.018475000000000000e+04
1.364607421875000000e+04
1.703042187500000000e+04
1.443630078125000000e+04
1.354355468750000000e+04
9.985959960937500000e+03
1.216399609375000000e+04
1.440804296875000000e+04
1.283180468750000000e+04
1.299074121093750000e+04
1.249185742187500000e+04
1.554262695312500000e+04
1.710235742187500000e+04
2.105801171875000000e+04
1.705667187500000000e+04
1.286209667968750000e+04
2.046706250000000000e+04
1.132826953125000000e+04
1.419129882812500000e+04
2.169306250000000000e+04
1.895045312500000000e+04
1.507283203125000000e+04
1.128166699218750000e+04
1.201323925781250000e+04
1.123392187500000000e+04
1.285153320312500000e+04
9.988804687500000000e+03
1.085183789062500000e+04
1.165833105468750000e+04
1.214278515625000000e+04
1.579974023437500000e+04
2.444285156250000000e+04
9.501305664062500000e+03
1.418518164062500000e+04
1.253324902343750000e+04
2.266185546875000000e+04
1.754033789062500000e+04
1.570099707031250000e+04
1.886005664062500000e+04
1.102641210937500000e+04
1.990153125000000000e+04
9.785542968750000000e+03
1.592658593750000000e+04
2.359336718750000000e+04
1.239879882812500000e+04
2.117858398437500000e+04
1.059854882812500000e+04
1.664359179687500000e+04
1.141612402343750000e+04
1.479181445312500000e+04
1.533666601562500000e+04
1.307566992187500000e+04
1.050598046875000000e+04
1.279702539062500000e+04
1.731752343750000000e+04
1.229328906250000000e+04
1.395208203125000000e+04
2.403620312500000000e+04
1.536473828125000000e+04
1.533048242187500000e+04
2.044678320312500000e+04
1.582789062500000000e+04
8.811066406250000000e+03
8.556761718750000000e+03
1.305747656250000000e+04
1.447339453125000000e+04
1.338480468750000000e+04
1.148914843750000000e+04
1.359579687500000000e+04
1.210129882812500000e+04
1.813934570312500000e+04
2.090192773437500000e+04
1.236885742187500000e+04
8.300137695312500000e+03
2.254763281250000000e+04
1.327198437500000000e+04
1.731729882812500000e+04
1.627872656250000000e+04
1.620690820312500000e+04
1.213767578125000000e+04
1.337101367187500000e+04
1.468383203125000000e+04
2.759854492187500000e+04
9.617000976562500000e+03
1.704296093750000000e+04
1.579166015625000000e+04
1.120096679687500000e+04
1.904746484375000000e+04
2.568652539062500000e+04
2.494895312500000000e+04
1.790856250000000000e+04
1.931939453125000000e+04
1.453288281250000000e+04
2.311386132812500000e+04
1.235742773437500000e+04
2.457619335937500000e+04
1.544787695312500000e+04
2.325882812500000000e+04
2.685966992187500000e+04
2.630912500000000000e+04
1.580543554687500000e+04
2.445844335937500000e+04
1.862533007812500000e+04
1.441162304687500000e+04
2.823519921875000000e+04
2.511577734375000000e+04
2.537093164062500000e+04
1.756872265625000000e+04
1.431370898437500000e+04
1.678037695312500000e+04
1.478797265625000000e+04
1.971129687500000000e+04
1.563471093750000000e+04
1.621807812500000000e+04
2.428773828125000000e+04
3.609394140625000000e+04
1.545701269531250000e+04
1.363715722656250000e+04
2.274596289062500000e+04
1.487954101562500000e+04
2.741936328125000000e+04
1.674230078125000000e+04
1.834626171875000000e+04
1.490201855468750000e+04
1.524220507812500000e+04
1.564246191406250000e+04
1.288005078125000000e+04
1.043061328125000000e+04
2.765501757812500000e+04
1.437593750000000000e+04
3.017812695312500000e+04
1.964408203125000000e+04
1.323824414062500000e+04
1.157807421875000000e+04
2.246513671875000000e+04
1.531272460937500000e+04
1.832974804687500000e+04
9.430808593750000000e+03
1.364195117187500000e+04
1.561206835937500000e+04
1.278208007812500000e+04
2.142229492187500000e+04
7.468603515625000000e+03
1.535382910156250000e+04
1.690525390625000000e+04
1.679924023437500000e+04
1.925373828125000000e+04
1.238056640625000000e+04
1.203455957031250000e+04
2.840806250000000000e+04
1.613048242187500000e+04
1.369155859375000000e+04
9.373988281250000000e+03
1.549686718750000000e+04
1.595249316406250000e+04
1.050345312500000000e+04
2.582542382812500000e+04
9.222031250000000000e+03
8.288820312500000000e+03
2.272310937500000000e+04
1.589145312500000000e+04
6.842652343750000000e+03
1.794512304687500000e+04
1.759527539062500000e+04
1.407356054687500000e+04
1.447607421875000000e+04
1.176010937500000000e+04
1.565152636718750000e+04
2.185862500000000000e+04
8.084104003906250000e+03
1.113637109375000000e+04
1.425790234375000000e+04
8.694777343750000000e+03
9.111242187500000000e+03
1.244304882812500000e+04
1.304240234375000000e+04
6.845992675781250000e+03
8.222764648437500000e+03
1.866296289062500000e+04
9.461146484375000000e+03
9.304351562500000000e+03
1.351132617187500000e+04
6.735994628906250000e+03
8.410391601562500000e+03
8.315078125000000000e+03
3.006886328125000000e+04
8.795240234375000000e+03
5.223608886718750000e+03
6.162608398437500000e+03
2.589023437500000000e+04
1.340017382812500000e+04
1.239219335937500000e+04
1.585196679687500000e+04
1.750712304687500000e+04
1.654179296875000000e+04
1.244240722656250000e+04
9.469539062500000000e+03
9.496272460937500000e+03
1.127573828125000000e+04
1.626405957031250000e+04
2.053908789062500000e+04
1.095581640625000000e+04
8.120691894531250000e+03
1.051845312500000000e+04
7.871979980468750000e+03
2.242964062500000000e+04
1.042460156250000000e+04
1.511457226562500000e+04
7.197206054687500000e+03
8.372083007812500000e+03
1.880944140625000000e+04
1.996324023437500000e+04
1.044925097656250000e+04
2.626238085937500000e+04
8.190318359375000000e+03
7.855418945312500000e+03
7.282759765625000000e+03
2.309249609375000000e+04
1.408445507812500000e+04
7.474114257812500000e+03
9.963226562500000000e+03
6.622637207031250000e+03
1.440461035156250000e+04
7.813165039062500000e+03
6.497411132812500000e+03
8.131946777343750000e+03
8.159819335937500000e+03
1.390650097656250000e+04
5.798846679687500000e+03
6.294534667968750000e+03
9.140995117187500000e+03
7.435436523437500000e+03
1.640943359375000000e+04
1.045477636718750000e+04
6.248590332031250000e+03
8.352975585937500000e+03
1.122897656250000000e+04
1.808060156250000000e+04
8.715905273437500000e+03
1.033717089843750000e+04
6.435558105468750000e+03
1.101448828125000000e+04
1.172139160156250000e+04
6.868075195312500000e+03
6.466427734375000000e+03
6.380493164062500000e+03
8.921896484375000000e+03
8.008328613281250000e+03
9.192802734375000000e+03
1.571443457031250000e+04
7.460141601562500000e+03
5.157543945312500000e+03
6.981860351562500000e+03
7.388505859375000000e+03
1.658917578125000000e+04
1.910848632812500000e+04
5.025758789062500000e+03
1.736673437500000000e+04
7.758899414062500000e+03
6.536309570312500000e+03
9.928126953125000000e+03
8.121050781250000000e+03
1.280065625000000000e+04
7.495479980468750000e+03
9.406045898437500000e+03
7.406140625000000000e+03
6.723935546875000000e+03
1.353132421875000000e+04
1.498739453125000000e+04
1.368692187500000000e+04
7.436637695312500000e+03
9.318172851562500000e+03
8.438681640625000000e+03
9.592363281250000000e+03
1.412745605468750000e+04
1.659829296875000000e+04
1.757728906250000000e+04
6.252176269531250000e+03
4.603626953125000000e+03
8.451068359375000000e+03
4.898035644531250000e+03
7.082056640625000000e+03
1.034215234375000000e+04
9.275493164062500000e+03
4.896125000000000000e+03
1.276651953125000000e+04
4.577541992187500000e+03
1.634303515625000000e+04
8.769929687500000000e+03
7.030802734375000000e+03
7.097629882812500000e+03
8.374988281250000000e+03
8.545471679687500000e+03
9.553085937500000000e+03
9.119273437500000000e+03
7.529658203125000000e+03
1.251386328125000000e+04
1.318826171875000000e+04
9.410511718750000000e+03
1.100926562500000000e+04
1.306546777343750000e+04
1.033207128906250000e+04
9.544857421875000000e+03
6.597744140625000000e+03
7.798594726562500000e+03
1.114753515625000000e+04
1.690887304687500000e+04
1.061569335937500000e+04
1.138942968750000000e+04
1.509320898437500000e+04
1.071543554687500000e+04
1.222792089843750000e+04
9.316356445312500000e+03
2.544774609375000000e+04
9.149485351562500000e+03
1.306936035156250000e+04
6.077200195312500000e+03
1.342447363281250000e+04
1.006751074218750000e+04
6.881562500000000000e+03
8.043624511718750000e+03
8.564574218750000000e+03
1.290654687500000000e+04
9.848921875000000000e+03
1.770808789062500000e+04
1.059774511718750000e+04
6.744227539062500000e+03
7.966822753906250000e+03
1.141981347656250000e+04
1.183600390625000000e+04
7.540514160156250000e+03
1.056901660156250000e+04
1.251151953125000000e+04
9.584863281250000000e+03
7.218458007812500000e+03
5.347850097656250000e+03
1.030082714843750000e+04
5.762798828125000000e+03
5.477056152343750000e+03
8.325903320312500000e+03
7.157063476562500000e+03
9.093793945312500000e+03
5.167087402343750000e+03
7.831750000000000000e+03
7.940630371093750000e+03
6.366609375000000000e+03
9.869820312500000000e+03
8.205140625000000000e+03
5.337670898437500000e+03
8.530724609375000000e+03
6.683248046875000000e+03
1.141980957031250000e+04
6.576813476562500000e+03
6.492957519531250000e+03
4.678410644531250000e+03
6.788700195312500000e+03
8.486027343750000000e+03
5.774490722656250000e+03
5.608253906250000000e+03
8.431698242187500000e+03
6.858707519531250000e+03
1.469387500000000000e+04
5.900854980468750000e+03
6.445710449218750000e+03
9.905334960937500000e+03
6.160343750000000000e+03
5.791454589843750000e+03
6.002264648437500000e+03
1.029382812500000000e+04
7.489637207031250000e+03
1.300971484375000000e+04
9.320370117187500000e+03
8.427108398437500000e+03
7.929316406250000000e+03
6.383684570312500000e+03
6.377229492187500000e+03
4.925914062500000000e+03
6.842901367187500000e+03
7.662431640625000000e+03
5.747280761718750000e+03
6.746790527343750000e+03
7.219416503906250000e+03
7.033978027343750000e+03
6.082668945312500000e+03
7.203234375000000000e+03
6.711629882812500000e+03
8.370384765625000000e+03
7.422592285156250000e+03
7.792345214843750000e+03
9.062827148437500000e+03
5.157074707031250000e+03
6.916852539062500000e+03
7.116990722656250000e+03
8.997409179687500000e+03
9.626245117187500000e+03
7.515871093750000000e+03
7.576169921875000000e+03
7.470946289062500000e+03
9.380030273437500000e+03
6.241194335937500000e+03
7.033710449218750000e+03
5.444526855468750000e+03
8.157165039062500000e+03
5.423850585937500000e+03
6.507029296875000000e+03
8.268738281250000000e+03
8.373349609375000000e+03
8.086761718750000000e+03
8.041164550781250000e+03
8.676556640625000000e+03
7.748735839843750000e+03
9.387871093750000000e+03
6.993969726562500000e+03
8.337590820312500000e+03
5.716798339843750000e+03
6.652295898437500000e+03
7.615237304687500000e+03
5.870319824218750000e+03
5.000496582031250000e+03
6.516738769531250000e+03
5.208683593750000000e+03
9.602055664062500000e+03
6.521347656250000000e+03
7.180314941406250000e+03
8.518250000000000000e+03
9.650301757812500000e+03
8.678460937500000000e+03
9.711652343750000000e+03
1.101268652343750000e+04
6.147763671875000000e+03
7.267154296875000000e+03
6.258263183593750000e+03
6.902811035156250000e+03
6.337175781250000000e+03
7.973903320312500000e+03
7.089421875000000000e+03
7.393575195312500000e+03
6.877702148437500000e+03
6.880528320312500000e+03
8.769224609375000000e+03
6.195769531250000000e+03
7.530036132812500000e+03
5.842772460937500000e+03
7.071108398437500000e+03
7.622541015625000000e+03
6.540976562500000000e+03
7.293337890625000000e+03
6.109135742187500000e+03
6.422531738281250000e+03
6.664400390625000000e+03
6.401783203125000000e+03
9.109146484375000000e+03
7.228676757812500000e+03
7.340384765625000000e+03
8.734413085937500000e+03
8.225808593750000000e+03
5.866373046875000000e+03
5.117083007812500000e+03
5.769461914062500000e+03
5.561442382812500000e+03
6.898018066406250000e+03
7.251283203125000000e+03
5.850053710937500000e+03
5.447275878906250000e+03
5.592481933593750000e+03
5.803130859375000000e+03
5.530696289062500000e+03
7.835628417968750000e+03
7.003815429687500000e+03
7.684564941406250000e+03
7.801779296875000000e+03
5.241459960937500000e+03
5.496216796875000000e+03
5.815852539062500000e+03
5.161192382812500000e+03
6.116977539062500000e+03
4.992713867187500000e+03
5.417223144531250000e+03
4.812628906250000000e+03
6.534408203125000000e+03
4.996900390625000000e+03
6.251520507812500000e+03
5.652613281250000000e+03
6.123674804687500000e+03
5.384492187500000000e+03
5.253903808593750000e+03
5.604701171875000000e+03
6.000650878906250000e+03
5.891262695312500000e+03
9.079568359375000000e+03
6.068671875000000000e+03
4.630696289062500000e+03
5.925106445312500000e+03
5.930039062500000000e+03
5.362546875000000000e+03
5.281208496093750000e+03
4.809261718750000000e+03
6.586122558593750000e+03
5.056111816406250000e+03
4.862008789062500000e+03
8.913259765625000000e+03
5.331852539062500000e+03
5.563651855468750000e+03
4.266272460937500000e+03
5.019988769531250000e+03
4.819155273437500000e+03
4.022765136718750000e+03
6.272796875000000000e+03
4.254099609375000000e+03
4.684863281250000000e+03
4.790344238281250000e+03
4.896148925781250000e+03
5.156246093750000000e+03
5.359495117187500000e+03
6.366863281250000000e+03
5.909734863281250000e+03
5.131466796875000000e+03
7.901764648437500000e+03
5.083784667968750000e+03
5.360373046875000000e+03
5.707460449218750000e+03
5.807632324218750000e+03
4.406020507812500000e+03
5.171239746093750000e+03
4.800149414062500000e+03
4.305630859375000000e+03
4.200703125000000000e+03
4.363254882812500000e+03
3.848320800781250000e+03
4.834606933593750000e+03
6.605070312500000000e+03
5.561774902343750000e+03
4.302866699218750000e+03
4.757208007812500000e+03
5.718936523437500000e+03
4.006866699218750000e+03
4.935488281250000000e+03
5.637350097656250000e+03
5.500116210937500000e+03
1.000848535156250000e+04
4.815192871093750000e+03
7.948207519531250000e+03
4.775603515625000000e+03
4.734039062500000000e+03
3.946477294921875000e+03
4.587817382812500000e+03
7.852573242187500000e+03
4.470921875000000000e+03
3.899181884765625000e+03
4.939409179687500000e+03
8.230774414062500000e+03
5.486159179687500000e+03
5.298712402343750000e+03
4.583538085937500000e+03
3.390354980468750000e+03
3.442394042968750000e+03
4.459531250000000000e+03
5.560473144531250000e+03
5.081601074218750000e+03
3.988995605468750000e+03
4.332380371093750000e+03
4.250808593750000000e+03
3.552791992187500000e+03
4.038229492187500000e+03
4.880645507812500000e+03
3.727075195312500000e+03
3.395114746093750000e+03
8.441234375000000000e+03
4.449959960937500000e+03
6.442121582031250000e+03
4.494744140625000000e+03
4.132139160156250000e+03
5.412161621093750000e+03
4.019174316406250000e+03
4.796092773437500000e+03
6.300034179687500000e+03
4.973083984375000000e+03
7.012687011718750000e+03
4.892734863281250000e+03
4.066217041015625000e+03
3.897614257812500000e+03
5.539029296875000000e+03
3.819132812500000000e+03
5.357318359375000000e+03
4.927772460937500000e+03
5.200621582031250000e+03
5.373804687500000000e+03
4.973863281250000000e+03
4.777430664062500000e+03
3.851030517578125000e+03
4.777768066406250000e+03
4.553111816406250000e+03
4.952777832031250000e+03
7.480855468750000000e+03
7.577744140625000000e+03
5.537784179687500000e+03
4.376100097656250000e+03
4.779722656250000000e+03
7.767325195312500000e+03
4.115871093750000000e+03
4.438231445312500000e+03
3.986834716796875000e+03
4.443864257812500000e+03
4.957894531250000000e+03
3.924999511718750000e+03
5.279413085937500000e+03
3.043144042968750000e+03
2.839596191406250000e+03
3.427343261718750000e+03
3.616312255859375000e+03
4.630897460937500000e+03
3.533196777343750000e+03
4.201948730468750000e+03
3.624271972656250000e+03
5.668258789062500000e+03
3.518072998046875000e+03
3.512608886718750000e+03
4.135445312500000000e+03
4.800081542968750000e+03
1.053441894531250000e+04
3.652999023437500000e+03
7.504670898437500000e+03
4.828097167968750000e+03
6.227241210937500000e+03
5.565211425781250000e+03
6.283710937500000000e+03
7.043980468750000000e+03
1.186727539062500000e+04
5.783753906250000000e+03
5.217374023437500000e+03
9.571342773437500000e+03
5.034515625000000000e+03
6.406019531250000000e+03
4.208271484375000000e+03
5.418916503906250000e+03
5.370851074218750000e+03
7.226861328125000000e+03
5.294776367187500000e+03
4.937427734375000000e+03
5.255645019531250000e+03
5.780890625000000000e+03
6.001342773437500000e+03
4.422375488281250000e+03
7.571656250000000000e+03
4.925175781250000000e+03
4.456170898437500000e+03
3.822403564453125000e+03
7.557491210937500000e+03
4.575535644531250000e+03
3.975355468750000000e+03
4.931614746093750000e+03
5.618444335937500000e+03
8.209894531250000000e+03
5.808974609375000000e+03
5.700182617187500000e+03
3.864624511718750000e+03
4.307193359375000000e+03
4.508065429687500000e+03
4.262955566406250000e+03
4.872449218750000000e+03
4.567833007812500000e+03
6.744658203125000000e+03
5.448496093750000000e+03
6.431096679687500000e+03
6.223287597656250000e+03
5.897820800781250000e+03
5.520144531250000000e+03
6.016262695312500000e+03
4.272407226562500000e+03
5.899258789062500000e+03
5.444932617187500000e+03
4.701675292968750000e+03
5.201001953125000000e+03
4.683457031250000000e+03
5.136471679687500000e+03
6.405813476562500000e+03
5.604980957031250000e+03
6.176480957031250000e+03
5.411496093750000000e+03
4.164480468750000000e+03
8.130185546875000000e+03
5.916599609375000000e+03
6.064694335937500000e+03
5.291838867187500000e+03
4.668449707031250000e+03
6.982884765625000000e+03
4.543191406250000000e+03
4.280566406250000000e+03
6.631085937500000000e+03
5.398840820312500000e+03
3.834357910156250000e+03
4.149976562500000000e+03
4.665988769531250000e+03
4.232070800781250000e+03
1.063682714843750000e+04
5.150953613281250000e+03
4.352588867187500000e+03
4.567800781250000000e+03
6.940881347656250000e+03
4.708208007812500000e+03
4.897860839843750000e+03
4.777428710937500000e+03
3.668349609375000000e+03
4.198649414062500000e+03
3.605405273437500000e+03
4.362245605468750000e+03
4.466992187500000000e+03
4.457326660156250000e+03
5.986895996093750000e+03
4.137423339843750000e+03
3.693244873046875000e+03
4.700051757812500000e+03
4.843538574218750000e+03
5.576082031250000000e+03
5.518354492187500000e+03
4.369075195312500000e+03
4.397021972656250000e+03
3.731327148437500000e+03
4.224991699218750000e+03
4.494315429687500000e+03
4.073317382812500000e+03
4.761660156250000000e+03
5.895681640625000000e+03
4.541074218750000000e+03
5.371301757812500000e+03
4.961022460937500000e+03
5.018148437500000000e+03
5.520534667968750000e+03
4.759453613281250000e+03
4.497845214843750000e+03
4.348556152343750000e+03
4.492496093750000000e+03
4.511568847656250000e+03
4.591559570312500000e+03
4.375988281250000000e+03
4.144638671875000000e+03
3.725475341796875000e+03
4.905447265625000000e+03
5.470046875000000000e+03
5.182017578125000000e+03
4.722134765625000000e+03
3.372250000000000000e+03
4.680266601562500000e+03
4.474972656250000000e+03
4.105749511718750000e+03
3.569567382812500000e+03
3.863139160156250000e+03
4.154485839843750000e+03
4.557661132812500000e+03
6.790550781250000000e+03
4.751253417968750000e+03
5.012699218750000000e+03
5.120058593750000000e+03
5.121470214843750000e+03
4.659970703125000000e+03
4.766873046875000000e+03
5.141181640625000000e+03
4.054978027343750000e+03
6.894229492187500000e+03
4.239248535156250000e+03
6.004623535156250000e+03
4.569292968750000000e+03
6.207922363281250000e+03
5.482657226562500000e+03
4.012422851562500000e+03
4.041781494140625000e+03
4.136390136718750000e+03
3.619616455078125000e+03
4.232456054687500000e+03
6.606268066406250000e+03
7.349504882812500000e+03
6.957623046875000000e+03
5.562825195312500000e+03
4.273866210937500000e+03
5.686194335937500000e+03
4.890686523437500000e+03
4.693018066406250000e+03
4.083971923828125000e+03
3.567516357421875000e+03
3.628297851562500000e+03
5.048655761718750000e+03
9.338902343750000000e+03
6.175643554687500000e+03
5.362654296875000000e+03
3.796156982421875000e+03
3.825837158203125000e+03
4.104647460937500000e+03
4.071555908203125000e+03
4.023441406250000000e+03
4.131455078125000000e+03
4.922110839843750000e+03
4.470444335937500000e+03
4.823937500000000000e+03
4.125046386718750000e+03
4.120136230468750000e+03
3.811449707031250000e+03
3.659403076171875000e+03
4.969341796875000000e+03
3.500243408203125000e+03
4.989701171875000000e+03
4.428420898437500000e+03
3.621714843750000000e+03
4.403922851562500000e+03
5.091347656250000000e+03
4.213197265625000000e+03
5.783509765625000000e+03
4.750827148437500000e+03
5.104934570312500000e+03
4.305384765625000000e+03
4.253130859375000000e+03
3.542810546875000000e+03
4.334360351562500000e+03
4.404553222656250000e+03
4.830365722656250000e+03
5.376341796875000000e+03
3.737550537109375000e+03
4.200123046875000000e+03
3.797698974609375000e+03
4.029517822265625000e+03
4.294073730468750000e+03
3.619639892578125000e+03
7.045767578125000000e+03
4.010785156250000000e+03
4.915638183593750000e+03
7.456287109375000000e+03
4.989761718750000000e+03
5.321030273437500000e+03
5.299197265625000000e+03
4.932524902343750000e+03
4.222344726562500000e+03
5.511086914062500000e+03
4.744143066406250000e+03
4.392414062500000000e+03
7.133128906250000000e+03
4.566604980468750000e+03
4.172234375000000000e+03
4.217939453125000000e+03
4.066625244140625000e+03
3.751470703125000000e+03
3.516260253906250000e+03
3.680147705078125000e+03
4.809630859375000000e+03
3.225473876953125000e+03
3.769759277343750000e+03
4.301438964843750000e+03
4.222026367187500000e+03
4.011682617187500000e+03
5.107955078125000000e+03
4.708109375000000000e+03
4.029733398437500000e+03
4.418437500000000000e+03
3.772975097656250000e+03
3.376370605468750000e+03
5.701294433593750000e+03
3.608464843750000000e+03
3.940024414062500000e+03
4.486348144531250000e+03
3.331838867187500000e+03
4.137381835937500000e+03
3.943693847656250000e+03
3.420656982421875000e+03
3.590500488281250000e+03
3.607753662109375000e+03
3.909099609375000000e+03
3.722218750000000000e+03
5.763979980468750000e+03
4.640323242187500000e+03
3.500655761718750000e+03
3.309085449218750000e+03
3.766097167968750000e+03
3.860760498046875000e+03
3.737632812500000000e+03
3.186871093750000000e+03
4.209470703125000000e+03
4.456333984375000000e+03
3.288532226562500000e+03
5.208513183593750000e+03
4.364507812500000000e+03
3.645688476562500000e+03
5.250787109375000000e+03
4.883044433593750000e+03
5.365123046875000000e+03
8.364687500000000000e+03
5.741102050781250000e+03
4.173869140625000000e+03
3.271479980468750000e+03
3.860430175781250000e+03
4.739802246093750000e+03
5.489755371093750000e+03
4.498001953125000000e+03
4.613139648437500000e+03
5.605078125000000000e+03
5.114077636718750000e+03
5.550912109375000000e+03
5.002216308593750000e+03
3.731540527343750000e+03
4.472532226562500000e+03
4.382841796875000000e+03
5.285335449218750000e+03
4.806592773437500000e+03
5.676112792968750000e+03
5.930886718750000000e+03
5.338422851562500000e+03
5.334800292968750000e+03
5.302130371093750000e+03
6.685971191406250000e+03
5.738212890625000000e+03
6.950416992187500000e+03
6.684574707031250000e+03
4.879063476562500000e+03
5.729013671875000000e+03
5.415487304687500000e+03
5.021752929687500000e+03
5.306078613281250000e+03
6.066274902343750000e+03
6.486861816406250000e+03
4.667945312500000000e+03
5.497064941406250000e+03
5.820050781250000000e+03
6.282991210937500000e+03
4.497125488281250000e+03
3.748325195312500000e+03
4.956246582031250000e+03
4.433795898437500000e+03
5.233919433593750000e+03
5.086263671875000000e+03
4.343683593750000000e+03
5.196861328125000000e+03
4.899515625000000000e+03
4.520724609375000000e+03
4.569386718750000000e+03
4.087272460937500000e+03
5.139868652343750000e+03
4.401769531250000000e+03
4.467072753906250000e+03
4.492032226562500000e+03
6.371692871093750000e+03
6.335446777343750000e+03
6.496715820312500000e+03
4.512106445312500000e+03
4.254492187500000000e+03
4.934888671875000000e+03
5.365876464843750000e+03
5.121917480468750000e+03
5.262540527343750000e+03
6.378928710937500000e+03
5.586582031250000000e+03
6.111964355468750000e+03
5.066183593750000000e+03
4.751852050781250000e+03
4.397732421875000000e+03
5.080173828125000000e+03
4.421112304687500000e+03
4.275541015625000000e+03
4.776486816406250000e+03
4.463000976562500000e+03
3.838952392578125000e+03
4.866437988281250000e+03
4.864893554687500000e+03
5.032979492187500000e+03
4.594726074218750000e+03
4.579200683593750000e+03
3.819407470703125000e+03
4.371840820312500000e+03
4.203873046875000000e+03
4.331714843750000000e+03
4.310882812500000000e+03
5.146259277343750000e+03
4.494554687500000000e+03
4.716905761718750000e+03
4.443694335937500000e+03
4.703726562500000000e+03
4.694640625000000000e+03
4.104124023437500000e+03
4.417799804687500000e+03
4.838808593750000000e+03
4.618246093750000000e+03
6.013270507812500000e+03
7.425630859375000000e+03
4.729688964843750000e+03
4.696660156250000000e+03
4.146311035156250000e+03
4.509075195312500000e+03
4.375767089843750000e+03
4.346347656250000000e+03
3.896695800781250000e+03
4.228977539062500000e+03
4.789482421875000000e+03
4.377528320312500000e+03
4.379958007812500000e+03
4.057108886718750000e+03
4.337725097656250000e+03
3.582564941406250000e+03
3.900246337890625000e+03
3.414829345703125000e+03
3.531454101562500000e+03
3.969312988281250000e+03
3.112805175781250000e+03
3.414945800781250000e+03
3.471373779296875000e+03
5.048756835937500000e+03
3.858893554687500000e+03
3.073895996093750000e+03
3.013427734375000000e+03
3.637804687500000000e+03
3.365578125000000000e+03
3.588627929687500000e+03
3.599902587890625000e+03
4.077008789062500000e+03
3.551179687500000000e+03
3.098376953125000000e+03
3.590709716796875000e+03
4.352258789062500000e+03
4.365792968750000000e+03
3.954010253906250000e+03
3.747163085937500000e+03
3.842185791015625000e+03
4.067837890625000000e+03
3.469925292968750000e+03
4.045037597656250000e+03
3.610199218750000000e+03
4.615383300781250000e+03
4.554132812500000000e+03
4.451958496093750000e+03
3.708431640625000000e+03
3.717027343750000000e+03
3.867137451171875000e+03
4.268667480468750000e+03
3.438410400390625000e+03
3.693921875000000000e+03
3.778386230468750000e+03
3.456444335937500000e+03
3.002536132812500000e+03
3.974511230468750000e+03
3.218535156250000000e+03
3.541838378906250000e+03
3.673348388671875000e+03
4.015710449218750000e+03
4.052864013671875000e+03
4.468293457031250000e+03
4.099042480468750000e+03
5.327968261718750000e+03
4.967610351562500000e+03
4.721626953125000000e+03
5.533198242187500000e+03
6.785530761718750000e+03
7.391941406250000000e+03
8.207449218750000000e+03
6.415779296875000000e+03
5.161608886718750000e+03
5.117325195312500000e+03
4.329100585937500000e+03
3.956404541015625000e+03
4.334976562500000000e+03
5.121961425781250000e+03
4.435064453125000000e+03
4.325639648437500000e+03
4.122094726562500000e+03
4.356170898437500000e+03
4.091948242187500000e+03
3.999515625000000000e+03
4.732124023437500000e+03
3.946641601562500000e+03
3.446355224609375000e+03
4.112110351562500000e+03
3.394375488281250000e+03
3.920597412109375000e+03
4.182461914062500000e+03
4.380449218750000000e+03
4.140665039062500000e+03
5.152624023437500000e+03
4.624327148437500000e+03
3.342835205078125000e+03
3.842043457031250000e+03
3.870770751953125000e+03
3.990902832031250000e+03
3.791813964843750000e+03
3.747173339843750000e+03
3.670058593750000000e+03
3.841831054687500000e+03
3.795139160156250000e+03
3.500821777343750000e+03
4.351334960937500000e+03
2.760434570312500000e+03
3.920893066406250000e+03
3.107029052734375000e+03
3.624022949218750000e+03
3.692133300781250000e+03
4.296336425781250000e+03
4.529492187500000000e+03
4.614144531250000000e+03
4.971905273437500000e+03
4.098038085937500000e+03
3.872598144531250000e+03
4.001657226562500000e+03
3.902480468750000000e+03
4.895177734375000000e+03
3.963792480468750000e+03
3.565838623046875000e+03
3.600057373046875000e+03
2.845501464843750000e+03
3.804355957031250000e+03
3.410364013671875000e+03
3.636811523437500000e+03
3.386269287109375000e+03
3.629567382812500000e+03
4.326121093750000000e+03
3.932022460937500000e+03
5.159042480468750000e+03
4.652828613281250000e+03
5.042799316406250000e+03
4.080395019531250000e+03
4.639326171875000000e+03
5.227123535156250000e+03
4.625513183593750000e+03
4.449185546875000000e+03
4.362856933593750000e+03
4.278807617187500000e+03
5.021835937500000000e+03
5.822720703125000000e+03
3.605292968750000000e+03
3.948389648437500000e+03
4.088220703125000000e+03
4.394752929687500000e+03
4.181647949218750000e+03
4.360524414062500000e+03
5.091253906250000000e+03
3.404433837890625000e+03
3.347968505859375000e+03
3.944875976562500000e+03
3.835059570312500000e+03
3.469535644531250000e+03
3.440736328125000000e+03
4.641554687500000000e+03
4.815976074218750000e+03
4.033795410156250000e+03
3.363594482421875000e+03
3.958848144531250000e+03
4.213787109375000000e+03
3.549088378906250000e+03
3.430822753906250000e+03
3.413109619140625000e+03
2.965822753906250000e+03
3.516409667968750000e+03
3.926041503906250000e+03
3.765587646484375000e+03
3.353765869140625000e+03
3.587163330078125000e+03
3.215649414062500000e+03
4.500301757812500000e+03
4.900696777343750000e+03
5.094714843750000000e+03
4.704142578125000000e+03
3.476083251953125000e+03
3.713077148437500000e+03
4.372127441406250000e+03
3.177705078125000000e+03
3.566679199218750000e+03
4.415572265625000000e+03
4.701576171875000000e+03
5.230803710937500000e+03
4.914834960937500000e+03
3.519954101562500000e+03
3.732095703125000000e+03
4.089339111328125000e+03
5.195442871093750000e+03
5.619625488281250000e+03
5.262008789062500000e+03
5.638835937500000000e+03
4.466927246093750000e+03
3.610284179687500000e+03
3.638251464843750000e+03
3.605542236328125000e+03
3.696229003906250000e+03
3.690576904296875000e+03
4.937921875000000000e+03
5.047728027343750000e+03
5.828730468750000000e+03
4.085963134765625000e+03
4.392734375000000000e+03
4.947834960937500000e+03
4.412285156250000000e+03
4.157595703125000000e+03
4.071243896484375000e+03
3.548083251953125000e+03
5.013561523437500000e+03
5.327481933593750000e+03
5.223483398437500000e+03
3.793014160156250000e+03
4.114493652343750000e+03
4.085874511718750000e+03
3.105801269531250000e+03
3.855692138671875000e+03
4.444670898437500000e+03
3.956615722656250000e+03
3.935084472656250000e+03
4.407858398437500000e+03
3.950570800781250000e+03
3.711285888671875000e+03
4.920377929687500000e+03
5.231104492187500000e+03
5.138400390625000000e+03
4.968470703125000000e+03
4.657598632812500000e+03
4.546756835937500000e+03
3.947458984375000000e+03
3.823605224609375000e+03
3.818065917968750000e+03
4.043016113281250000e+03
4.026985107421875000e+03
4.292788085937500000e+03
4.124166015625000000e+03
3.912567871093750000e+03
3.999821777343750000e+03
3.636156738281250000e+03
3.274112792968750000e+03
3.114114501953125000e+03
3.248733886718750000e+03
3.315365722656250000e+03
3.080124023437500000e+03
3.544446289062500000e+03
3.464761474609375000e+03
4.320149902343750000e+03
3.878803222656250000e+03
3.502934082031250000e+03
4.026428710937500000e+03
3.665400878906250000e+03
4.445395507812500000e+03
5.292477050781250000e+03
4.594945312500000000e+03
4.131439453125000000e+03
