1.337294757250833572e+04
1.463189732319641007e+04
1.400680887600557799e+04
1.519908423242622848e+04
1.366686698500775310e+04
2.108127173329688230e+04
1.560160439420028706e+04
2.039697126518641744e+04
9.386148433439606379e+03
1.760887033918318411e+04
1.336617646963735388e+04
2.081104954575047668e+04
1.525614145949860176e+04
1.261139220269574980e+04
1.698623424507601158e+04
1.462826503724056784e+04
2.293274564124444078e+04
1.383678314488307478e+04
1.586884169891806050e+04
1.382139573908176681e+04
2.013080216783792639e+04
1.435542792542120515e+04
1.567289191221945293e+04
1.410315877424791324e+04
1.729547931619608426e+04
1.961670752854571765e+04
1.786861718929783092e+04
1.531769060363008248e+04
1.430578452137231398e+04
1.948766786200689967e+04
