-2.952000000000000000e+03
-3.442710124058138263e+03
-2.027551662212921428e+03
-7.939212723855624972e+03
-1.555028782351402697e+03
2.972452708427553262e+03
4.125160772483416622e+03
1.545287864692143012e+04
2.014036696673805636e+04
9.993519779420520308e+02
1.307397525239957395e+04
9.140225693843225599e+03
9.434854065192517737e+03
2.591757410905235156e+04
2.331807796209065054e+04
1.464093380085285571e+04
4.566766585189648322e+04
4.844351329750920740e+03
6.037430198589438078e+03
1.429392073281050034e+04
2.968033001414349565e+04
3.230996373570847481e+03
9.206894022853166462e+03
3.139577812697063928e+04
4.261639699944826134e+03
2.101424283687279058e+02
8.393177774652114749e+03
4.276373876690583711e+04
1.393417731730463856e+04
2.110632569883143151e+04
3.574874838293091670e+03
-7.501533698561080428e+02
4.562107509677285634e+03
2.492463652010480018e+03
1.236581242002962608e+04
1.533454873451681851e+04
1.086183756728251683e+04
1.854261917395561613e+04
2.362429460437930538e+04
8.994724239346061950e+03
5.666535792118383142e+03
1.021072073905978323e+04
1.413047235438042480e+04
2.463786169765446175e+04
1.303367645443326546e+04
1.994745151268494374e+04
3.155069246054658834e+03
1.210391827127576107e+04
1.533815713445117763e+04
1.550561252297050305e+04
1.964017563409254763e+03
2.185196313471455142e+03
8.603400686726075946e+03
4.560836563708829999e+03
1.550760850237341856e+03
3.459200127176008209e+03
2.072918696452165022e+04
1.334430464508586192e+04
7.597360321956657572e+03
9.018879972501583325e+03
2.280349591830851205e+04
1.027502235988078610e+04
1.175259765104537655e+04
1.773809580589857796e+04
4.992847042657699603e+03
4.599906138156655288e+03
7.019561224533026689e+03
1.874942177741111300e+04
7.877611039472824814e+03
1.865309693771455204e+04
4.668258485633786768e+04
1.992714939998918635e+04
1.671955219058622333e+03
5.174476628233632255e+03
6.078941419775026588e+03
3.334817811741312198e+03
5.110528718321498673e+03
4.508437233782022304e+03
1.118628102368024884e+04
2.303243783118346619e+04
1.893220282972171117e+04
2.126466882331950546e+04
1.856172575796293677e+04
2.946910752214183594e+04
8.116746865565438384e+03
1.407036738286286709e+04
3.130772028056456111e+04
1.964266609126867115e+04
1.637311898941957406e+04
5.127502649942631251e+03
9.129055712300836603e+03
8.621167632338434487e+03
2.586405784130208849e+04
2.015943683273217630e+03
1.360249080712199975e+04
1.067692216273403938e+04
2.641955555847567302e+04
2.603296138064239494e+04
2.052832955934870188e+04
3.428488894426692241e+03
9.786275287389356890e+03
9.215333547945097962e+03
1.428938495444470027e+04
1.061149536159529816e+04
1.668852404331315938e+03
1.890341051513568164e+04
2.784390385198015792e+03
1.222339604486833196e+04
1.633929407803336653e+04
1.005070723075166097e+04
9.066261075378268288e+03
2.749670120149969080e+04
1.451926592548424742e+04
2.133511247880445444e+04
2.686847527007190729e+04
2.934549747847790059e+04
6.312897456892836635e+04
6.587209361645730041e+02
5.097420236588636726e+03
7.378755753703232585e+03
5.745164837010117481e+03
3.611330487748872656e+03
7.165397691507036143e+03
3.728243194036747445e+04
3.866047861964667391e+04
3.526886994407959264e+03
2.807851751450795564e+04
9.974777600893397903e+03
1.409986191541599510e+04
1.893165217322537137e+04
-6.556540376491110464e+02
9.173739688710542396e+03
1.316818748772844265e+04
2.530595990738244291e+04
6.866392768401497960e+03
3.160617550343333278e+03
1.196077885512608736e+04
1.618054906568278784e+04
1.708445696998087806e+04
2.276307918692376916e+03
1.141293789306637154e+04
1.885924087584188237e+04
1.428793602724065749e+04
1.726944589151819673e+04
2.214708701928485607e+04
9.133072939066270919e+03
2.233645637198293844e+04
1.202863301463448079e+04
-1.361462806433550213e+03
1.395474153385369573e+04
5.625457976270699874e+02
2.995872223143781230e+04
1.842742896109096910e+04
1.686230179052645690e+04
1.833118363328484065e+03
8.629424977378543190e+03
2.665455690181911996e+04
9.092001312268790571e+03
1.277962564437802575e+04
1.366437623339128731e+04
1.701034376253752998e+04
1.292461477491488768e+04
7.635101224064948838e+03
1.312201692957654086e+04
2.271258708954171198e+03
5.705500837680690893e+03
4.875914478721824707e+03
7.648074837184489297e+03
1.120672863880212390e+04
1.034077246011903117e+04
4.599104698283574180e+03
1.742153989022405949e+04
1.296232554111986246e+04
2.309852179824656923e+04
4.464051727745599783e+04
-2.493337923206462165e+03
2.050923526197343381e+04
1.837607962011478594e+04
9.642067386760216323e+03
2.413390493891714141e+04
6.969063552656542925e+03
1.751738567513900489e+04
2.590965353936384054e+04
1.249592815750497903e+04
2.396087793855684868e+04
1.942035727885288361e+04
8.999087967760631727e+03
3.964870444801471422e+03
2.955710712100594719e+03
2.700040157128861028e+04
1.012109321887320039e+04
1.235472227403911529e+04
2.133780598011320399e+04
1.996279754738378324e+04
2.328380017302672422e+04
2.257410300657602784e+04
3.968841219809344238e+02
8.276966249486489687e+03
2.679862239317557396e+04
6.884047359607217004e+03
1.290539404940508757e+04
1.834324495289894548e+04
1.134968205269903592e+04
1.104647712874053832e+04
2.279914398233440443e+04
1.290938534406696090e+04
1.466861813242332937e+04
2.432921220091066061e+04
1.406060522384641081e+04
1.195850139830301669e+04
2.992815698988099030e+04
2.412100524351310014e+04
1.069678520303173718e+04
3.449600709162538988e+04
2.173127980163993925e+03
9.051766317627208991e+03
2.037752834504455677e+04
4.806338635635492392e+04
3.043275350856644582e+04
1.719820832834202974e+03
1.673253115907542087e+04
1.559701797404922218e+04
7.610536678685704828e+03
4.275736344946669124e+04
2.090135742383592878e+04
2.704845131657296588e+04
6.023696836654780782e+03
1.418022453813605716e+04
3.666495649983244220e+04
5.764537577584709652e+03
1.570062625622051019e+04
2.234962847695915843e+04
3.610779992617874086e+04
2.525074484475440840e+04
2.150401409614509976e+04
2.946630778707987247e+03
2.258898047863386819e+04
1.191155897089142309e+04
6.603673775971378745e+03
5.814755260476120384e+03
1.243346389258453382e+04
6.944209606224011623e+03
2.536247541232781077e+04
3.268252012491463574e+03
1.287821276613293594e+04
3.041700890779272231e+04
2.388962216346293644e+03
9.311586208614095085e+03
1.009385122107855568e+04
2.357064760648513038e+04
2.391200199749416061e+04
9.521527146999569595e+03
1.068618709324659176e+04
1.430403860907622948e+04
5.146743437130001257e+04
7.728084813750238936e+03
7.799942328264101889e+03
1.821851540533148727e+04
7.897101949844589399e+03
2.581396477880210296e+04
9.208320544806967519e+03
1.312263374202440173e+04
1.296459520989352677e+04
8.677278192224346640e+03
6.529797764661883775e+03
7.624204202276555407e+03
2.322653439930733293e+04
1.460265328708152811e+04
4.254567179969739664e+04
3.138149335477188743e+03
2.062417425206429107e+04
2.078937207998984741e+04
1.950086998457553636e+04
9.012025730612767802e+03
1.845311494658839365e+04
1.463713491183548103e+04
3.695860692703956738e+04
1.558390026732103070e+04
4.947975262839376228e+03
2.181248258287008503e+04
3.317767709751521033e+04
1.283548700324678975e+03
3.454724630728569173e+04
1.909234077838058147e+04
2.432465988155611922e+04
1.106858671928215699e+04
1.451757373954983268e+04
2.591445201542483574e+03
6.863471233133972419e+03
1.291098788549262645e+04
6.196422179187155052e+03
2.475821017467636557e+04
7.311724958362801772e+03
2.552393063526160404e+04
4.689193867297042743e+04
1.346017303478502799e+04
1.433137881646268579e+04
4.697154512237622839e+04
2.671358998042724852e+04
-1.346196241540728806e+03
1.732030942107343435e+04
3.194729669108956659e+04
6.142801360493258471e+03
9.953092171221614990e+03
4.495072004798450507e+03
1.219035739786864906e+04
3.138776604915810822e+04
1.303966563740955826e+04
1.808053647876848117e+03
9.050241833586786015e+03
3.058249769777648908e+04
1.079693796694504454e+04
6.866699276240345171e+03
1.195867332416617137e+04
4.489572824764428333e+03
1.031001976613150691e+04
1.856056047351194866e+04
5.616771889905976423e+03
1.310354905828422852e+04
1.168051609953784100e+04
2.441131520997872940e+04
1.248554519889721632e+04
1.526589264189398818e+04
1.505173568550869823e+04
2.101353336441950523e+04
8.603867890952738890e+03
2.249586091779713024e+04
7.721019588765489971e+03
9.353921151218761224e+03
2.481990089395169889e+03
3.171204329658500501e+04
1.488375049003234744e+04
5.787224459347776246e+03
8.977378590309457650e+03
4.245208156150358263e+04
4.865228051891519499e+03
9.813135382204915004e+03
4.501375794097801190e+03
2.435187895907885832e+04
1.663485166808556096e+04
1.559855066587242072e+04
2.850987141654004881e+04
2.238611309084623281e+04
7.993176177881205149e+03
5.000240582263229953e+03
5.128602258237913702e+03
9.387474967020854820e+03
2.105348089713903028e+04
5.298982427573403584e+03
3.565955145862854988e+04
8.138276864120771279e+03
7.679092130672910571e+03
1.152161498576886333e+04
2.224091081691462387e+04
3.234796606697670359e+04
2.157463809257380854e+04
2.206358481618615042e+04
1.558095723460154841e+04
1.538816112717110263e+04
1.586691714958176453e+04
3.415168534833936064e+03
3.001039900988954469e+04
7.165042976014197848e+03
9.294237676444665340e+03
1.022896073425227587e+04
2.407000935093349835e+04
1.332041047732558400e+04
2.564360251328879531e+04
1.204451409581509688e+04
6.413876148230674153e+04
7.362229830256662353e+03
2.451332042359157640e+04
1.396996942392136771e+04
1.232256101071420926e+04
1.120614136219749162e+04
2.294590751841061137e+04
2.401106902563607946e+04
4.109179539593311347e+04
8.363133405003659391e+02
2.302325582032325474e+04
2.450024835836173224e+03
2.862339538293084479e+04
5.258314532370961388e+03
4.651384702357317110e+03
1.265540803301680717e+04
1.660384365476011953e+04
2.001126269146300911e+04
2.550554245536111557e+04
1.972587054597228416e+03
1.681232042966615700e+04
2.425990880117611596e+03
1.165854974201979348e+04
1.183976154601732560e+04
2.377459262630950616e+04
1.554886380922382523e+04
5.478653482977135718e+04
2.132968446556017443e+04
2.793990847936616774e+04
8.271844204369652289e+03
2.639398206910874796e+04
1.781568987493734676e+04
1.849247365921441087e+04
1.236108606972021880e+04
5.018423132436901142e+03
1.267549311118207152e+04
3.657775967853236943e+04
7.930163240253061304e+03
2.115055967460960892e+04
1.417594373051793809e+04
2.952032775860691618e+04
5.589881706010835842e+03
1.641680731828846319e+03
9.763305302972261416e+03
5.612381964623848035e+03
8.987194510208111751e+03
1.102802235329411269e+04
2.238212347774707814e+04
1.643744251629754217e+04
3.318242552541801706e+04
5.338259562771851051e+04
2.507182748923288455e+04
5.431575920062084151e+03
8.908573057317134953e+03
-3.317239253745788119e+01
1.983310753448091418e+04
4.233222671603587514e+03
3.431733722978355672e+03
2.268365040524103733e+03
1.163661685636407310e+04
7.392359013063829480e+03
2.754690826408025168e+04
2.869792457494679911e+04
9.197063979651917180e+03
6.675250424020279752e+03
1.534437519879219144e+04
3.787020203733272501e+04
1.739538362096395213e+04
1.633637311835637047e+04
3.173596919954263285e+04
2.139169527041937545e+04
5.443631218726082807e+03
7.351236891501825085e+03
9.548449657761837443e+03
1.477733007407333025e+04
6.185597597383221910e+03
1.110818149561801692e+04
2.729493939844932811e+03
2.141157678959053737e+04
1.021364327345102356e+04
5.092343396445261533e+03
1.398221864094415832e+04
6.661767306854320850e+03
2.490283696172533018e+04
4.731909239177180098e+03
1.340209421517832925e+04
4.823748720484529258e+03
2.939652472540153758e+04
7.061916313540752981e+02
5.337169622267987506e+03
2.313614196088730750e+04
5.120578323083345458e+04
9.382905728312012798e+03
2.311570808760437649e+04
9.148067623501146954e+03
1.190398479336704440e+04
4.517812349825322599e+04
2.076761148257142486e+04
2.722871100562867650e+04
1.382152998232185382e+04
5.799322459089508811e+03
4.030810204558436453e+03
6.314925411528588484e+03
8.621471709230690976e+03
2.719761713393311220e+04
8.017470892485441254e+03
5.711493907703879813e+03
1.754567599838002207e+04
4.189317254221847179e+03
6.828709559983517465e+03
4.017463976312868908e+03
9.582691193084783663e+03
4.086349825904970203e+04
1.774849817460186387e+03
1.837657469563542691e+04
5.465006976460478654e+03
1.924246476036626336e+04
1.703242912915269335e+04
1.690766188717573459e+04
1.845853381672982869e+04
-8.787419596928478995e+02
5.680194633232181332e+03
3.775990975106787118e+03
1.469660328979502992e+04
4.912015957748787332e+04
1.771351215871679597e+04
5.729722741942979155e+03
1.438892377906106412e+04
3.201813969146813179e+04
2.251124610643464621e+04
1.045421043858633493e+04
3.042670201256368455e+04
2.973078660146378752e+04
4.445506688931145618e+03
6.746486021168058869e+03
8.738420377494237982e+03
1.604013928459973431e+04
2.018353758268794627e+04
2.275321065740016275e+04
7.634487337962542369e+03
6.214240706616636999e+03
7.484600893328886741e+03
1.023017224608951619e+04
1.115403449790429659e+04
1.787964831671331558e+04
4.960847399324992875e+04
7.247433199816235174e+03
2.541655244752823637e+04
1.980756951218204267e+04
2.066115627656991273e+04
9.449463203539795359e+03
3.284682522557255652e+03
1.552564737073593096e+04
2.727379092747107279e+04
3.187311230383838119e+04
1.456925782995630652e+04
1.368538098390515552e+04
1.059279177081097259e+04
2.909462167937736012e+03
3.014434101866627316e+03
1.387223166767926341e+04
1.602931938101497144e+04
4.815945878705520045e+03
1.100491640787172037e+04
7.294608759872839073e+03
2.042205592150659504e+04
1.688816574092490919e+04
3.555242979050310532e+04
1.973091539213795841e+04
2.735670743339043838e+04
1.115643192184630425e+04
4.348632710873149335e+04
8.387555362323979352e+03
6.735042178713258181e+03
1.660185651652313391e+04
2.139314282518777691e+04
8.608285298336355481e+03
3.564905092298597538e+03
1.835852914182684253e+04
2.778386769267263844e+03
3.747734403164830837e+03
3.115300837256581872e+04
1.695845645646309640e+04
1.924572319880011491e+04
1.304578826410229522e+04
1.894200337396758187e+04
1.401079786324287670e+04
1.106160180573252001e+04
1.122298730218150922e+04
5.722636245853802393e+03
2.399005535590550426e+04
8.555321180773444212e+03
2.162663284748936348e+03
7.735801904500463934e+03
1.422593824133269118e+04
1.621406440975983242e+04
7.182210336379263936e+03
1.292830374575337919e+04
3.190877098013868817e+03
1.312927212990449516e+04
5.719329627318025814e+03
2.958816376939784095e+04
2.207904726017699431e+04
1.200350283287912498e+04
1.482544632213365185e+04
1.474188210473351501e+04
6.813290095510074934e+03
2.126250615537954218e+04
4.208447441096739931e+04
1.269802922530852084e+04
1.324604737899782594e+04
2.357481782276693048e+04
8.867056328051399760e+03
1.820928314535512618e+04
1.443513695418190218e+04
1.833147110682641869e+04
2.113022778142310926e+04
3.218631077828376419e+03
1.966462835593310592e+04
1.776862511346144674e+04
2.136487836665903160e+03
1.591516305381689745e+04
2.124821955397788042e+04
1.745850448173602490e+04
1.308051156650000848e+04
1.168546707547526967e+04
1.797471666882736463e+04
1.143210850406234385e+04
1.453542045392759610e+04
8.224735861143359216e+04
2.533025487747810075e+03
3.607078629253843701e+03
2.957612845934520010e+04
7.992252594823977233e+03
5.916339463338124006e+03
1.632150037198459722e+04
3.208090040158162992e+03
9.267753697086465763e+03
1.047046445696442788e+04
7.073424587286282076e+03
1.116160543827701804e+04
1.343113565896371620e+04
5.895944198076929752e+03
4.337832562499301275e+04
1.828620170378098919e+04
1.228138643112753016e+04
1.814353702370332940e+03
1.027904485967011715e+04
1.743968217108535464e+04
3.867362189464209678e+03
1.461545480129593307e+04
1.076380068817627580e+04
1.477609574509508639e+04
2.193203946988439930e+04
1.462585690180886377e+04
3.726226891578664072e+04
1.719167728360441470e+04
6.865358977840858643e+03
2.217771339004747642e+04
6.586707742552686796e+03
8.735997569161332649e+03
2.891670053391922011e+03
3.416315299396915361e+04
2.799596358467693790e+03
1.378913215178562859e+04
8.950468527776587507e+03
2.221327856057653480e+04
1.287928324630205680e+04
3.993003931920521427e+04
2.537664091360858583e+04
1.069361398892924626e+04
1.325872068206869699e+04
9.257774590623199401e+03
1.123049958861181221e+04
1.351438063212959059e+04
4.529283285292257460e+03
3.178089382139866939e+04
1.549362141933477687e+04
5.482307180635779332e+03
2.316022347523950884e+04
2.485370991965171561e+04
2.028813257426113705e+04
1.556764146344570690e+04
9.646511390899102480e+03
1.652127435185602008e+04
1.435751830649998010e+04
1.176306302916991172e+03
1.451076145158700274e+04
2.397140135915058272e+04
1.508033758598153509e+04
2.831603131450174624e+04
3.589936581729847967e+04
2.324534134986033314e+04
2.067672907252268124e+04
1.054779513286129986e+04
2.086819729588216069e+04
6.920151916351337604e+03
2.616635195515563100e+04
2.392483952045350816e+04
1.143844768833365742e+04
1.953368254177724793e+03
1.779659133606641262e+04
2.234388718454152331e+04
1.307064280630336179e+04
1.630646480053187042e+04
1.869940899627574254e+04
2.127089385495238821e+04
8.451044001731239405e+03
1.502152400243209922e+04
7.786013662340379597e+03
1.908709465788545640e+04
1.300362453654373894e+04
8.498992407683712372e+03
9.076009454654555157e+03
4.721658629401100916e+04
1.595996510061742629e+04
2.953653892197064488e+04
9.194818209418313927e+03
4.696754405941511322e+03
9.918756645327803199e+03
2.316881322872505189e+04
5.640028426722747099e+03
5.579959366740728001e+03
1.810023403144085751e+04
7.212842540351412026e+03
1.117395169193088077e+04
1.757774114459863995e+04
2.172186380066389029e+04
1.280285478745549517e+04
8.561347846950928215e+03
1.774309839010191718e+04
1.889920807478582719e+04
1.175327594980100730e+04
1.204288798783449602e+04
1.128447430108331901e+04
5.870880014998361730e+03
1.303713601853123328e+04
1.547721821642898612e+04
9.457836381002450707e+02
1.117042503449822652e+04
5.657908389125339454e+03
1.181998612761947879e+04
3.311425377052059775e+04
2.583414122861933720e+04
6.237605040143063889e+03
4.140198475252911885e+04
1.407006369367011757e+04
2.717298111742744368e+04
2.257817407364774226e+03
3.122156564469966270e+03
1.834535225574376818e+04
1.428798851639753229e+04
3.437850204684810888e+04
1.594189318510974954e+04
1.200007582660529260e+04
2.034135737455157869e+04
1.055340579986122793e+04
1.148893626979198234e+04
9.900759306061359894e+03
3.922350613609113498e+04
1.257686826277489126e+04
1.004039836119259689e+03
2.504867345967513756e+04
1.795342198162239220e+04
7.137774159321921616e+03
1.640879548305508797e+04
1.327788168326936830e+04
7.344691442973698031e+03
2.210823103831677508e+04
6.552647643594970759e+03
1.683136995143981767e+04
1.532407004797950322e+04
1.646733301998000752e+04
1.816702855219480625e+04
5.179824077664188735e+03
5.872228999627864687e+04
4.047287224719133974e+03
9.579202664398211709e+03
2.403461161423443264e+04
1.442203055087466601e+04
3.918664702436529296e+03
2.793254885646873845e+03
4.133128656523993413e+04
2.343216725397371192e+04
1.201906210068282053e+04
2.790096910883024975e+04
6.713294123966172265e+03
2.120826583168456273e+04
1.396551099913160033e+04
1.736090247557172188e+04
1.441600228976215294e+04
7.290236222414629083e+03
1.457838464694493268e+04
1.849653718045146525e+04
2.021114071129828517e+04
1.395516880909393876e+03
4.852537302907124285e+03
1.954491444513000897e+04
6.918764869558349346e+03
3.242953503373100102e+04
1.943561392711752706e+04
3.800254746822467860e+04
1.615399833457091154e+04
1.002853608434099442e+04
5.842006478897936177e+03
4.877910908302802454e+03
9.494666600100608775e+03
1.457901504293438666e+04
3.411505214350811002e+04
1.035604301708969797e+04
1.160384690170029899e+04
3.851880356528834818e+04
6.123208243239630974e+03
1.015535266316667548e+04
6.559750869433335538e+03
6.401423006718312536e+03
1.168880571115977364e+04
1.018129769126229075e+04
8.963660261714172520e+03
2.677159881083542859e+04
1.156899668555820062e+04
2.030566019554826198e+04
4.914480366554708780e+03
4.301568507624060658e+03
4.625015408480663609e+03
1.299561528281271239e+04
1.297306345200246506e+04
2.892448785943200710e+04
1.481126181476999045e+04
1.503796517203327312e+04
2.739353231314751974e+04
1.339684412884667472e+04
2.303485328178326381e+04
2.861206413583023823e+04
1.183356006040571810e+04
1.749168263774869047e+04
1.436110350729798938e+03
1.478735146627876020e+04
4.496020907599950078e+03
6.290126344846772554e+03
2.816676684810519509e+04
3.287152892537270236e+04
4.069529862423695158e+04
2.061759257830711704e+03
5.108437487089644492e+03
2.368764721916301642e+04
1.853399535259310869e+04
1.460985111700560446e+04
4.717022135169224384e+03
1.913465445794875995e+04
2.452036019891947581e+04
6.876694279939682019e+03
1.899303105983369460e+04
1.191827271550930527e+04
1.085607625174324676e+04
2.419456192336358799e+04
1.774246954968829596e+04
1.459969159703279729e+04
1.661152797387602186e+04
2.039918086602090625e+04
3.515937901885245810e+04
6.048964735300356551e+03
7.069924183713941602e+03
4.095041076410262121e+03
8.473841266949257260e+03
5.047394260519095405e+04
8.549544498882982225e+03
7.606501322937361692e+03
3.214574396271663318e+03
2.771107073317460163e+04
2.036637825797640835e+04
3.078530881162305013e+04
1.627218968341877917e+04
3.254666543467296287e+04
1.506202927750871459e+04
1.120452012209870918e+04
1.410500432613528392e+04
6.263076064989410952e+03
2.194606372457342877e+04
2.474059874170512194e+04
5.640200022571893351e+04
3.151096205550518334e+03
1.302980189343177699e+04
4.961730020870875160e+04
3.113554299988204002e+04
2.577836717429294367e+04
2.345862198817383614e+04
3.014444979528991462e+04
1.942939154140389974e+03
7.534745838891068161e+03
9.862877556895891757e+03
2.603114741399989725e+04
2.835703991351744844e+04
1.166756735701515026e+04
4.902373782647802727e+03
4.396629133192236623e+03
1.566968958684937024e+04
8.016767412717894331e+03
1.392988219051236229e+03
1.738598078131297734e+04
1.656944831754757615e+04
7.017932352172878382e+03
1.680468561067293558e+04
-1.788556314794918990e+03
1.460929129031024422e+04
1.260697331347208637e+04
6.071619748968800195e+03
1.070567533595393979e+04
1.773424673675443046e+04
2.436943755115862950e+04
2.190384780067564861e+04
8.113161727247834278e+03
1.513026742600245962e+04
3.929207961645257456e+04
5.538444525676398371e+03
3.261892392338643549e+04
1.857672832150873001e+04
1.261276265737000722e+04
5.185100105652482853e+03
4.138685355008879924e+03
1.514534986497843420e+04
1.015236717879087882e+04
3.921420856994464884e+03
1.820756518101682013e+04
2.727558160125339055e+04
1.608972314607459521e+04
1.528925435353276043e+04
1.241791000080264712e+04
1.299659683896144816e+04
8.470922896088264679e+03
1.354648939531547512e+04
1.129386894817549000e+04
1.099826326813629203e+04
1.190295908920173861e+04
6.263051705961580410e+03
2.314956188793766341e+04
7.887630291818228216e+03
1.820189649004153762e+04
1.704902709757948469e+04
3.095922094492146425e+04
3.033278948856938223e+04
1.409267759422958079e+03
8.766530781085952185e+03
2.758936988720965019e+04
6.955299072138621341e+03
6.976686017450689178e+03
1.202957122157167032e+04
1.765645307861314905e+03
2.461011243072083744e+04
6.382060128159020678e+03
1.062116072527262440e+04
8.755798438939827975e+03
2.037966214111843783e+03
1.614391695572236131e+04
3.532255116718123190e+03
4.418225586691615172e+04
2.213289751509417329e+04
1.072415398644796005e+04
2.023269578761208322e+04
9.542390080039025634e+03
2.225098143174717916e+04
6.323019400196818424e+03
5.075039548742193801e+03
8.217638654574191605e+03
1.991953351661348279e+04
2.326100583136640853e+04
3.489692114578830660e+04
7.517069951563024006e+03
4.834241392936066404e+03
1.051475624989370772e+04
4.310024418066661383e+03
2.746943259944215242e+04
1.139531332445765656e+04
2.228643879401213781e+04
4.504686685020473305e+03
2.776389580231653781e+03
2.816862018379598157e+04
3.691674272496403137e+04
2.024335225122512202e+04
-7.708893523106655721e+02
5.698330198342059703e+03
3.296753554903699114e+04
1.639394303120036420e+04
5.181652111503659398e+03
2.354811770039652765e+04
2.123495705097902101e+04
1.097995201189771069e+04
4.511760320357032469e+04
3.814308244810059932e+03
2.949478015112386856e+04
2.418934196276072907e+04
-2.667163034230028643e+03
1.463648901821287109e+04
2.285550520440616310e+04
2.881832076818164933e+04
3.557903460031380291e+03
4.990918160698217980e+04
2.320993029410049348e+04
-1.182668862010287285e+03
4.107827631690997805e+03
1.735477487017688691e+04
2.040160001534486219e+04
5.080218184100218423e+03
1.963856540481404954e+04
1.052836703752147878e+04
2.695100272478359784e+03
7.277659109702557544e+03
1.556110695684080201e+04
2.608810271571745034e+04
7.414825856073987779e+03
1.083076832907275093e+04
3.076628582409835872e+03
1.697500029201512007e+04
1.453162429964259354e+04
3.249670677801563579e+04
3.364104938369149750e+04
3.587234760173672839e+04
4.167351384805301495e+04
1.765698827656851063e+04
4.185017343671558592e+03
2.263398721989769547e+04
7.295049072178388769e+02
2.425028875157819857e+04
2.050313229282727480e+04
1.865534793661862568e+04
7.309820764639600384e+03
8.365852115091332962e+03
2.722519051573566685e+04
1.112538956918689109e+04
9.236697473120710129e+03
1.081273306480153769e+04
8.520181487742887839e+03
6.249944205954941935e+03
1.439455740199183856e+04
7.832789679657091256e+03
3.742136499225033913e+04
3.210852853208119996e+03
2.036569003357137990e+04
1.335226833451236416e+04
3.133608151241497399e+04
1.543113494731047467e+04
6.501428127154487811e+03
1.704311785001596218e+04
4.360424084482785111e+04
-2.237145064849418304e+03
7.594172966241472750e+03
2.258436586482531129e+04
2.460000410765362176e+04
1.387449051255763879e+04
1.049314857158918312e+04
2.559099934465605838e+04
1.006225064731791281e+04
1.325873161252625505e+04
1.372765755390421327e+04
1.896411023081095482e+04
5.586641873302800377e+03
9.807024278742694150e+03
2.236325800988289848e+04
2.087867181412589707e+04
1.780914049310835253e+04
1.748575343346318914e+04
1.328722303885971996e+04
1.540576993120726729e+04
3.271365776509877469e+04
5.894599783135810867e+04
5.726175193036291603e+03
1.701455410507574561e+04
1.013328650893318627e+04
1.912633989721047692e+04
8.893622721349274798e+03
1.205837282853840952e+04
7.202345011196590349e+03
5.041214031383171823e+04
8.089828928361349426e+03
2.211512394993308044e+04
2.734269128969426674e+04
6.757224238888456966e+03
1.058430751957617940e+04
2.545880091063230793e+04
1.932227168413648542e+04
2.402328783212887356e+04
-1.147587937050062237e+03
1.174914920264616921e+04
5.527436353578049420e+03
5.573198849910719218e+03
1.535303056784606270e+03
1.009629514729487710e+04
2.502680938577320558e+04
4.440747336401260691e+04
1.187501646346628331e+04
4.112632091804454831e+03
5.638824954141388844e+03
1.973785202389164624e+04
2.135968108194710294e+04
3.214289632183513095e+04
1.362968801514071674e+04
7.960104732889059960e+03
3.989650110598142419e+03
9.017343562976559042e+03
3.661923903817124665e+04
3.099213910542404392e+03
2.005490891396974621e+04
1.673490081874748284e+04
6.967626848850565011e+02
3.653832115561712271e+03
1.034506091098124307e+04
4.199174058981226153e+03
2.630403343520926137e+04
1.563464197874701495e+04
1.433945061528749284e+04
2.884299158202205945e+03
4.010279574985329236e+04
3.008216066949437663e+04
8.403478884774574908e+03
1.297825249190141403e+04
7.140726712271190991e+03
2.794437731170345796e+04
1.781247710183855816e+04
2.757274237423170416e+04
1.906244572468761191e+02
9.967560133481936646e+03
1.172142966044839159e+04
6.834174546701468898e+03
8.437136770643766795e+03
2.734791628493796088e+04
3.278954519307098963e+03
1.544650840217808582e+04
1.535448948073430438e+04
1.673600946649754042e+04
2.938419215638456080e+04
9.013467966378864730e+03
1.683796748734256835e+04
1.531590141700983804e+04
3.430564228910855491e+03
3.392700687495112106e+03
1.084922328034250495e+04
5.100453102440878865e+04
1.365176127693391390e+04
7.602759875425541395e+03
7.287623338795987365e+03
8.822862950159413231e+03
1.691272567140901447e+04
1.567059543089515137e+04
1.214129193281684638e+04
1.555888658869133178e+04
1.723251381432872222e+04
5.250245686235251924e+03
2.037314922803598165e+04
3.755425358134096314e+04
8.153684953411899187e+03
2.055203362267365810e+04
2.820707950273060123e+04
3.251199343038025836e+04
1.353240929317913833e+04
1.927181168241851992e+04
1.081842642027509646e+04
1.480736250964248029e+04
2.983232555471995511e+04
1.564122994235866645e+04
2.221587753726991195e+03
1.349641470136378985e+03
9.804057952485289206e+03
1.262979705848033336e+04
6.223950492988718906e+03
1.275504998854017686e+04
9.807109052259362215e+03
2.223233864323778471e+04
1.864159772393968524e+04
2.625239477951070876e+04
9.638680033021919371e+03
5.632302983312992183e+03
-2.318766366618381198e+02
1.170461229973138325e+04
1.848426498739598173e+04
1.454018992948406230e+04
2.772326309861482514e+04
1.689213118750485592e+04
9.741997189517525840e+03
5.464368886012673102e+03
2.803072043788896917e+04
2.437924774270609487e+04
3.866789211763114054e+03
3.044253129311068551e+04
7.623233523025878640e+03
2.373531135469942092e+04
6.495885996942111888e+03
1.047426543410114391e+04
1.198857556000076511e+04
3.507203134186200623e+04
1.027379342619892486e+04
1.777229736133318511e+04
2.312042685805017391e+04
2.877354612644932058e+04
3.341136471795634861e+03
3.051907540582983347e+04
8.584816699017050269e+03
1.334580398767556835e+04
1.723350747019543996e+04
3.336048687201512075e+04
9.648124087740150571e+03
6.286758514834641574e+03
1.983200832975199955e+04
1.125013836307503880e+03
1.047240156679482061e+04
1.570466941439510265e+04
7.132716847315246014e+03
1.951535645908854713e+04
1.109859900914805803e+04
7.013676779516999886e+03
1.524314231860271502e+04
1.534146868419624298e+04
1.687918166939217917e+04
1.171296756919223662e+04
1.754624248888198417e+04
1.688890275548908448e+03
2.330170469942584896e+04
5.909364872126552655e+03
1.431856789188769289e+04
2.564851494569355418e+04
1.110338851391720164e+04
6.008347393431802629e+03
3.768587518237732183e+03
6.827559217454457212e+03
1.996072126961995673e+04
3.705538992979556951e+02
8.411775343625095047e+03
2.571577301673314287e+04
4.759228566715850320e+03
4.507991856396977528e+04
7.747573031473826632e+03
1.838989731535134342e+04
2.125420231614601289e+04
7.496696595019845518e+03
1.028838440800016360e+04
4.522509489075086094e+03
9.890724530392853922e+03
5.543371895212146774e+04
2.304564175989487194e+04
1.508560893131911325e+04
2.385890805751443986e+04
1.890141802803370592e+04
2.552671558048629959e+04
3.351684570539330252e+02
1.150639736703900417e+04
6.281202690612508377e+03
1.446866283432521777e+04
2.690139628639894363e+04
1.301859500789056710e+03
1.596417153897648495e+04
1.221488094231642935e+04
2.738740372828600084e+04
1.207337837946415129e+04
2.772394187237022561e+04
1.589363882835707773e+04
4.643737342535673088e+04
1.108524989498216019e+04
2.778741717457470486e+02
5.202051960599748782e+03
9.879211474901920155e+03
1.104723606658452809e+04
2.873726969506439491e+04
1.066563597091381598e+04
1.049365917469682063e+04
2.187662244500103770e+04
4.444063631711263042e+03
2.674741234046869067e+03
5.675662713284763595e+04
3.526468174012966301e+03
1.988659113532002084e+04
3.080467303399920638e+03
1.354774491634900733e+04
6.730756098670678512e+03
1.114179621545286136e+04
3.843464602732619096e+04
5.245967366873804167e+03
1.154151636122477430e+04
4.257473707660056971e+04
7.769098780764136791e+03
1.446725161127086358e+04
1.227326867055793809e+04
2.277575495321902781e+04
1.247205551543472211e+04
2.457159015764594369e+04
1.473783610772180691e+04
1.129785753730914803e+04
6.164633138604122905e+03
1.092814858931337039e+04
2.264732198433553276e+04
1.424042748896812373e+04
1.460360630605595725e+04
1.926108465881541633e+04
1.431118463025671190e+04
1.112734171817821516e+04
4.204732310070556559e+04
3.362506058906082762e+04
1.814648204263351363e+04
1.023642213328905564e+04
5.359036235308944924e+03
8.811075619430324878e+03
1.413232507010548034e+04
5.490986326458019903e+03
8.528157717869011321e+03
1.210311347864214986e+04
3.456643653686204198e+04
2.170683606005087768e+03
1.811268505095155342e+04
7.261627515741798561e+03
5.431569776478056156e+03
2.267732039216124758e+04
1.476909776667167534e+04
1.620016951497986702e+04
2.257241653409781065e+04
1.239128003773123419e+04
3.166082322948544970e+03
4.947965887047341312e+03
1.259465764740854320e+04
2.412427002005753457e+04
4.049778407552031422e+04
2.361445007580372931e+03
2.561508332166936816e+04
2.391744464102448910e+04
1.004866279689901603e+04
3.789455933819217898e+04
2.572960442571347812e+04
4.377810530265118723e+04
9.505457722336555889e+03
2.339567635555625384e+04
5.630236559188021602e+03
4.435784275519633411e+03
9.203006962953289985e+03
2.654598154644757597e+04
3.511647163419189746e+04
4.476147381115861208e+03
9.283187698242694751e+03
1.068618896752944420e+04
1.520902665980711390e+04
3.791077393456635764e+04
9.062083450237707439e+03
3.315155100071543529e+03
1.424192940553228618e+04
1.777890199666718763e+04
7.579450296197439457e+03
8.489714671790245120e+03
1.323267359272717476e+04
6.593652499039490067e+03
1.285047647138793582e+04
1.136581432653933007e+04
2.516181562136932189e+04
4.346216319240133998e+03
2.167533680596675549e+04
1.452966636958912204e+04
2.742088593493930966e+04
1.839018251776035686e+04
2.040802214540300702e+04
7.267011335703911755e+03
1.274802932765680453e+04
4.392558483984298618e+03
8.995558196015637805e+03
5.624467308332562425e+03
3.467946106467307254e+04
1.212580785459285289e+04
1.486041773798231952e+04
8.711514411976339034e+03
2.204675168573988412e+04
1.603782885160475416e+04
1.185181633134233198e+04
1.002577607570595137e+04
1.649191906013170228e+04
1.007911977818057312e+04
1.690353351337791901e+04
7.765429684444825398e+03
1.434419490029621193e+04
2.409856553675381656e+04
9.423205490225878748e+03
1.482740112887042778e+04
2.185355362646140566e+04
1.228162263217771033e+04
4.264145451309778582e+04
1.427764679184804481e+04
2.315853321780051920e+04
1.779994055446487891e+03
2.636463856468479207e+04
4.654146685779154359e+04
1.669474850129371407e+04
8.947394759513084864e+03
1.294567468359079248e+04
1.067571890981872821e+04
1.214925662007790379e+04
2.126936751070953324e+04
1.483389877807363337e+04
9.729987226952000128e+03
1.851944306117511360e+03
2.316819139921701208e+04
1.062158101706748675e+04
2.234270256837541456e+04
8.142185834857139525e+03
7.311532380800837018e+03
1.719379958434878063e+04
6.161181069677313644e+03
1.610060454518972256e+04
5.250223668480997731e+04
1.299018015179369286e+04
4.476070830295827363e+03
2.046556021306962793e+04
2.887126584524411373e+04
2.551286724889998004e+04
5.495911696955969092e+04
2.407515325016671341e+04
1.692993734394721469e+04
8.677763502149186024e+03
2.732282639511244633e+04
1.214839783826095481e+04
1.151591128266908163e+04
8.966511771914290875e+03
6.428620937013212824e+03
8.880530953917652369e+03
3.107953745548921142e+04
1.615354893771253728e+03
1.105608616538341084e+04
1.855966526343837177e+04
9.691658259210063989e+03
2.462774269345863650e+04
1.027896707829575462e+04
1.743040362791978623e+04
1.952805768086666285e+04
6.693577768372164428e+03
1.731209120159543818e+04
1.687796443098182499e+04
1.422031999419169006e+04
1.792243179820871592e+04
8.285349762410156472e+03
1.265895656033940395e+04
2.919590492923178681e+04
1.721080264151288429e+04
2.806885838991655328e+04
2.106707515690278524e+04
1.637509488868071276e+04
4.700997349969540664e+03
2.615301024900052198e+03
8.246782524042748264e+03
2.220725086693192861e+04
1.348944512644418865e+04
2.537537241200543940e+04
-9.018979691277705797e+02
1.324667550455867786e+04
1.733266394730297907e+04
1.075555773275538013e+04
6.022212410640277994e+03
3.475421667291710037e+04
1.341471891335013606e+04
9.896661190134977005e+03
2.907015891445046873e+04
2.954317278390137290e+04
7.599521898829654674e+03
8.523519472320256682e+03
2.282668477709206491e+04
1.139868545764308874e+04
3.505622281887808640e+04
7.410733859356785615e+03
5.031878018681162757e+03
1.659577683552905364e+04
1.219879257245600093e+04
5.155642638854265897e+03
2.522479355589105035e+04
1.258399095809698338e+04
1.647654264527490886e+04
1.122960946058736772e+04
1.383351341184840385e+04
2.553667404257647286e+04
2.095943283926271033e+04
1.254704366451986425e+04
1.905992785279144300e+04
2.783038768379580142e+04
2.410397354741339223e+04
1.950930146350785435e+04
5.347620504446553241e+03
-3.108360687269836262e+02
2.122242671128972142e+04
6.929538027883007089e+03
1.465125228411014859e+03
1.790038026291134884e+04
2.328618356115662209e+03
1.275573780345855812e+04
2.093215346768211748e+04
2.326940719854728013e+04
4.507431649335335533e+04
1.008119224480074627e+04
1.202301569615827975e+04
1.714568489197892632e+04
4.967471690047755146e+03
6.037459713416341401e+03
2.275609669633086742e+04
1.531088562780835855e+04
2.195607913921184809e+04
2.543475960037734330e+04
1.040772896986164051e+04
1.518268066130864645e+04
1.953243031600231552e+04
8.855330615513297744e+03
1.088922993714982658e+04
2.057035658041068382e+04
2.294374814600890386e+04
1.034227641524899445e+04
7.076889947893055250e+03
1.804966166462567344e+04
3.452464178558369895e+04
-9.099178821852206056e+02
1.096707188672299162e+04
3.642862451179193158e+04
2.163596953796693924e+04
1.482626399460316679e+04
1.154137247758759077e+04
2.405424808682679941e+04
1.909134021095196658e+04
1.395938064767186552e+04
4.207657458137675712e+04
1.639050996125415622e+03
2.314026891392251855e+04
7.735545313173146496e+03
2.238315723570164118e+04
2.738510760907495933e+04
1.986449704346504222e+04
2.638424242018407676e+04
1.568393593872801284e+04
6.678870390118818250e+03
1.191886632960252973e+04
2.171516889968170290e+04
3.286051894080381317e+04
3.376318149140187597e+04
1.079377961618958579e+04
1.521361754989352266e+04
