5.896585220947767375e+05
6.533672104707107646e+05
7.224336494439800736e+05
7.052785665179799544e+05
8.661583585031812545e+05
8.724985487943290500e+05
7.201801285258070566e+05
8.915295857113813981e+05
7.379518125817218097e+05
7.600209789313498186e+05
7.723666748287166702e+05
8.011860907327824971e+05
7.330493364723030245e+05
7.972948506389083341e+05
7.737387014375362778e+05
7.645630677154047880e+05
8.857740596626162296e+05
7.547998631305684103e+05
7.182369510355063248e+05
8.599954268730079057e+05
8.723199500195183791e+05
7.125467595619362546e+05
7.661353414662030991e+05
7.295862083037345437e+05
8.199303120434882585e+05
8.243881650865359697e+05
7.484169463943355950e+05
8.429480344105735421e+05
7.775928861131831072e+05
8.892785904002756579e+05
