1.077931152343750000e+04
1.163702636718750000e+04
8.397004882812500000e+03
9.537878906250000000e+03
1.035983105468750000e+04
1.210900195312500000e+04
1.494823535156250000e+04
1.604100488281250000e+04
1.986266601562500000e+04
1.945339062500000000e+04
1.885145703125000000e+04
1.635149609375000000e+04
1.865857226562500000e+04
2.034941210937500000e+04
2.328739062500000000e+04
2.226601171875000000e+04
2.554638281250000000e+04
2.170475585937500000e+04
2.116115234375000000e+04
2.358734765625000000e+04
2.488519531250000000e+04
2.498485937500000000e+04
2.196022460937500000e+04
2.510042578125000000e+04
2.587054492187500000e+04
2.436485937500000000e+04
1.988519531250000000e+04
2.521092187500000000e+04
2.547651953125000000e+04
2.376136914062500000e+04
2.524456835937500000e+04
2.048760937500000000e+04
2.395319140625000000e+04
2.252868359375000000e+04
2.277237304687500000e+04
2.524147656250000000e+04
2.393901562500000000e+04
2.175094921875000000e+04
2.546609765625000000e+04
2.257385937500000000e+04
2.380462109375000000e+04
2.439470898437500000e+04
2.424224218750000000e+04
2.333132226562500000e+04
2.280804492187500000e+04
2.427332421875000000e+04
2.419870507812500000e+04
2.328600390625000000e+04
2.413086718750000000e+04
2.461337500000000000e+04
2.629201367187500000e+04
2.544635156250000000e+04
2.906928710937500000e+04
2.432466796875000000e+04
2.568915820312500000e+04
2.611703515625000000e+04
2.607743945312500000e+04
2.677055078125000000e+04
2.668122656250000000e+04
2.423986328125000000e+04
2.516307617187500000e+04
2.301202734375000000e+04
2.325054296875000000e+04
2.453744531250000000e+04
2.270169921875000000e+04
2.838975976562500000e+04
2.582451562500000000e+04
2.590939843750000000e+04
2.593931640625000000e+04
2.447767187500000000e+04
2.462342382812500000e+04
2.644801953125000000e+04
2.616291796875000000e+04
2.676916406250000000e+04
2.652878906250000000e+04
2.928613476562500000e+04
2.534218945312500000e+04
2.670274804687500000e+04
2.481038671875000000e+04
2.835882421875000000e+04
2.660146679687500000e+04
2.942118359375000000e+04
2.985726171875000000e+04
2.739240625000000000e+04
2.561526562500000000e+04
2.688832226562500000e+04
2.470330664062500000e+04
2.971376953125000000e+04
2.665080078125000000e+04
3.002117773437500000e+04
2.452977148437500000e+04
2.800682226562500000e+04
2.921589453125000000e+04
3.108110546875000000e+04
2.990751367187500000e+04
2.601165039062500000e+04
2.686703906250000000e+04
2.923136523437500000e+04
2.711999023437500000e+04
2.929257031250000000e+04
2.422932812500000000e+04
3.014114843750000000e+04
2.942794921875000000e+04
2.842282226562500000e+04
2.784398828125000000e+04
2.899581835937500000e+04
2.926074414062500000e+04
2.938437890625000000e+04
2.901945898437500000e+04
2.965508593750000000e+04
2.742133984375000000e+04
2.466036328125000000e+04
2.751620703125000000e+04
3.105149609375000000e+04
3.195114453125000000e+04
2.663306445312500000e+04
2.888053125000000000e+04
3.108416992187500000e+04
3.106132226562500000e+04
2.885222460937500000e+04
2.632097070312500000e+04
2.931787109375000000e+04
2.919656640625000000e+04
3.099497851562500000e+04
3.372462890625000000e+04
2.797370703125000000e+04
3.426853125000000000e+04
2.872939453125000000e+04
3.004804296875000000e+04
3.160531640625000000e+04
3.008575195312500000e+04
3.061055468750000000e+04
2.766564453125000000e+04
2.697607812500000000e+04
2.611396679687500000e+04
2.944355078125000000e+04
2.970175390625000000e+04
2.636218164062500000e+04
3.247578125000000000e+04
2.807836914062500000e+04
2.986733203125000000e+04
3.115080859375000000e+04
3.140240234375000000e+04
2.937215820312500000e+04
2.631484179687500000e+04
2.836214453125000000e+04
3.502269921875000000e+04
2.985733984375000000e+04
2.844488281250000000e+04
2.879651953125000000e+04
2.643693945312500000e+04
2.846610546875000000e+04
2.930560546875000000e+04
3.077042968750000000e+04
3.082610156250000000e+04
2.758528125000000000e+04
3.084953906250000000e+04
2.901512500000000000e+04
3.406968750000000000e+04
2.868414453125000000e+04
3.149205664062500000e+04
2.877855078125000000e+04
3.190668359375000000e+04
3.037783203125000000e+04
3.083832421875000000e+04
2.773797656250000000e+04
2.770276953125000000e+04
2.748390039062500000e+04
2.737992578125000000e+04
2.644793359375000000e+04
3.142200976562500000e+04
2.838833593750000000e+04
3.073083593750000000e+04
2.827249804687500000e+04
2.659085546875000000e+04
2.951689062500000000e+04
3.029310937500000000e+04
3.176975000000000000e+04
2.585567382812500000e+04
2.933621875000000000e+04
3.068009179687500000e+04
2.787181445312500000e+04
3.015120703125000000e+04
2.782995898437500000e+04
3.071994921875000000e+04
2.874771289062500000e+04
2.927239453125000000e+04
2.890617578125000000e+04
2.571315625000000000e+04
3.215781640625000000e+04
2.922569921875000000e+04
2.921333593750000000e+04
3.003319140625000000e+04
2.962140234375000000e+04
2.956987109375000000e+04
2.967015820312500000e+04
3.270826562500000000e+04
3.139028125000000000e+04
2.872114843750000000e+04
3.051619531250000000e+04
2.981396093750000000e+04
3.215805078125000000e+04
3.138924804687500000e+04
3.002945703125000000e+04
3.136528515625000000e+04
3.080761718750000000e+04
2.852289843750000000e+04
2.747905078125000000e+04
3.018653710937500000e+04
2.954048046875000000e+04
2.766271679687500000e+04
2.788394921875000000e+04
2.983847851562500000e+04
2.862055859375000000e+04
2.918120117187500000e+04
2.977798046875000000e+04
3.077212109375000000e+04
3.084731054687500000e+04
3.275419335937500000e+04
3.095730859375000000e+04
3.097943750000000000e+04
3.329221093750000000e+04
3.358554687500000000e+04
2.943789843750000000e+04
2.868035156250000000e+04
3.376933593750000000e+04
3.061978515625000000e+04
3.117301757812500000e+04
3.103390234375000000e+04
3.220489257812500000e+04
3.017717187500000000e+04
2.664590625000000000e+04
3.088328125000000000e+04
2.772805859375000000e+04
3.004616992187500000e+04
3.413140234375000000e+04
3.009700000000000000e+04
3.243225781250000000e+04
2.982910937500000000e+04
3.601022656250000000e+04
3.068653125000000000e+04
3.267861523437500000e+04
3.187512500000000000e+04
3.269376171875000000e+04
3.320007421875000000e+04
3.040569531250000000e+04
3.132290625000000000e+04
3.364493359375000000e+04
3.140756640625000000e+04
3.361671484375000000e+04
3.196032812500000000e+04
2.799731640625000000e+04
2.802789648437500000e+04
3.034750781250000000e+04
3.092606640625000000e+04
3.143212890625000000e+04
2.854017578125000000e+04
3.523393359375000000e+04
3.207299218750000000e+04
2.624715429687500000e+04
2.932905468750000000e+04
2.701377343750000000e+04
3.258109375000000000e+04
2.698209570312500000e+04
3.294610937500000000e+04
2.863072265625000000e+04
2.945704492187500000e+04
3.133187304687500000e+04
3.056506250000000000e+04
3.225984179687500000e+04
2.969237890625000000e+04
2.990358984375000000e+04
3.090171875000000000e+04
3.122856640625000000e+04
3.164245117187500000e+04
3.120322851562500000e+04
2.847222460937500000e+04
3.213690625000000000e+04
2.973920703125000000e+04
3.334237109375000000e+04
3.047241796875000000e+04
3.076768554687500000e+04
3.223454296875000000e+04
3.010024609375000000e+04
3.138463281250000000e+04
3.108809765625000000e+04
3.207555078125000000e+04
3.018900000000000000e+04
3.448580078125000000e+04
3.050879296875000000e+04
2.676273437500000000e+04
3.014905468750000000e+04
3.142967968750000000e+04
3.206824218750000000e+04
2.957293554687500000e+04
3.084725390625000000e+04
3.402354687500000000e+04
3.200947460937500000e+04
3.245480468750000000e+04
2.973874218750000000e+04
3.342164062500000000e+04
3.705191015625000000e+04
3.214289648437500000e+04
3.147151953125000000e+04
2.983680273437500000e+04
3.200296679687500000e+04
3.067252929687500000e+04
3.112405468750000000e+04
3.081088867187500000e+04
2.959099218750000000e+04
3.348274609375000000e+04
3.309036718750000000e+04
3.173275390625000000e+04
3.081532031250000000e+04
3.291230468750000000e+04
3.069858984375000000e+04
3.176261523437500000e+04
2.996008984375000000e+04
3.128596875000000000e+04
3.015757031250000000e+04
3.020428906250000000e+04
2.852461132812500000e+04
3.373446875000000000e+04
3.137035156250000000e+04
2.910687109375000000e+04
2.864907421875000000e+04
3.244212890625000000e+04
3.200153320312500000e+04
3.257560742187500000e+04
3.131080468750000000e+04
3.041164843750000000e+04
3.091362109375000000e+04
2.892205859375000000e+04
3.422266796875000000e+04
3.298883593750000000e+04
3.415121875000000000e+04
2.794373437500000000e+04
3.344073437500000000e+04
3.235621484375000000e+04
3.365521093750000000e+04
3.316995312500000000e+04
3.156698437500000000e+04
2.874052734375000000e+04
3.221792382812500000e+04
2.938511132812500000e+04
3.246957226562500000e+04
3.062710937500000000e+04
2.911732031250000000e+04
3.065905859375000000e+04
3.042741406250000000e+04
3.801203125000000000e+04
2.825046875000000000e+04
3.360603125000000000e+04
3.025800976562500000e+04
3.022092773437500000e+04
3.039458593750000000e+04
2.968332031250000000e+04
3.416314453125000000e+04
3.104240820312500000e+04
3.454196093750000000e+04
3.462927734375000000e+04
2.999944921875000000e+04
3.178271484375000000e+04
3.503192187500000000e+04
3.095252734375000000e+04
3.160113867187500000e+04
2.922081835937500000e+04
2.891100195312500000e+04
2.884087890625000000e+04
3.340017187500000000e+04
3.429720703125000000e+04
3.127422265625000000e+04
3.153615234375000000e+04
3.511000390625000000e+04
2.955844921875000000e+04
2.808490820312500000e+04
3.153094921875000000e+04
2.823027343750000000e+04
3.533334375000000000e+04
3.140535546875000000e+04
2.956236718750000000e+04
3.140553710937500000e+04
3.485409765625000000e+04
3.630240234375000000e+04
2.969730273437500000e+04
3.390936718750000000e+04
3.167144726562500000e+04
3.345956640625000000e+04
3.375236328125000000e+04
3.112369726562500000e+04
3.140824609375000000e+04
3.098814062500000000e+04
3.021629492187500000e+04
3.120236132812500000e+04
3.329910937500000000e+04
3.431301171875000000e+04
2.831592773437500000e+04
3.395244921875000000e+04
3.142870898437500000e+04
3.097251171875000000e+04
2.976703710937500000e+04
3.329930468750000000e+04
3.425778906250000000e+04
3.568070703125000000e+04
3.136347265625000000e+04
3.569953906250000000e+04
3.093694921875000000e+04
2.789045703125000000e+04
3.045366406250000000e+04
3.157354882812500000e+04
3.738644531250000000e+04
2.857845703125000000e+04
3.154546093750000000e+04
3.137903515625000000e+04
3.438134375000000000e+04
3.196469531250000000e+04
3.468653906250000000e+04
3.278386328125000000e+04
3.338583203125000000e+04
3.098178320312500000e+04
3.395678515625000000e+04
3.222626171875000000e+04
3.047384765625000000e+04
3.529625000000000000e+04
3.417180468750000000e+04
3.427844140625000000e+04
3.382226171875000000e+04
3.529201171875000000e+04
3.346325000000000000e+04
3.614160156250000000e+04
3.083931054687500000e+04
3.017937890625000000e+04
3.562922656250000000e+04
3.183182031250000000e+04
3.518689062500000000e+04
2.906173437500000000e+04
3.440211718750000000e+04
3.185289062500000000e+04
3.339685937500000000e+04
3.357605859375000000e+04
3.045909375000000000e+04
3.128451953125000000e+04
3.339469140625000000e+04
3.445720312500000000e+04
3.041839648437500000e+04
3.251264843750000000e+04
3.491305468750000000e+04
3.287809765625000000e+04
3.303045312500000000e+04
3.163137304687500000e+04
3.265562500000000000e+04
3.213398046875000000e+04
2.894054296875000000e+04
2.963468750000000000e+04
3.110925976562500000e+04
3.139655468750000000e+04
3.543260546875000000e+04
3.443159375000000000e+04
3.619787500000000000e+04
3.405891406250000000e+04
3.784528906250000000e+04
3.254813476562500000e+04
3.384743750000000000e+04
3.537839453125000000e+04
3.262240039062500000e+04
2.928037890625000000e+04
3.447703906250000000e+04
3.335689062500000000e+04
3.013035742187500000e+04
3.175333984375000000e+04
3.287489062500000000e+04
3.583687109375000000e+04
3.160253710937500000e+04
2.842577734375000000e+04
3.198364648437500000e+04
3.059704296875000000e+04
3.331928125000000000e+04
3.340755468750000000e+04
3.233052343750000000e+04
3.180429882812500000e+04
3.329916015625000000e+04
2.998322851562500000e+04
3.130523632812500000e+04
3.323930078125000000e+04
3.486356640625000000e+04
3.040707031250000000e+04
3.222137500000000000e+04
3.682327343750000000e+04
3.036104296875000000e+04
3.294725000000000000e+04
3.023694531250000000e+04
3.447030078125000000e+04
3.041450390625000000e+04
3.551616796875000000e+04
3.012707031250000000e+04
3.251159570312500000e+04
3.172906250000000000e+04
3.139825390625000000e+04
3.047569140625000000e+04
3.268533593750000000e+04
3.313326953125000000e+04
3.296823046875000000e+04
3.213709179687500000e+04
3.290733593750000000e+04
3.302244531250000000e+04
3.323156250000000000e+04
3.135668945312500000e+04
3.146097656250000000e+04
3.254860351562500000e+04
3.619523046875000000e+04
2.902189843750000000e+04
3.533075390625000000e+04
3.419569140625000000e+04
3.377034375000000000e+04
3.490392968750000000e+04
3.021247070312500000e+04
3.293144531250000000e+04
3.177748632812500000e+04
3.191839843750000000e+04
3.504111328125000000e+04
3.474499218750000000e+04
3.744148046875000000e+04
3.223128515625000000e+04
3.313297265625000000e+04
3.202448046875000000e+04
3.402577343750000000e+04
3.547900000000000000e+04
3.286119531250000000e+04
3.148045117187500000e+04
3.550859375000000000e+04
3.464708984375000000e+04
3.510403515625000000e+04
3.212916992187500000e+04
3.446456250000000000e+04
3.179218945312500000e+04
3.369195703125000000e+04
3.504237109375000000e+04
3.276404101562500000e+04
3.513594531250000000e+04
3.402592968750000000e+04
3.401458593750000000e+04
3.235700781250000000e+04
3.534113281250000000e+04
3.550695703125000000e+04
3.554879296875000000e+04
3.292360156250000000e+04
3.602392578125000000e+04
3.370282421875000000e+04
3.208591406250000000e+04
3.243254492187500000e+04
3.631767187500000000e+04
3.452032031250000000e+04
3.337718750000000000e+04
3.332544531250000000e+04
3.384758203125000000e+04
3.460941406250000000e+04
3.467258593750000000e+04
3.307072656250000000e+04
3.715185546875000000e+04
3.674010156250000000e+04
3.242380468750000000e+04
3.753408593750000000e+04
3.604604296875000000e+04
3.391387500000000000e+04
3.321403125000000000e+04
3.451258203125000000e+04
3.348907031250000000e+04
3.521332812500000000e+04
3.534442968750000000e+04
3.649583593750000000e+04
3.352424609375000000e+04
3.171567578125000000e+04
3.259302148437500000e+04
3.296685156250000000e+04
3.519161718750000000e+04
3.508069921875000000e+04
3.648120312500000000e+04
3.694270312500000000e+04
3.479013671875000000e+04
3.159391796875000000e+04
3.388768359375000000e+04
3.533496484375000000e+04
3.073057031250000000e+04
3.364570703125000000e+04
3.141018359375000000e+04
3.281839843750000000e+04
3.729655859375000000e+04
3.712333593750000000e+04
3.389267187500000000e+04
3.718263281250000000e+04
3.431288281250000000e+04
3.411422265625000000e+04
3.292057812500000000e+04
3.317214062500000000e+04
3.392385937500000000e+04
3.009138671875000000e+04
3.279779687500000000e+04
3.378876171875000000e+04
3.374537890625000000e+04
3.222244531250000000e+04
3.581670703125000000e+04
3.236491015625000000e+04
3.584656250000000000e+04
3.432330859375000000e+04
3.478855859375000000e+04
3.640732812500000000e+04
3.330615625000000000e+04
3.221777148437500000e+04
3.874795312500000000e+04
3.327091015625000000e+04
3.682563281250000000e+04
3.366388671875000000e+04
3.267531250000000000e+04
3.332428906250000000e+04
3.677242968750000000e+04
3.619345703125000000e+04
3.251569921875000000e+04
3.164080859375000000e+04
3.472889843750000000e+04
3.154534765625000000e+04
3.288687500000000000e+04
3.296337500000000000e+04
3.559895312500000000e+04
3.571602343750000000e+04
3.286783593750000000e+04
3.527711718750000000e+04
3.031942578125000000e+04
3.342342578125000000e+04
3.374316406250000000e+04
3.403125000000000000e+04
3.421299218750000000e+04
3.318050000000000000e+04
3.463310937500000000e+04
3.643337890625000000e+04
3.424332421875000000e+04
3.154124218750000000e+04
3.470248046875000000e+04
3.276768750000000000e+04
3.441984375000000000e+04
3.333714062500000000e+04
3.237855859375000000e+04
3.532509375000000000e+04
3.916673046875000000e+04
3.369219140625000000e+04
3.491428125000000000e+04
3.138222070312500000e+04
3.381392968750000000e+04
3.335915234375000000e+04
3.615623437500000000e+04
3.395546484375000000e+04
3.390101562500000000e+04
3.414923437500000000e+04
3.230314453125000000e+04
3.211307812500000000e+04
3.726362500000000000e+04
3.130466992187500000e+04
3.571861328125000000e+04
3.472097656250000000e+04
3.251708984375000000e+04
3.298635937500000000e+04
3.460046484375000000e+04
3.549501562500000000e+04
3.473315234375000000e+04
3.013520507812500000e+04
3.129664257812500000e+04
3.411866406250000000e+04
3.657670703125000000e+04
3.317125781250000000e+04
3.562015234375000000e+04
3.515375000000000000e+04
3.538735937500000000e+04
3.614702343750000000e+04
3.685705859375000000e+04
3.757178906250000000e+04
3.415681640625000000e+04
3.783082421875000000e+04
3.354569140625000000e+04
3.473461718750000000e+04
3.835847265625000000e+04
3.371047656250000000e+04
3.292762890625000000e+04
3.555121875000000000e+04
3.608050781250000000e+04
3.289514062500000000e+04
3.135114062500000000e+04
3.568811328125000000e+04
3.144651171875000000e+04
3.628083593750000000e+04
3.513619921875000000e+04
3.339891406250000000e+04
3.392630468750000000e+04
3.320862500000000000e+04
3.483067578125000000e+04
3.313132812500000000e+04
3.322867187500000000e+04
3.755537500000000000e+04
3.108446875000000000e+04
3.661762500000000000e+04
3.602811718750000000e+04
3.359784375000000000e+04
3.307263281250000000e+04
3.431342968750000000e+04
3.297605468750000000e+04
3.862436328125000000e+04
3.147048046875000000e+04
3.372732031250000000e+04
3.547532812500000000e+04
3.331360156250000000e+04
3.535564453125000000e+04
3.688644921875000000e+04
3.503924609375000000e+04
3.515930859375000000e+04
3.664965625000000000e+04
3.628879296875000000e+04
3.839843359375000000e+04
3.490984765625000000e+04
3.899568750000000000e+04
3.384358984375000000e+04
3.647803125000000000e+04
3.386988281250000000e+04
3.357639062500000000e+04
3.669863281250000000e+04
3.208183984375000000e+04
3.471218750000000000e+04
3.565357031250000000e+04
3.812427343750000000e+04
3.472956640625000000e+04
3.309795703125000000e+04
3.636566796875000000e+04
3.416981250000000000e+04
3.468965625000000000e+04
3.178401171875000000e+04
3.649515234375000000e+04
3.596811718750000000e+04
3.301344921875000000e+04
3.626325000000000000e+04
3.740386718750000000e+04
3.362671875000000000e+04
3.672765625000000000e+04
3.356848828125000000e+04
3.732747265625000000e+04
3.989319140625000000e+04
3.438066406250000000e+04
3.507195703125000000e+04
3.873007812500000000e+04
3.488215625000000000e+04
3.714818750000000000e+04
4.099352734375000000e+04
3.563189062500000000e+04
3.606746093750000000e+04
3.312413671875000000e+04
3.051581640625000000e+04
3.834982812500000000e+04
3.304906640625000000e+04
3.914723437500000000e+04
3.683498437500000000e+04
3.458453125000000000e+04
3.689060156250000000e+04
3.354138671875000000e+04
3.656783593750000000e+04
3.863542968750000000e+04
3.718178906250000000e+04
3.382764062500000000e+04
3.512232812500000000e+04
3.496350390625000000e+04
3.607766015625000000e+04
4.029915234375000000e+04
3.514307031250000000e+04
3.520069921875000000e+04
3.484404296875000000e+04
3.312207812500000000e+04
3.818003125000000000e+04
3.859025781250000000e+04
4.028771875000000000e+04
3.365208984375000000e+04
3.588631640625000000e+04
3.482675781250000000e+04
3.534877343750000000e+04
3.675487500000000000e+04
3.629978906250000000e+04
3.637717968750000000e+04
3.374810156250000000e+04
3.653367968750000000e+04
3.780522656250000000e+04
3.533241406250000000e+04
3.930999218750000000e+04
3.634551562500000000e+04
3.395378515625000000e+04
3.865998828125000000e+04
3.684923437500000000e+04
3.977713281250000000e+04
3.476065234375000000e+04
3.587900000000000000e+04
3.549319140625000000e+04
3.580140625000000000e+04
3.529533203125000000e+04
3.712497265625000000e+04
3.557119921875000000e+04
3.813861718750000000e+04
3.590450390625000000e+04
3.278271875000000000e+04
3.633989453125000000e+04
3.336938281250000000e+04
3.598141406250000000e+04
3.578297265625000000e+04
3.461364062500000000e+04
3.506712890625000000e+04
3.462388671875000000e+04
3.639034375000000000e+04
3.501887109375000000e+04
4.229504687500000000e+04
3.614209375000000000e+04
3.269649609375000000e+04
3.343769140625000000e+04
3.705498046875000000e+04
3.611082031250000000e+04
3.710496875000000000e+04
3.597320312500000000e+04
3.938636718750000000e+04
3.208117187500000000e+04
3.622667578125000000e+04
3.679527734375000000e+04
3.679066796875000000e+04
3.614363281250000000e+04
4.003710546875000000e+04
3.769494531250000000e+04
3.479949218750000000e+04
3.891730468750000000e+04
3.825671875000000000e+04
3.639850781250000000e+04
3.912216406250000000e+04
3.778632812500000000e+04
3.779439453125000000e+04
3.831799218750000000e+04
4.061919921875000000e+04
3.636259375000000000e+04
3.467926953125000000e+04
3.786104687500000000e+04
3.233005078125000000e+04
3.705524609375000000e+04
3.689213671875000000e+04
3.717707812500000000e+04
3.767817187500000000e+04
3.369089843750000000e+04
3.658254687500000000e+04
3.554812500000000000e+04
3.541278906250000000e+04
3.378876562500000000e+04
3.555353125000000000e+04
3.489002343750000000e+04
3.296154296875000000e+04
3.484248046875000000e+04
3.451635937500000000e+04
3.420153515625000000e+04
3.357043359375000000e+04
3.172779687500000000e+04
3.394058203125000000e+04
3.200700390625000000e+04
3.383597265625000000e+04
3.194152343750000000e+04
3.537048437500000000e+04
3.934668750000000000e+04
3.621906250000000000e+04
3.746953906250000000e+04
3.689719140625000000e+04
3.856542187500000000e+04
3.362713671875000000e+04
3.550273437500000000e+04
3.712142578125000000e+04
3.443145312500000000e+04
3.796820312500000000e+04
3.234474414062500000e+04
3.812691406250000000e+04
3.591453906250000000e+04
3.981523437500000000e+04
3.317562500000000000e+04
3.415012109375000000e+04
3.666518750000000000e+04
3.650507421875000000e+04
3.929103906250000000e+04
3.657579687500000000e+04
3.841505468750000000e+04
3.309600781250000000e+04
3.660733593750000000e+04
4.224729687500000000e+04
4.120635937500000000e+04
3.716107421875000000e+04
3.776807812500000000e+04
4.098133593750000000e+04
3.429320312500000000e+04
3.832719531250000000e+04
3.724808593750000000e+04
3.879739062500000000e+04
3.632553906250000000e+04
3.827651562500000000e+04
3.559188671875000000e+04
3.552230859375000000e+04
3.514900000000000000e+04
3.555416796875000000e+04
3.613291796875000000e+04
3.530659375000000000e+04
3.434079687500000000e+04
3.826061718750000000e+04
3.381720312500000000e+04
3.382578906250000000e+04
3.546052734375000000e+04
3.688704687500000000e+04
3.478233203125000000e+04
3.941756250000000000e+04
3.375777343750000000e+04
3.690505078125000000e+04
3.475539843750000000e+04
3.390929296875000000e+04
3.511353515625000000e+04
3.399244531250000000e+04
3.341130468750000000e+04
3.348489843750000000e+04
3.411073046875000000e+04
3.932317968750000000e+04
3.425063671875000000e+04
3.740247265625000000e+04
3.493199218750000000e+04
3.666927343750000000e+04
3.317925000000000000e+04
3.856023046875000000e+04
3.563470312500000000e+04
3.757762500000000000e+04
3.689475000000000000e+04
3.633763671875000000e+04
3.643238281250000000e+04
3.653950000000000000e+04
3.510929687500000000e+04
3.620675390625000000e+04
3.963780859375000000e+04
3.449213671875000000e+04
3.396065625000000000e+04
3.651974218750000000e+04
3.480378515625000000e+04
3.902153125000000000e+04
3.671119140625000000e+04
3.491639453125000000e+04
3.768545312500000000e+04
3.498837109375000000e+04
3.970401171875000000e+04
3.379679687500000000e+04
3.581747656250000000e+04
3.816408203125000000e+04
3.812247656250000000e+04
3.627140625000000000e+04
3.648352343750000000e+04
3.875417187500000000e+04
3.518756250000000000e+04
3.672542187500000000e+04
3.737589453125000000e+04
3.835010937500000000e+04
3.680522656250000000e+04
3.872817187500000000e+04
3.596885546875000000e+04
3.644644140625000000e+04
3.831966015625000000e+04
3.521778515625000000e+04
3.925010156250000000e+04
3.477499609375000000e+04
3.686170312500000000e+04
3.732294140625000000e+04
3.762505078125000000e+04
3.616908593750000000e+04
4.066168750000000000e+04
3.922753906250000000e+04
3.817628125000000000e+04
3.788169921875000000e+04
3.626185937500000000e+04
4.024157031250000000e+04
3.541622656250000000e+04
3.215569921875000000e+04
3.307386718750000000e+04
3.787717187500000000e+04
3.610609375000000000e+04
4.053668750000000000e+04
3.885418750000000000e+04
4.220909375000000000e+04
3.539471093750000000e+04
3.757559375000000000e+04
3.609290625000000000e+04
3.695562109375000000e+04
3.946516406250000000e+04
4.078271484375000000e+04
3.767996484375000000e+04
3.667063671875000000e+04
3.609621875000000000e+04
3.974342968750000000e+04
3.491910937500000000e+04
4.007437109375000000e+04
4.067894140625000000e+04
3.694558203125000000e+04
3.980395312500000000e+04
3.769641406250000000e+04
3.944455078125000000e+04
4.001482421875000000e+04
3.602560156250000000e+04
3.449382812500000000e+04
3.577244921875000000e+04
3.873685156250000000e+04
3.953805468750000000e+04
3.845620312500000000e+04
3.533126171875000000e+04
3.571603125000000000e+04
3.405437500000000000e+04
3.485818750000000000e+04
3.921619531250000000e+04
3.774977734375000000e+04
3.850008203125000000e+04
3.670847656250000000e+04
4.110860156250000000e+04
3.457547265625000000e+04
3.723381640625000000e+04
3.597337109375000000e+04
4.092110937500000000e+04
3.461935937500000000e+04
3.422655078125000000e+04
3.820853515625000000e+04
3.881545312500000000e+04
3.692388281250000000e+04
3.618934375000000000e+04
3.808216015625000000e+04
3.721894921875000000e+04
3.633660937500000000e+04
3.376466796875000000e+04
3.592424218750000000e+04
3.896639062500000000e+04
3.619016406250000000e+04
3.519907812500000000e+04
4.317126562500000000e+04
3.360829296875000000e+04
3.570604296875000000e+04
4.144325000000000000e+04
3.760438281250000000e+04
3.531742578125000000e+04
3.701916406250000000e+04
3.606324609375000000e+04
3.555664453125000000e+04
4.289258593750000000e+04
3.479008593750000000e+04
3.951933593750000000e+04
3.836392187500000000e+04
3.739424218750000000e+04
3.744167968750000000e+04
4.025423437500000000e+04
3.452117968750000000e+04
4.006095312500000000e+04
3.758566406250000000e+04
4.049313281250000000e+04
3.819557031250000000e+04
3.979045312500000000e+04
3.820843359375000000e+04
3.992828125000000000e+04
3.770058593750000000e+04
4.063858984375000000e+04
3.971921093750000000e+04
3.692344531250000000e+04
3.699360156250000000e+04
3.621011328125000000e+04
3.776741015625000000e+04
3.632642187500000000e+04
3.973160546875000000e+04
4.017786328125000000e+04
4.125345312500000000e+04
4.273671093750000000e+04
3.726803125000000000e+04
4.201564062500000000e+04
3.988670312500000000e+04
3.273183984375000000e+04
3.642003906250000000e+04
3.829865234375000000e+04
4.154045312500000000e+04
3.757059765625000000e+04
3.941894531250000000e+04
3.845108984375000000e+04
3.965147265625000000e+04
3.998938281250000000e+04
3.911432421875000000e+04
3.389020312500000000e+04
3.877518359375000000e+04
3.252382812500000000e+04
3.570860156250000000e+04
4.117117968750000000e+04
4.108150000000000000e+04
3.871421875000000000e+04
3.718334765625000000e+04
3.559933593750000000e+04
4.144226953125000000e+04
4.084442968750000000e+04
4.102979687500000000e+04
3.927225390625000000e+04
3.957159375000000000e+04
3.731876953125000000e+04
3.693685546875000000e+04
3.382001171875000000e+04
3.851947656250000000e+04
3.819782421875000000e+04
3.532164062500000000e+04
3.922668359375000000e+04
3.875481640625000000e+04
4.025301171875000000e+04
3.815395312500000000e+04
3.943322265625000000e+04
3.420141796875000000e+04
3.660371875000000000e+04
3.851366406250000000e+04
4.032794531250000000e+04
3.634674609375000000e+04
3.582408593750000000e+04
3.710288671875000000e+04
3.648294140625000000e+04
3.520384375000000000e+04
3.516364062500000000e+04
3.514816015625000000e+04
3.563050781250000000e+04
4.021519140625000000e+04
3.412075000000000000e+04
3.796803125000000000e+04
3.568142578125000000e+04
3.893439062500000000e+04
4.025117968750000000e+04
4.032135156250000000e+04
3.181038281250000000e+04
3.603851171875000000e+04
3.573397656250000000e+04
3.894113281250000000e+04
3.506360156250000000e+04
3.659335937500000000e+04
4.074716015625000000e+04
3.785290625000000000e+04
4.068062500000000000e+04
3.473567578125000000e+04
3.708558593750000000e+04
3.576012500000000000e+04
3.857625781250000000e+04
4.363877343750000000e+04
3.544010937500000000e+04
4.232141015625000000e+04
3.958459765625000000e+04
4.002297656250000000e+04
4.069860937500000000e+04
3.781821875000000000e+04
3.994955078125000000e+04
3.641865234375000000e+04
3.650325781250000000e+04
4.034397656250000000e+04
3.851306250000000000e+04
3.836459375000000000e+04
3.773355859375000000e+04
3.777935156250000000e+04
3.616597265625000000e+04
3.793597265625000000e+04
3.910024218750000000e+04
3.813167968750000000e+04
3.516722265625000000e+04
3.786116406250000000e+04
4.093291406250000000e+04
3.579624218750000000e+04
3.966429687500000000e+04
3.975852734375000000e+04
3.986996875000000000e+04
3.987483593750000000e+04
3.876103906250000000e+04
3.882285156250000000e+04
3.761431640625000000e+04
3.954612109375000000e+04
3.581304296875000000e+04
3.422573046875000000e+04
3.877044140625000000e+04
3.644911718750000000e+04
3.466927343750000000e+04
4.168802734375000000e+04
3.788546093750000000e+04
3.826297265625000000e+04
3.558182031250000000e+04
3.788818750000000000e+04
4.020149609375000000e+04
3.797971875000000000e+04
3.530062500000000000e+04
3.754409375000000000e+04
3.851012500000000000e+04
3.623580078125000000e+04
4.029459765625000000e+04
3.644518750000000000e+04
4.326375781250000000e+04
4.095798437500000000e+04
3.948132421875000000e+04
3.699243750000000000e+04
4.201318750000000000e+04
3.787030078125000000e+04
3.846739843750000000e+04
3.693182812500000000e+04
4.299669140625000000e+04
3.771957031250000000e+04
3.659726562500000000e+04
3.954911328125000000e+04
3.712406250000000000e+04
4.220185156250000000e+04
3.479204687500000000e+04
4.088587500000000000e+04
3.610906250000000000e+04
3.741758593750000000e+04
3.785547656250000000e+04
3.928989843750000000e+04
3.925220703125000000e+04
3.590575000000000000e+04
4.021170312500000000e+04
3.717207812500000000e+04
3.672536328125000000e+04
3.692621093750000000e+04
3.951389453125000000e+04
3.753510156250000000e+04
4.082638671875000000e+04
3.738051171875000000e+04
3.969710937500000000e+04
3.842032031250000000e+04
3.596400781250000000e+04
3.844811718750000000e+04
3.768729687500000000e+04
4.289265625000000000e+04
3.742038671875000000e+04
3.700630468750000000e+04
3.984500000000000000e+04
4.100285156250000000e+04
3.853920312500000000e+04
4.069960156250000000e+04
4.206932812500000000e+04
3.726578906250000000e+04
3.655894921875000000e+04
3.772064843750000000e+04
3.517687890625000000e+04
3.998548046875000000e+04
3.724232031250000000e+04
4.056869531250000000e+04
3.595616406250000000e+04
3.860090234375000000e+04
3.977537890625000000e+04
3.712688671875000000e+04
3.972385937500000000e+04
3.906855468750000000e+04
4.379817968750000000e+04
3.573394921875000000e+04
3.666723437500000000e+04
3.574496093750000000e+04
4.236813281250000000e+04
3.649570312500000000e+04
4.117169531250000000e+04
4.353701562500000000e+04
3.877798437500000000e+04
3.830213671875000000e+04
3.845941406250000000e+04
3.335075390625000000e+04
3.765134375000000000e+04
3.740989843750000000e+04
3.878829687500000000e+04
3.761166796875000000e+04
3.575628125000000000e+04
3.351979296875000000e+04
3.996064062500000000e+04
3.817153125000000000e+04
3.937113281250000000e+04
3.583487109375000000e+04
4.183041796875000000e+04
4.163565625000000000e+04
4.001940625000000000e+04
3.573027343750000000e+04
3.961700390625000000e+04
3.892320312500000000e+04
3.880507421875000000e+04
3.883219140625000000e+04
3.818903515625000000e+04
4.125218359375000000e+04
3.572380859375000000e+04
3.834957812500000000e+04
3.808150781250000000e+04
3.980770703125000000e+04
3.662614062500000000e+04
3.614275000000000000e+04
3.701205859375000000e+04
3.924844921875000000e+04
3.816561718750000000e+04
4.121347656250000000e+04
3.901603515625000000e+04
3.933883593750000000e+04
3.557653906250000000e+04
4.303686718750000000e+04
3.751819921875000000e+04
3.774421875000000000e+04
3.783923437500000000e+04
3.834721093750000000e+04
3.904359375000000000e+04
3.852189843750000000e+04
3.835101562500000000e+04
3.774033203125000000e+04
3.726610156250000000e+04
4.133611718750000000e+04
4.108092968750000000e+04
4.438277343750000000e+04
3.847820703125000000e+04
3.814693750000000000e+04
4.282398437500000000e+04
4.346257031250000000e+04
4.333689062500000000e+04
4.034630859375000000e+04
4.010311718750000000e+04
3.639306250000000000e+04
3.939778906250000000e+04
3.849461718750000000e+04
4.279893359375000000e+04
4.379107812500000000e+04
3.824098828125000000e+04
3.605895703125000000e+04
3.991695703125000000e+04
4.571385546875000000e+04
3.832088281250000000e+04
4.133111718750000000e+04
4.020369921875000000e+04
3.696914843750000000e+04
3.778316015625000000e+04
3.869157031250000000e+04
3.657607031250000000e+04
3.874042578125000000e+04
3.641526562500000000e+04
3.834932812500000000e+04
3.811130859375000000e+04
4.161575390625000000e+04
3.793790234375000000e+04
4.207793359375000000e+04
3.829169531250000000e+04
4.026608593750000000e+04
3.797601953125000000e+04
4.159473437500000000e+04
3.649350000000000000e+04
3.617532812500000000e+04
4.405207031250000000e+04
4.049030468750000000e+04
4.064517578125000000e+04
3.910878906250000000e+04
4.216683203125000000e+04
3.716370312500000000e+04
4.348086328125000000e+04
3.835961328125000000e+04
3.964733984375000000e+04
3.872191406250000000e+04
3.958470312500000000e+04
3.877023046875000000e+04
3.841391406250000000e+04
3.927972656250000000e+04
3.728123046875000000e+04
4.010466015625000000e+04
4.050253906250000000e+04
4.439795703125000000e+04
3.467806640625000000e+04
4.375885937500000000e+04
4.124742968750000000e+04
3.933689453125000000e+04
3.872236718750000000e+04
3.804253125000000000e+04
3.877501562500000000e+04
3.767127343750000000e+04
3.845219531250000000e+04
3.983890625000000000e+04
4.185861328125000000e+04
3.928433593750000000e+04
3.856297656250000000e+04
4.149974609375000000e+04
3.715258203125000000e+04
3.732876953125000000e+04
3.863946093750000000e+04
4.362483984375000000e+04
3.941887500000000000e+04
4.148389453125000000e+04
3.986905078125000000e+04
3.870047265625000000e+04
4.019805468750000000e+04
4.075874218750000000e+04
3.863349218750000000e+04
3.951939062500000000e+04
3.769710546875000000e+04
3.721730078125000000e+04
3.987771093750000000e+04
4.026136718750000000e+04
4.276282812500000000e+04
4.368283593750000000e+04
3.578860937500000000e+04
4.068669140625000000e+04
4.236749218750000000e+04
3.969070703125000000e+04
4.304131640625000000e+04
3.469001562500000000e+04
3.788748828125000000e+04
3.427057812500000000e+04
4.182612500000000000e+04
4.398088671875000000e+04
3.910250781250000000e+04
4.020258984375000000e+04
3.925886718750000000e+04
3.561010937500000000e+04
4.208542187500000000e+04
3.781610546875000000e+04
4.042809375000000000e+04
4.051183593750000000e+04
3.582159765625000000e+04
3.799099609375000000e+04
4.015317578125000000e+04
3.937093359375000000e+04
4.119800390625000000e+04
4.501146484375000000e+04
4.588192187500000000e+04
4.106541796875000000e+04
4.116323828125000000e+04
3.744674609375000000e+04
4.110028906250000000e+04
4.026901953125000000e+04
4.522933593750000000e+04
3.839561718750000000e+04
4.089885937500000000e+04
3.712711328125000000e+04
4.102399218750000000e+04
4.030757812500000000e+04
3.835450781250000000e+04
4.501106250000000000e+04
3.873762500000000000e+04
3.874314843750000000e+04
3.967850000000000000e+04
4.150285937500000000e+04
3.937809375000000000e+04
4.313836718750000000e+04
4.113971875000000000e+04
3.971700000000000000e+04
4.272467187500000000e+04
4.066349218750000000e+04
3.749761718750000000e+04
4.191534375000000000e+04
3.898920312500000000e+04
4.133486718750000000e+04
3.694599218750000000e+04
4.112867187500000000e+04
4.152114453125000000e+04
3.930660937500000000e+04
3.836340234375000000e+04
3.841471484375000000e+04
4.210058203125000000e+04
3.800323437500000000e+04
3.956578125000000000e+04
3.690343750000000000e+04
3.742691406250000000e+04
4.008037109375000000e+04
4.140328906250000000e+04
3.948004687500000000e+04
4.022303515625000000e+04
3.957938281250000000e+04
3.999656640625000000e+04
4.064448046875000000e+04
3.974032812500000000e+04
3.838773046875000000e+04
3.558771093750000000e+04
4.242773437500000000e+04
4.045091015625000000e+04
3.970143750000000000e+04
3.985983593750000000e+04
4.160400000000000000e+04
4.211423437500000000e+04
3.998029687500000000e+04
3.938368750000000000e+04
4.224081250000000000e+04
4.082263281250000000e+04
4.315238281250000000e+04
3.722618750000000000e+04
4.283762500000000000e+04
4.179782812500000000e+04
3.856089062500000000e+04
3.906285156250000000e+04
4.304602343750000000e+04
3.691601171875000000e+04
3.690610156250000000e+04
3.611434765625000000e+04
3.861061718750000000e+04
3.668808984375000000e+04
3.536194140625000000e+04
4.060297265625000000e+04
3.941463281250000000e+04
4.178631640625000000e+04
4.389854687500000000e+04
3.658615234375000000e+04
4.588902343750000000e+04
4.109057421875000000e+04
4.216891796875000000e+04
4.133551953125000000e+04
3.975440234375000000e+04
3.992788671875000000e+04
4.454606250000000000e+04
4.235731640625000000e+04
4.433157812500000000e+04
3.919228906250000000e+04
4.038989843750000000e+04
4.125727343750000000e+04
