1.002618784754885201e+04
1.063855529155804652e+04
1.839167762349670011e+04
1.244402695997028604e+04
1.318267134465425261e+04
1.297497517297060222e+04
1.409201928300180589e+04
2.317065803343628431e+04
1.557620625087311237e+04
2.152638147599740114e+04
2.818143510584937030e+04
1.625197769261591020e+04
1.585240731285804941e+04
1.298149146999201366e+04
1.715067155975833884e+04
2.203349764381118075e+04
1.169591523614725520e+04
1.856859367879308411e+04
1.456958078176022900e+04
1.582926200692818747e+04
1.072000070408252577e+04
2.129548505496475263e+04
2.065812794311022299e+04
9.750226022886801729e+03
1.483615319018060472e+04
1.556787216438611176e+04
1.613951217540211837e+04
1.479335746297278092e+04
1.776092470111963485e+04
1.870390031298638132e+04
