-9.296000000000000227e+02
4.169309709434262186e+04
8.508246647362727799e+02
1.665372114040085216e+04
2.917282573813535237e+03
8.843325005012284237e+03
2.019098002198398171e+04
4.875662463435166501e+03
1.781403768066359407e+04
1.041099420402367105e+04
5.565769149124676915e+03
1.059322607250973306e+04
4.923252179274240916e+03
1.421643984166974951e+04
4.586389661110631096e+03
2.176899154417613317e+04
1.972661386583452622e+04
5.274229116220031756e+03
1.072306020536858523e+04
1.047566829715352287e+04
1.526472555895793630e+04
5.843074967649026803e+02
2.041729140770659797e+04
4.536348298383958536e+03
4.012423158365025301e+03
2.535408290884000235e+04
2.193666867668510531e+04
2.891035119105595004e+04
9.135671704672060514e+03
2.665417358608175346e+04
6.876406703976053905e+03
1.043028409518533590e+04
1.872572400037257466e+03
9.041653732011463944e+03
7.133932111539033940e+03
1.548618420007259192e+04
1.414144165555947257e+04
9.683173455765127073e+03
2.546178845040270244e+04
2.392765549848109004e+04
1.910546539963794203e+04
7.305827550486828841e+03
1.001427672199224435e+04
9.003012501473904194e+03
2.136541710985364989e+04
1.247907151178444838e+04
3.991917000154416655e+03
5.523899776948465842e+03
2.146892349066102724e+03
9.326098554090509424e+03
9.758404742541380983e+03
6.844918965961187496e+03
1.763408051080412770e+04
1.114259192638069362e+04
2.045083770300799733e+04
5.599624388169441772e+03
2.608672448021339733e+03
7.913895897302503727e+03
2.330633005981705082e+03
9.468725762637044681e+03
1.345839658655560379e+04
1.910530786581326902e+04
2.971575908161813459e+03
2.682812578493654655e+04
2.425074124744156506e+04
1.534349736955404842e+04
7.503532346379424780e+03
1.564777057690681613e+04
3.608013469568314122e+03
1.533868141009111787e+04
4.781397800078109140e+04
3.072438808761314431e+04
4.388942838878011389e+04
7.987201907714334084e+03
1.629549621351650603e+04
2.253810557540236005e+03
3.923555487375332450e+04
2.416502757186064991e+04
1.762156106458944487e+04
3.875573791001229256e+04
1.492718023670003822e+04
1.585189289417778491e+04
2.561833001702601905e+04
8.486335539086376230e+03
2.883521850601425103e+04
1.461328273180016004e+04
6.613027944342482078e+04
7.565966517146045589e+03
1.549439224972677039e+04
6.571556942112384604e+03
4.294862112473717389e+03
6.541382943251674078e+03
3.725141125387189277e+03
2.524199135948034746e+04
2.540362790132764712e+04
3.014418313339620909e+03
1.114941666845322470e+04
8.982597587699012365e+03
1.397500203756580777e+04
4.057112866602243230e+03
1.172594041809377995e+04
5.386763651306271640e+04
1.002450371557569269e+04
1.764554675792836861e+04
2.281556306543491883e+04
8.509860934157461088e+03
8.834878292479339507e+03
1.205644128565657593e+04
7.483616015385385253e+03
1.736393568834956750e+04
8.660522824529462014e+03
2.276167863675507033e+04
9.035032127606476934e+03
7.134493191758027933e+03
7.092357804923824006e+03
2.502978461975557002e+04
1.949216402338536864e+04
2.521576483934896896e+04
1.356364707388516945e+04
3.758960096210428310e+04
1.456226496954255890e+04
1.153515289588548330e+04
6.570965310873007184e+03
2.414965793014290466e+04
1.039548552554713751e+04
3.346869430339687824e+04
1.342275556701948153e+04
3.260609704132960360e+03
5.891710535113687001e+03
7.680911880604843418e+02
9.844381710634961564e+03
6.882933035232079419e+03
2.249941958486203475e+03
3.470254115539989925e+03
1.296210159537014442e+04
1.181386913751013344e+04
1.370571592287829844e+04
5.155570305479474337e+04
8.060121530861168139e+03
2.557784404426696710e+04
1.110495452049552114e+04
1.433487350562157008e+04
3.025049398329852193e+04
1.471686630894469454e+04
4.470269953017920670e+03
1.354290837131788794e+04
4.698324278885947024e+03
2.407916975587495108e+04
8.152155179201822648e+03
5.856676037830815767e+04
2.239678241586894728e+04
3.511659173633330738e+03
1.417761451667783695e+04
2.250330480212302064e+04
1.318475703360113766e+04
1.060416318449892060e+04
1.305935448311086293e+04
2.168055934068771603e+04
2.317455845599194436e+04
7.100858989448971442e+03
1.028220509231294091e+04
3.005742793521242129e+04
8.406895906487487082e+03
5.595609883316502419e+03
3.797385949383007392e+04
4.105420811765637336e+04
1.679578616134178446e+04
7.284320331489394448e+03
4.594013198014950467e+04
1.373153132471965364e+04
6.912811260968202987e+03
3.646604808723341557e+04
8.909453477868572008e+03
1.959993943168770056e+04
5.426402670621750985e+03
1.180021442068175747e+04
2.353004858713967405e+04
2.907941088263460551e+04
3.184880436361596003e+04
3.015555846239262610e+04
8.295020967340587958e+03
7.084124065359521410e+03
1.416354210891889670e+04
9.402105161772153224e+03
3.012566993823010125e+04
2.478907997517498370e+04
3.902574973887774104e+04
4.735025370316005865e+04
1.606508915963758227e+04
8.224419216873069672e+03
3.448824493625915784e+04
7.842504868405719208e+03
4.352570064424790871e+03
1.308862324115840966e+04
8.852457078498628107e+03
8.897166426443667660e+03
7.800493678351389462e+03
7.898857918066585626e+03
2.652907175078050204e+04
4.690279637314019055e+03
1.092496631777060065e+04
1.904528150443273626e+04
5.033534906974310434e+04
1.705393549623930448e+04
3.424410059376145364e+04
2.038104916002020036e+04
6.406395896815942251e+03
1.006920132301623312e+03
2.997323311349150026e+04
1.617886469063747791e+04
1.127545656544354642e+04
4.819721660220402555e+04
2.907265922732360195e+03
5.056411959552898043e+04
2.540870072103249186e+04
3.825580868780378296e+03
6.171795058098464324e+03
5.010472730412865531e+03
1.037229997248901782e+04
4.490682125322749198e+04
1.499443888090741893e+04
3.916412557262655173e+04
9.106252813451352267e+03
6.055238363146416305e+03
1.036525917594673592e+04
3.952048837386656487e+03
2.100618060778012295e+04
1.054189367372514425e+04
7.307772904800729521e+03
6.182375294833052067e+03
1.653400017266330906e+04
2.053816302941046160e+04
2.825938874073488478e+04
2.280084977862911910e+04
1.772790153809493859e+04
5.109258641636674292e+04
1.032012014438771075e+04
1.830674885744234052e+04
2.406350621909432448e+04
7.168587408519802921e+03
1.426039497919150745e+04
2.202197377059512655e+04
1.935081231145911079e+04
6.121829723905178071e+03
1.517161788333670484e+04
8.529571040632848963e+03
1.012709472826442106e+04
8.258933684711149908e+03
1.168531163626220405e+04
1.629917368818429168e+04
2.027627858301018205e+04
7.331699739988875081e+03
3.708919278818021121e+04
1.185195228438023878e+04
2.625884913394178875e+04
1.724849628693102204e+04
2.974252719310768953e+04
1.488241217193917510e+04
1.024620009905814550e+04
3.161514196665234067e+03
1.079194682737548283e+04
1.266471009009938098e+04
6.352861995171383569e+03
2.748463299742475101e+03
8.949695935028514214e+03
3.834734049447599682e+04
4.705045124826107349e+04
1.162072181160371474e+04
9.503745438030397054e+03
9.384695169442440601e+03
2.715889188330657998e+04
1.492562007223233377e+04
3.515086573858213796e+03
7.690141004383124528e+04
3.319331009865388478e+04
3.253764773313610931e+04
2.449487246669552405e+04
1.290539204901730409e+04
1.312388111731352183e+04
6.503587833535993013e+03
1.092409833699002047e+04
1.473417573772338528e+03
9.974782237709323454e+03
7.842627233061592051e+03
1.174296994217858810e+04
3.067517394184224759e+04
3.232740102066114196e+04
3.706128023600800952e+04
7.974354889364105475e+03
1.632803720381043968e+04
5.050156791260065802e+03
1.654649540022903238e+04
1.837863906158511963e+04
1.732888870338857669e+04
6.510345790316616331e+03
1.541325030500195498e+04
2.222001585831699049e+04
7.663900057292235942e+03
1.512421250986979430e+04
5.513847252445634695e+03
4.338446133660573832e+04
2.485749656044409858e+04
1.725864523450683919e+04
1.049678881386356989e+04
9.109870853021373478e+03
1.105957220838801004e+04
4.667291417310748329e+03
3.236016450786634960e+04
6.475601775147729495e+04
1.503874843471729764e+04
1.438430215204515116e+04
1.531222798771386442e+04
2.323193758852997780e+04
2.173197252211617160e+04
2.671086033797691925e+04
3.171883883317735308e+04
4.574962593613839999e+03
1.166511230390730452e+04
1.795949036733138200e+04
2.035232502823850882e+04
7.277554790435487121e+03
1.563670806202642052e+04
2.563069434157774958e+04
1.455269780820546657e+04
1.670708998937288561e+04
2.228664865101454416e+04
7.256517737830256010e+03
2.394836173442875952e+04
1.977354056530738308e+04
3.875329878793207627e+03
1.136554976127970986e+04
2.553175158597262271e+04
4.230163121727282123e+04
2.798197004062005362e+03
5.252736077224082692e+04
8.827199386252508702e+03
3.363986607937756344e+04
7.588513549377766140e+03
3.718377905430834653e+04
3.270759320100409968e+04
2.277773105941677841e+03
9.958239041505225032e+03
3.410451804286052356e+04
1.861121629876615771e+04
3.047178957439218357e+04
1.225811700395009575e+04
2.097121098052971320e+03
4.374454509462439091e+03
2.553745834316657056e+04
1.229505811920214683e+03
1.026142312666409271e+04
4.380796268992362457e+02
2.237795248151864143e+04
2.472767715288851468e+04
3.648492914827820641e+04
3.380306998253570328e+02
1.137451884643164703e+04
4.390199079471520963e+04
3.392211607462742541e+04
5.300880587698906311e+03
6.452718854944278064e+03
7.322511140519472974e+03
5.445754991855259141e+04
1.740351933936243222e+04
3.719634740417729518e+03
1.015957963993235899e+04
2.264389160105815972e+04
1.637105558180027583e+04
4.186859044828696824e+03
3.245641905691879583e+04
1.434762294872329949e+04
5.275467313452682902e+03
9.843024118971703501e+03
1.518249513539445616e+04
9.750664704483649984e+03
1.283883379516583409e+04
9.849724426487671735e+03
1.941198255101001996e+04
5.276939885375530139e+03
2.301937640171898602e+04
3.991248258426476968e+04
1.542774727037381354e+03
1.230502777047800737e+04
1.667998768587671293e+04
5.474105156146419904e+04
6.884321200716782187e+03
9.170346017831556310e+03
3.103529233324883080e+03
4.930945966958105419e+04
2.121633469256287299e+03
1.784935370027741374e+04
6.532695794308879158e+03
1.965400136774139537e+04
2.367612370952461424e+04
3.249473206210258650e+04
5.863976266929289704e+04
2.907708374750374787e+04
1.012425187764793736e+04
2.779542815121097738e+04
5.863147254752403569e+03
1.495835291733006306e+04
8.872035629653684737e+03
1.793491884618204040e+03
3.064340160599943920e+04
5.176908380049433617e+03
3.938220064861870924e+03
1.905332770151332079e+04
4.259971006756795759e+03
2.824652198499927181e+04
2.700307136149343933e+04
3.719462399543561332e+04
1.677665936415379110e+04
1.106062488072291308e+04
8.057495903376713613e+03
4.744727163059179475e+03
4.746774134900348145e+04
1.646543687839348422e+04
2.994172357752210519e+04
2.078945625483120966e+04
5.360116420901152014e+04
1.073417220271114456e+04
9.598404355718634179e+03
2.595103141781070008e+04
1.943013077238502228e+04
7.113885356705799495e+03
5.275489074902183347e+03
1.726098453802365111e+04
1.587682606713244058e+04
4.569877793165695766e+04
1.231807809041396831e+04
5.778850723493440455e+03
1.335345095717318873e+04
1.562152808344037294e+04
4.360320659795619576e+04
2.802624019261179637e+04
1.334737794530824613e+04
3.618593945636564513e+03
2.507209576195026602e+04
2.537281761913046466e+03
8.038956616331523946e+03
2.002840884315502626e+04
3.921505887884214462e+04
2.029200503544115782e+04
4.568707425473391595e+03
6.759312390664841587e+03
5.028167824588842450e+03
1.389399355557232593e+04
4.721237446608874961e+03
3.403469295990172395e+04
7.220478148482811775e+03
7.926024194003501179e+03
5.331835037985629242e+03
3.699703223709124723e+04
2.353882861055267131e+04
6.618715272690652455e+03
1.941726205723345993e+04
1.172523889348003104e+04
7.572909896972391834e+03
1.625324752175298272e+04
2.010463206213911917e+03
4.484768942791311929e+03
1.235096140180546718e+04
1.849636214761317024e+04
2.111586609215396038e+03
5.642260164389674173e+03
2.044924172047639149e+04
3.941573250939240097e+04
4.253850777334119630e+04
1.163223798262817945e+04
3.688424218570061203e+04
1.323799106028667120e+04
1.342635187152983781e+04
1.135284735489528794e+04
1.018198054404942195e+04
1.517135354103501959e+04
3.436180315577584224e+03
1.188493616725963875e+04
1.498285479931569898e+04
2.508863466594295460e+04
1.439927037762261716e+04
4.408699578091851436e+04
5.793401788888688316e+03
1.989796150325343478e+04
5.132012652247724873e+03
1.204189250641032413e+04
3.753640673484656145e+04
1.032440699960905113e+04
6.703030470926700218e+04
1.917704481851464516e+04
1.317508589103207851e+04
1.302281988556621218e+04
1.410614698759077783e+03
6.812995330836388348e+03
4.557724738387130492e+04
3.800060346841364662e+04
4.015961730730677664e+04
1.663221811988382979e+04
-2.674888294750899149e+02
1.850997337694265298e+04
3.540521401786921342e+04
1.740479251194797689e+04
2.990104823331557327e+03
1.500375209196443575e+04
9.822020853519821685e+03
1.939218517854148740e+04
2.849397363091124862e+04
8.946890043338098621e+03
3.922928528485399875e+04
6.719811177682365269e+03
2.884850013747358025e+04
2.314031652741181460e+03
6.558737285622127274e+03
1.386889330917022744e+04
6.892658878685020909e+02
1.459854823003465572e+04
1.057144427369060577e+04
1.109682014473727395e+04
4.217579026454935956e+04
4.499657104891541530e+04
3.717988413627543650e+03
2.053081355084066308e+04
1.950943519722165547e+03
2.428789813065794988e+03
1.121507195109602617e+04
1.619514855100626846e+04
9.724828296904994204e+03
2.303875728192475799e+04
7.485885378703044807e+03
7.593580774647940416e+03
7.303050798176158423e+03
2.979610291963424970e+04
7.282311308384934819e+03
5.769459021134809518e+03
1.284144738260824488e+04
1.181150407256393373e+04
1.148804357325773162e+04
2.214176947552345882e+04
2.054855768085027375e+04
1.915521440065472416e+04
7.058447826532764338e+03
1.053776015834836653e+04
6.727164465069523430e+04
2.456074505637975744e+04
7.788309450070928142e+04
2.131857851580391434e+04
1.629658757001309641e+04
1.485890362104021506e+03
1.692808148785945377e+04
1.076404981609464085e+04
3.476791894048592803e+04
2.728071270071715117e+04
1.798411786695484261e+04
1.674550428609019582e+04
2.692447114293804771e+04
2.114659182938822141e+03
3.755878801169982125e+03
1.519788912544715822e+04
1.522937058876310039e+04
3.811744606134986043e+03
1.523908963696605861e+04
3.452183293290784786e+04
1.410483896920192274e+04
4.119667114480137388e+04
6.473641392692265799e+04
2.807995831625473511e+04
3.393112977624979249e+04
8.810214207378363426e+03
2.248097042631030854e+04
6.129397807693510913e+03
3.869686390554799436e+04
1.015225204599001154e+04
9.447048502668085348e+03
7.961276095403870386e+03
4.005795254874101374e+04
5.608392846391011517e+03
1.029456242516005477e+04
3.023990269772426836e+04
3.023623420801696557e+04
1.602215331907310610e+04
7.149827718107451801e+03
1.443272869335701944e+04
3.469515073680911883e+04
9.508999662476428057e+03
5.017275114513828157e+03
4.419456838362583221e+04
1.331136375145366947e+04
5.745992473696902380e+03
5.823413053145766753e+03
2.098406912805686443e+04
1.487038941541507666e+04
2.143473118849013554e+04
3.260173286573464065e+04
1.930062720365562882e+03
1.858611308528603104e+03
2.086004294312479760e+04
2.308926674426053432e+04
4.221339965634647342e+03
1.884378205400803563e+04
1.423770693889434733e+04
2.344250019711778805e+04
1.762040387594836375e+03
2.276843310121654577e+04
5.786309527684912609e+03
1.622266727340710167e+04
1.122360783659891604e+04
2.183517214833683465e+04
2.375939717881495744e+04
2.404481765495778745e+03
4.402529392171629297e+03
1.409865351905058924e+04
1.057395179793447824e+04
8.159412155963450459e+03
1.401685623925178334e+04
5.041524250201136965e+03
1.497341027462221064e+04
7.320436947799302288e+03
4.389221133502498560e+04
1.121576687444622621e+04
2.739359127095223812e+04
1.490621785842356439e+04
3.873709346139109584e+03
1.445826062564915264e+04
4.071226615507652605e+04
2.263475259577554607e+04
3.025361355462115534e+04
3.787738962296915361e+03
2.012244182738041491e+04
2.606806909539669505e+03
8.519105658294593013e+03
1.617926374814405062e+04
8.474159903483725429e+03
7.445633508633209203e+03
1.489736050650993457e+04
9.942079572389850000e+03
1.661740568530630117e+04
2.485241883337547188e+04
5.240270272102794479e+03
4.513144593159956275e+04
1.261077414834869342e+04
5.333407703034011320e+03
2.280924771968261666e+03
1.059260395750789212e+04
9.539545645992644495e+03
1.046519327504621833e+04
3.974376565716793993e+04
7.420773928358170451e+03
2.293834476580875707e+04
3.344394882023517130e+04
2.024131758518535571e+04
1.857654721310107789e+03
1.665411587681537276e+04
7.915743297459975292e+04
1.237434499008326020e+04
2.366241612914629877e+04
1.036656760547737213e+04
1.632245021024091147e+04
3.610671894763061573e+03
1.017769539716978397e+04
1.115216163187056736e+04
4.396482873592212854e+04
9.650700143731137359e+03
1.118192029019281472e+04
3.195701997501173537e+03
4.299026106904550397e+04
1.796351441646169405e+04
2.655752058997483255e+04
2.887881225772787002e+04
1.740935049984816578e+04
1.497794518394907027e+04
2.464950008871645332e+04
3.796106912431567707e+03
8.587228048379218308e+03
1.663796432210984858e+04
1.663943725465234820e+04
6.417886242951897657e+03
4.425508250027622125e+04
7.522616330870077945e+03
3.857833319830692926e+04
2.525355114026675437e+04
1.593793005177381201e+04
1.691575360274695413e+04
5.759754121343967199e+03
1.904920176510157762e+04
4.954950426189160680e+03
1.321654735127179447e+04
1.639686020288936197e+04
1.514018064575062090e+04
6.640438806147152718e+03
5.402237801133387256e+04
2.012695360543335119e+04
2.192611723894345414e+04
7.477763838721914908e+03
1.475859959786742183e+04
3.335818236455039005e+04
4.315453078069642288e+03
4.371370177582371070e+03
1.399976388049687375e+04
7.190806938252217151e+03
1.470869219524301116e+04
7.708165390192841187e+03
2.989239996801226152e+04
1.999760206072513756e+04
4.346371553718699943e+03
2.654280675522519232e+04
5.262588757195982907e+04
2.126035531146982976e+04
8.327717196498972044e+03
8.899827292859270528e+03
1.179069267662421043e+04
4.383874699858375607e+03
3.659620825508865528e+04
1.127502316689923464e+04
2.054170704235691665e+04
1.640506766733275435e+04
7.984035433057653790e+03
5.434632848645370359e+03
4.002368416213535238e+04
1.453868289527006891e+04
2.751465476632504215e+04
1.071591059126857363e+04
1.406753686990489223e+04
4.902052469797978119e+04
1.268409011935013405e+04
1.635162744023261439e+04
1.945393612325856884e+04
2.309043200748360687e+04
7.393035294999875987e+03
2.052286445892724805e+04
2.000145657923920953e+04
2.821068183056246926e+04
2.066425371912986066e+03
9.561550008167270789e+03
7.748021075353164633e+03
1.118778696968478107e+04
1.173959909817949119e+04
2.380294677302916898e+04
2.548899261174669664e+04
1.675909907757126348e+04
1.828070107103088230e+04
1.633708660802201666e+04
4.897513063160478850e+03
1.644113033674312464e+04
3.723932963482235209e+04
1.016968861571958041e+04
2.663833955933647303e+04
1.248979213829512628e+04
6.128233900621861721e+03
1.934327969348083934e+04
1.330131988617173192e+04
2.485808876923181379e+04
1.495242632827166017e+04
1.506943383014490610e+04
1.062355727639511133e+04
1.227981740344122954e+03
6.802799092336686044e+03
1.637071824478665803e+04
4.121033881346301314e+03
8.972283203508884981e+03
3.196448304482221283e+04
2.306866553292197932e+04
2.646256709982155735e+04
1.551895307074331140e+04
2.252322129316220526e+03
1.995179642213187981e+04
1.711735618751321090e+04
1.598042882871197799e+04
3.911395244725950761e+04
6.899211571499059573e+03
-3.092932073497476040e+02
3.537796102886231529e+04
2.420617855907186822e+04
3.015082193638021272e+04
4.018856700835480297e+03
3.008301928689495253e+04
2.278127548753206793e+04
1.699398592584990911e+04
6.030174420080300479e+04
1.948222913779388909e+04
2.682056804829568500e+04
8.125840985995799201e+03
9.556853331986951162e+03
5.851880234831504822e+03
3.289300699416082352e+04
3.759171781312204985e+04
2.098024764238577700e+04
9.491639185341709890e+03
6.262681422355997347e+04
6.559313734187751834e+03
3.514409634136850855e+03
2.926850140547186675e+04
1.085083134462693124e+04
1.923223173823026445e+04
1.629407443934233561e+04
5.036976917909616895e+04
4.864178832608728953e+03
1.393326975806917108e+04
2.840158450806649489e+04
1.340999101763945146e+04
5.204890948859366472e+04
1.093013613183857160e+04
1.424760202385391494e+04
1.458497546428528949e+04
6.314054971684690827e+02
1.480440411517197026e+04
6.260018478299711205e+03
1.759453228609869620e+04
9.796280111879104879e+03
2.378591446638105845e+04
1.809580165323425535e+04
2.067019773571474070e+04
4.265341178391721769e+04
1.117724938802614633e+04
4.662465275105756882e+04
8.451005963502848317e+03
4.560418952216499019e+04
4.725755650205759594e+03
2.668877979406125087e+04
1.726537504369976159e+04
8.599230011337281212e+02
9.368515823055589863e+03
1.374582043273839190e+03
2.428535860341144507e+04
5.177396587288604496e+04
1.857407800288265207e+04
-1.429875083060892393e+00
2.283386483043952467e+04
5.044563167792642162e+03
7.787375590474344790e+03
5.596341594268672452e+03
2.012090802984937181e+04
1.139181904059645967e+04
2.249565389460044389e+04
3.411555509908037493e+04
5.969589540869247685e+03
1.725561691143845019e+04
1.250888520706609233e+04
1.315876437316204829e+04
1.887020893961544061e+04
6.410806268425822054e+03
1.200824594591290952e+04
3.194110287327529022e+03
3.468552814784144175e+03
2.152050119862895372e+04
2.513294912705324532e+04
8.082130503926891834e+03
1.650698278793411191e+03
1.123819555982152633e+04
9.997947515896961704e+03
2.339236098276518896e+04
9.281706092474703837e+03
6.239276811882938091e+03
2.917216723309849112e+04
1.041136488422903494e+04
2.737184499065195996e+04
3.716131695544312242e+04
1.017020053338046273e+04
5.416070846874683411e+03
7.569085114026152951e+03
1.156833559489963409e+04
6.440960604550076823e+03
1.445435930913572156e+04
2.297836657380097677e+04
4.024484718203750526e+04
5.174345489775536407e+04
1.485921218456761562e+04
1.323684670265623208e+04
4.238906905649053806e+04
4.190937756584440649e+03
2.416502401585203552e+04
1.528918843850776466e+04
1.585439187866164730e+03
2.939901131011932739e+04
2.848506777961407715e+04
1.864886660581854449e+04
2.944393170207468211e+04
-2.350988427473855040e+02
5.708848999847195046e+03
2.950163227340222511e+04
1.312002236381666989e+04
6.009200008716333286e+03
1.392263873225955103e+04
2.471585787691852602e+03
3.724081331989647151e+04
1.103638485302287518e+04
3.177029062439672271e+04
2.493660427042677838e+04
2.559054468336868013e+04
1.307398944415957521e+04
1.969463795287840549e+04
1.401247495382403940e+04
2.435999121251352699e+04
3.263468670493272657e+04
5.922219768854438371e+03
1.461980311496007016e+04
6.316983353507929678e+03
7.045734524017083459e+03
1.861901314807458402e+04
3.274802442194131072e+04
7.142723573301696888e+03
3.627675696582748060e+04
5.069203114516990172e+04
2.539782631243392825e+04
3.713660751524455463e+03
3.994972411656010536e+03
1.753073089429339689e+03
3.143756875036581550e+04
2.038393388089802465e+04
9.611418646122279824e+03
7.559846146834100182e+03
7.938355506681780753e+03
1.139321580205873215e+04
3.891756078891480865e+04
1.342345391519627083e+04
2.512306210753744745e+04
1.220011326389830538e+04
1.825054661632028728e+04
1.134017508504682519e+04
1.749824911144441649e+04
1.847990054058844544e+04
2.382930919346278461e+04
1.392045893584258920e+04
1.825918233006632727e+04
2.482432358897091945e+03
2.495663883011002326e+04
1.047144098937542731e+04
1.071409127913024167e+04
3.583766759764264134e+04
5.751687982989338707e+03
1.829143886509187723e+04
2.274154196139326450e+04
6.051486002387115150e+03
2.482084143107787895e+04
1.799672769771172170e+04
3.163999748423106666e+03
2.071644816790309415e+04
2.727354432287727104e+04
4.879030389971172553e+04
2.836706905571368225e+03
1.657782263539607084e+04
1.539203435114015520e+04
1.579391567790750923e+04
1.965586665569118395e+03
3.152114593753061854e+03
2.742997626670197496e+04
6.112188363673500135e+03
2.588488013358291209e+04
8.829246555157051262e+03
3.357863737281782960e+03
4.125134528461016453e+04
1.191869053936521595e+04
6.990546052766784669e+03
5.722668316892145413e+03
4.773498322925148386e+03
1.316207096504900437e+04
2.969965252278022308e+04
1.173632286807767196e+04
7.395658376656927430e+03
2.205614612759990996e+04
7.216067017130830209e+03
1.887316694378472675e+04
3.141528961221461941e+04
4.700290647547276421e+03
1.373590240213758261e+04
2.867491861297183277e+04
8.849776246687826642e+03
4.602939753509205184e+04
4.529858744247578215e+03
2.537430727581588144e+04
6.803472776105159937e+03
2.993884845006016803e+03
3.070635080098660546e+04
1.678330830759679884e+04
1.429881448872187775e+03
3.265052117783088761e+04
1.131461988717753593e+04
7.144182774338990384e+03
9.821493082283883268e+03
2.094445585219682471e+02
4.711514343815440043e+03
3.368319469949318318e+03
9.288717440975717182e+03
5.918425186305765237e+03
1.324875991060613705e+04
6.965793012593628191e+03
9.465092517526636584e+03
1.366099810932754190e+04
2.309765888737038040e+04
1.211400425785621519e+04
2.518043226335152576e+04
8.107604959831574888e+03
7.006304187798012208e+03
8.214350653058281750e+03
4.995147845491823682e+04
1.542869600678539064e+04
1.580079641028373590e+04
1.949363627358122903e+04
1.673361380302034013e+04
6.716249744118195849e+03
6.295950535371605838e+03
1.265154400034682476e+04
1.995826597399240563e+04
1.060189220268248027e+04
3.230372118276038600e+04
6.568665600897283184e+03
5.278395318133389083e+03
2.708088833616234842e+04
2.367489842477812635e+04
8.261802444115071921e+03
1.017818155195912368e+04
2.690704525451226800e+04
9.752473714700130586e+03
1.450652644798140500e+04
1.270397251326605556e+03
4.696529840062233234e+03
7.498996575900820062e+03
1.264812449230939819e+04
1.050522954603959806e+04
1.618500591706318664e+04
1.025733368412317759e+04
2.980176060076376234e+04
9.044515910408299533e+03
-6.410124262372943349e+02
1.733625248814589941e+04
3.436186867243999586e+04
8.083681784344437801e+03
4.666467370299173126e+03
7.133483396157624156e+03
1.629633299887385147e+04
1.158551237955876059e+04
2.724665693608911897e+04
2.365989368196559008e+04
4.087786834066194388e+03
1.465630596947817321e+04
1.249300224205862651e+04
8.799161024122746312e+03
3.146903438841253956e+04
2.056427384487092058e+04
1.488900943700004063e+04
2.715351039727954412e+04
8.887595540350397641e+03
9.419838026009088935e+03
1.418362950285869920e+04
6.338592171118305487e+03
3.276901973311572874e+03
4.316686619174027328e+03
1.754935555424030827e+04
1.999762344504574139e+04
1.801929001129910466e+04
3.806918089983914797e+03
1.029117164778449296e+04
1.034483612899991567e+04
5.676528978479745092e+03
2.293971525542227755e+04
4.145724343762002536e+04
1.784612585734656022e+04
3.580297262935020990e+04
1.575848724258387483e+04
1.078491044645972215e+04
7.652950084861568030e+02
3.836608255421569993e+03
6.543381336501032592e+02
5.225704575273689989e+04
2.399929324520933733e+04
7.386187432948784590e+03
1.694654831345724233e+04
2.496867735325751710e+03
2.463553605586733102e+04
2.516363868855397595e+04
7.365909210835021440e+03
3.037777483439029311e+04
1.369498439883455649e+04
1.045499794195289905e+04
8.803328022809320828e+03
2.820057874348588666e+04
3.002989523106603519e+04
6.541436461063566639e+03
1.504067990182527137e+04
8.594801239142101622e+03
2.556354251975919033e+04
7.922611803342610074e+03
9.076665649468062838e+03
6.609560717070075043e+03
3.600396476101008375e+03
1.867752007791237338e+04
2.955925072512956831e+03
1.729301104166563891e+04
2.339961919641285203e+04
1.271957058351969863e+04
2.804435056187964074e+04
2.647945046846851255e+04
3.497227116106301764e+03
2.120837213918360794e+04
1.125936170361752011e+04
1.505093468699856021e+04
4.399480445721280375e+03
1.185936801016243408e+04
1.972828997301154595e+04
2.230907700675501474e+04
1.108535462395178001e+04
9.255738484413949482e+04
8.460983586391530480e+03
2.398805914186336304e+04
8.575323318042443134e+03
1.294738287756537284e+04
2.206335277258203132e+04
1.499038666429226214e+04
4.266483277838384311e+03
1.286446700852023423e+04
7.046521163020977838e+03
1.900209079853395087e+04
1.966560100335621973e+04
9.491599750418379699e+03
2.740998270407593736e+04
4.038942124941161455e+04
4.007374827558522156e+03
2.710241661453593224e+03
1.545918971888218948e+04
4.504294145703745926e+03
6.643003229082256439e+04
1.490801108645809654e+04
9.370895324210156105e+03
1.086091195382824117e+04
7.568387549907526591e+03
8.251924782729260187e+03
2.809277790945798188e+04
3.022092089925163236e+03
1.667627445309251198e+04
1.115012112018973858e+04
5.984289809272175262e+03
6.095409752261420181e+03
8.999777998781093629e+03
3.174339280972814777e+03
4.669470122651432757e+04
4.363527495806277147e+04
2.268620544664297631e+04
2.812615233684627674e+04
2.348890385208367661e+04
5.552097294274327578e+04
1.296458474324138660e+04
4.658212748241531699e+03
1.031297306278350879e+04
1.360928609622667864e+04
2.455283863158129680e+04
2.451226368103913774e+04
3.518756528381735552e+04
5.742466079725565214e+04
1.800976866934423015e+04
1.381357744144919525e+04
7.072675801583680368e+03
2.085669966021452183e+03
1.774009452636733113e+04
1.205722072720156211e+04
1.520372845131972463e+04
3.834539069247597945e+04
6.991674391749115784e+03
3.912398392478442838e+04
1.184183351166991997e+04
3.191087111216183257e+04
3.637828200021079101e+04
9.680662300345309632e+03
3.167139951545664371e+04
2.993492151878783989e+04
8.301102254794801411e+03
1.763186589213624393e+04
3.020278155384553611e+04
7.142121520464906098e+03
8.955287111032706889e+03
4.225265851657055464e+03
1.222771649355470618e+04
1.154749458932571360e+04
1.758574545132809362e+04
1.338992060205159942e+04
5.966358282193172272e+03
5.559080564297914862e+03
1.470514381246258563e+04
1.776269792585188043e+04
6.510672948332743545e+03
3.260138468406317406e+04
2.571027355760450882e+04
2.648306771497780574e+04
5.642199371535084538e+03
1.555273864914897058e+04
5.793946688758789969e+04
1.070538112627475857e+04
7.466881578571409591e+03
3.676145511499921849e+04
2.500077106973549962e+04
2.870357157586162066e+04
1.401519536899848754e+04
1.938287227507722127e+04
7.703064481459219678e+03
8.130481736302679565e+03
9.039135617542928230e+03
7.629037153792556637e+03
6.516620039338844435e+03
1.993137379732166664e+03
2.143455614300476736e+04
3.722058807733068079e+03
1.703718622885285731e+04
1.429698264110895252e+04
1.014111578319758337e+04
1.180516914725058814e+04
1.967160634556678360e+03
1.053018898767937389e+04
1.505511419205211132e+04
3.200443157942686230e+04
3.915816184695975971e+04
1.142086490243963817e+04
1.179949205517737209e+04
6.754395069876669368e+03
6.138504338490025475e+03
5.458163321372259816e+04
8.162779523243531003e+03
1.459317985303157548e+04
1.715324059351635151e+04
3.025292468488645682e+03
3.415926580514995294e+04
8.219384138512323261e+04
3.344129713841962803e+04
3.713842574933691139e+03
2.639714760053038481e+04
4.445532272528106432e+02
2.624261735574855629e+04
4.460853041243930420e+03
1.572440711070404723e+04
1.001270733649710564e+04
2.136719717376953122e+04
3.632098582674329373e+04
3.519552769583329791e+04
3.064115124063471012e+04
1.833145661009414471e+04
3.047653956311783986e+04
1.511622193326948945e+04
8.062394019057825062e+03
4.850794407269382646e+03
1.103076885938878513e+04
5.464617249739922408e+04
1.371058346389373219e+04
4.301858123761253955e+04
5.256712821682172034e+03
7.070903153659828604e+03
3.984801946161754131e+03
3.419957567007174930e+03
2.133149908482039245e+04
4.243752277409865201e+04
6.111690969231789495e+03
4.840433489091312367e+03
1.977884406494784707e+04
2.253295888277406266e+04
1.685291997001321943e+04
1.227149905772084821e+04
1.957615107355787040e+04
2.511768889931910962e+03
8.240149830000649672e+03
5.239116174402870456e+03
2.469323038280415494e+04
6.875732498558900261e+03
5.754990176803052236e+03
2.103173160403583461e+04
3.711709174827255629e+04
2.752346677046833793e+04
1.433028799819209780e+04
1.002634288760665731e+04
1.313438619489042503e+04
5.856209729698441515e+04
5.454983071253454546e+04
2.156979719522139567e+04
8.191689158915817643e+03
1.201942866085638343e+04
1.533638794545035671e+04
8.843004962178415553e+02
7.892967574536265602e+03
7.694860437593679308e+03
2.094849372128383402e+04
1.294942962948296736e+04
1.233068032238425076e+04
2.567092432777988142e+04
2.921198460508994322e+04
1.578139119803730637e+03
3.607289585707552033e+04
9.804963495911137215e+03
4.166438671280574636e+04
2.018369778770384073e+04
7.668101099888205681e+03
8.774111985144572827e+03
1.124118216923847103e+04
5.430232928056976561e+03
7.397520735799498652e+03
2.206962841267011390e+04
1.280483833893227529e+04
7.856842495107699506e+03
1.717110530820622807e+04
1.060560640869574854e+04
-6.444081047443720536e+02
1.801651252848109652e+04
4.791696299575525700e+03
3.861784697784428135e+04
1.388370986170738615e+04
1.391181470019112021e+04
3.146799516879638031e+04
1.021899425431713826e+04
1.994260598584157196e+04
7.377125916810877243e+03
2.464109242856795754e+04
3.831602815554805420e+04
1.253243925237589792e+04
1.455853995113662313e+04
1.127140185548052978e+04
2.092942985997489450e+04
8.635583836601386793e+03
8.143090157835639729e+03
5.397182625306741102e+02
9.088588708461042188e+03
1.682688265421817414e+04
2.641095457239702955e+04
1.382320336556133225e+04
4.423441996956671210e+04
1.414545216726521903e+04
1.152200106418306859e+04
2.611135036776401648e+03
3.652128592650891733e+03
3.353063208333920193e+04
6.373429297633456372e+03
4.949551645740051754e+03
1.386374887369535645e+04
3.442658302863914287e+04
1.584663739562669252e+04
4.644700228867362057e+03
1.549579165030233344e+04
1.480886973545675937e+04
1.907998649322817801e+04
4.333625750291324221e+04
8.244962578990031034e+03
1.830229956088771360e+04
3.894183650999941165e+04
3.099947616135720455e+04
3.452368025705291075e+04
6.417224512298057380e+04
-7.659178923603453768e+02
1.945022466557923326e+04
1.752970353988377610e+04
4.154545039583624748e+04
1.441026641454212586e+04
7.123972244110120300e+03
1.654554825642881042e+04
1.562277769856142550e+04
2.714329652725517008e+03
1.525255079326474333e+04
2.386098640328768306e+04
6.789536355380734676e+03
1.650940220742777910e+03
1.181098948869271953e+04
2.995891004098584744e+04
8.187136294646834358e+03
3.161782621645328618e+04
9.284161566808454154e+03
7.054881463588898441e+03
3.635220445108697277e+03
1.734221786679932848e+04
1.758243834981302643e+04
1.892373104062398124e+04
5.886219003955787048e+04
8.823558251112712242e+03
1.980563710018020402e+03
2.047211007072727080e+04
2.229242932030691009e+04
1.601043805450439686e+04
3.062278162028722363e+04
1.045423079005227191e+04
3.564654902390629104e+03
1.176624123702207726e+04
3.589327653617941542e+04
6.232671705830789870e+04
2.189120333933364600e+04
1.677531600368693762e+04
9.100459787468913419e+03
3.451117299264071789e+03
5.776450497968571653e+03
6.779015501337130445e+03
1.384955711972784411e+04
1.805129465768469527e+04
3.961269705559160502e+04
3.526143673434617995e+03
7.524568734872160348e+03
2.795848109567693245e+04
1.775414649356084192e+04
2.299896442376354753e+04
1.952401379598178028e+04
4.308682567047652810e+03
1.155558157996872296e+03
1.010454706684021039e+04
2.494506002472624823e+04
2.198113626101020418e+04
3.883102447200375900e+04
3.912777093731863260e+03
2.774353331134749169e+03
2.065871404395358695e+03
1.912093495741917650e+04
4.130810090170694821e+03
2.006705992829553725e+04
2.476434658079177461e+04
6.884380236867187705e+03
2.055068511307369772e+04
2.218849458091203996e+04
7.629065150323360285e+03
9.599452823820338381e+03
5.011833570367969514e+04
9.933940290483749777e+03
6.476106363665467143e+03
3.547627855624640506e+04
5.905687692961979337e+03
4.127630310219776220e+03
2.009787121021315397e+04
6.389506201794476510e+03
9.746012530198819150e+03
6.304601618980006606e+03
2.033636481512294267e+04
4.753442947490233200e+04
2.129876549008231814e+04
2.713136017391689165e+04
1.303234025556890265e+04
8.049154342128206736e+03
7.655926929257295342e+03
1.099298832627138472e+04
8.600282948205636785e+03
1.741004543767497307e+04
1.375710119305281842e+04
2.303896878634703899e+04
1.650177536133614922e+04
1.108472789014780574e+04
7.179909016258870906e+03
3.403665909781011578e+04
1.697721207287381958e+03
2.912931951914692763e+04
1.091814625323024848e+04
5.853967933865387749e+03
8.689289807430752262e+03
1.831987740015001327e+04
1.080623638669212596e+04
4.270932373367352557e+04
1.362696697277161547e+04
1.172539889170833521e+04
1.054281278618960641e+04
2.396854324237339097e+04
1.545076510069974393e+04
1.450157202932677319e+04
1.178748167260821174e+04
1.773032688710383081e+04
1.865770467459929569e+04
3.961767475381556869e+04
1.886024074552131060e+04
6.183956531391981116e+03
3.502117697461816533e+03
1.498046694178944381e+04
7.167449479571227130e+03
5.656100648857243868e+03
8.185487369769509314e+03
1.811232845129488123e+04
1.003172042107154630e+04
1.902238288051940617e+04
3.177201395214175864e+04
1.482216352858949904e+03
2.335474166002584752e+04
9.090685627785946053e+03
4.652826550380511617e+04
5.555788542721600243e+04
7.600344606553360791e+03
1.188698822266157549e+04
1.525114182956084915e+04
6.357428548172652881e+03
2.118043739301796450e+04
1.718045118337375243e+04
2.084495816130763342e+04
1.704745802733547862e+03
9.565447212300305182e+03
1.590238675823801714e+04
3.220777004518333706e+04
2.511447379652538075e+04
8.794634726550293635e+03
3.809089051325359469e+04
1.272956588641138296e+04
4.624516735691305257e+03
7.664409165151893831e+03
4.434751046348996169e+03
1.774047399341751225e+04
1.729220087135929134e+04
2.153665238345133548e+04
3.099453698198307393e+04
6.552722353269891755e+03
1.255105332907687443e+04
1.509810472250226780e+02
1.215333070398957716e+04
2.543386398604675560e+04
1.427539278180561632e+04
1.122278134177428365e+04
1.494904023056846199e+04
1.047884276690543084e+04
9.705805493605595984e+03
7.254044107498225640e+04
1.612852370296079971e+04
