6.122969795468857046e+05
8.170302004851719830e+05
7.999679990604320774e+05
9.012096039020505268e+05
8.915039771416538861e+05
8.768373490031177644e+05
9.729678648330102442e+05
9.165746629928605398e+05
8.740623810147918994e+05
9.140191872078069719e+05
8.646134848802484339e+05
9.352450590973745566e+05
7.539736597112725722e+05
9.105619812233836856e+05
9.043722515995505964e+05
9.931725186601376627e+05
7.824238959953474114e+05
9.361747524848082103e+05
8.456805771759243216e+05
7.042126386778897140e+05
6.969094742707731202e+05
8.731536393010847969e+05
9.027842887568976730e+05
8.660608367291638860e+05
9.674678760162849212e+05
8.365072376584687736e+05
9.010409327020510100e+05
8.280888894188562408e+05
8.395663237549883779e+05
8.343300443665398052e+05
