9.292409667968750000e+02
2.123872070312500000e+04
1.964462304687500000e+04
1.371371093750000000e+04
1.384336816406250000e+04
1.388201562500000000e+04
1.429914453125000000e+04
1.494642480468750000e+04
1.556048730468750000e+04
1.544792773437500000e+04
1.325457226562500000e+04
1.572383593750000000e+04
1.828276171875000000e+04
1.483766796875000000e+04
1.452181640625000000e+04
1.387879101562500000e+04
1.524478417968750000e+04
1.373594433593750000e+04
1.774428906250000000e+04
1.677241015625000000e+04
1.449933886718750000e+04
1.202895605468750000e+04
1.894426953125000000e+04
1.171930468750000000e+04
1.359871972656250000e+04
1.279450683593750000e+04
1.117687207031250000e+04
1.569793457031250000e+04
1.685636132812500000e+04
1.855010742187500000e+04
1.683799609375000000e+04
1.282668457031250000e+04
1.613591503906250000e+04
1.533584570312500000e+04
1.732975195312500000e+04
1.774191210937500000e+04
1.792049218750000000e+04
1.514937597656250000e+04
1.346946972656250000e+04
1.391880468750000000e+04
1.422164257812500000e+04
1.310748535156250000e+04
1.730917187500000000e+04
1.548229296875000000e+04
1.606352929687500000e+04
1.832396679687500000e+04
1.501752539062500000e+04
1.494342871093750000e+04
1.475812890625000000e+04
1.400279589843750000e+04
1.449216796875000000e+04
1.446072460937500000e+04
1.424595312500000000e+04
1.575009570312500000e+04
1.389294531250000000e+04
1.403155957031250000e+04
1.650538671875000000e+04
1.368483984375000000e+04
1.635456640625000000e+04
1.614617773437500000e+04
1.401968066406250000e+04
1.373912597656250000e+04
1.552380761718750000e+04
1.580264062500000000e+04
1.450764355468750000e+04
1.345246875000000000e+04
1.351366601562500000e+04
1.454377343750000000e+04
1.465296777343750000e+04
1.343570507812500000e+04
1.512994140625000000e+04
1.805405078125000000e+04
1.820272656250000000e+04
1.293283886718750000e+04
1.597999707031250000e+04
2.048243750000000000e+04
1.642518945312500000e+04
1.580922363281250000e+04
1.825183593750000000e+04
1.800875976562500000e+04
1.621950488281250000e+04
1.705590429687500000e+04
1.773381445312500000e+04
1.614787500000000000e+04
1.654508007812500000e+04
1.703250390625000000e+04
1.740174609375000000e+04
1.779161718750000000e+04
1.744818554687500000e+04
2.059825781250000000e+04
1.582991210937500000e+04
1.970047460937500000e+04
1.946572656250000000e+04
1.780541992187500000e+04
2.122658984375000000e+04
1.692051367187500000e+04
1.723504492187500000e+04
1.600468554687500000e+04
1.752529492187500000e+04
1.954782617187500000e+04
1.850825000000000000e+04
1.657480468750000000e+04
1.627441406250000000e+04
1.623262890625000000e+04
1.793617187500000000e+04
1.866608984375000000e+04
1.941648828125000000e+04
2.119328515625000000e+04
1.535413671875000000e+04
1.696865234375000000e+04
1.799063281250000000e+04
1.374321386718750000e+04
1.841422851562500000e+04
1.768627148437500000e+04
1.746123828125000000e+04
1.471009960937500000e+04
1.667828125000000000e+04
1.799262109375000000e+04
2.019175585937500000e+04
2.204650781250000000e+04
1.672063867187500000e+04
1.958760351562500000e+04
1.730837890625000000e+04
1.718386132812500000e+04
2.210340429687500000e+04
1.652625781250000000e+04
2.061329687500000000e+04
2.045602148437500000e+04
1.572434765625000000e+04
1.596876269531250000e+04
1.687374804687500000e+04
2.305096484375000000e+04
1.634790820312500000e+04
1.796050976562500000e+04
1.720326171875000000e+04
1.777809765625000000e+04
1.920580273437500000e+04
1.838181250000000000e+04
1.806383984375000000e+04
1.725793164062500000e+04
1.727932812500000000e+04
1.381702246093750000e+04
1.632502148437500000e+04
1.725694140625000000e+04
1.644421289062500000e+04
1.483353906250000000e+04
2.115119531250000000e+04
1.667063671875000000e+04
1.571174121093750000e+04
1.305293554687500000e+04
1.779584960937500000e+04
1.599654492187500000e+04
1.866303710937500000e+04
1.645280078125000000e+04
1.968282421875000000e+04
1.706559375000000000e+04
2.238038281250000000e+04
1.403828710937500000e+04
2.026043359375000000e+04
1.801878515625000000e+04
1.542478808593750000e+04
1.894329882812500000e+04
1.936393359375000000e+04
1.555841210937500000e+04
2.043479296875000000e+04
1.462471289062500000e+04
1.773946484375000000e+04
1.528087109375000000e+04
1.889438476562500000e+04
1.601618359375000000e+04
1.780815820312500000e+04
1.835350390625000000e+04
1.706582226562500000e+04
2.032557226562500000e+04
1.468126367187500000e+04
1.885487109375000000e+04
1.870296875000000000e+04
1.746880468750000000e+04
1.676044531250000000e+04
2.089992968750000000e+04
1.552135546875000000e+04
1.698865234375000000e+04
1.785245703125000000e+04
1.814055078125000000e+04
1.573487792968750000e+04
1.683183984375000000e+04
1.726571093750000000e+04
1.999908398437500000e+04
1.953825195312500000e+04
1.785082031250000000e+04
1.934741796875000000e+04
1.517785937500000000e+04
1.867604492187500000e+04
2.346453710937500000e+04
1.539766406250000000e+04
1.875096875000000000e+04
2.008735742187500000e+04
1.867568945312500000e+04
1.915564453125000000e+04
1.996394140625000000e+04
1.822301562500000000e+04
1.882130859375000000e+04
1.482763574218750000e+04
1.926078906250000000e+04
1.915807812500000000e+04
1.992438867187500000e+04
1.789100390625000000e+04
1.924758984375000000e+04
1.580140332031250000e+04
1.557988867187500000e+04
1.727840039062500000e+04
2.224259375000000000e+04
2.014533398437500000e+04
2.210190234375000000e+04
1.735063281250000000e+04
1.825985546875000000e+04
1.604111230468750000e+04
1.826766796875000000e+04
1.898264843750000000e+04
2.038047656250000000e+04
1.677783789062500000e+04
1.831137695312500000e+04
2.030971679687500000e+04
1.974867968750000000e+04
1.733762304687500000e+04
2.054225781250000000e+04
1.929188281250000000e+04
2.081578320312500000e+04
1.940092578125000000e+04
2.036807421875000000e+04
2.058735351562500000e+04
1.714852734375000000e+04
2.137021875000000000e+04
1.862013867187500000e+04
1.618942089843750000e+04
2.311012890625000000e+04
2.227276562500000000e+04
2.106361718750000000e+04
1.658686328125000000e+04
1.878712109375000000e+04
2.166412500000000000e+04
1.708678515625000000e+04
1.730460937500000000e+04
1.776334765625000000e+04
1.668337890625000000e+04
1.942125781250000000e+04
1.709426562500000000e+04
2.136044921875000000e+04
1.758816406250000000e+04
2.115708984375000000e+04
2.288016796875000000e+04
2.138282421875000000e+04
1.737373632812500000e+04
2.244992578125000000e+04
1.994288671875000000e+04
2.082654687500000000e+04
1.881161328125000000e+04
1.775777734375000000e+04
1.675160156250000000e+04
1.677471484375000000e+04
1.619558300781250000e+04
1.818973632812500000e+04
1.909805078125000000e+04
1.792315820312500000e+04
1.945817187500000000e+04
1.926177343750000000e+04
2.065107226562500000e+04
2.053347265625000000e+04
1.934021679687500000e+04
2.285651171875000000e+04
1.991333203125000000e+04
2.225428710937500000e+04
1.896366796875000000e+04
1.861296484375000000e+04
2.009355273437500000e+04
2.193648046875000000e+04
1.891128906250000000e+04
2.344391210937500000e+04
2.188161718750000000e+04
1.786970703125000000e+04
2.260482031250000000e+04
1.899758984375000000e+04
1.584039843750000000e+04
1.922205468750000000e+04
1.646697656250000000e+04
2.118528906250000000e+04
1.963606054687500000e+04
1.831106250000000000e+04
1.731856835937500000e+04
2.260141796875000000e+04
2.021740429687500000e+04
1.661149609375000000e+04
2.042064843750000000e+04
1.984870312500000000e+04
1.873966992187500000e+04
2.349984179687500000e+04
1.905830664062500000e+04
1.887607226562500000e+04
1.848239062500000000e+04
1.772935937500000000e+04
1.763694921875000000e+04
1.675706250000000000e+04
1.796108789062500000e+04
2.375144921875000000e+04
2.486871289062500000e+04
1.898746093750000000e+04
1.704041406250000000e+04
1.697198828125000000e+04
2.133931640625000000e+04
1.872677929687500000e+04
2.086620507812500000e+04
1.637917773437500000e+04
1.962037500000000000e+04
1.945349218750000000e+04
2.387843945312500000e+04
1.881592382812500000e+04
2.040788671875000000e+04
1.832819335937500000e+04
1.654221093750000000e+04
2.070903906250000000e+04
2.436500000000000000e+04
1.734018554687500000e+04
1.925081250000000000e+04
1.970759765625000000e+04
1.863145703125000000e+04
2.058546679687500000e+04
2.080828710937500000e+04
1.892194921875000000e+04
1.876858007812500000e+04
2.004732421875000000e+04
1.962299609375000000e+04
2.106494140625000000e+04
2.040035937500000000e+04
2.083467382812500000e+04
1.986471093750000000e+04
1.705802343750000000e+04
2.134621875000000000e+04
1.822946875000000000e+04
1.946846484375000000e+04
2.276521093750000000e+04
2.161417187500000000e+04
2.294127343750000000e+04
1.445668750000000000e+04
2.038833398437500000e+04
1.731697265625000000e+04
1.910388671875000000e+04
1.955051757812500000e+04
2.022716992187500000e+04
1.822087890625000000e+04
2.067919531250000000e+04
1.940980859375000000e+04
2.014193164062500000e+04
1.870132421875000000e+04
1.967772851562500000e+04
2.026982031250000000e+04
1.630783105468750000e+04
2.087145703125000000e+04
2.051697265625000000e+04
1.888464257812500000e+04
2.415856835937500000e+04
2.238535156250000000e+04
1.765721093750000000e+04
1.957696093750000000e+04
1.684997070312500000e+04
1.908445703125000000e+04
2.028360937500000000e+04
1.997232031250000000e+04
2.164910351562500000e+04
2.096150390625000000e+04
2.020225781250000000e+04
1.810867187500000000e+04
2.090454101562500000e+04
1.853510156250000000e+04
1.950746484375000000e+04
1.638045117187500000e+04
1.984797265625000000e+04
1.968688867187500000e+04
2.240691015625000000e+04
2.148623046875000000e+04
2.172802734375000000e+04
1.840042187500000000e+04
1.773778125000000000e+04
1.975216015625000000e+04
1.974338671875000000e+04
1.578914648437500000e+04
1.991739062500000000e+04
1.854241796875000000e+04
2.037627929687500000e+04
2.612200781250000000e+04
2.080956250000000000e+04
1.840067773437500000e+04
1.933593359375000000e+04
2.148479296875000000e+04
2.024444921875000000e+04
1.728586914062500000e+04
1.945352148437500000e+04
2.305491406250000000e+04
1.991299609375000000e+04
2.085027734375000000e+04
2.141196093750000000e+04
1.887591796875000000e+04
2.044431640625000000e+04
2.082128710937500000e+04
1.676674023437500000e+04
1.761367578125000000e+04
2.021688671875000000e+04
2.324050781250000000e+04
2.258661718750000000e+04
1.843412109375000000e+04
1.859669921875000000e+04
2.007457421875000000e+04
2.016882617187500000e+04
1.621264550781250000e+04
1.911014453125000000e+04
1.785175000000000000e+04
2.303456445312500000e+04
2.204739062500000000e+04
1.896913281250000000e+04
1.932033593750000000e+04
2.055527734375000000e+04
1.726900195312500000e+04
1.794764062500000000e+04
1.775169921875000000e+04
2.087018750000000000e+04
2.259862500000000000e+04
2.165591406250000000e+04
2.112139843750000000e+04
2.217990820312500000e+04
2.358881250000000000e+04
1.863955859375000000e+04
2.032596875000000000e+04
2.097635546875000000e+04
1.982433984375000000e+04
2.025670898437500000e+04
2.336168554687500000e+04
1.852130468750000000e+04
2.045900781250000000e+04
2.047763671875000000e+04
1.907540820312500000e+04
2.252050781250000000e+04
1.681638281250000000e+04
1.961233203125000000e+04
2.194906054687500000e+04
2.064752734375000000e+04
2.519600390625000000e+04
2.418870312500000000e+04
1.737438281250000000e+04
1.733030664062500000e+04
1.770667187500000000e+04
1.624582226562500000e+04
2.067058984375000000e+04
1.921071484375000000e+04
2.295300976562500000e+04
2.474035156250000000e+04
2.157733984375000000e+04
2.044625000000000000e+04
1.602400585937500000e+04
2.241821875000000000e+04
2.186596289062500000e+04
1.927645703125000000e+04
2.146094140625000000e+04
2.180777343750000000e+04
2.486830468750000000e+04
1.627933398437500000e+04
1.730796875000000000e+04
2.099951171875000000e+04
2.002782421875000000e+04
2.271645703125000000e+04
2.225911328125000000e+04
2.349746093750000000e+04
1.644258398437500000e+04
1.715172070312500000e+04
2.152954492187500000e+04
2.080439843750000000e+04
1.853424609375000000e+04
1.936600195312500000e+04
1.421258984375000000e+04
2.256528906250000000e+04
1.554509960937500000e+04
1.925447070312500000e+04
1.917491210937500000e+04
2.216840234375000000e+04
2.066734765625000000e+04
2.164796289062500000e+04
1.985375000000000000e+04
1.562537890625000000e+04
1.631513183593750000e+04
2.057963867187500000e+04
2.848165625000000000e+04
2.043937500000000000e+04
2.040347265625000000e+04
1.950119726562500000e+04
1.997547265625000000e+04
2.062298632812500000e+04
1.910606054687500000e+04
1.923812890625000000e+04
2.117869531250000000e+04
1.795356835937500000e+04
1.680262890625000000e+04
2.105452734375000000e+04
2.021028125000000000e+04
1.884822656250000000e+04
2.138636328125000000e+04
1.650918164062500000e+04
2.338847460937500000e+04
1.820254687500000000e+04
2.348508398437500000e+04
1.714197265625000000e+04
1.892412109375000000e+04
1.998413281250000000e+04
1.916141210937500000e+04
2.291071679687500000e+04
1.939409570312500000e+04
2.479607031250000000e+04
2.376210351562500000e+04
1.855508593750000000e+04
2.303879296875000000e+04
2.310974023437500000e+04
2.159307812500000000e+04
2.247040234375000000e+04
1.890075000000000000e+04
1.583614453125000000e+04
2.438634765625000000e+04
2.209627343750000000e+04
2.036657031250000000e+04
1.870735156250000000e+04
2.021702734375000000e+04
1.995980273437500000e+04
1.672147656250000000e+04
1.917356640625000000e+04
2.089519140625000000e+04
2.284583789062500000e+04
1.801942578125000000e+04
2.152129492187500000e+04
2.306398242187500000e+04
1.794119140625000000e+04
1.632615332031250000e+04
1.824380468750000000e+04
1.621949316406250000e+04
1.659388085937500000e+04
2.354231835937500000e+04
2.019867968750000000e+04
1.984363867187500000e+04
2.072007031250000000e+04
1.909602148437500000e+04
1.797830273437500000e+04
1.941122851562500000e+04
2.154091015625000000e+04
2.205847460937500000e+04
1.609987500000000000e+04
1.778212695312500000e+04
2.064130468750000000e+04
1.691277734375000000e+04
1.945542187500000000e+04
2.172967382812500000e+04
2.372536718750000000e+04
2.050313281250000000e+04
2.108622460937500000e+04
1.948325000000000000e+04
1.648312109375000000e+04
1.959941601562500000e+04
2.486549218750000000e+04
2.207841601562500000e+04
2.007494921875000000e+04
2.068916601562500000e+04
2.225887890625000000e+04
2.138843554687500000e+04
1.838940820312500000e+04
2.479786132812500000e+04
1.800338085937500000e+04
2.056549414062500000e+04
1.859671093750000000e+04
1.630478320312500000e+04
1.989501562500000000e+04
2.356424609375000000e+04
1.993450195312500000e+04
1.722708203125000000e+04
1.940038281250000000e+04
1.718921679687500000e+04
2.151079296875000000e+04
1.972695312500000000e+04
1.932559375000000000e+04
2.067039648437500000e+04
2.183162500000000000e+04
1.928083593750000000e+04
2.071628320312500000e+04
1.789005859375000000e+04
1.951284960937500000e+04
1.960388281250000000e+04
1.696611523437500000e+04
1.875451953125000000e+04
2.300362109375000000e+04
1.900808984375000000e+04
1.881133593750000000e+04
1.783115625000000000e+04
2.063234570312500000e+04
2.312944726562500000e+04
2.023027734375000000e+04
1.825050390625000000e+04
2.096207031250000000e+04
2.085199609375000000e+04
2.354641796875000000e+04
2.502534960937500000e+04
2.152135156250000000e+04
1.905388281250000000e+04
2.371797656250000000e+04
1.884284375000000000e+04
2.191831445312500000e+04
1.953033398437500000e+04
2.267810156250000000e+04
1.742206835937500000e+04
1.982529296875000000e+04
2.192652929687500000e+04
2.013946875000000000e+04
1.765764062500000000e+04
2.172621093750000000e+04
1.711005273437500000e+04
1.934592968750000000e+04
2.064691992187500000e+04
1.818573437500000000e+04
1.905849609375000000e+04
2.019157812500000000e+04
1.854898242187500000e+04
1.873042187500000000e+04
1.900413476562500000e+04
1.817369140625000000e+04
1.752738671875000000e+04
2.055525976562500000e+04
1.746233984375000000e+04
2.117351171875000000e+04
1.473720214843750000e+04
1.799915625000000000e+04
1.865344140625000000e+04
1.973413085937500000e+04
2.074183789062500000e+04
1.970522851562500000e+04
2.266058007812500000e+04
2.081079687500000000e+04
2.088818164062500000e+04
1.875280078125000000e+04
2.068730859375000000e+04
1.913198437500000000e+04
1.984454101562500000e+04
1.834463085937500000e+04
1.972631640625000000e+04
2.340430468750000000e+04
2.258686132812500000e+04
1.628071777343750000e+04
1.785764257812500000e+04
1.247238964843750000e+04
2.631049804687500000e+04
1.754537304687500000e+04
1.581044335937500000e+04
1.893438476562500000e+04
2.243282617187500000e+04
1.893015820312500000e+04
1.731844531250000000e+04
1.930560937500000000e+04
1.953972265625000000e+04
1.780985937500000000e+04
2.110237890625000000e+04
1.663734179687500000e+04
1.809116992187500000e+04
1.796949804687500000e+04
2.144407812500000000e+04
1.708167187500000000e+04
2.164283398437500000e+04
1.826889843750000000e+04
2.092883984375000000e+04
1.918965625000000000e+04
2.580160742187500000e+04
1.745453515625000000e+04
2.228917773437500000e+04
1.976415625000000000e+04
1.561205371093750000e+04
2.088606640625000000e+04
2.002921875000000000e+04
2.589571484375000000e+04
1.868772265625000000e+04
1.890985546875000000e+04
1.843621875000000000e+04
1.724119335937500000e+04
2.299978515625000000e+04
1.596640136718750000e+04
1.885066992187500000e+04
1.503797949218750000e+04
2.120415820312500000e+04
1.934008984375000000e+04
1.956336523437500000e+04
1.933887304687500000e+04
2.095992187500000000e+04
1.990806640625000000e+04
2.204813867187500000e+04
1.758803906250000000e+04
2.227120117187500000e+04
1.824983007812500000e+04
1.750520703125000000e+04
2.281390820312500000e+04
1.602546289062500000e+04
2.257413867187500000e+04
2.230492578125000000e+04
2.069229101562500000e+04
2.211408398437500000e+04
2.457853125000000000e+04
1.893425195312500000e+04
2.213325000000000000e+04
1.903840625000000000e+04
2.249425781250000000e+04
2.471359375000000000e+04
2.144307812500000000e+04
1.950773828125000000e+04
2.248500781250000000e+04
1.989805664062500000e+04
1.957560546875000000e+04
2.019126953125000000e+04
1.891385156250000000e+04
2.110129101562500000e+04
2.345934960937500000e+04
1.972140039062500000e+04
1.869918750000000000e+04
2.050591015625000000e+04
2.378327929687500000e+04
2.145321093750000000e+04
2.196352734375000000e+04
2.048577148437500000e+04
2.098236914062500000e+04
1.928686718750000000e+04
2.096709960937500000e+04
1.873918750000000000e+04
2.025712695312500000e+04
2.306075000000000000e+04
1.902801757812500000e+04
1.847113867187500000e+04
2.057158984375000000e+04
2.142828125000000000e+04
1.849920507812500000e+04
1.925188476562500000e+04
2.080355468750000000e+04
2.094446093750000000e+04
1.996017187500000000e+04
1.889450390625000000e+04
1.912231835937500000e+04
2.073566406250000000e+04
1.629650195312500000e+04
2.446939062500000000e+04
2.029624218750000000e+04
1.719069531250000000e+04
1.664527539062500000e+04
1.845468554687500000e+04
1.638088476562500000e+04
1.921258789062500000e+04
1.906311914062500000e+04
2.123296484375000000e+04
2.110130468750000000e+04
2.006542968750000000e+04
2.396295117187500000e+04
2.006283007812500000e+04
1.920344921875000000e+04
1.444971679687500000e+04
1.595370117187500000e+04
1.989378125000000000e+04
1.768437695312500000e+04
2.470663281250000000e+04
1.728324804687500000e+04
2.056514453125000000e+04
1.900067187500000000e+04
2.394620312500000000e+04
2.562227148437500000e+04
2.015301367187500000e+04
1.804653125000000000e+04
1.694533984375000000e+04
1.876007617187500000e+04
2.407692578125000000e+04
1.959302734375000000e+04
2.173773242187500000e+04
2.139476562500000000e+04
2.054718164062500000e+04
1.748736132812500000e+04
2.202865625000000000e+04
2.215621093750000000e+04
2.062046679687500000e+04
2.258875195312500000e+04
2.157146484375000000e+04
2.392638281250000000e+04
1.637763281250000000e+04
2.095112890625000000e+04
1.749491015625000000e+04
2.071956835937500000e+04
1.794661914062500000e+04
2.095586914062500000e+04
1.743265429687500000e+04
2.419008203125000000e+04
1.902437695312500000e+04
2.337635351562500000e+04
2.351709179687500000e+04
2.235283203125000000e+04
1.539749804687500000e+04
1.743452929687500000e+04
1.708989257812500000e+04
2.155971484375000000e+04
2.070383593750000000e+04
2.418504296875000000e+04
2.657681640625000000e+04
2.314984765625000000e+04
2.288662500000000000e+04
1.932682812500000000e+04
2.109539843750000000e+04
2.081821289062500000e+04
2.325912890625000000e+04
2.351841992187500000e+04
2.031025000000000000e+04
2.102162890625000000e+04
2.479671484375000000e+04
2.096996484375000000e+04
1.638880664062500000e+04
1.880775000000000000e+04
1.903704687500000000e+04
1.874208203125000000e+04
1.828160156250000000e+04
2.281912500000000000e+04
2.142441796875000000e+04
1.786429687500000000e+04
2.306383398437500000e+04
2.052132812500000000e+04
2.146180859375000000e+04
2.182566992187500000e+04
1.958450390625000000e+04
2.123337695312500000e+04
2.143363281250000000e+04
2.254622851562500000e+04
1.796342968750000000e+04
2.411392773437500000e+04
1.695778515625000000e+04
2.314579296875000000e+04
1.665988281250000000e+04
1.793547851562500000e+04
2.160968359375000000e+04
1.739068359375000000e+04
2.110508203125000000e+04
2.328746484375000000e+04
2.185609570312500000e+04
1.814595898437500000e+04
1.710259960937500000e+04
2.245975976562500000e+04
2.023674023437500000e+04
2.227904882812500000e+04
2.382161523437500000e+04
1.976294531250000000e+04
2.222369531250000000e+04
1.806000195312500000e+04
1.940870703125000000e+04
2.012554492187500000e+04
2.097152734375000000e+04
2.385598437500000000e+04
1.978877539062500000e+04
2.057978515625000000e+04
2.112522265625000000e+04
1.813367187500000000e+04
2.113711328125000000e+04
2.498724023437500000e+04
1.673335937500000000e+04
1.979892187500000000e+04
2.528114257812500000e+04
1.803414453125000000e+04
2.109344140625000000e+04
2.463885742187500000e+04
1.975335546875000000e+04
1.940052343750000000e+04
1.741507031250000000e+04
1.772234765625000000e+04
2.162507617187500000e+04
2.081821875000000000e+04
1.954368359375000000e+04
2.026930273437500000e+04
2.117486914062500000e+04
1.707829296875000000e+04
1.984694531250000000e+04
1.854114648437500000e+04
1.615380468750000000e+04
2.003584960937500000e+04
2.086307421875000000e+04
1.958998046875000000e+04
2.041172656250000000e+04
2.367185351562500000e+04
1.895691406250000000e+04
2.335935156250000000e+04
2.166230859375000000e+04
2.180428515625000000e+04
2.126865039062500000e+04
1.746571875000000000e+04
2.064956835937500000e+04
2.313797851562500000e+04
1.877519531250000000e+04
2.194744726562500000e+04
2.008586718750000000e+04
1.951953710937500000e+04
1.632458593750000000e+04
2.470541210937500000e+04
2.003148437500000000e+04
2.054158203125000000e+04
2.004422656250000000e+04
2.178786718750000000e+04
1.973489453125000000e+04
1.486408300781250000e+04
2.137626757812500000e+04
2.415086718750000000e+04
1.794727734375000000e+04
2.158340820312500000e+04
2.169767578125000000e+04
1.923686718750000000e+04
2.185536328125000000e+04
2.279601953125000000e+04
1.984224804687500000e+04
2.069277343750000000e+04
1.864226367187500000e+04
2.344219531250000000e+04
1.923276562500000000e+04
1.900570117187500000e+04
2.014878125000000000e+04
2.194330078125000000e+04
2.554253320312500000e+04
2.306442187500000000e+04
2.111038085937500000e+04
1.877936914062500000e+04
1.961681835937500000e+04
1.939406250000000000e+04
1.791527343750000000e+04
1.662007812500000000e+04
2.511532421875000000e+04
2.553198632812500000e+04
1.588950000000000000e+04
2.175137109375000000e+04
1.868404296875000000e+04
1.864353125000000000e+04
2.366842773437500000e+04
2.018694921875000000e+04
2.300029101562500000e+04
1.976814257812500000e+04
2.183640234375000000e+04
2.527153906250000000e+04
2.229555468750000000e+04
2.106589257812500000e+04
1.495502148437500000e+04
2.190503320312500000e+04
1.995133984375000000e+04
2.521128320312500000e+04
2.069694531250000000e+04
2.225445117187500000e+04
1.637763867187500000e+04
2.103132421875000000e+04
2.022564648437500000e+04
1.608083398437500000e+04
2.466551171875000000e+04
2.066252148437500000e+04
2.118104687500000000e+04
1.804713281250000000e+04
2.031886132812500000e+04
2.092684570312500000e+04
2.215151953125000000e+04
2.268621289062500000e+04
1.873925781250000000e+04
2.116607812500000000e+04
2.299987109375000000e+04
1.999843750000000000e+04
1.943174609375000000e+04
1.899128320312500000e+04
2.214737500000000000e+04
2.086719140625000000e+04
1.984876953125000000e+04
2.173181250000000000e+04
2.038361132812500000e+04
2.011424609375000000e+04
1.775351367187500000e+04
2.015509960937500000e+04
1.713778515625000000e+04
1.826287695312500000e+04
1.972486328125000000e+04
2.119584375000000000e+04
1.534764062500000000e+04
1.951182226562500000e+04
2.454945703125000000e+04
1.981772070312500000e+04
1.480714355468750000e+04
2.059566796875000000e+04
1.870931250000000000e+04
2.524158203125000000e+04
2.004129492187500000e+04
2.255963867187500000e+04
1.857146679687500000e+04
2.084736718750000000e+04
1.670753906250000000e+04
2.041337500000000000e+04
1.952315429687500000e+04
2.163455859375000000e+04
1.739633984375000000e+04
2.022273828125000000e+04
2.010392968750000000e+04
2.130060937500000000e+04
1.799073437500000000e+04
1.979758398437500000e+04
1.550207031250000000e+04
2.063225390625000000e+04
1.831878320312500000e+04
2.219205078125000000e+04
2.185851953125000000e+04
1.743238476562500000e+04
1.837413281250000000e+04
2.060683203125000000e+04
2.089339648437500000e+04
2.348688281250000000e+04
1.680775781250000000e+04
1.763719726562500000e+04
1.757891210937500000e+04
1.738569921875000000e+04
2.072636718750000000e+04
1.926600976562500000e+04
1.841893750000000000e+04
2.135609765625000000e+04
1.955689062500000000e+04
2.226101757812500000e+04
1.915030468750000000e+04
2.453393164062500000e+04
1.849176562500000000e+04
1.999221679687500000e+04
1.896051953125000000e+04
2.003795312500000000e+04
2.040189062500000000e+04
2.380940234375000000e+04
1.947031835937500000e+04
1.932974218750000000e+04
2.316087500000000000e+04
2.431981835937500000e+04
2.556869335937500000e+04
2.141315039062500000e+04
1.710722460937500000e+04
2.232892382812500000e+04
1.910407812500000000e+04
1.724516406250000000e+04
2.416186132812500000e+04
1.897055273437500000e+04
2.054613671875000000e+04
2.365899609375000000e+04
2.508931445312500000e+04
2.262649609375000000e+04
1.800415820312500000e+04
2.066524609375000000e+04
2.229029882812500000e+04
2.026978515625000000e+04
2.299794531250000000e+04
2.330239062500000000e+04
1.940819921875000000e+04
2.099550195312500000e+04
1.534852734375000000e+04
2.370094726562500000e+04
1.857361132812500000e+04
1.599783105468750000e+04
1.969429687500000000e+04
1.717975390625000000e+04
2.361903906250000000e+04
1.760170898437500000e+04
1.870660742187500000e+04
2.008269140625000000e+04
1.972799414062500000e+04
1.927284765625000000e+04
1.996029687500000000e+04
1.925887109375000000e+04
2.018656250000000000e+04
2.007644140625000000e+04
2.035719726562500000e+04
2.130704296875000000e+04
2.150256054687500000e+04
1.936313671875000000e+04
1.876250195312500000e+04
2.192681640625000000e+04
2.105323046875000000e+04
1.944845117187500000e+04
2.007000781250000000e+04
1.861971093750000000e+04
1.839037109375000000e+04
1.838095703125000000e+04
1.871284960937500000e+04
1.820277148437500000e+04
1.801992968750000000e+04
2.313728906250000000e+04
1.806574414062500000e+04
1.878933593750000000e+04
1.934062500000000000e+04
1.731719531250000000e+04
1.939937695312500000e+04
1.923450390625000000e+04
1.862813671875000000e+04
1.859411718750000000e+04
2.059639453125000000e+04
1.955385546875000000e+04
2.151084960937500000e+04
2.121054492187500000e+04
2.473782812500000000e+04
1.905250390625000000e+04
1.898284375000000000e+04
2.082860546875000000e+04
1.539935351562500000e+04
2.242365625000000000e+04
1.565481640625000000e+04
1.796881054687500000e+04
2.163635546875000000e+04
1.727608007812500000e+04
1.777752734375000000e+04
2.056256640625000000e+04
1.876891406250000000e+04
1.634751464843750000e+04
2.510280859375000000e+04
2.068432421875000000e+04
1.937068554687500000e+04
2.337799218750000000e+04
2.142767187500000000e+04
1.860087109375000000e+04
1.932065820312500000e+04
1.794188671875000000e+04
2.156694726562500000e+04
2.348707812500000000e+04
2.313959570312500000e+04
2.019902734375000000e+04
2.293307421875000000e+04
2.243271875000000000e+04
2.020008007812500000e+04
2.262310351562500000e+04
1.963391796875000000e+04
1.642374218750000000e+04
1.961689062500000000e+04
1.809803320312500000e+04
1.936099414062500000e+04
2.374178710937500000e+04
1.991935156250000000e+04
2.040100195312500000e+04
2.150928515625000000e+04
2.098171875000000000e+04
1.758349023437500000e+04
1.745198046875000000e+04
1.538753906250000000e+04
2.016539062500000000e+04
1.960847070312500000e+04
2.048894921875000000e+04
2.024650390625000000e+04
1.958099218750000000e+04
2.153283789062500000e+04
2.040334179687500000e+04
1.851799023437500000e+04
1.898509765625000000e+04
1.801936328125000000e+04
1.946127343750000000e+04
2.381433593750000000e+04
1.433867382812500000e+04
2.257453125000000000e+04
1.560874414062500000e+04
1.781333984375000000e+04
2.037828320312500000e+04
1.923141992187500000e+04
2.106781445312500000e+04
2.087601171875000000e+04
2.044658203125000000e+04
1.841521679687500000e+04
2.424929687500000000e+04
1.551923632812500000e+04
2.305341015625000000e+04
2.182328710937500000e+04
1.884148046875000000e+04
1.936025781250000000e+04
2.274993945312500000e+04
2.472877929687500000e+04
2.284601171875000000e+04
2.165349218750000000e+04
2.327165039062500000e+04
1.582506640625000000e+04
1.829144921875000000e+04
1.915802343750000000e+04
2.471939062500000000e+04
1.827441601562500000e+04
1.810843750000000000e+04
1.960537890625000000e+04
2.270346875000000000e+04
1.639629687500000000e+04
2.426310156250000000e+04
1.924116015625000000e+04
1.844763671875000000e+04
2.184175195312500000e+04
2.045719140625000000e+04
2.258364648437500000e+04
1.556659570312500000e+04
1.873856250000000000e+04
1.776932031250000000e+04
1.940540234375000000e+04
1.630534277343750000e+04
2.303915039062500000e+04
1.949838281250000000e+04
1.917449218750000000e+04
1.751588281250000000e+04
1.981702929687500000e+04
2.515799804687500000e+04
2.097200000000000000e+04
2.067535156250000000e+04
2.084866015625000000e+04
2.146285156250000000e+04
2.065009375000000000e+04
1.751839257812500000e+04
2.119139453125000000e+04
2.135634375000000000e+04
2.148912304687500000e+04
2.195668945312500000e+04
2.152016992187500000e+04
2.091160156250000000e+04
1.815250000000000000e+04
2.104099609375000000e+04
1.673397656250000000e+04
2.063991796875000000e+04
2.474182617187500000e+04
2.264117773437500000e+04
2.301937109375000000e+04
2.124682617187500000e+04
1.849473242187500000e+04
2.167032812500000000e+04
2.315416992187500000e+04
1.919801562500000000e+04
2.204230859375000000e+04
2.143480859375000000e+04
2.150706640625000000e+04
1.827741210937500000e+04
1.894861718750000000e+04
2.246412304687500000e+04
2.347594531250000000e+04
2.159781835937500000e+04
2.314842968750000000e+04
2.131795898437500000e+04
1.873618750000000000e+04
1.998672070312500000e+04
1.786769921875000000e+04
1.824722460937500000e+04
1.947145898437500000e+04
2.435869531250000000e+04
1.809753906250000000e+04
2.396991796875000000e+04
1.707737500000000000e+04
1.578890332031250000e+04
1.795655859375000000e+04
1.787175195312500000e+04
1.789598437500000000e+04
1.974798828125000000e+04
2.102935546875000000e+04
1.856285937500000000e+04
2.249039453125000000e+04
2.204793359375000000e+04
2.056334570312500000e+04
1.950737695312500000e+04
1.967016992187500000e+04
2.009880078125000000e+04
2.157412109375000000e+04
2.056355273437500000e+04
1.853500195312500000e+04
2.169391406250000000e+04
1.987246484375000000e+04
1.785677734375000000e+04
1.961281250000000000e+04
1.618568945312500000e+04
1.805797265625000000e+04
1.863585937500000000e+04
2.038249023437500000e+04
2.022244531250000000e+04
1.726434179687500000e+04
2.122009765625000000e+04
1.982447265625000000e+04
2.327282031250000000e+04
2.222108398437500000e+04
2.211199218750000000e+04
1.768808203125000000e+04
1.989101757812500000e+04
2.269537695312500000e+04
1.800530468750000000e+04
1.930424414062500000e+04
2.172385351562500000e+04
2.150507226562500000e+04
2.058200976562500000e+04
2.300486132812500000e+04
2.285475000000000000e+04
1.646818359375000000e+04
2.287280078125000000e+04
1.797427148437500000e+04
2.143645703125000000e+04
1.885647460937500000e+04
1.816251171875000000e+04
1.590077539062500000e+04
2.152471093750000000e+04
1.877107226562500000e+04
1.687112890625000000e+04
2.022919726562500000e+04
1.726160546875000000e+04
1.723817578125000000e+04
2.022724414062500000e+04
1.768147656250000000e+04
1.655729492187500000e+04
1.793655078125000000e+04
1.705783789062500000e+04
1.627086132812500000e+04
1.872782421875000000e+04
2.065079296875000000e+04
1.500873242187500000e+04
1.932416210937500000e+04
1.947554687500000000e+04
1.901900390625000000e+04
1.973241992187500000e+04
2.076541992187500000e+04
1.678215234375000000e+04
2.345061914062500000e+04
2.493111718750000000e+04
2.241851171875000000e+04
1.844104296875000000e+04
2.014361328125000000e+04
1.872981835937500000e+04
1.819963867187500000e+04
1.695530859375000000e+04
1.923414843750000000e+04
2.043062500000000000e+04
1.652923437500000000e+04
2.022286328125000000e+04
2.108071093750000000e+04
2.068562304687500000e+04
2.342427734375000000e+04
1.829455468750000000e+04
2.079014843750000000e+04
2.264824218750000000e+04
2.061136914062500000e+04
2.022642578125000000e+04
2.080022265625000000e+04
2.239039648437500000e+04
1.918779882812500000e+04
1.888058984375000000e+04
2.481670312500000000e+04
1.910234179687500000e+04
2.235194531250000000e+04
2.185499609375000000e+04
1.829615820312500000e+04
2.269377343750000000e+04
1.828945703125000000e+04
2.051042578125000000e+04
2.127780859375000000e+04
2.006353320312500000e+04
1.900616015625000000e+04
2.406068945312500000e+04
2.123385351562500000e+04
2.204673828125000000e+04
2.194635546875000000e+04
1.883338671875000000e+04
2.236261914062500000e+04
2.124793554687500000e+04
2.259189843750000000e+04
2.139865820312500000e+04
2.003440234375000000e+04
2.353883593750000000e+04
1.928431250000000000e+04
2.443382031250000000e+04
1.972786914062500000e+04
2.228687109375000000e+04
2.227870312500000000e+04
2.046227734375000000e+04
1.868044921875000000e+04
2.192117382812500000e+04
1.689655664062500000e+04
1.958244335937500000e+04
2.338740429687500000e+04
2.087278125000000000e+04
2.283511328125000000e+04
2.356454296875000000e+04
1.846339648437500000e+04
1.792105859375000000e+04
2.611684765625000000e+04
2.085931640625000000e+04
2.089124609375000000e+04
2.053753320312500000e+04
1.997627343750000000e+04
2.274225585937500000e+04
1.571658886718750000e+04
2.122334179687500000e+04
2.073145507812500000e+04
2.008345312500000000e+04
2.252753320312500000e+04
2.321405078125000000e+04
2.301949218750000000e+04
2.109448828125000000e+04
2.113112109375000000e+04
1.897794726562500000e+04
2.110042968750000000e+04
2.134693359375000000e+04
2.148619140625000000e+04
1.852101562500000000e+04
2.345978515625000000e+04
2.368079296875000000e+04
1.801099609375000000e+04
2.083857031250000000e+04
1.852047265625000000e+04
1.769501367187500000e+04
2.182108984375000000e+04
1.837033789062500000e+04
2.589100781250000000e+04
1.735938281250000000e+04
2.158370898437500000e+04
1.700338867187500000e+04
1.878916601562500000e+04
2.042942578125000000e+04
2.054802148437500000e+04
2.084716796875000000e+04
1.820191210937500000e+04
2.191451367187500000e+04
2.225763671875000000e+04
1.867245703125000000e+04
1.748803906250000000e+04
1.566229882812500000e+04
1.833596093750000000e+04
1.920530468750000000e+04
1.965841992187500000e+04
2.391473242187500000e+04
1.645470507812500000e+04
1.858871484375000000e+04
2.016493554687500000e+04
1.967915039062500000e+04
1.710093164062500000e+04
1.813108789062500000e+04
2.126067773437500000e+04
2.144089453125000000e+04
2.103761718750000000e+04
1.742209179687500000e+04
1.707249609375000000e+04
1.653073046875000000e+04
2.109833984375000000e+04
1.969186523437500000e+04
1.941121875000000000e+04
1.794774414062500000e+04
2.001485742187500000e+04
2.011336132812500000e+04
1.876947265625000000e+04
1.778478906250000000e+04
2.087153515625000000e+04
2.232737109375000000e+04
1.852276757812500000e+04
2.274682421875000000e+04
1.893021875000000000e+04
1.748930078125000000e+04
2.097837304687500000e+04
2.233811718750000000e+04
2.347435351562500000e+04
1.895683593750000000e+04
1.989041406250000000e+04
2.424790429687500000e+04
1.512436718750000000e+04
2.049062890625000000e+04
2.320536914062500000e+04
1.963258593750000000e+04
2.062377343750000000e+04
2.122209765625000000e+04
1.962248046875000000e+04
2.148720117187500000e+04
1.713383398437500000e+04
2.011209375000000000e+04
2.041312500000000000e+04
2.236538867187500000e+04
1.789347070312500000e+04
1.947581640625000000e+04
2.057422851562500000e+04
2.297402734375000000e+04
1.927461328125000000e+04
2.153409179687500000e+04
1.836833984375000000e+04
2.280382226562500000e+04
2.314190039062500000e+04
1.988547851562500000e+04
2.330787304687500000e+04
2.119086132812500000e+04
2.186025390625000000e+04
1.907393945312500000e+04
1.821876757812500000e+04
2.225701562500000000e+04
1.634745898437500000e+04
2.105527539062500000e+04
1.977829882812500000e+04
1.882842968750000000e+04
2.206337890625000000e+04
1.879494921875000000e+04
2.524647460937500000e+04
2.032243945312500000e+04
1.933801171875000000e+04
2.265251953125000000e+04
1.820567578125000000e+04
2.479743164062500000e+04
1.932142382812500000e+04
2.036350000000000000e+04
1.942150390625000000e+04
2.316986328125000000e+04
1.888502148437500000e+04
1.928086718750000000e+04
2.257006835937500000e+04
1.911425000000000000e+04
1.730488085937500000e+04
2.689864453125000000e+04
