-1.071065852812058802e+04
-1.068778997624336989e+04
-9.986300323238645433e+03
-1.100436394240566369e+04
-1.438757439093203357e+04
-1.094726698836296782e+04
-1.257689321625707817e+04
-1.485608418057937160e+04
-1.001195161581650609e+04
-8.816305239693205294e+03
-1.104754932365535569e+04
-1.234105488985142256e+04
-1.300882278946968654e+04
-1.164534293407215955e+04
-9.766125680239469148e+03
-1.405277828660355590e+04
-1.107576378102422677e+04
-1.218179928901343737e+04
-1.164850500050667324e+04
-1.512790849228023762e+04
-7.680347427435156533e+03
-1.066619667691306131e+04
-7.041346484510990194e+03
-1.070449058921431060e+04
-8.699522108967019449e+03
-1.096386346813614728e+04
-1.872861593747651204e+04
-1.658555836714310135e+04
-1.502066417226257909e+04
-1.520983076066986905e+04
-1.178828711956300322e+04
-9.856032316879425707e+03
-8.795425654244485486e+03
-9.984102083797974046e+03
-1.254741056972334627e+04
-1.349403952380218834e+04
-1.621692419764640181e+04
-1.502324662125038412e+04
-1.377849518048875689e+04
-1.761236716056673686e+04
-1.466675882478300991e+04
-1.442979468657158759e+04
-1.686938307884345340e+04
-1.958678516235865027e+04
-1.901671177520793208e+04
-1.965744902650566655e+04
-1.966416983838452870e+04
-2.536763393247228305e+04
-2.192918384331060224e+04
-2.402744610441629993e+04
-2.038642736982666247e+04
-1.549447708660665012e+04
-1.672362279727587156e+04
-1.775322656291724343e+04
-2.302993443901363207e+04
-1.991646970971005794e+04
-1.426381494719109287e+04
-1.144934101630556142e+04
-1.445306546856428940e+04
-1.686401541027176427e+04
-2.099886375222141942e+04
-1.828471428914159696e+04
-1.941843808269146393e+04
-2.491644497123108522e+04
-2.845486651660881398e+04
-3.819276756541778741e+04
-3.525867541444152448e+04
-3.622794598939713615e+04
-3.405128998504801712e+04
-2.952935641021675110e+04
-2.931391089791566992e+04
-2.247035218757105395e+04
-2.519530045898412209e+04
