1.422960742187500000e+04
1.776961132812500000e+04
1.784791210937500000e+04
1.871350390625000000e+04
2.016542578125000000e+04
2.189057812500000000e+04
2.302543750000000000e+04
2.673653125000000000e+04
3.044190625000000000e+04
3.257834375000000000e+04
3.793707421875000000e+04
4.020261718750000000e+04
4.184584375000000000e+04
4.618073437500000000e+04
4.680537890625000000e+04
5.057656640625000000e+04
5.441453906250000000e+04
5.516537500000000000e+04
6.101121093750000000e+04
6.390611718750000000e+04
6.325223828125000000e+04
6.880854687500000000e+04
6.963620312500000000e+04
7.390423437500000000e+04
7.770028125000000000e+04
7.905716406250000000e+04
9.158442187500000000e+04
9.468184375000000000e+04
8.994420312500000000e+04
1.000116875000000000e+05
9.470254687500000000e+04
9.579242968750000000e+04
1.023113281250000000e+05
1.043274609375000000e+05
1.058283906250000000e+05
1.087875234375000000e+05
1.104207265625000000e+05
1.161606015625000000e+05
1.160146640625000000e+05
1.251631406250000000e+05
1.243959375000000000e+05
1.252550859375000000e+05
1.334121093750000000e+05
1.390326718750000000e+05
1.373575312500000000e+05
1.279610000000000000e+05
1.342146875000000000e+05
1.339684062500000000e+05
1.391871718750000000e+05
1.442828906250000000e+05
1.445602187500000000e+05
1.562399843750000000e+05
1.480145468750000000e+05
1.507580781250000000e+05
1.526664531250000000e+05
1.363195312500000000e+05
1.605352031250000000e+05
1.614328906250000000e+05
1.547721875000000000e+05
1.679362812500000000e+05
1.655864062500000000e+05
1.612307968750000000e+05
1.642724375000000000e+05
1.625572031250000000e+05
1.694558750000000000e+05
1.690921562500000000e+05
1.701181406250000000e+05
1.820317812500000000e+05
1.983489531250000000e+05
1.853086562500000000e+05
1.819924687500000000e+05
1.971063437500000000e+05
1.928976562500000000e+05
