1.483556142323516906e+04
9.221860591066510096e+03
1.357263632646525548e+04
8.976691407299846105e+03
9.523124639739815393e+03
5.516519993250479274e+03
8.130805305346015302e+03
1.175769622727421302e+04
8.442417921629799821e+03
7.020551667026215000e+03
8.793189512586990531e+03
9.658363128815393793e+03
1.526322072707765255e+04
1.274776744497747859e+04
9.333390960278949933e+03
1.611178851089578893e+04
1.011068309540582959e+04
1.182505003921948992e+04
1.054102277800516094e+04
1.184818172837850216e+04
1.727244152103583838e+04
9.068985529686422524e+03
1.438291367833000913e+04
9.482648391118780637e+03
8.424883645130494187e+03
1.076017842714050130e+04
1.142478469152880643e+04
1.368709174127553160e+04
6.584664121134595007e+03
1.128578425965039787e+04
