-1.520000000000000000e+03
2.037028365336307616e+03
-1.579218823454270250e+03
1.712383609312817043e+03
8.948337584300628805e+03
8.976003796649403739e+03
4.197613210436607005e+03
1.382776382458215994e+04
-2.578226000623450318e+02
3.232737241714823540e+04
7.826331580694808508e+03
1.706941163876899736e+04
-4.298976109617586872e+02
3.938531696563862624e+03
1.601482307399033380e+04
1.222176388820810280e+04
9.316647713068072335e+03
7.171579442745842243e+03
2.239566644585776521e+04
1.960755740422105737e+04
3.478909388531885725e+03
2.130886440141412550e+03
1.507065460975199130e+04
1.555137582045200543e+04
7.515204573408434499e+02
1.531563147528533227e+04
1.177806548788003238e+04
5.082373437031167214e+02
1.951301149170270583e+04
1.347340567099958207e+03
5.592759863711478829e+03
1.186466523916389269e+04
2.332797524079022332e+04
2.028304985850346930e+04
7.530874184965464337e+03
9.481098556478269529e+03
8.470524990080999714e+02
7.965589772863554572e+03
9.092355302515232324e+03
7.907346745319164256e+03
1.583753901064727688e+04
3.233684798258962110e+04
1.939922515785440737e+03
6.887493951532433130e+03
1.920546214174071065e+04
1.353142982063192903e+04
5.879873914555897500e+03
1.729895394726075028e+04
3.483543966837995686e+04
6.026512792276566870e+02
-2.032928833516621125e+01
5.211039561171500281e+03
3.093545991033937753e+04
3.338600196902029893e+01
3.003679368118646016e+04
1.606736375656577184e+04
7.429881464949599831e+03
1.481603219738352664e+03
8.795461014328266174e+03
3.490259770869236490e+03
1.143691167296622552e+04
8.674308210164506818e+03
1.400426134512448698e+04
7.563102381279294605e+03
6.687767693425585094e+03
1.128530966007568713e+04
3.276315619183555100e+03
7.017765735625439447e+03
6.585581760175748059e+03
3.425506959465372347e+04
1.212511208939023527e+04
2.005236512348387805e+03
3.492455091724249314e+02
1.207088094954199187e+04
1.324788966155686467e+03
1.198348982731624164e+04
1.937626907815221421e+04
1.093186835932116264e+04
2.883976023654640449e+04
3.645877377576429717e+04
1.074411903465677278e+04
-2.649545526117233294e+02
1.196970004693722331e+04
2.067923554963758306e+03
8.602056787278601405e+03
1.600678859016154775e+03
1.807822442486315140e+03
7.334365240954492947e+03
4.235886086108290328e+03
2.856615923414541976e+04
3.773676853054201274e+03
2.112606576283428876e+04
8.385232731592357595e+03
4.095832170922510613e+03
1.602947595217079652e+04
1.232152909238741267e+04
4.207008729878934901e+03
5.029922390811283549e+03
1.243724923785057581e+04
4.812612989162742451e+03
4.299059070574864563e+03
2.866519153876572091e+03
2.341402276244131644e+04
-1.387088173632038206e+02
3.924827634536882215e+03
3.161632182060695868e+02
2.095416777827559054e+04
3.401741273564456787e+04
3.552110441835653546e+03
1.454324155798330321e+04
3.046383953341610322e+03
1.954174749931836413e+04
2.770225730448863942e+03
9.062637769672795912e+03
5.628913880552567207e+03
5.511399948570666311e+03
1.787507300280918207e+04
3.522346613161420828e+04
3.507184736786107806e+03
1.066895043198965868e+04
-1.835194034705310173e+02
3.177884759710336220e+04
2.432870063301527262e+04
1.767201578768368108e+03
5.628791444657337706e+04
1.119879209706828260e+04
2.171130161316294834e+04
1.781410202244750690e+04
9.111123980131908411e+02
6.285321039059752366e+03
1.683404472215310761e+03
8.883204870379511704e+03
2.289643976085106715e+03
1.354118728661000205e+04
7.023269145233651216e+03
6.788658943715525311e+03
5.269252992636733325e+03
1.188833457868677215e+03
2.424032915718004369e+04
7.012136488036313494e+03
9.368606627852541351e+03
1.829153072854264610e+04
9.879398764594179738e+03
2.239345714960537953e+04
2.467650433016210445e+04
1.535889105708348507e+04
5.250273998885250876e+03
1.353614594816162935e+04
1.386371667445846833e+04
3.107837985306854534e+03
9.791060659154097721e+02
2.075609443915170777e+04
6.282786231209429388e+03
5.294917222999843943e+03
-1.843814555369351638e+01
2.241354007198908221e+03
7.010507126986082767e+03
1.544589526192113226e+04
1.829121823165345268e+04
3.793134749842418387e+03
5.497108247418519568e+03
1.118449552532069356e+04
2.605294634669235529e+04
1.761837746150616658e+04
8.119489813248201244e+03
1.142053588958408181e+04
5.041747876107822776e+03
2.492552650269654623e+04
6.430928248989243002e+03
2.564471588800606241e+03
5.040874952162349473e+03
1.984116031775332885e+04
1.031809601103254681e+04
7.626828836670551937e+03
1.090384599164777228e+03
2.242249248740580879e+04
1.306489470672730704e+03
2.002692388273317556e+04
4.245414858903540335e+03
1.087151320855091762e+04
1.391307682454148562e+04
1.089781127510257647e+04
1.333960239331755929e+03
1.263624588997754108e+04
2.787683816648368520e+03
7.239914489899867476e+03
5.046416528955788635e+03
1.552917879363286556e+04
6.976297574442313589e+02
1.315704962830004661e+04
4.624355064522199427e+03
1.311473151924482954e+04
7.220807885347963747e+03
6.617289245364084991e+02
1.780546975928161191e+04
1.925881190725941633e+04
2.290036083810305172e+03
4.189287475646198800e+03
9.858431548959953943e+03
1.074325390438958493e+04
4.801809122085252056e+03
8.998769064549313043e+03
3.365887054107325639e+03
6.454200067200941703e+03
4.523920004704095845e+03
-5.841257267727025919e+02
8.747689919295280561e+03
8.069131227433674212e+03
1.289204418307217929e+04
6.420590182303369147e+03
9.131023878921319920e+03
9.862494064091359178e+03
1.913810999569500200e+04
4.396381203332939549e+03
4.684910812815091049e+03
8.627822200881717436e+03
1.230699971352546891e+04
2.205832384510216343e+03
5.386851058667261896e+03
4.339790476189356923e+03
1.267905275485009770e+04
1.337962369130896877e+04
2.146636975747063843e+04
5.296102692493931499e+03
1.544193977209481818e+04
3.553673433258799832e+03
3.464512438737470075e+04
3.222784355893694737e+03
2.051402155372383731e+03
4.639232294776594244e+03
2.317100025966759858e+04
9.879373669475891802e+03
3.204657295207268362e+03
6.937705307916050515e+03
1.962589423705896479e+03
3.456941860902238113e+04
1.973969517868945331e+03
3.366846108361274219e+03
6.627704342570895278e+03
1.099639519253798062e+04
1.347644635058173299e+04
1.293005729672271627e+04
1.580537346950394931e+04
3.501803433230828432e+03
6.542503757607628359e+03
2.116947198622612996e+04
8.208572426065384207e+03
9.850918537888141145e+03
3.601358303012569650e+03
1.447408365590661106e+02
6.881799987656454505e+03
4.233612502474108624e+03
5.223927315743283543e+03
6.384866258803213896e+03
6.725217156422833796e+03
1.389808818304525448e+04
1.642825973381315271e+04
2.152335853296908681e+04
1.115723525436548880e+04
7.629459708677146409e+03
1.506858723368802202e+04
-6.759377238328659132e+02
1.817000548102291214e+04
2.419549927810712688e+03
1.482384060216673333e+03
1.856765569405790757e+03
8.449807809464018646e+03
5.234804870257584298e+03
7.951132820308566806e+03
2.532084727859401028e+04
7.418192427296215101e+03
2.070185640967724225e+02
1.937350029152616844e+04
6.066509358405358398e+03
2.232535050103256799e+04
9.268873269290179451e+03
3.729684690529946238e+03
2.202684371836719220e+04
4.610113264847631399e+03
3.319499556536070031e+03
4.389689203178872958e+03
5.778103360108982088e+03
9.908071663760276806e+02
3.584400071181089152e+04
1.371854276919030781e+04
3.218121178308887011e+03
6.381875201142883043e+02
2.960236223647903898e+04
5.699465014916768268e+03
5.988888942598646281e+03
9.089774176732062188e+03
3.260437807231665829e+03
8.579706840982136782e+03
2.911977154538216382e+03
3.429278111448622440e+03
3.643199742725294527e+03
1.839429719779431935e+03
4.198603008605052310e+03
1.111913297095107737e+04
7.093660399511241849e+03
3.517054447879977488e+03
1.139418557532580598e+04
1.802930492934160429e+04
1.299982203553496947e+04
1.290269775211994238e+04
-3.754632216856552986e+02
7.410162662858423573e+03
3.971689233390463414e+03
3.653547550514411705e+04
8.256907246780077912e+03
5.943759828660519815e+03
1.367540270444323687e+04
4.768579556583011254e+03
2.318868281814311558e+03
1.444960171121227540e+04
7.466305748919054167e+03
8.513863870974582824e+03
4.177152300285256388e+03
2.751959713641143389e+04
2.106387700527424749e+04
6.148003089253527378e+02
1.789965957522089593e+04
5.909257583765534946e+03
7.711651838200838938e+03
4.438439922571997158e+03
4.960596490850682130e+03
3.605736203551127346e+03
1.922009367397679171e+03
3.700460060072673514e+03
2.786320160535156447e+03
7.569243645546571315e+03
1.196579393889323183e+04
7.799732691059703939e+03
1.444284981790309575e+04
1.024127517310911389e+04
2.316495743352397403e+04
1.744675514475088130e+04
2.635385855974007427e+04
4.037309213366206677e+03
-7.884520517378331306e+02
1.006774180491321749e+04
3.442567588160894957e+04
4.594811752823528877e+03
6.553055353631639264e+03
5.859862351183468490e+03
4.359875167503719240e+02
8.898741780032905808e+03
3.881887486658458329e+03
7.353191404286314992e+02
5.854969985428982909e+03
2.718240599582566210e+04
3.397779509213748952e+03
1.080726459585095108e+04
1.383704610863383641e+04
4.329746676528750868e+03
1.423802367872132527e+04
6.478011959748160734e+03
1.131674217165154550e+04
2.111022995672314664e+03
4.054105851516710118e+03
1.766960489428403525e+04
9.427518137581073461e+03
3.626736165735328996e+03
1.609230955317748885e+04
5.949268681985403418e+03
5.954529482883675882e+03
4.593143983304722497e+03
3.980619434040996566e+04
2.948068248250610486e+04
4.333178525815838839e+03
6.738863869363706726e+03
7.804410672877103934e+03
1.308593499890059684e+04
7.606414519001490589e+03
8.931551804353995976e+03
1.106513876156767947e+04
3.506215129233328480e+04
4.584553270790966053e+03
4.362501830035136663e+03
1.281840730302960537e+03
3.091687387529359512e+03
5.527467141562247889e+03
1.152750971976900109e+04
1.671715445595231358e+04
7.813351184071209900e+03
2.510175533250273656e+04
2.411703703531406063e+04
-1.908982682927698988e+02
-3.339613400395792269e+02
3.900499623133656314e+03
1.112158782607196736e+04
2.088941004932789383e+03
1.960124062483572197e+04
9.343294362877284584e+03
1.300426369167657685e+04
7.073467374454143282e+03
1.594086176889549824e+04
3.271348555902751468e+04
2.828618362746212370e+03
3.861201697224428244e+03
1.555081160971055033e+04
7.374221364152752358e+03
9.531243753630169522e+03
2.900739086559487077e+03
6.986472806948238031e+03
1.197383464043185450e+04
1.660420250493630647e+03
9.225265557243916192e+03
1.412273127510276026e+04
1.708250185836264427e+04
6.718913996284956738e+03
4.439141898920835047e+03
7.848129486963176532e+03
1.070942246377991978e+04
7.748887242881695784e+03
1.169479671651268109e+04
5.308059445787157529e+02
3.304449191420518673e+03
8.900894907025867724e+03
5.389444401456350533e+03
6.186779362742187004e+03
2.533183018748422455e+03
1.582979764937704385e+04
5.106072568521879475e+03
2.809014352822517139e+03
2.193780582405189489e+04
1.436571950533196969e+03
6.146729527985728055e+03
8.465212257450270045e+03
2.734290203621748788e+03
1.883612484120139925e+04
1.581009697091145790e+04
1.247118952274010780e+03
7.441787254680008118e+03
1.711370906455130171e+04
1.255957945771674349e+04
5.915727820411913854e+03
7.124493899946597594e+03
1.289084129237134039e+04
5.859520988723495975e+03
2.034517476996495679e+04
5.913184636271382260e+03
-8.455699229280692180e+02
7.388749659218789020e+03
1.130001547707429927e+04
2.620924695239608991e+04
5.438560833131905383e+03
4.734774307554662300e+02
3.574580609351480234e+03
4.626758771061687185e+03
6.310699876082147966e+03
1.825808932197329341e+04
6.678213972576564629e+03
3.815602143217749835e+04
2.357718259406618381e+04
4.169671830855882945e+03
1.645352804446058872e+04
1.245665314753858729e+04
-7.903391548996148686e+01
1.315582729306247347e+04
9.441283986559419645e+03
3.445397238437611577e+03
1.975596236308839434e+04
1.514872822409653600e+04
1.394929173559898345e+03
-4.056923860496117413e+02
4.115767675863735349e+03
6.529913782892906966e+03
1.495769795527778479e+04
2.060105445036770834e+04
2.026733126918281414e+04
1.920099172610999176e+03
1.592087600140249378e+04
3.424858442059139634e+03
-1.240569489701172643e+03
7.225778226147693204e+03
7.585457242506992770e+03
1.267470375530959609e+04
1.060021057332309965e+03
7.223246144935023040e+03
1.780181010783059037e+01
7.319492965157660365e+03
6.738986190754676500e+02
3.987861275015086449e+03
1.081091224462537866e+04
9.220133488231409501e+03
1.355540698114426050e+04
2.887032090137783962e+04
2.493074877438456315e+04
2.317576401930832799e+04
1.484233994128347877e+04
1.007965741453280680e+04
-3.133210443907498188e+02
8.497323039626475293e+03
2.000582235431156505e+03
4.573759203775400238e+03
9.296869401486846982e+03
2.672763117145083015e+03
9.331999737466041552e+03
9.223543623905607092e+03
7.602936724359758955e+03
3.600263935550939641e+04
1.639442167565346608e+04
2.399794949520639420e+04
2.008412779257913371e+03
6.755973165808082740e+03
1.584047846754548300e+04
1.040436671543133343e+04
3.662579646849726032e+03
6.259383871319759237e+03
2.010477787164300753e+04
3.627424494475453230e+03
3.383382877470128733e+03
6.210583242211030665e+03
7.410229590665817341e+03
1.734350496864451998e+04
2.198465013276065656e+04
7.896827029283335833e+03
2.853596716326209571e+04
1.089003488654386092e+04
8.879195444055634653e+03
3.167488138696854548e+03
7.281550702054531939e+03
1.211840757538439721e+04
1.400949008602638423e+04
1.538387708479282810e+04
2.501693285538054170e+03
6.477599796450658687e+03
7.575816044601856447e+02
1.537194599614476374e+03
2.687539689239850850e+04
6.556009553254843013e+03
5.377663769369401052e+03
8.745058374957230626e+03
1.374825216780355549e+04
1.603797163756058126e+03
3.460242129342412682e+03
1.733354071678376567e+04
8.797998503666072793e+03
2.084994830898423970e+03
1.306073293650748747e+04
2.416689197829002751e+03
2.227721561901779205e+04
8.710320673338981578e+03
1.099482826409811423e+04
9.063869004006097384e+03
2.762657261762215057e+03
9.472768743139018625e+03
2.362278296894720825e+03
6.810535129276479893e+03
1.338671558841653314e+04
-1.133087582540530320e+02
1.633054960412721084e+04
1.238323327651968430e+04
8.561736503265636202e+03
5.702458397933416563e+03
1.493294066489209399e+04
1.513364302013684573e+04
9.188493026776068291e+03
1.091629642577907907e+04
1.290508140185982484e+04
5.308026520278267526e+03
2.121327249975627637e+04
1.283804529015944718e+04
4.647846654128367845e+03
3.193302914368059282e+04
5.962039118823802710e+03
1.555514205449010842e+04
9.934444493346371019e+03
1.115450790998872071e+04
2.154208009508834584e+04
1.445286356387936030e+04
1.890239088375661959e+04
5.690133525381353138e+03
2.176542249850839289e+04
1.356212688577408881e+04
8.386528553559224747e+03
9.312419239615643164e+03
1.055232909951709735e+04
2.216861055410981498e+04
1.278391601772875765e+04
2.484213786617771802e+03
5.988782778716379198e+02
9.422860682524102231e+03
-5.929401542755103947e+02
1.798273368700641367e+04
1.713826398677140605e+04
2.340595187658431678e+04
3.453265973922676494e+03
1.006151533892036423e+04
2.794627542176826682e+04
1.474922327384561868e+04
1.041097900446599124e+04
4.675072042662807689e+03
6.732134670386994912e+03
1.180293050553014609e+03
8.837882731276787354e+02
1.383269023768352554e+03
2.039234367587288943e+04
8.230252851702309272e+03
1.642584260095230638e+04
2.323325185691788283e+04
4.326109250669287576e+03
2.004138759345851577e+04
2.207032010148978952e+04
1.428756247555307345e+04
1.030212839025526046e+04
1.314760128969912330e+04
6.718356923460863072e+03
1.418322607465038709e+04
6.206057326522669428e+03
-3.711911879187455838e+02
4.904814291833645257e+03
1.065815606092409871e+04
7.429716484486395530e+03
7.479117367638591531e+03
1.570962245618298766e+03
1.200923596319513308e+04
3.225683625507818942e+04
5.204872885533228327e+03
9.652301087486492179e+03
1.223784637309481332e+04
1.238885433453847691e+04
8.155789377825711199e+03
1.519297741272644453e+04
6.493217619651962195e+03
3.938871042480796859e+03
1.532687456643723090e+04
1.590975950423713948e+04
2.453675738978499430e+04
3.027088251795934411e+03
3.919129351338338438e+03
-5.561173890131251483e+02
7.077971537983718008e+03
1.285358471542738880e+04
6.103257869425560784e+03
4.370602922892213246e+04
-8.420321942477416144e+01
9.280552272466733484e+03
8.173266639856543634e+02
3.378395372995492653e+04
1.074340319076559172e+04
1.073015457387834431e+04
1.513641518469863877e+04
2.183070867883143364e+04
1.612717185852291368e+04
6.125890045756998461e+02
3.528748458469143225e+04
5.669844331398160193e+02
7.813342031717749705e+03
8.107461388220428489e+03
-1.071211406149005597e+03
1.989907460429580169e+04
3.516729181864372549e+03
3.015092068793457292e+04
7.102735980070273399e+03
7.709027492493878526e+03
1.202092212928253957e+03
8.535638509770737073e+03
2.005787941603750005e+04
8.592821422152543164e+03
1.136968898001781236e+04
2.483467131185267135e+04
3.012157734309255829e+03
4.075107651292398714e+03
6.321878674937794131e+03
6.015736066272280368e+03
1.219556027962813914e+03
3.770171905394171858e+02
8.928551461678765918e+03
4.470767167046852592e+03
8.535730586804964332e+03
3.412285519007807306e+04
6.775803384660705888e+03
7.450917024554083582e+03
1.344851758231717213e+04
8.181488350508823714e+03
1.173569459524561898e+04
2.259213488385599339e+04
5.102647972035951170e+03
7.729457552157498867e+03
6.237128721475227394e+03
3.953316742774180602e+04
2.618028965620111194e+03
5.562169916782981090e+03
9.839268774539754304e+03
2.176192633320249297e+04
2.412761392122201414e+03
7.053225857514640666e+03
9.492568828830786515e+03
2.871566665908069263e+04
8.047230445522178343e+03
1.750145844812787618e+04
5.931423010933124715e+03
7.758655661775552289e+03
2.442754577572339258e+03
8.567595162701054505e+03
1.438017710458955480e+04
1.060264849886593402e+04
2.353006488060646370e+04
2.866643368798051597e+03
2.367692287179204868e+04
2.430957152649757336e+04
7.965859538310132848e+03
3.249333364634013196e+04
9.523667394345909997e+03
6.282471817274511523e+03
3.814785272147902106e+03
5.351022994815389211e+03
4.783088036304143316e+03
8.790700059936454636e+03
3.219845909368437060e+04
3.254023176228991724e+04
1.705728276229963012e+04
1.196147024633180627e+04
-1.184104806500175982e+03
5.702670062030796544e+03
5.683178398869454213e+03
4.250600872212602553e+03
5.184082565933669684e+03
1.053466843349675401e+04
1.430258252108169290e+04
2.754997850120539078e+04
1.785151625722662629e+03
1.623602821691216195e+04
5.686659839400635974e+03
8.809496412326208883e+03
1.614067655041294074e+03
1.005901527166589403e+04
2.059097353503460545e+04
2.137117828766835737e+04
6.139130125312276505e+03
2.587622375446457590e+04
4.620664073868851119e+03
8.770988696098851506e+03
1.347026264738714235e+04
1.614991817973494835e+04
4.000411307153866801e+03
3.457405856857916660e+03
1.490709143353442778e+04
1.905772783829699392e+03
3.065329678290996526e+03
3.131612327823832311e+04
2.555055742227303199e+04
4.358216571230711907e+02
2.108107348356730199e+03
-1.157943299615915294e+02
1.184817397802082451e+04
8.508733451800070497e+02
1.636894444143839792e+04
1.271597267932839532e+04
6.787593774977374778e+03
2.182956755154087296e+04
7.348317312452702936e+03
2.414442171756449534e+04
3.160354581493366641e+04
4.226736184081309148e+03
1.874616731284152047e+04
-8.546377891850878541e+02
1.056506054724818750e+04
-6.011954176153227536e+02
6.215787103913035025e+03
7.409474286193952139e+03
1.960018990225851212e+03
3.174487561594803992e+03
3.043233698344335062e+04
1.238226465454916251e+04
5.250964517719727155e+03
5.634196465558228738e+03
2.127867209830972570e+04
1.017401828196551833e+04
7.456936403404092744e+02
8.765957766810042813e+03
5.090825231523659750e+04
2.452922238151115380e+03
3.834779496088975520e+03
1.613575849837080341e+03
1.051849088715427388e+04
1.268243535468513073e+04
1.500738287813863644e+04
7.612449614730809117e+03
1.020216978878701048e+04
7.941899307424652761e+03
3.652791907591948529e+03
-1.178913971442424327e+02
2.926349722712430321e+03
3.299400233454057889e+04
1.082401464214435691e+04
7.978449673657596577e+03
2.803695212979787902e+04
3.344331463774161421e+03
3.465585844566364540e+04
2.406339028693981891e+04
1.234439413034764220e+04
1.273586605649679041e+04
3.767069499759262544e+04
1.115101017668980785e+04
1.402696277131680972e+03
1.847585464058176149e+04
5.273788633739941361e+03
1.360572986909401698e+04
5.971446296532220003e+03
3.285311858169221523e+03
5.976527278678755465e+03
2.151198208108447943e+04
7.965244938439134785e+03
2.693100101218822147e+02
9.800236624941147966e+03
3.278595921230101339e+03
3.379616936698403151e+03
1.485677676938628974e+04
6.541158206682062882e+03
1.001384519538146924e+04
7.356431380638678093e+03
2.288684993529628628e+04
4.500071031207351916e+04
1.570525474052011850e+04
2.638713755244184995e+03
4.191513946209306596e+03
2.343174153521220069e+04
3.013271146770549240e+04
-2.599287954282537498e+02
1.075627507445722949e+04
2.050037084794114708e+04
3.571539566571797877e+03
1.559161686747935528e+04
2.286005492839091676e+04
3.081750469182921370e+04
2.462673448225032917e+04
2.052694563763018607e+02
8.296014151903551465e+03
2.133965510831477786e+03
-2.770918900439423396e+03
6.396910259404266981e+03
7.116236717308840525e+03
7.163461549928479144e+03
8.046093221027826985e+03
3.386050472054376769e+03
1.931350563681244967e+04
2.029619784907410940e+04
1.740711112840323767e+04
6.800078921250952590e+03
8.577969878759431595e+02
4.130381699601099399e+01
9.794062070886053334e+03
1.537884222139565099e+04
2.095667076067691960e+04
8.432040273983426232e+03
6.478004959680117281e+03
1.496091981290999684e+04
9.779447733525381409e+03
4.867879299538278246e+03
3.373390561023973078e+01
1.015212061695723605e+04
2.133282141126456554e+04
9.437709795915943687e+03
2.014086022735052211e+03
3.951662080890228390e+04
2.934075723244793153e+03
1.315270944969132870e+04
4.015753977965435297e+03
1.515211647723137139e+04
5.878742284071941867e+03
6.159332227938843971e+03
3.735280258714860247e+04
1.288403690187514803e+04
1.326375683534181007e+04
1.227627095305201328e+04
1.551148722646163333e+04
1.191426420096700713e+04
4.832031501867552834e+03
6.550639433793656281e+03
1.060541032081737103e+04
5.803489400957158978e+03
3.016032014747567882e+04
9.353241983747109771e+03
8.937398302833194975e+03
3.275755521025126654e+03
9.578383037532441449e+03
6.180850781050412479e+02
8.714618639481552236e+03
2.153022632808752314e+04
8.193231962271245720e+03
4.882046528384413250e+04
5.776519227697570386e+03
6.684583321193196753e+03
1.467974599432611831e+04
2.170639110952682586e+03
4.332626551352287606e+03
9.112530947935558288e+03
1.018842433911489024e+04
2.799874380217666840e+04
1.024871658864408710e+04
1.051515477521040884e+04
4.453662307020621483e+03
3.643366054975850420e+04
5.028058204253742588e+03
-3.896372437525377563e+02
1.496732729152735828e+03
1.227698434061578519e+04
1.249153887078621483e+04
1.511687934456016046e+04
5.514503510744729283e+03
7.925979446011220716e+03
1.119982342042751043e+04
2.633720602864857028e+03
1.691779667244592929e+04
1.243282386609414789e+04
1.304467352702459357e+04
7.953881361004185237e+03
2.107223217825283427e+04
2.104835707738058409e+04
1.365679691303344225e+04
4.917658427130944801e+03
2.304782225291549184e+04
9.549482010954356156e+03
1.319995859286905943e+04
1.378615795323743441e+03
1.660483370746322544e+04
1.039029627343759967e+04
2.402663616128930698e+03
3.378893355410158620e+03
3.518791555457482173e+04
8.303413098346909464e+03
1.453566782965992024e+04
5.035653307231157669e+03
1.920442098005834487e+04
3.710829344251435396e+04
2.509950190392749391e+03
8.908337123844175949e+03
3.059970777879431807e+03
1.791898256959398714e+04
1.746851687526925889e+04
1.020131724130521616e+04
4.432124720004699157e+03
5.265146775928999887e+03
5.117323202076660891e+03
1.752304573289686596e+04
3.578677536226702614e+03
1.242102584174722142e+04
2.798957135147913141e+04
2.717232501213614523e+04
2.382361274766243241e+03
1.938581885932965633e+03
7.684511113635918491e+02
6.601128932907373382e+03
1.662288430523842544e+04
5.059783405370943910e+03
1.518468015706390906e+04
1.690460343792889944e+03
1.048631549556873142e+04
9.667212683254983858e+03
1.737261037670628139e+04
7.649922309390389273e+03
2.234091814231276294e+04
7.897954129495252346e+03
1.227802893388575467e+04
2.298983738924841600e+04
4.737058071488479982e+03
3.589453618277605528e+03
3.721599369168503472e+03
1.112446238701275888e+03
1.552025663043612985e+04
5.954057679096082211e+03
7.572625721554698430e+03
1.128044219071235784e+04
2.199595144842476202e+03
3.107051172589736962e+04
3.875249846462222195e+04
5.804302345768266605e+03
6.077154601294206259e+03
-1.283205258412210696e+03
9.363278684198281553e+03
4.664611063572442617e+03
4.345773665062029067e+01
2.973341017647253466e+03
1.518311912794851014e+04
-4.024657836664758861e+02
6.552068617462388829e+03
2.580543034883358268e+04
1.590165656812525640e+03
2.248817704982008945e+04
1.845343918055346876e+04
1.506098737237215937e+04
1.526809928973626847e+04
7.497917643673000384e+03
4.445322948467576680e+03
4.364867222110306102e+03
2.069800015615413486e+03
6.679644457406328002e+03
1.404953854600865270e+04
3.533714563616894884e+04
1.529826854752039253e+04
1.313090587435803536e+04
3.132934778329552955e+03
9.032236889879141017e+03
1.072427640660912766e+04
8.202156075023240192e+03
3.505332256069328196e+03
6.069022273818579379e+03
2.442122855364348652e+04
2.141854436859019188e+04
2.014568405926131163e+04
-7.963285798151620156e+02
2.139940362731897039e+04
4.397184912862399869e+03
9.217964773328652655e+02
6.811379071200167346e+03
3.038761451421969014e+03
-8.765023129113268396e+02
1.235810036869295982e+04
3.694110873288826406e+04
4.006609755715684150e+04
2.592431826153354905e+03
1.490595230078813256e+04
-2.856547425261557578e+02
2.990409199202510536e+03
1.012223528684807388e+04
1.790262875885025642e+04
5.455005978298935588e+03
6.194258107366171316e+03
8.697639802557641815e+03
2.201246420220088112e+03
2.155757678501676310e+03
1.414415311646088230e+04
2.384666654349363307e+04
3.326545932630338484e+03
3.119384274850192924e+03
9.885426211669309851e+03
1.987033300695003709e+04
9.886923086242237332e+03
9.509926980275382448e+03
4.617735341440853517e+03
1.246201372941552836e+04
9.211185782661847043e+03
1.429851334283235883e+04
2.804733172681277438e+02
1.913167321931530751e+04
-4.540486879702834813e+02
-2.712421983518152047e+02
9.965827805900562453e+03
4.304473825644839962e+04
2.946308736818722537e+03
4.718836183624438854e+04
3.416636878486089699e+03
2.234047037976323190e+04
2.777243903735015192e+04
-1.722539531571131647e+03
3.746818352908986526e+03
1.402535345800901450e+04
2.474901203629770316e+04
4.368914746539121552e+03
9.656777406796538799e+02
9.153905243014763983e+03
2.239466744703118820e+04
6.027415391221044047e+03
7.546207131222093267e+03
1.137506304832799287e+03
2.508226743012396764e+04
8.514016744035945521e+03
3.149567263535921484e+03
5.061596216476014888e+03
1.585878126379938840e+04
1.243979736482224507e+04
2.949413704780790340e+03
9.554741688125390283e+03
1.354631661629767768e+04
4.906726040060594642e+03
2.488644979580827112e+03
8.110650466784711170e+03
1.515754876552133828e+04
2.030694549453821764e+03
2.462234529104320973e+04
2.301984755049621526e+03
8.712188659725434263e+03
4.468246827027403924e+03
-1.516173053044109565e+03
1.419004153163886031e+02
3.511556489953218261e+03
2.569240904278369271e+04
7.837864943110143940e+03
4.573708025406561319e+03
1.823132028854896635e+04
1.049827372467349414e+04
-5.159443999398914684e+02
7.655813286944876381e+03
1.589800888053468407e+04
1.692905398486807826e+04
1.215743607968228389e+04
1.939803976109458017e+04
1.781936717247161869e+04
2.436782238190763792e+02
4.758390747185612781e+03
3.599775291283768638e+03
8.093644625683082268e+02
1.980523882674564811e+04
1.297166939422249925e+04
8.172506432823460273e+03
1.566823473068615021e+04
6.841630015058096433e+03
9.135145257581061742e+03
9.257286818288757786e+03
9.225897517617013364e+03
3.172629686659480649e+04
7.691724917805493533e+03
1.756795861535165386e+04
6.225715839797147055e+03
1.814387535375106017e+04
2.869185131975517834e+03
2.423212541826828965e+04
1.685790849261905350e+03
1.051835351595889369e+04
7.263021913258943641e+03
8.983178817363115741e+03
-5.928815962413635816e+02
2.586548552361586917e+04
8.839826036949189074e+03
3.945476698055321776e+03
1.458489097641667468e+04
7.581029537674759922e+03
1.200593360320627835e+04
3.649744741138529662e+03
6.529969274412638697e+03
5.092221536620171719e+03
2.854162564407346281e+02
1.439423087046074397e+04
5.304082679818500765e+03
1.155404213227686705e+04
2.754871804838359822e+03
2.326193275747901862e+04
5.565778943919905032e+03
1.201119272826106499e+04
2.065747654980052175e+04
2.232454492323163777e+03
7.521995417928355891e+03
9.449034520089382568e+03
3.171234237494803892e+03
4.297817742672667919e+03
7.593928084529178705e+03
3.456972605356443091e+04
6.366733697997187846e+03
2.859401092474164034e+04
1.560866138174610751e+04
7.564009478362955633e+03
5.809975550490353271e+02
3.004632931689648103e+03
2.473536991378029779e+04
4.962708811631799108e+03
3.439080132871653041e+04
1.802121075958486472e+04
4.924567973117020756e+02
2.260913023470030566e+03
3.962352012311241560e+04
1.560589522103905438e+03
2.426841964866734270e+04
3.281065384796974104e+04
1.622650706677067865e+04
3.132908298524012025e+02
1.359303521068487862e+04
-7.284090503909656036e+02
1.193169533818572745e+04
6.600335500756450529e+03
5.618678361399117421e+03
6.893303108989745851e+03
7.509056693654854826e+03
1.967028580835222965e+04
6.248334530011748029e+02
1.235787140030029695e+04
1.048239475050154761e+04
5.450121706859795268e+03
2.316027146547020493e+03
5.872613160455572142e+03
1.482858007962712145e+04
1.457983973717150002e+04
-1.850945202853756655e+02
8.534005173856292004e+02
1.648735618772148882e+04
1.236790084701711021e+04
3.353103093057194201e+03
1.585613295961136828e+04
1.332649409218238588e+03
7.545842005109693673e+03
2.061077349949692871e+04
7.075380804973730847e+03
2.163204940119063394e+03
5.031904873505527576e+03
1.160656640880793384e+04
9.705590499372208797e+03
5.050460194969624354e+03
-3.096536457165152001e+02
1.200376627091182490e+04
1.577997698059713912e+03
1.126964903244888592e+04
1.189608977484004026e+04
1.499143626225700609e+04
5.248270124498045334e+03
-2.278420609635829351e+03
2.757936242560933897e+04
6.993013982828323606e+03
5.545318949370459450e+03
7.075647659294353616e+03
2.915552474349668046e+03
1.047392178968541702e+04
1.326409068394825954e+04
7.053594380231950709e+03
4.438804372189514652e+03
2.618696671318864901e+03
4.953692644229220605e+03
9.848240711412112432e+03
2.730981043168111501e+04
1.347777002763444762e+04
2.480001625548656739e+04
2.420967204253980526e+03
1.067217604873636992e+04
8.116208529758952864e+03
1.377941132274970732e+04
5.054101919104913577e+03
8.737423031116133643e+03
1.268459285537330470e+04
5.654826985340641841e+03
6.125110610069795030e+02
1.194914126436092374e+04
1.779201911080279024e+04
5.018650314684405203e+03
9.473607069707722985e+03
1.253688664178639010e+04
1.358181323540223639e+04
9.259011541204529294e+02
9.731927632763186921e+03
1.231317972115938937e+04
7.342183894302791032e+02
1.975009251368268679e+03
2.517181836250581910e+03
1.451677684790745843e+04
3.829513990813329656e+03
3.875928398616688355e+03
2.761990439571330717e+04
3.611123887100759930e+03
1.681937974036213200e+04
2.268982608919692939e+04
-3.478047490189346149e+02
1.885134704679583228e+04
7.756467167456424249e+03
9.598613604301097439e+03
1.403605956697529291e+04
4.978898317480874539e+03
3.646675094673409149e+03
8.259094473763992937e+03
1.697275536171330896e+04
4.967305671636439683e+02
1.100966209017372421e+04
1.228520627480964322e+04
1.020937876510326350e+04
1.297289898726003776e+04
4.384177308388777419e+03
1.076041605756889112e+04
1.057530143918320937e+04
3.155456303241009664e+04
1.151612541684701864e+04
5.358862863209440093e+02
1.660894993300924034e+04
2.092297783180862098e+03
3.076231389351515099e+04
1.728524323315871015e+03
8.337776637426246452e+03
5.174896005231861636e+03
7.183612590412278223e+03
5.135956223192927609e+03
2.251547214100158817e+04
2.813152073856554125e+03
2.977172731826581730e+04
7.847160815408105918e+03
3.520946687735939122e+03
4.574748475841900472e+03
2.108935844168609765e+04
7.339546733213049265e+03
6.149540048966244285e+03
3.010132670266999412e+04
9.709992682501193485e+03
6.351108777184273094e+03
6.909033946319837014e+02
9.159180947424958504e+03
1.045342278336202799e+04
3.154677766168677044e+04
9.912770109227863941e+03
2.775740662033687477e+04
8.466521375079284553e+03
5.337174067086383729e+03
-6.339553930702447815e+01
7.362634779538402654e+03
1.688455488434162135e+03
2.001929743070570839e+04
7.942155772267036809e+03
8.297498669661168606e+03
1.447449041668921564e+04
7.146869741294947744e+03
2.416164411779343936e+03
3.794484193748648067e+03
1.235664503229879119e+04
2.946572311452597205e+04
3.223338943671216839e+03
2.005216773951804498e+04
2.331147793839274163e+04
1.382602681505517285e+04
2.931507933863985454e+04
1.305894228933313934e+04
2.490235531685910973e+04
7.597017052711144970e+03
1.988971272127823113e+03
3.990571876660289854e+04
1.690472676655772739e+04
1.194059676710982330e+03
2.636112143217822904e+03
8.921256841004402304e+03
1.425435862216444002e+04
1.858454515756727051e+04
1.409399824060048559e+04
4.869023441945711056e+03
-1.386357329678093492e+03
7.313441309674846707e+03
2.010402134136238965e+04
1.632356973443354491e+02
7.476151970344227266e+03
1.423254806269098481e+04
2.535658650076910817e+03
1.225964969943370306e+03
9.014233750396009782e+03
1.274071957958198072e+04
1.799309567792914822e+04
6.489362485902420303e+03
7.592278143456013822e+03
8.144827750415525770e+03
1.362326074497985610e+04
2.014851083712798572e+04
4.282058978418858896e+04
1.402734255579233286e+04
9.523958289979700567e+03
6.988963063046378920e+03
5.612461286691727764e+02
1.645658550428130184e+04
2.373234228788696782e+03
2.041545111153492326e+04
2.548240063324197399e+04
1.093228865050119566e+04
-1.300021368146587065e+03
7.534694288355315621e+03
1.438941886331068235e+04
6.366308411839117980e+03
7.398530386731395993e+03
2.065554170913137932e+04
4.175408675885782941e+03
3.733296438468855740e+03
3.911819092461120363e+03
9.026632303517517357e+03
1.063335204824864741e+04
3.918428050809065462e+04
5.292245615904298029e+04
1.926986922477331609e+04
2.823171375798478039e+03
5.615097314050367459e+03
2.001023537380451899e+03
1.744161368695352849e+03
1.027037811397600126e+04
6.869255607912165033e+03
4.201657891954865249e+02
2.032600966864402290e+04
1.400885347515883223e+04
4.081374303402387795e+03
5.616472637837623552e+03
1.305174770919478397e+04
5.114601623389630731e+03
7.680484398018814318e+03
1.712465234632722786e+04
1.685067525057443709e+04
7.574289557536702887e+03
3.700744401592109625e+03
4.597788147364056385e+03
1.717168105823692258e+03
4.387703381251932296e+04
3.000746471078775812e+02
1.065315591824160947e+04
7.182627347427165660e+03
1.870482325099834270e+04
9.190567925175328128e+03
5.666687466822560964e+03
2.158566813488859771e+04
1.088599633386832011e+03
8.150867692298519614e+03
1.935163887935966704e+04
1.756483608255190484e+04
3.165178361977750319e+04
5.963570433749414406e+03
3.382731793992959410e+03
9.739863503638925977e+03
4.171536066732510335e+03
2.224701192553382498e+04
1.180264400237291557e+04
1.735160919921968889e+04
1.921818501883399585e+04
1.134198184890359335e+04
2.061942912484838962e+04
5.024457682054409815e+03
6.939354387749275702e+03
7.075496764245776831e+03
5.168966652093015455e+02
1.767909472353124875e+04
3.114601938548505132e+03
2.281942185797539423e+04
9.916701100417300040e+03
9.065178864235505898e+03
3.667452982867476294e+03
1.102371762198261422e+04
5.411747458152040053e+03
5.329944642926453525e+03
5.736626163467619335e+03
1.171847603036570860e+02
2.847022972049874079e+04
2.460987038108276465e+03
3.605062348655814731e+03
8.277227475091651286e+03
1.425765482077805427e+04
9.992104076111785616e+03
8.531606585651416026e+03
4.636434455107995745e+03
3.715010997629750818e+03
2.440208928611613828e+03
3.087033111640396601e+04
3.325060342057382059e+03
7.655362825671636529e+02
1.026293078633347614e+04
2.693795174612026130e+03
3.467333871792284481e+04
2.595770008619321743e+03
1.552105945729470477e+04
1.179291374132041346e+04
8.401518262384821355e+03
1.452633319811097681e+04
2.334749694258829913e+04
6.269128555684395906e+03
6.577951648234689856e+03
8.533320805248895340e+03
2.555876486950350954e+04
6.771931578749659820e+03
-5.129531166788910923e+02
5.830084676434116773e+03
6.154944945755914887e+03
-2.216896929907193226e+02
2.829561411897053404e+03
4.111019124247875880e+03
6.791656609178536200e+03
9.169386735945559849e+03
6.429742142999937641e+03
3.853817249473098855e+03
1.844349004149755638e+04
8.537369373662211729e+03
3.095690314290479364e+03
2.752687525357143750e+04
1.053512262629500401e+04
-5.668728336207320808e+02
3.206947204192506433e+03
3.413083329371748550e+04
9.470856363978009540e+03
1.089369767872853299e+04
3.071535415072738488e+03
1.759692459328054974e+04
1.834972919385933892e+03
5.329315679592442393e+03
1.426468607533193426e+04
2.317670676773352625e+02
2.018478926034801771e+04
2.667342044040523979e+04
1.757083732020294701e+04
2.876457107287187682e+04
2.153651897929294137e+03
4.761380395118854358e+04
1.059765116845458579e+04
9.421334301818498716e+03
6.106858637019355228e+03
4.142201746537355575e+03
1.448677658313651955e+04
1.977742914167829804e+04
4.880675129442763136e+03
1.966326638516243111e+04
4.242458496033862502e+03
4.557573815209465465e+03
9.748703060130746962e+03
4.843156850860274972e+03
3.712624212149713003e+03
4.064660767015830061e+03
4.541948572252538725e+03
1.097912089918096353e+04
1.234468260991690840e+04
2.652152093798662827e+04
2.142952684124761799e+04
7.312884849407905676e+03
1.266950424475657564e+04
1.035370980315721863e+04
1.357997341785466233e+03
8.506202845794969107e+03
1.382692223269743408e+03
