5.214958912349662860e+05
5.185951007137660636e+05
6.061308566974706482e+05
4.747282626335718669e+05
4.580663423052355065e+05
4.447427256384211360e+05
4.816291524419747293e+05
5.500572420848178444e+05
4.261017649274017895e+05
5.029515556318734889e+05
5.109454516990754055e+05
5.775313884971200023e+05
5.946944395119661931e+05
5.420914695453532040e+05
5.725177434604720911e+05
6.201223338912846521e+05
5.669534936011712998e+05
5.856102109269300709e+05
5.790692414018668933e+05
5.273746749363088747e+05
5.887684471134458436e+05
4.764819574338799575e+05
5.604816052199197002e+05
4.685286152509059175e+05
4.717228824817546993e+05
5.628372044161532540e+05
6.106766622454732424e+05
5.942327273858945118e+05
4.579136386302405735e+05
5.676623926014241297e+05
