1.519657714843750000e+03
4.010393310546875000e+03
4.654943359375000000e+03
5.291434570312500000e+03
7.407399902343750000e+03
8.183849609375000000e+03
7.812595703125000000e+03
8.323593750000000000e+03
1.089116210937500000e+04
1.190517578125000000e+04
1.035842382812500000e+04
1.228951074218750000e+04
1.297306445312500000e+04
1.109650195312500000e+04
1.641924414062500000e+04
1.432041601562500000e+04
1.407241601562500000e+04
1.299400195312500000e+04
1.324302636718750000e+04
1.418204687500000000e+04
1.362940820312500000e+04
1.304295507812500000e+04
1.362694824218750000e+04
1.179728222656250000e+04
1.552585937500000000e+04
1.275731347656250000e+04
1.609202539062500000e+04
1.551348632812500000e+04
1.385950976562500000e+04
1.609472070312500000e+04
1.300104296875000000e+04
1.692839453125000000e+04
1.549456250000000000e+04
1.524070605468750000e+04
1.374359179687500000e+04
1.492667480468750000e+04
1.447627734375000000e+04
1.365866699218750000e+04
1.656011718750000000e+04
1.575483105468750000e+04
1.339973437500000000e+04
1.839329687500000000e+04
1.346050585937500000e+04
1.737862695312500000e+04
1.437093359375000000e+04
1.595279101562500000e+04
1.299713476562500000e+04
1.550752343750000000e+04
1.481008984375000000e+04
1.288731347656250000e+04
1.278368945312500000e+04
1.389203222656250000e+04
1.844171289062500000e+04
1.730696679687500000e+04
1.724229101562500000e+04
1.384534082031250000e+04
1.606174609375000000e+04
1.721572265625000000e+04
1.647841796875000000e+04
1.307411816406250000e+04
1.595584375000000000e+04
1.538112695312500000e+04
1.368741015625000000e+04
1.433755273437500000e+04
1.446328906250000000e+04
1.531708886718750000e+04
1.951148632812500000e+04
2.001768164062500000e+04
1.227399121093750000e+04
1.828192578125000000e+04
1.366463378906250000e+04
1.474288085937500000e+04
1.376752929687500000e+04
1.541124121093750000e+04
1.339165234375000000e+04
1.596772460937500000e+04
1.271340429687500000e+04
1.890312695312500000e+04
1.574478222656250000e+04
1.718847265625000000e+04
1.975861718750000000e+04
1.804274804687500000e+04
1.740683398437500000e+04
1.777065625000000000e+04
1.349309667968750000e+04
1.470335644531250000e+04
1.683933398437500000e+04
1.809787109375000000e+04
1.475666406250000000e+04
1.471827929687500000e+04
1.491235156250000000e+04
1.189131542968750000e+04
1.707282617187500000e+04
1.348731445312500000e+04
1.554821093750000000e+04
1.277859179687500000e+04
1.593726562500000000e+04
2.202531640625000000e+04
1.712154296875000000e+04
1.387941113281250000e+04
1.432649218750000000e+04
1.482280761718750000e+04
1.664447265625000000e+04
1.490597070312500000e+04
1.639859179687500000e+04
1.661166406250000000e+04
1.364035937500000000e+04
1.693910351562500000e+04
1.435773437500000000e+04
1.454499414062500000e+04
1.551466992187500000e+04
1.731834179687500000e+04
1.867029882812500000e+04
1.771402929687500000e+04
1.459118750000000000e+04
1.192843554687500000e+04
1.440461816406250000e+04
1.480469042968750000e+04
1.635750000000000000e+04
1.661689062500000000e+04
1.430505664062500000e+04
1.614471191406250000e+04
1.497112792968750000e+04
1.420251074218750000e+04
1.804825585937500000e+04
1.627172558593750000e+04
1.929804296875000000e+04
1.424799023437500000e+04
1.467663378906250000e+04
1.494305078125000000e+04
1.439573632812500000e+04
1.520723339843750000e+04
1.396975488281250000e+04
1.142022558593750000e+04
1.616466699218750000e+04
9.819109375000000000e+03
1.415453906250000000e+04
1.846103320312500000e+04
1.452735644531250000e+04
1.491408105468750000e+04
1.585794042968750000e+04
1.587655761718750000e+04
1.535073925781250000e+04
1.307857910156250000e+04
1.694785156250000000e+04
1.459767285156250000e+04
1.684730859375000000e+04
1.493424414062500000e+04
1.564811718750000000e+04
1.593825488281250000e+04
2.035475585937500000e+04
1.183160937500000000e+04
1.994158203125000000e+04
1.663394335937500000e+04
1.532174218750000000e+04
1.413226074218750000e+04
1.713683398437500000e+04
1.667007226562500000e+04
1.436582714843750000e+04
1.361064257812500000e+04
1.799933789062500000e+04
1.387054687500000000e+04
1.796674804687500000e+04
1.615747070312500000e+04
1.650927734375000000e+04
1.403970800781250000e+04
1.748754492187500000e+04
1.668665625000000000e+04
1.593467773437500000e+04
1.776556250000000000e+04
1.622967578125000000e+04
1.712968554687500000e+04
1.789854687500000000e+04
1.231349804687500000e+04
1.398862304687500000e+04
1.367704980468750000e+04
1.390610156250000000e+04
1.578458593750000000e+04
1.493919824218750000e+04
1.400026367187500000e+04
1.603047070312500000e+04
1.661178710937500000e+04
1.517870117187500000e+04
1.415156445312500000e+04
1.841797656250000000e+04
1.537074316406250000e+04
1.563853515625000000e+04
1.821968750000000000e+04
1.294822265625000000e+04
1.559142187500000000e+04
1.471155078125000000e+04
1.502306054687500000e+04
1.865265039062500000e+04
1.533662207031250000e+04
1.246733496093750000e+04
1.908613085937500000e+04
1.558914843750000000e+04
1.538598046875000000e+04
1.693948828125000000e+04
1.353285546875000000e+04
1.481308203125000000e+04
1.494549414062500000e+04
1.362905957031250000e+04
1.526036328125000000e+04
1.649441601562500000e+04
1.492269335937500000e+04
1.274531835937500000e+04
1.706424023437500000e+04
1.646947851562500000e+04
1.749847265625000000e+04
1.695052734375000000e+04
1.332900781250000000e+04
1.725317187500000000e+04
1.541047558593750000e+04
1.579207421875000000e+04
1.550679980468750000e+04
1.573988769531250000e+04
1.398676757812500000e+04
1.593926074218750000e+04
1.359262695312500000e+04
1.372682421875000000e+04
1.237447851562500000e+04
1.425991210937500000e+04
1.350820800781250000e+04
1.398825097656250000e+04
1.767542187500000000e+04
1.674326171875000000e+04
1.351271093750000000e+04
1.391720312500000000e+04
1.525165234375000000e+04
1.337826757812500000e+04
1.362991308593750000e+04
1.346353808593750000e+04
1.491442187500000000e+04
1.780252929687500000e+04
1.608518164062500000e+04
1.406504101562500000e+04
1.566949316406250000e+04
1.690398046875000000e+04
1.645617968750000000e+04
1.461873437500000000e+04
1.742124023437500000e+04
1.630010156250000000e+04
1.317992480468750000e+04
1.664575195312500000e+04
1.540643164062500000e+04
1.354627148437500000e+04
1.575750292968750000e+04
1.524393066406250000e+04
1.465232226562500000e+04
1.519008593750000000e+04
1.442131933593750000e+04
1.260395703125000000e+04
1.643426171875000000e+04
1.556927832031250000e+04
1.653728515625000000e+04
1.281591308593750000e+04
1.621675488281250000e+04
1.374091796875000000e+04
1.488178320312500000e+04
1.779667578125000000e+04
1.533707519531250000e+04
1.184808007812500000e+04
1.734182421875000000e+04
1.343700195312500000e+04
1.510695410156250000e+04
1.697462695312500000e+04
1.267163085937500000e+04
1.306354492187500000e+04
1.656906054687500000e+04
1.688302734375000000e+04
1.619069726562500000e+04
1.316084765625000000e+04
1.566079296875000000e+04
1.354342675781250000e+04
1.384032421875000000e+04
1.636797851562500000e+04
1.778201757812500000e+04
1.454887402343750000e+04
1.309205664062500000e+04
1.142489355468750000e+04
1.872026171875000000e+04
1.467919238281250000e+04
1.290609863281250000e+04
1.308373828125000000e+04
1.416274414062500000e+04
1.505363281250000000e+04
1.245673242187500000e+04
1.461449414062500000e+04
1.407476562500000000e+04
1.551670703125000000e+04
1.369436718750000000e+04
1.326837890625000000e+04
1.715176562500000000e+04
1.556632910156250000e+04
1.326461523437500000e+04
1.576546875000000000e+04
1.274666699218750000e+04
1.392546875000000000e+04
1.387871289062500000e+04
1.287128808593750000e+04
1.479070312500000000e+04
1.539738867187500000e+04
1.393339843750000000e+04
1.274235839843750000e+04
1.183344335937500000e+04
1.255185742187500000e+04
1.695540234375000000e+04
1.597224804687500000e+04
1.576821582031250000e+04
1.721579101562500000e+04
1.933016601562500000e+04
1.389454003906250000e+04
1.297011816406250000e+04
1.488793652343750000e+04
1.408537695312500000e+04
1.807872070312500000e+04
1.520058300781250000e+04
1.419535742187500000e+04
1.456035253906250000e+04
1.294339746093750000e+04
1.397127148437500000e+04
1.294547753906250000e+04
1.346616601562500000e+04
1.375225878906250000e+04
1.412816406250000000e+04
1.283022363281250000e+04
1.518172656250000000e+04
1.393941015625000000e+04
1.861543554687500000e+04
1.646931054687500000e+04
1.619007031250000000e+04
1.390243554687500000e+04
1.563204980468750000e+04
1.699043750000000000e+04
1.642656445312500000e+04
1.473030664062500000e+04
1.273203320312500000e+04
1.705446484375000000e+04
1.313273339843750000e+04
1.350633789062500000e+04
1.537779003906250000e+04
1.711484375000000000e+04
1.307678320312500000e+04
1.437140039062500000e+04
1.492857617187500000e+04
1.237929492187500000e+04
1.669930468750000000e+04
1.284939453125000000e+04
1.289182910156250000e+04
1.385810742187500000e+04
1.592491406250000000e+04
1.520488867187500000e+04
1.510393359375000000e+04
1.644070898437500000e+04
1.494087500000000000e+04
1.543067871093750000e+04
1.591564550781250000e+04
1.493477929687500000e+04
1.620442187500000000e+04
1.827118750000000000e+04
1.478809570312500000e+04
1.407464550781250000e+04
1.485330468750000000e+04
1.421392578125000000e+04
1.458220898437500000e+04
1.477087402343750000e+04
1.539054785156250000e+04
1.294936816406250000e+04
1.247012500000000000e+04
1.210811328125000000e+04
1.365706250000000000e+04
1.392965039062500000e+04
1.656979101562500000e+04
1.662221875000000000e+04
1.477939257812500000e+04
1.507456445312500000e+04
1.649460546875000000e+04
1.325156835937500000e+04
1.659051953125000000e+04
1.707875000000000000e+04
1.464473828125000000e+04
1.721585351562500000e+04
1.473087207031250000e+04
1.750825585937500000e+04
1.646291992187500000e+04
1.633624023437500000e+04
1.351951660156250000e+04
1.373578125000000000e+04
1.592614062500000000e+04
1.490307031250000000e+04
1.377265234375000000e+04
1.456904687500000000e+04
1.387189746093750000e+04
1.559917187500000000e+04
1.464999609375000000e+04
1.378938281250000000e+04
1.550894921875000000e+04
1.539677636718750000e+04
1.516622265625000000e+04
1.837273046875000000e+04
1.535890234375000000e+04
1.523613281250000000e+04
1.559091503906250000e+04
1.493385156250000000e+04
1.612191992187500000e+04
1.576627246093750000e+04
1.652417968750000000e+04
1.436575781250000000e+04
1.532106152343750000e+04
1.507570410156250000e+04
1.581328906250000000e+04
1.858921093750000000e+04
1.796087695312500000e+04
1.355181933593750000e+04
1.513897753906250000e+04
1.493298144531250000e+04
1.440362695312500000e+04
1.441233300781250000e+04
1.314224023437500000e+04
1.413254101562500000e+04
1.468154199218750000e+04
1.344439453125000000e+04
1.942965234375000000e+04
1.563501562500000000e+04
1.789789257812500000e+04
1.335003808593750000e+04
1.470725000000000000e+04
1.589344921875000000e+04
1.246717578125000000e+04
1.499760351562500000e+04
1.315287402343750000e+04
1.680040820312500000e+04
1.522372460937500000e+04
1.260668750000000000e+04
1.568619726562500000e+04
1.535249511718750000e+04
1.292582812500000000e+04
1.538080468750000000e+04
1.384909667968750000e+04
1.461852929687500000e+04
1.331419531250000000e+04
1.297079882812500000e+04
1.016156640625000000e+04
1.723711523437500000e+04
1.692148437500000000e+04
1.410371093750000000e+04
1.287162402343750000e+04
1.742478710937500000e+04
1.616272265625000000e+04
1.501741406250000000e+04
1.638704492187500000e+04
1.417251757812500000e+04
1.319995605468750000e+04
1.616621191406250000e+04
1.496920996093750000e+04
1.550672363281250000e+04
1.238255957031250000e+04
1.906398632812500000e+04
1.395546875000000000e+04
1.623195410156250000e+04
1.376710839843750000e+04
1.478563867187500000e+04
1.658019921875000000e+04
1.369947167968750000e+04
1.527507519531250000e+04
1.602019726562500000e+04
1.430523339843750000e+04
1.607000878906250000e+04
1.498694238281250000e+04
1.435099218750000000e+04
1.228071679687500000e+04
1.505012011718750000e+04
1.349510351562500000e+04
1.767712500000000000e+04
1.566553515625000000e+04
1.420702734375000000e+04
1.524984667968750000e+04
1.308398242187500000e+04
1.668702343750000000e+04
1.890265234375000000e+04
1.229758007812500000e+04
1.542235546875000000e+04
1.587395117187500000e+04
1.378165039062500000e+04
1.159512695312500000e+04
1.302483105468750000e+04
1.289395800781250000e+04
1.601772558593750000e+04
1.455898632812500000e+04
1.363191308593750000e+04
1.696425000000000000e+04
1.442197949218750000e+04
1.199063476562500000e+04
1.364416992187500000e+04
1.523135156250000000e+04
1.553700000000000000e+04
1.643805664062500000e+04
1.422623046875000000e+04
1.542660546875000000e+04
1.389944238281250000e+04
1.405749804687500000e+04
1.761858593750000000e+04
1.464167773437500000e+04
1.698613476562500000e+04
1.382844921875000000e+04
1.507145312500000000e+04
1.615533398437500000e+04
1.089397070312500000e+04
1.499250683593750000e+04
1.793674609375000000e+04
1.410804101562500000e+04
1.432812695312500000e+04
1.488147656250000000e+04
1.533866796875000000e+04
1.355050292968750000e+04
1.349931640625000000e+04
1.424426464843750000e+04
1.707766992187500000e+04
1.371845703125000000e+04
1.389056445312500000e+04
1.298831054687500000e+04
1.555463769531250000e+04
1.548109082031250000e+04
1.413847851562500000e+04
1.886057421875000000e+04
1.421161425781250000e+04
1.644478515625000000e+04
1.631448730468750000e+04
1.308549218750000000e+04
1.492090722656250000e+04
1.485549316406250000e+04
1.697638281250000000e+04
1.492889550781250000e+04
1.587815234375000000e+04
1.506700390625000000e+04
1.618078125000000000e+04
1.603150097656250000e+04
1.321149121093750000e+04
1.626043554687500000e+04
1.505463281250000000e+04
1.522467187500000000e+04
1.294869335937500000e+04
1.473062109375000000e+04
1.535193457031250000e+04
1.361047363281250000e+04
1.388382226562500000e+04
1.339420214843750000e+04
1.516792480468750000e+04
1.321579589843750000e+04
1.885625781250000000e+04
1.497857617187500000e+04
1.553884863281250000e+04
1.680047851562500000e+04
1.457333300781250000e+04
1.532776855468750000e+04
1.427749707031250000e+04
1.342022363281250000e+04
1.588120898437500000e+04
1.740126757812500000e+04
1.711128125000000000e+04
1.550162304687500000e+04
1.407486816406250000e+04
1.627874023437500000e+04
1.400752734375000000e+04
1.511344140625000000e+04
1.258522851562500000e+04
1.230472167968750000e+04
1.471575976562500000e+04
1.424778417968750000e+04
1.666619921875000000e+04
1.340659765625000000e+04
1.470948046875000000e+04
1.298091308593750000e+04
1.529348046875000000e+04
1.741622265625000000e+04
1.416386914062500000e+04
1.525607714843750000e+04
1.443406933593750000e+04
1.581689453125000000e+04
1.563956933593750000e+04
1.711462695312500000e+04
1.299146875000000000e+04
1.580983691406250000e+04
1.463424218750000000e+04
1.442796093750000000e+04
1.243685546875000000e+04
1.323505468750000000e+04
1.670603906250000000e+04
1.691809375000000000e+04
1.656336328125000000e+04
1.462552929687500000e+04
1.400708984375000000e+04
1.522489453125000000e+04
1.698590625000000000e+04
1.189119335937500000e+04
1.644879101562500000e+04
1.533100878906250000e+04
1.484272460937500000e+04
1.391258984375000000e+04
1.585933203125000000e+04
1.535752148437500000e+04
1.413181054687500000e+04
1.568885742187500000e+04
1.496203417968750000e+04
1.591511328125000000e+04
1.373176367187500000e+04
1.654587500000000000e+04
1.500899023437500000e+04
1.487116992187500000e+04
1.547684375000000000e+04
1.796348242187500000e+04
1.436719140625000000e+04
1.887014843750000000e+04
1.573032226562500000e+04
1.447865625000000000e+04
1.316854980468750000e+04
1.285078320312500000e+04
1.399145312500000000e+04
1.480528417968750000e+04
1.410666992187500000e+04
1.750174218750000000e+04
1.475966601562500000e+04
1.554219042968750000e+04
1.618598242187500000e+04
1.300642968750000000e+04
1.427674804687500000e+04
1.477387207031250000e+04
1.653862500000000000e+04
1.431180468750000000e+04
1.672624414062500000e+04
1.355618847656250000e+04
1.626697167968750000e+04
1.636516406250000000e+04
1.535058789062500000e+04
1.485540625000000000e+04
1.519580859375000000e+04
1.350168750000000000e+04
1.533034570312500000e+04
1.776975195312500000e+04
1.217266894531250000e+04
1.331385937500000000e+04
1.312691406250000000e+04
1.521981640625000000e+04
1.511663085937500000e+04
1.553710449218750000e+04
1.504516796875000000e+04
1.690346484375000000e+04
1.498036718750000000e+04
1.480658007812500000e+04
1.437091992187500000e+04
1.527476757812500000e+04
1.637538085937500000e+04
1.627544726562500000e+04
1.757682031250000000e+04
1.402079687500000000e+04
1.497593945312500000e+04
1.540589160156250000e+04
1.525540820312500000e+04
1.444143847656250000e+04
1.379752832031250000e+04
1.174969531250000000e+04
1.508345410156250000e+04
1.460124902343750000e+04
1.714036328125000000e+04
1.352870996093750000e+04
1.480381835937500000e+04
1.325523730468750000e+04
1.515178320312500000e+04
1.616783300781250000e+04
1.281178222656250000e+04
1.547332031250000000e+04
1.475692089843750000e+04
1.570023828125000000e+04
1.517230468750000000e+04
1.749538671875000000e+04
1.508376171875000000e+04
1.409209960937500000e+04
1.672198437500000000e+04
1.629967187500000000e+04
1.434394238281250000e+04
1.346587304687500000e+04
1.384755078125000000e+04
1.520093261718750000e+04
1.626651367187500000e+04
1.326799804687500000e+04
1.481171582031250000e+04
1.622642285156250000e+04
1.365803320312500000e+04
1.506812304687500000e+04
1.397898828125000000e+04
1.717555273437500000e+04
1.384815917968750000e+04
1.774602734375000000e+04
1.407270214843750000e+04
1.560825390625000000e+04
1.589423437500000000e+04
1.550782128906250000e+04
1.728909179687500000e+04
1.292128808593750000e+04
1.523348535156250000e+04
1.405164843750000000e+04
1.414861718750000000e+04
1.494481250000000000e+04
1.774590039062500000e+04
1.446991992187500000e+04
1.624169140625000000e+04
1.502462792968750000e+04
1.629060351562500000e+04
1.360486523437500000e+04
1.593121777343750000e+04
1.790983984375000000e+04
1.653620898437500000e+04
1.456943457031250000e+04
1.489591406250000000e+04
1.686896875000000000e+04
1.652334179687500000e+04
1.489691796875000000e+04
1.483050878906250000e+04
1.558439843750000000e+04
1.531584960937500000e+04
1.495557226562500000e+04
1.471192382812500000e+04
1.590287304687500000e+04
1.316562890625000000e+04
1.446273144531250000e+04
1.559988281250000000e+04
1.528558789062500000e+04
1.597254296875000000e+04
1.445035449218750000e+04
1.421654003906250000e+04
1.618862011718750000e+04
1.618669628906250000e+04
1.405199414062500000e+04
1.412636718750000000e+04
1.501952539062500000e+04
1.448338183593750000e+04
1.615197070312500000e+04
1.638659765625000000e+04
1.450377246093750000e+04
1.393093554687500000e+04
1.186491796875000000e+04
1.338069433593750000e+04
1.351395996093750000e+04
1.778520312500000000e+04
1.661223632812500000e+04
1.325860742187500000e+04
1.380836132812500000e+04
1.407616796875000000e+04
1.252427929687500000e+04
1.511863867187500000e+04
1.515855761718750000e+04
1.524625000000000000e+04
1.611546093750000000e+04
1.744131250000000000e+04
1.441230859375000000e+04
1.540481250000000000e+04
1.861117382812500000e+04
1.526008984375000000e+04
1.457924707031250000e+04
1.382195703125000000e+04
1.386978222656250000e+04
1.416839941406250000e+04
1.518166015625000000e+04
1.663200000000000000e+04
1.887453320312500000e+04
1.548203710937500000e+04
1.241214453125000000e+04
1.400376171875000000e+04
1.586754003906250000e+04
1.587499609375000000e+04
1.678435156250000000e+04
1.487707812500000000e+04
1.470530468750000000e+04
1.587468554687500000e+04
1.798853710937500000e+04
1.346819433593750000e+04
1.337417773437500000e+04
1.449912109375000000e+04
1.668676562500000000e+04
1.630734375000000000e+04
1.699304882812500000e+04
1.784741406250000000e+04
1.351378515625000000e+04
1.645283007812500000e+04
1.543978613281250000e+04
1.723898828125000000e+04
1.345434667968750000e+04
1.697287500000000000e+04
1.388255761718750000e+04
1.948120507812500000e+04
1.426013476562500000e+04
1.484702441406250000e+04
1.629381250000000000e+04
1.683360937500000000e+04
1.382327148437500000e+04
1.591107617187500000e+04
1.352994335937500000e+04
1.578376757812500000e+04
1.745296484375000000e+04
1.952876171875000000e+04
1.608558398437500000e+04
1.770792968750000000e+04
1.547624414062500000e+04
1.410244238281250000e+04
1.562683789062500000e+04
1.517834960937500000e+04
1.602586035156250000e+04
1.804429882812500000e+04
1.457367773437500000e+04
1.607026171875000000e+04
1.565485644531250000e+04
1.633613769531250000e+04
1.573004394531250000e+04
1.567078906250000000e+04
1.591496777343750000e+04
1.345934375000000000e+04
1.534974023437500000e+04
1.623190625000000000e+04
1.444663476562500000e+04
1.508707128906250000e+04
1.320834863281250000e+04
1.560131445312500000e+04
1.767792187500000000e+04
1.541762109375000000e+04
1.625262792968750000e+04
1.296350390625000000e+04
1.301333984375000000e+04
1.448817578125000000e+04
1.698928125000000000e+04
1.630610937500000000e+04
1.414186230468750000e+04
1.678506054687500000e+04
1.665926953125000000e+04
1.575258593750000000e+04
1.600224316406250000e+04
1.640705468750000000e+04
1.465791015625000000e+04
1.577778515625000000e+04
1.774180664062500000e+04
1.608557714843750000e+04
1.368568164062500000e+04
1.687178515625000000e+04
1.444332128906250000e+04
1.521896972656250000e+04
1.555081542968750000e+04
1.252789550781250000e+04
1.680686328125000000e+04
1.727442578125000000e+04
1.533739062500000000e+04
1.596114843750000000e+04
1.463120410156250000e+04
1.627923925781250000e+04
1.326957226562500000e+04
1.674636523437500000e+04
1.196779785156250000e+04
1.572186328125000000e+04
1.541469042968750000e+04
1.625457812500000000e+04
1.698567187500000000e+04
1.597976269531250000e+04
1.397893847656250000e+04
1.361470410156250000e+04
1.786936132812500000e+04
1.302269140625000000e+04
1.751865429687500000e+04
1.503914843750000000e+04
1.641556250000000000e+04
1.946711328125000000e+04
1.418585839843750000e+04
1.642978906250000000e+04
1.508908886718750000e+04
1.329658398437500000e+04
1.444550195312500000e+04
1.387897167968750000e+04
1.324223242187500000e+04
1.341545605468750000e+04
1.297010449218750000e+04
1.530467089843750000e+04
1.682521093750000000e+04
1.423335937500000000e+04
1.585087890625000000e+04
1.962369140625000000e+04
1.427735449218750000e+04
1.256641894531250000e+04
1.526149218750000000e+04
1.882735351562500000e+04
1.425854687500000000e+04
1.705414843750000000e+04
1.398904589843750000e+04
1.417333984375000000e+04
1.348025878906250000e+04
1.648786718750000000e+04
1.319997656250000000e+04
1.618783984375000000e+04
1.347458691406250000e+04
1.653026171875000000e+04
1.805544140625000000e+04
1.469954492187500000e+04
1.937576953125000000e+04
1.489266503906250000e+04
1.503123339843750000e+04
1.328958300781250000e+04
1.324494140625000000e+04
1.479389062500000000e+04
1.521575000000000000e+04
1.652332031250000000e+04
1.631573632812500000e+04
1.638622656250000000e+04
1.565658203125000000e+04
1.581832910156250000e+04
1.798844921875000000e+04
1.578004785156250000e+04
1.605677734375000000e+04
1.442340722656250000e+04
1.604357031250000000e+04
1.460489648437500000e+04
1.695591406250000000e+04
1.383894140625000000e+04
1.338439257812500000e+04
1.617731445312500000e+04
1.227892187500000000e+04
1.639521289062500000e+04
1.747834765625000000e+04
1.661924414062500000e+04
1.346851367187500000e+04
1.679477929687500000e+04
1.468430371093750000e+04
1.221326953125000000e+04
1.664870312500000000e+04
1.566500000000000000e+04
1.427190332031250000e+04
1.781759570312500000e+04
1.545310156250000000e+04
1.488091992187500000e+04
1.934018945312500000e+04
1.643082226562500000e+04
1.355181835937500000e+04
1.764647656250000000e+04
1.755073046875000000e+04
1.432229687500000000e+04
1.832200976562500000e+04
1.714748437500000000e+04
1.601867382812500000e+04
1.788740234375000000e+04
1.403570117187500000e+04
1.449319140625000000e+04
1.607047753906250000e+04
1.482571777343750000e+04
1.251752539062500000e+04
1.506057031250000000e+04
1.485550976562500000e+04
1.588646386718750000e+04
1.723917187500000000e+04
1.691666406250000000e+04
1.770149023437500000e+04
1.483315625000000000e+04
1.239254687500000000e+04
1.446844335937500000e+04
1.352144824218750000e+04
1.514397949218750000e+04
1.444201953125000000e+04
1.502916113281250000e+04
1.420253125000000000e+04
1.472318554687500000e+04
1.263802343750000000e+04
1.918211328125000000e+04
1.769067187500000000e+04
1.795241015625000000e+04
1.510823242187500000e+04
1.540960351562500000e+04
1.866746875000000000e+04
1.604724121093750000e+04
1.577628906250000000e+04
1.707010546875000000e+04
1.452223925781250000e+04
1.310315625000000000e+04
1.563497265625000000e+04
1.369429589843750000e+04
1.408353613281250000e+04
1.592666113281250000e+04
1.481525390625000000e+04
1.592434472656250000e+04
1.575499414062500000e+04
1.610920507812500000e+04
1.493107617187500000e+04
1.286780371093750000e+04
1.342567285156250000e+04
1.667647656250000000e+04
1.574991992187500000e+04
1.548371093750000000e+04
1.424163085937500000e+04
1.327176171875000000e+04
1.379859375000000000e+04
1.555826367187500000e+04
1.529365039062500000e+04
1.255746289062500000e+04
1.406921777343750000e+04
1.638452734375000000e+04
1.645230468750000000e+04
1.496950488281250000e+04
1.845714843750000000e+04
1.593316113281250000e+04
1.747191992187500000e+04
1.620820703125000000e+04
1.537909179687500000e+04
1.764423828125000000e+04
1.671951953125000000e+04
1.672278906250000000e+04
1.748381445312500000e+04
1.467312207031250000e+04
1.669224023437500000e+04
1.673639843750000000e+04
1.437936230468750000e+04
1.482357617187500000e+04
1.575742578125000000e+04
1.350015234375000000e+04
1.563346289062500000e+04
1.682457812500000000e+04
1.531926562500000000e+04
1.568001953125000000e+04
1.982002343750000000e+04
1.444333691406250000e+04
1.699980664062500000e+04
1.226653906250000000e+04
1.479805468750000000e+04
1.492527148437500000e+04
1.564450000000000000e+04
1.504417773437500000e+04
1.492974218750000000e+04
1.352868164062500000e+04
1.568040429687500000e+04
1.654907812500000000e+04
1.643806640625000000e+04
1.410041503906250000e+04
1.421264062500000000e+04
1.379234375000000000e+04
1.524944238281250000e+04
1.394908398437500000e+04
1.449791503906250000e+04
1.456581640625000000e+04
1.446743945312500000e+04
1.522709179687500000e+04
1.787133984375000000e+04
1.773632226562500000e+04
1.667087500000000000e+04
1.780572656250000000e+04
1.882004296875000000e+04
1.355205957031250000e+04
1.614743261718750000e+04
1.584430859375000000e+04
1.427010546875000000e+04
1.218589746093750000e+04
1.980611718750000000e+04
1.334243652343750000e+04
1.598896386718750000e+04
1.636677734375000000e+04
1.431570117187500000e+04
1.892392773437500000e+04
1.559651757812500000e+04
1.472566015625000000e+04
1.595866015625000000e+04
1.267598046875000000e+04
1.514819824218750000e+04
1.960799609375000000e+04
1.701425781250000000e+04
1.486663769531250000e+04
1.424895605468750000e+04
1.608629882812500000e+04
1.461098437500000000e+04
1.592742187500000000e+04
1.669586718750000000e+04
1.602109277343750000e+04
1.739196093750000000e+04
1.366055468750000000e+04
1.330755664062500000e+04
1.638369921875000000e+04
1.466891406250000000e+04
1.856146484375000000e+04
1.657891015625000000e+04
1.724386328125000000e+04
1.549702539062500000e+04
1.120978125000000000e+04
1.369847851562500000e+04
1.430962207031250000e+04
1.415018164062500000e+04
1.543121679687500000e+04
1.503633593750000000e+04
1.527102148437500000e+04
1.580919824218750000e+04
1.292755957031250000e+04
1.411441699218750000e+04
1.442121679687500000e+04
1.696353515625000000e+04
1.439737109375000000e+04
1.365847851562500000e+04
1.670663281250000000e+04
1.388013281250000000e+04
1.543318457031250000e+04
1.380657226562500000e+04
1.395531250000000000e+04
1.396516796875000000e+04
1.305657031250000000e+04
1.452262597656250000e+04
1.568835644531250000e+04
1.364331640625000000e+04
1.555204101562500000e+04
1.208095605468750000e+04
1.523775683593750000e+04
1.618904492187500000e+04
1.473445312500000000e+04
1.628400976562500000e+04
1.383324023437500000e+04
1.470322558593750000e+04
1.498074902343750000e+04
1.758648632812500000e+04
1.778922851562500000e+04
1.708931250000000000e+04
1.445027539062500000e+04
2.106947460937500000e+04
1.615730078125000000e+04
1.645312109375000000e+04
1.620444335937500000e+04
1.528354589843750000e+04
1.550254296875000000e+04
1.688036328125000000e+04
1.676191015625000000e+04
1.639123437500000000e+04
1.359678125000000000e+04
1.572966992187500000e+04
1.510155078125000000e+04
1.758278906250000000e+04
1.650225000000000000e+04
1.442022949218750000e+04
1.524277246093750000e+04
1.707082617187500000e+04
1.501964648437500000e+04
1.689403710937500000e+04
1.463488281250000000e+04
1.723014453125000000e+04
1.713166992187500000e+04
1.689241796875000000e+04
1.551308203125000000e+04
1.656119531250000000e+04
1.612408300781250000e+04
1.561522656250000000e+04
1.507884765625000000e+04
1.400733300781250000e+04
1.535766796875000000e+04
1.470118359375000000e+04
1.530846582031250000e+04
1.414711425781250000e+04
1.317703808593750000e+04
1.504097070312500000e+04
1.532710742187500000e+04
1.942374023437500000e+04
1.640137890625000000e+04
1.603438867187500000e+04
1.698016796875000000e+04
1.572865722656250000e+04
1.510057812500000000e+04
1.510766601562500000e+04
1.685170898437500000e+04
1.655685937500000000e+04
1.690706835937500000e+04
1.361871289062500000e+04
1.606631640625000000e+04
1.386883886718750000e+04
1.683409960937500000e+04
1.424283300781250000e+04
1.550494433593750000e+04
1.424790625000000000e+04
1.471342285156250000e+04
1.627906640625000000e+04
1.369334082031250000e+04
1.373002148437500000e+04
1.502617187500000000e+04
1.558920703125000000e+04
1.653083789062500000e+04
1.360800195312500000e+04
1.826796679687500000e+04
1.377358300781250000e+04
1.558626562500000000e+04
1.548740625000000000e+04
1.380101562500000000e+04
1.393530664062500000e+04
1.701155468750000000e+04
1.749954296875000000e+04
1.356599707031250000e+04
1.497668066406250000e+04
1.740319140625000000e+04
1.656958203125000000e+04
1.803191992187500000e+04
1.412311132812500000e+04
1.467188769531250000e+04
1.354466308593750000e+04
1.521997070312500000e+04
1.569504394531250000e+04
1.783841796875000000e+04
1.276590039062500000e+04
1.741126367187500000e+04
1.475682812500000000e+04
1.649656250000000000e+04
1.360916210937500000e+04
1.371593457031250000e+04
1.573094140625000000e+04
1.554487695312500000e+04
1.389624707031250000e+04
1.477063183593750000e+04
1.614823828125000000e+04
1.463862890625000000e+04
1.621832324218750000e+04
1.591306250000000000e+04
1.429193359375000000e+04
1.604495019531250000e+04
1.772207812500000000e+04
1.479498925781250000e+04
1.608751269531250000e+04
1.539672656250000000e+04
1.600976855468750000e+04
1.570479394531250000e+04
1.370740429687500000e+04
1.723862500000000000e+04
1.410510058593750000e+04
1.422796972656250000e+04
1.672785156250000000e+04
1.527211328125000000e+04
1.544217773437500000e+04
1.805596093750000000e+04
1.674014062500000000e+04
1.487282324218750000e+04
1.567130761718750000e+04
1.533145605468750000e+04
1.470176757812500000e+04
1.286262402343750000e+04
1.500907031250000000e+04
1.592443750000000000e+04
1.548681250000000000e+04
1.770309375000000000e+04
1.639993554687500000e+04
1.846487890625000000e+04
1.461085839843750000e+04
1.638765625000000000e+04
1.603674414062500000e+04
1.655057031250000000e+04
1.376215625000000000e+04
1.359735546875000000e+04
1.790237109375000000e+04
1.652377929687500000e+04
1.681375585937500000e+04
1.645173046875000000e+04
1.800816406250000000e+04
1.661241406250000000e+04
1.408201855468750000e+04
1.915310742187500000e+04
1.465315039062500000e+04
1.269832519531250000e+04
1.569893066406250000e+04
1.477472070312500000e+04
1.499119335937500000e+04
1.571958398437500000e+04
1.585527343750000000e+04
1.479636816406250000e+04
1.642569531250000000e+04
1.614675195312500000e+04
1.509585351562500000e+04
1.680377539062500000e+04
1.395121289062500000e+04
1.462490429687500000e+04
1.680861132812500000e+04
1.499762500000000000e+04
1.767628515625000000e+04
1.441028417968750000e+04
1.321343164062500000e+04
1.524154687500000000e+04
1.436312792968750000e+04
1.538778906250000000e+04
1.712202929687500000e+04
1.664891796875000000e+04
1.510359570312500000e+04
1.567207812500000000e+04
1.411228320312500000e+04
1.678637890625000000e+04
1.697575000000000000e+04
1.522850390625000000e+04
1.459966308593750000e+04
1.757658203125000000e+04
1.668723632812500000e+04
1.798478710937500000e+04
1.370693164062500000e+04
1.474648828125000000e+04
1.834814453125000000e+04
1.447549414062500000e+04
1.439007812500000000e+04
1.656042382812500000e+04
1.347501464843750000e+04
1.470493945312500000e+04
1.389553906250000000e+04
1.506372656250000000e+04
1.871372265625000000e+04
1.655863671875000000e+04
1.548569335937500000e+04
1.533302539062500000e+04
1.575870117187500000e+04
1.724970898437500000e+04
1.621358203125000000e+04
1.474345605468750000e+04
1.461230957031250000e+04
1.340537500000000000e+04
1.422281738281250000e+04
1.752506835937500000e+04
1.422560839843750000e+04
1.828642578125000000e+04
1.473368261718750000e+04
1.423181542968750000e+04
1.825617578125000000e+04
1.546912304687500000e+04
1.286199218750000000e+04
1.580833203125000000e+04
1.319300195312500000e+04
1.716664257812500000e+04
1.707374218750000000e+04
1.962151367187500000e+04
1.464866406250000000e+04
1.541317285156250000e+04
1.729433789062500000e+04
1.608935937500000000e+04
1.436991601562500000e+04
1.127810156250000000e+04
1.393506054687500000e+04
1.932288867187500000e+04
1.471386523437500000e+04
1.514873242187500000e+04
1.548083984375000000e+04
1.689194726562500000e+04
1.666998046875000000e+04
1.370127148437500000e+04
1.486173046875000000e+04
1.367066015625000000e+04
1.725965429687500000e+04
1.489995117187500000e+04
1.530938671875000000e+04
1.651067968750000000e+04
1.612369140625000000e+04
1.643887500000000000e+04
1.470490527343750000e+04
1.436589453125000000e+04
1.457120996093750000e+04
1.412444921875000000e+04
1.513911816406250000e+04
1.315303906250000000e+04
1.326861718750000000e+04
1.657888085937500000e+04
1.572637890625000000e+04
1.559365234375000000e+04
1.339521093750000000e+04
1.696052734375000000e+04
1.531858203125000000e+04
1.539740625000000000e+04
1.476490917968750000e+04
1.702864062500000000e+04
1.397320996093750000e+04
1.609480957031250000e+04
1.372166015625000000e+04
1.671701953125000000e+04
1.894745117187500000e+04
1.379568750000000000e+04
1.883223046875000000e+04
1.534850390625000000e+04
1.664883984375000000e+04
1.515696582031250000e+04
1.460070507812500000e+04
1.299024316406250000e+04
1.526427050781250000e+04
1.641146484375000000e+04
1.588978222656250000e+04
1.779145703125000000e+04
1.306399707031250000e+04
1.623568261718750000e+04
1.273915234375000000e+04
1.679116406250000000e+04
1.412505078125000000e+04
1.576033984375000000e+04
1.544133398437500000e+04
1.466781250000000000e+04
1.708400195312500000e+04
1.423741796875000000e+04
1.499205566406250000e+04
1.410895507812500000e+04
1.465750585937500000e+04
1.381645800781250000e+04
1.624496972656250000e+04
1.648067187500000000e+04
1.608368554687500000e+04
1.809446679687500000e+04
1.671787695312500000e+04
1.708209570312500000e+04
1.603650292968750000e+04
1.775021093750000000e+04
1.450602929687500000e+04
1.668667968750000000e+04
1.532486328125000000e+04
1.709027343750000000e+04
1.287481542968750000e+04
1.451288769531250000e+04
1.288855859375000000e+04
1.294027929687500000e+04
1.604737988281250000e+04
1.601204980468750000e+04
1.714419531250000000e+04
1.542162695312500000e+04
1.651672070312500000e+04
1.457037011718750000e+04
1.448510253906250000e+04
1.606329980468750000e+04
1.547303515625000000e+04
1.506520507812500000e+04
1.260962988281250000e+04
1.772951562500000000e+04
1.636837207031250000e+04
1.300306250000000000e+04
1.536053417968750000e+04
1.701906835937500000e+04
1.318966015625000000e+04
1.726614648437500000e+04
1.665679101562500000e+04
1.400086132812500000e+04
1.467079101562500000e+04
1.628704882812500000e+04
1.489664941406250000e+04
1.501844628906250000e+04
1.800144531250000000e+04
1.534815136718750000e+04
1.607422363281250000e+04
1.460911425781250000e+04
1.671531250000000000e+04
1.737118750000000000e+04
1.332540625000000000e+04
1.462143359375000000e+04
1.528819726562500000e+04
1.544389257812500000e+04
1.601348730468750000e+04
1.704810937500000000e+04
1.499606738281250000e+04
1.492773730468750000e+04
1.731601171875000000e+04
1.566031152343750000e+04
1.602326855468750000e+04
1.840584765625000000e+04
1.435253710937500000e+04
1.626979687500000000e+04
1.758439453125000000e+04
1.635348828125000000e+04
1.384094628906250000e+04
1.830747851562500000e+04
1.280850097656250000e+04
1.448641796875000000e+04
1.369883105468750000e+04
1.256462207031250000e+04
1.211614648437500000e+04
1.749411328125000000e+04
1.390021875000000000e+04
1.505308984375000000e+04
1.490915234375000000e+04
1.763641015625000000e+04
1.505032910156250000e+04
1.424604394531250000e+04
1.692879687500000000e+04
1.352154589843750000e+04
1.431443554687500000e+04
1.452204492187500000e+04
2.039516015625000000e+04
1.588444531250000000e+04
1.639705078125000000e+04
1.520128027343750000e+04
1.117580859375000000e+04
1.584063867187500000e+04
1.823839062500000000e+04
1.365962109375000000e+04
1.762541015625000000e+04
1.685922265625000000e+04
1.526871679687500000e+04
1.514238867187500000e+04
1.441278710937500000e+04
1.728977734375000000e+04
1.506911132812500000e+04
1.561354101562500000e+04
1.793462500000000000e+04
1.511803125000000000e+04
1.463855175781250000e+04
1.325146093750000000e+04
1.616505273437500000e+04
1.432291992187500000e+04
1.594841406250000000e+04
1.613905273437500000e+04
1.599194921875000000e+04
1.406483789062500000e+04
1.772439062500000000e+04
1.590799121093750000e+04
1.306300292968750000e+04
